ts te idle avg_span std_span max_span min_span c_bytes_all s_bytes_all avg_video_rate avg_audio_rate video_requests_sequence audio_requests_sequence
0 4000 4000.0 0.0 0.0 0.0 0.0 0.0 0.0 0.0 0.0 - -
4000 8000 2976.4400292968494 511.7799853515753 397.30210786132255 792.7150000000256 230.844970703125 4170.936865165242 11405.104546078941 0.0 0.0 - -
8000 12000 937.6679042968317 765.5830239257921 139.72929292925477 933.380999999994 635.716029296862 1199.5520686720658 5915.945412701753 0.0 0.0 - -
12000 16000 2470.6428066406515 382.3392983398371 435.438501719948 998.4469999999856 62.541259765625 4030.648942414836 112346.90283575113 288.0 128.0 15346.0#15346.0#288 15342.0#15342.0#128
16000 20000 296.77325976564316 925.8066850585892 64.75617652607342 975.9679999999935 831.6677402343485 9789.862123747856 256927.04720546817 288.0 128.0 15346.0#15346.0#288_17273.0#17273.0#288 15342.0#15342.0#128_17285.0#17285.0#128
20000 24000 330.0097011718899 917.4975747070275 122.54965539395641 996.8169999999809 735.581298828125 6467.222693162716 141913.19850246725 288.0 128.0 17273.0#17273.0#288_20815.0#20815.0#288 20861.0#20861.0#128
24000 28000 113.94201757805422 777.2115964843891 328.2347132404588 987.0250000000233 234.6117011719034 8157.538307447196 175091.42935443076 288.0 128.0 20815.0#20815.0#288_24326.0#24326.0#288_26995.0#26995.0#288 24333.0#24333.0#128_27006.0#27006.0#128
28000 32000 81.70420117175672 783.6591597656486 307.7536349154667 993.4600000000792 297.9907187499921 8145.221541737132 214263.16781658842 288.0 128.0 26995.0#26995.0#288_29475.0#29475.0#288_31985.0#31985.0#288 27006.0#27006.0#128_29488.0#29488.0#128_31998.0#31998.0#128
32000 36000 91.25405468750978 781.7491890624981 302.8447693864925 991.9870000000228 324.8339199218899 9800.915470987991 259175.3016194468 288.0 128.0 31985.0#31985.0#288_33828.0#33828.0#288_35740.0#35740.0#288 31998.0#31998.0#128_33895.0#33895.0#128_35755.0#35755.0#128
36000 40000 86.8747148438124 782.6250570312375 293.8044990913895 996.9670000000042 363.73797460936476 10810.372194701999 282252.8980120628 288.0 128.0 35740.0#35740.0#288_37495.0#37495.0#288_39286.0#39286.0#288 35755.0#35755.0#128_37548.0#37548.0#128_39386.0#39386.0#128
40000 44000 161.32138085947372 767.7357238281053 306.18474504149987 999.7189999999246 384.8366894531064 9845.933685093974 269878.2959063928 288.0 128.0 39286.0#39286.0#288_41498.0#41498.0#288_43207.0#43207.0#288 39386.0#39386.0#128_41512.0#41512.0#128_43226.0#43226.0#128
44000 48000 71.2718613280449 785.7456277343911 290.20680205965 999.7040000000852 435.820068359375 10248.675183615167 294094.14090779115 288.0 128.0 43207.0#43207.0#288_45098.0#45098.0#288_46922.0#46922.0#288 43226.0#43226.0#128_45104.0#45104.0#128_46933.0#46933.0#128
48000 52000 97.07408398442203 780.5851832031155 285.2408603790226 996.7449999999371 396.958984375 10047.711883539127 244197.10667808537 288.0 128.0 46922.0#46922.0#288_48622.0#48622.0#288_50754.0#50754.0#288 48816.0#48816.0#128_50766.0#50766.0#128
52000 56000 109.25095312506892 778.1498093749863 304.17643661593394 997.5289999999804 357.83203125 9376.235018085457 264667.3282680214 288.0 128.0 50754.0#50754.0#288_52333.0#52333.0#288_54278.0#54278.0#288 52424.0#52424.0#128_54402.0#54402.0#128
56000 60000 60.06675390631426 787.9866492187372 294.66096875683945 995.164999999979 341.25927734375 9825.026312376935 275300.8941545282 288.0 128.0 54278.0#54278.0#288_56025.0#56025.0#288_58070.0#58070.0#288_59948.0#59948.0#288 56153.0#56153.0#128_58163.0#58163.0#128
60000 64000 79.59497070324142 784.0810058593518 307.80752190169994 995.3289999999688 298.039306640625 10850.217805249727 275609.87926117884 288.0 128.0 58070.0#58070.0#288_59948.0#59948.0#288_61248.0#61248.0#288_63349.0#63349.0#288 60419.0#60419.0#128_61648.0#61648.0#128_63448.0#63448.0#128
64000 68000 95.54132226569345 780.8917355468614 332.07860729801575 999.9259999999776 234.083984375 9000.910564077456 243126.79796804473 288.0 128.0 63349.0#63349.0#288_65067.0#65067.0#288_67444.0#67444.0#288 63448.0#63448.0#128_65420.0#65420.0#128_67557.0#67557.0#128
68000 72000 64.11689062498044 787.1766218750039 338.33396405313596 997.1510000000126 210.49609375 9879.877478621589 274541.72608909046 288.0 128.0 67444.0#67444.0#288_69496.0#69496.0#288_71355.0#71355.0#288 67557.0#67557.0#128_69515.0#69515.0#128_71406.0#71406.0#128
72000 76000 68.0931328124716 786.3813734375057 356.3216747207904 998.1940000000177 168.7099609375 9976.917602366928 287016.74426105095 288.0 128.0 71355.0#71355.0#288_73076.0#73076.0#288_74886.0#74886.0#288 71406.0#71406.0#128_73199.0#73199.0#128_74918.0#74918.0#128
76000 80000 61.87765625002794 787.6244687499944 368.78792165449767 999.99099999998 141.4873046875 10185.64949555486 282561.94017820084 288.0 128.0 74886.0#74886.0#288_76594.0#76594.0#288_78534.0#78534.0#288 76918.0#76918.0#128_78582.0#78582.0#128
80000 84000 105.39899414061802 778.9202011718764 393.2894376523144 994.0540000000037 82.643310546875 9746.979510505134 257936.82515047296 288.0 128.0 78534.0#78534.0#288_80472.0#80472.0#288_82443.0#82443.0#288_83985.0#83985.0#288 80481.0#80481.0#128_82583.0#82583.0#128
84000 88000 105.719408203091 778.8561183593818 426.6589582671254 995.9569999999949 17.77490234375 10946.9597246126 266531.7842178658 288.0 128.0 82443.0#82443.0#288_83985.0#83985.0#288_85914.0#85914.0#288_87598.0#87598.0#288 84346.0#84346.0#128_85918.0#85918.0#128_87717.0#87717.0#128
88000 92000 945.970892578247 763.5072768554382 270.5713860662959 997.9969999999157 518.3670976561843 23480.271722532972 538061.1692096912 288.0 128.0 87598.0#87598.0#288_89453.0#89453.0#288_90043.0#90043.0#288_90731.0#90731.0#288_91390.0#91390.0#288 87717.0#87717.0#128_89485.0#89485.0#128_90138.0#90138.0#128_90813.0#90813.0#128_91419.0#91419.0#128
92000 96000 566.9771093748859 686.6045781250228 425.19804049327286 998.8209999999963 41.472900390625 21890.908347040284 433377.2822994295 364.8 128.0 91390.0#91390.0#288_92063.0#92063.0#288_92743.0#92743.0#288_93949.0#93949.0#480_95929.0#95929.0#480 92102.0#92102.0#128_92752.0#92752.0#128_93941.0#93941.0#128_95925.0#95925.0#128
96000 100000 613.4119218750857 846.6470195312286 179.26002833731118 996.3190000000177 635.802978515625 15127.955350942417 403015.70364304516 480.0 128.0 95929.0#95929.0#480_97927.0#97927.0#480_99927.0#99927.0#480 95925.0#95925.0#128_97925.0#97925.0#128_99923.0#99923.0#128
100000 104000 66.68488671875093 786.6630226562498 285.8460156022854 997.5289999999804 358.267021484382 16609.978457661196 373810.8890447932 480.0 128.0 99927.0#99927.0#480_101928.0#101928.0#480_103400.0#103400.0#480 99923.0#99923.0#128_101925.0#101925.0#128_103398.0#103398.0#128
104000 108000 1108.5027792968904 722.8743051757774 352.20521639903006 999.1410000000033 262.8979082031292 14562.050912786968 341036.5973645911 480.0 128.0 103400.0#103400.0#480_105928.0#105928.0#480_107431.0#107431.0#480 105925.0#105925.0#128_107428.0#107428.0#128
108000 112000 1093.0043593750452 726.7489101562387 338.06606089371724 997.6639999999898 288.2366874999716 15475.063536725407 373875.5035594292 600.0 128.0 107431.0#107431.0#480_109429.0#109429.0#480_111411.0#111411.0#840 109426.0#109426.0#128_111407.0#111407.0#128
112000 116000 58.195941406302154 788.3608117187396 284.48998141503074 998.9170000000158 364.1020468749921 24644.29919037264 620670.6124259458 840.0 128.0 111411.0#111411.0#840_113408.0#113408.0#840_114854.0#114854.0#840 113405.0#113405.0#128_114870.0#114870.0#128
116000 120000 1012.1260703124572 746.9684824218857 321.10780930056114 999.585000000021 326.1549882812542 20312.116991297662 528543.985462184 840.0 128.0 114854.0#114854.0#840_117412.0#117412.0#840_118924.0#118924.0#840 117410.0#117410.0#128_118922.0#118922.0#128
120000 124000 62.836007812584285 787.4327984374831 304.62343214658097 999.8099999999977 310.0240585937281 17932.53870813703 433912.87681539473 840.0 128.0 118924.0#118924.0#840_120926.0#120926.0#840_122923.0#122923.0#840 120921.0#120921.0#128_122920.0#122920.0#128
124000 128000 627.184046874987 674.5631906250026 436.63988977973867 995.0040000000154 70.35888671869179 23376.930252087182 629887.7332999258 840.0 128.0 122923.0#122923.0#840_124768.0#124768.0#840_126930.0#126930.0#840 124862.0#124862.0#128_126926.0#126926.0#128
128000 132000 589.3705761718447 852.6573559570388 191.69021395774877 994.4749999999767 569.643310546875 23613.517680557117 569381.1466583246 840.0 128.0 126930.0#126930.0#840_128482.0#128482.0#840_130432.0#130432.0#840 128419.0#128419.0#128_130427.0#130427.0#128
132000 136000 23.8454218749539 795.2309156250092 279.68257381828084 998.5210000000079 426.6726894531166 20367.0357718772 506389.6661090153 840.0 128.0 132431.0#132431.0#840_134433.0#134433.0#840 132426.0#132426.0#128_134431.0#134431.0#128
136000 140000 130.78162109386176 773.8436757812276 273.56337084039393 999.4619999999995 426.1241113280994 20850.842049150382 537003.8127479898 840.0 128.0 136425.0#136425.0#840_137928.0#137928.0#840 136422.0#136422.0#128_137925.0#137925.0#128
140000 144000 125.63928320311243 774.8721433593776 265.57032189735895 999.6990000000806 467.12073242181214 22666.891663056675 627890.2810602502 840.0 128.0 140425.0#140425.0#840_141922.0#141922.0#840_143925.0#143925.0#840 140423.0#140423.0#128_141921.0#141921.0#128_143922.0#143922.0#128
144000 148000 482.9467089844984 703.4106582031003 409.2511369475631 996.5879999999306 79.457275390625 18974.43559527822 486287.410246132 840.0 128.0 143925.0#143925.0#840_145928.0#145928.0#840_147921.0#147921.0#840 143922.0#143922.0#128_145924.0#145924.0#128_147920.0#147920.0#128
148000 152000 57.05734570330242 788.5885308593395 425.6369314666406 999.5939999998664 29.6279296875 23046.226987329494 560657.044244366 840.0 128.0 147921.0#147921.0#840_149926.0#149926.0#840_151927.0#151927.0#840 147920.0#147920.0#128_149924.0#149924.0#128_151924.0#151924.0#128
152000 156000 470.6009453124716 882.3497636718821 146.59437285444162 995.7420000000275 672.708984375 23189.952446730586 658824.8731984671 840.0 128.0 151927.0#151927.0#840_153425.0#153425.0#840_155415.0#155415.0#840 151924.0#151924.0#128_153423.0#153423.0#128_155411.0#155411.0#128
156000 160000 500.5408769532223 699.8918246093556 292.17803562707604 995.6329999999725 323.4020156249753 22154.566114190155 543592.5438194516 840.0 128.0 155415.0#155415.0#840_157417.0#157417.0#840_159425.0#159425.0#840 157413.0#157413.0#128_159423.0#159423.0#128
160000 164000 52.06422851560637 789.5871542968787 283.506246132117 998.4270000000251 365.0028925780789 21146.420933491874 564049.9165955398 840.0 128.0 159425.0#159425.0#840_161407.0#161407.0#840_163434.0#163434.0#840 161403.0#161403.0#128_163430.0#163430.0#128
164000 168000 795.8388359376695 640.8322328124661 411.5261577979795 999.2420000000275 67.14404296869179 23605.6717901516 627807.2033778304 840.0 128.0 163434.0#163434.0#840_164970.0#164970.0#840_166932.0#166932.0#840 164921.0#164921.0#128_166928.0#166928.0#128
168000 172000 81.26307617197745 783.7473847656045 423.9681256043681 997.2749999999651 27.240966796875 20151.801789303783 507062.42349061527 840.0 128.0 166932.0#166932.0#840_168922.0#168922.0#840_170928.0#170928.0#840 168920.0#168920.0#128_170923.0#170923.0#128
172000 176000 357.3519667969085 910.6620083007729 155.71899875376533 996.679999999993 677.7029999999795 21565.15923756316 543315.8669818689 840.0 128.0 170928.0#170928.0#840_172923.0#172923.0#840_174522.0#174522.0#840 172921.0#172921.0#128_174422.0#174422.0#128
176000 180000 1132.170999999973 955.943000000009 75.65165747690294 999.6560000000172 868.5879999999888 21761.0 580073.0 840.0 128.0 176927.0#176927.0#840_178561.0#178561.0#840 176925.0#176925.0#128_178424.0#178424.0#128
180000 184000 1022.9020000000601 992.36599999998 6.6691928297106875 997.7540000000154 984.9070000000065 23543.0 565656.0 840.0 128.0 180432.0#180432.0#840_181022.0#181022.0#840_182157.0#182157.0#840 180427.0#180427.0#128_180923.0#180923.0#128_182163.0#182163.0#128
184000 188000 470.6830781249446 882.3292304687639 229.6153182191995 999.1290000000154 537.919921875 20354.37657680957 559941.4834256116 840.0 128.0 184430.0#184430.0#840_186422.0#186422.0#840 184426.0#184426.0#128_186419.0#186419.0#128
188000 192000 503.5089882813045 699.2982023437391 418.718889646003 999.9959999999846 74.73193359369179 22026.27822799272 570863.2004723608 840.0 128.0 188429.0#188429.0#840_189934.0#189934.0#840_191928.0#191928.0#840 188424.0#188424.0#128_189929.0#189929.0#128_191924.0#191924.0#128
192000 196000 70.38363671879051 785.9232726562419 421.4444339278995 999.3669999999693 34.029296875 21094.266559769134 482790.68840416026 840.0 128.0 191928.0#191928.0#840_193926.0#193926.0#840_195927.0#195927.0#840 191924.0#191924.0#128_193923.0#193923.0#128_195925.0#195925.0#128
196000 200000 14.730367187527008 797.0539265624946 428.7206914679985 999.7770000000019 30.7529296875 20408.023696156593 513697.8031116748 840.0 128.0 195927.0#195927.0#840_197927.0#197927.0#840_199921.0#199921.0#840 195925.0#195925.0#128_197924.0#197924.0#128_199919.0#199919.0#128
200000 204000 582.3908378906781 854.4022905273305 157.20910319837677 994.9070000000065 656.319091796875 23442.532846579466 660593.1976707478 840.0 128.0 199921.0#199921.0#840_201372.0#201372.0#840_203429.0#203429.0#840 199919.0#199919.0#128_201384.0#201384.0#128_203425.0#203425.0#128
204000 208000 91.84216992196161 781.6315660156076 289.7788580575687 998.2269999999553 342.28890820313245 20855.35609406432 492482.7746782579 840.0 128.0 203429.0#203429.0#840_205412.0#205412.0#840_207425.0#207425.0#840 205408.0#205408.0#128_207420.0#207420.0#128
208000 212000 81.70696484379005 783.658607031242 278.16670120968416 992.8819999999832 371.72207812499255 20111.964709249703 515408.3937373445 840.0 128.0 207425.0#207425.0#840_209413.0#209413.0#840_211408.0#211408.0#840 209411.0#209411.0#128_211405.0#211405.0#128
212000 216000 648.3419355468359 670.3316128906329 421.9226540151544 996.9470000000438 72.822021484375 22730.63098834355 547620.9699632315 840.0 128.0 211408.0#211408.0#840_212926.0#212926.0#840_214924.0#214924.0#840 212923.0#212923.0#128_214922.0#214922.0#128
216000 220000 75.77597265620716 784.8448054687585 419.8342271797482 999.2369999999646 35.800048828125 20446.465041705815 561507.6790430072 840.0 128.0 214924.0#214924.0#840_216922.0#216922.0#840_218924.0#218924.0#840 216921.0#216921.0#128_218921.0#218921.0#128
220000 224000 248.57004882814363 937.8574877929641 97.87519118765913 999.8969999999972 793.4910000000382 24257.10525932913 595559.8094936037 840.0 128.0 218924.0#218924.0#840_220928.0#220928.0#840_222388.0#222388.0#840 220924.0#220924.0#128_222400.0#222400.0#128
224000 228000 1128.8149999999441 957.0616666666853 69.56926673709758 999.7510000000475 876.7839999999851 20906.0 575894.0 840.0 128.0 224932.0#224932.0#840_226432.0#226432.0#840 224929.0#224929.0#128_226428.0#226428.0#128
228000 232000 478.14272851566784 880.464317871083 228.0805213655019 995.7789999999804 538.353271484375 21808.352107282786 567856.4088086846 840.0 128.0 228434.0#228434.0#840_230425.0#230425.0#840 228430.0#228430.0#128_230421.0#230421.0#128
232000 236000 18.287376953056082 796.3425246093888 277.65741417591084 999.1720000000205 458.4637285156641 22070.601570989704 568175.298705496 840.0 128.0 232427.0#232427.0#840_234423.0#234423.0#840 232424.0#232424.0#128_234421.0#234421.0#128
236000 240000 511.6579355469439 697.6684128906112 409.98758849264084 999.3739999999525 80.532958984375 21632.304298037277 540748.8176715837 840.0 128.0 236431.0#236431.0#840_237847.0#237847.0#840_239923.0#239923.0#840 236428.0#236428.0#128_237858.0#237858.0#128_239918.0#239918.0#128
240000 244000 611.0840488281101 847.2289877929725 245.5547577078964 996.35791015625 483.1489999999758 20362.81653603618 544289.5747498786 840.0 128.0 239923.0#239923.0#840_241984.0#241984.0#840 239918.0#239918.0#128_241981.0#241981.0#128_243884.0#243884.0#128
244000 248000 25.033943359390832 794.9932113281218 442.90963774442264 997.4259999999776 2.730089843738824 26266.608864704944 649220.6073097124 840.0 128.0 241984.0#241984.0#840_244119.0#244119.0#840_245465.0#245465.0#840_247403.0#247403.0#840 243884.0#243884.0#128_245578.0#245578.0#128_247400.0#247400.0#128
248000 252000 693.7249140625354 661.255017187493 400.39221426710077 993.4399999999441 13.966033203178085 19727.567424508954 479072.77388909523 840.0 128.0 247403.0#247403.0#840_249921.0#249921.0#840_251430.0#251430.0#840 249919.0#249919.0#128_251427.0#251427.0#128
252000 256000 73.67614843766205 785.2647703124676 281.5193764132856 999.5529999999562 373.3349472655682 21754.806950702226 540060.7193972538 840.0 128.0 251430.0#251430.0#840_253405.0#253405.0#840_255440.0#255440.0#840 253403.0#253403.0#128_255436.0#255436.0#128
256000 260000 46.01391015620902 790.7972179687582 286.40024957947435 999.6979999999749 386.017095703166 21404.508934014317 560120.4004565255 840.0 128.0 255440.0#255440.0#840_257423.0#257423.0#840_259414.0#259414.0#840 257421.0#257421.0#128_259411.0#259411.0#128
260000 264000 550.7986992187798 689.8402601562441 429.42874390138655 999.1770000000251 71.977294921875 25364.405631410056 661236.2449189704 840.0 128.0 259414.0#259414.0#840_260926.0#260926.0#840_262928.0#262928.0#840 260924.0#260924.0#128_262924.0#262924.0#128
264000 268000 771.2269921875559 645.7546015624888 483.99213311309927 997.2889999999898 22.435302734375 21028.68977196792 550631.5706009871 840.0 128.0 262928.0#262928.0#840_264931.0#264931.0#840_266925.0#266925.0#840 264927.0#264927.0#128_266922.0#266922.0#128
268000 272000 27.198374999919906 794.5603250000161 437.5445136243899 998.3510000000242 12.075927734375 21582.70920479783 505327.4830440644 840.0 128.0 266925.0#266925.0#840_268925.0#268925.0#840_270936.0#270936.0#840 268924.0#268924.0#128_270931.0#270931.0#128
272000 276000 702.5189277344616 824.3702680663846 263.14791312139226 995.9889999999432 437.74499999999534 23622.628705547802 558246.1004477483 840.0 128.0 270936.0#270936.0#840_272428.0#272428.0#840_274432.0#274432.0#840 272425.0#272425.0#128_274428.0#274428.0#128
276000 280000 485.9398964843713 878.5150258789072 239.43069655751358 999.6720000000205 519.381103515625 21053.294817595084 542557.5360672502 840.0 128.0 276437.0#276437.0#840_278430.0#278430.0#840 276430.0#276430.0#128_278424.0#278424.0#128
280000 284000 13.095982422004454 797.3808035155992 275.8857361343478 999.3639999999432 479.60089648433495 23419.894062016196 607831.5019070611 840.0 128.0 280423.0#280423.0#840_282423.0#282423.0#840_283871.0#283871.0#840 280421.0#280421.0#128_282420.0#282420.0#128_283882.0#283882.0#128
284000 288000 1001.8252089844318 749.543697753892 256.3493459521038 992.2979999999516 487.7438789062435 20761.44596560918 495258.91324457 840.0 128.0 283871.0#283871.0#840_286429.0#286429.0#840_287925.0#287925.0#840 283882.0#283882.0#128_286425.0#286425.0#128_287925.0#287925.0#128
288000 292000 525.5319570312276 694.8936085937545 427.4600351498728 999.9570000000531 70.678955078125 21316.11310473526 495878.48092373094 840.0 128.0 287925.0#287925.0#840_289920.0#289920.0#840_291928.0#291928.0#840 287925.0#287925.0#128_289919.0#289919.0#128_291925.0#291925.0#128
292000 296000 464.54892773437314 883.8627680664067 144.90559678852176 998.0 671.47802734375 22721.754935325804 593985.1964638031 840.0 128.0 291928.0#291928.0#840_293421.0#293421.0#840_295922.0#295922.0#840 291925.0#291925.0#128_293419.0#293419.0#128_295921.0#295921.0#128
