ts te idle avg_span std_span max_span min_span c_ack_cnt c_ack_cnt_p c_bytes_all c_bytes_uniq s_ack_cnt s_ack_cnt_p s_bytes_all s_bytes_uniq avg_video_rate avg_audio_rate video_requests_sequence audio_requests_sequence
0 9000 6993.29313867187 517.0930078125015 357.01129928506776 999.7740000000049 93.96600000000035 590.4236874273216 575.1991048103458 14038.617105182748 14038.617105182748 766.2568249936655 19.22458261697575 1136167.2869436229 1052321.3024860108 2300.0 128.0 7253.0#7253.0#2300_7254.0#7254.0#2300_8288.0#8288.0#2300 7250.0#7250.0#128_7251.0#7251.0#128_8314.0#8314.0#128
9000 18000 31.721376953129948 625.5517029622398 372.3268928398146 999.9020000000019 23.69091796875 1918.3125364836653 1900.537119100641 14002.382894817252 14002.382894817252 2597.7637289336676 17.77541738302425 3737574.4885546435 3255436.580677651 2300.0 128.0 8288.0#8288.0#2300_9210.0#9210.0#2300_10023.0#10023.0#2300_11217.0#11217.0#2300_13046.0#13046.0#2300_15121.0#15121.0#2300_16971.0#16971.0#2300 9330.0#9330.0#128_10241.0#10241.0#128_11494.0#11494.0#128_13367.0#13367.0#128_15337.0#15337.0#128_16996.0#16996.0#128
18000 27000 24.1408945312578 745.9002054687494 350.0991948236683 998.8700000000026 37.353000000002794 1185.1584981197516 1158.193590776172 22726.0 22726.0 1808.8741681034053 28.964907343579423 2471688.3822779795 2206359.274612584 1092.7272727272727 128.0 16971.0#16971.0#2300_19793.0#19793.0#1500_19795.0#19795.0#1500_20961.0#20961.0#840_20964.0#20964.0#840_21676.0#21676.0#840_22541.0#22541.0#840_23231.0#23231.0#840_23793.0#23793.0#840_24727.0#24727.0#840_25698.0#25698.0#840 19998.0#19998.0#128_20994.0#20994.0#128_21793.0#21793.0#128_22716.0#22716.0#128_23373.0#23373.0#128_23966.0#23966.0#128_24997.0#24997.0#128_25987.0#25987.0#128
27000 36000 4028.2460410156127 523.6260771484389 401.6200335812015 999.8280000000013 24.30194531250163 955.5083575246979 939.8006021351345 13064.382021306314 13064.382021306314 1698.8430339595607 15.707755389563467 2693708.8502085772 2680116.755423777 2383.3333333333335 128.0 28461.0#28461.0#1500_29299.0#29299.0#1500_31326.0#31326.0#2300_33311.0#33311.0#3000_33313.0#33313.0#3000_35326.0#35326.0#3000 28455.0#28455.0#128_28997.0#28997.0#128_31317.0#31317.0#128_33308.0#33308.0#128_35323.0#35323.0#128
36000 45000 1957.0571738281287 587.4336114783638 402.385547925892 998.6169999999984 44.81599999999162 1412.3182249924412 1397.6805833749002 12201.170589761377 12201.170589761377 2128.913874694548 14.637641617541076 3595688.675390904 3513357.00058448 3466.6666666666665 128.0 35326.0#35326.0#3000_37324.0#37324.0#3000_39313.0#39313.0#3000_41333.0#41333.0#3000_43353.0#43353.0#4400_43354.0#43354.0#4400 37321.0#37321.0#128_39312.0#39312.0#128_41331.0#41331.0#128_43348.0#43348.0#128
45000 54000 75.43907421875338 622.5190764322916 434.34342854898756 999.6739999999991 44.65200000000186 1962.8042058994117 1949.4544174848327 11136.245497283646 11136.245497283646 3110.4736387634334 13.349788414578903 5150848.044590362 5041951.1648247475 4400.0 128.0 45319.0#45319.0#4400_47313.0#47313.0#4400_49344.0#49344.0#4400_51303.0#51303.0#4400_53339.0#53339.0#4400 45317.0#45317.0#128_47310.0#47310.0#128_49343.0#49343.0#128_51301.0#51301.0#128_53336.0#53336.0#128
54000 63000 200.6509550781193 814.7764615885419 279.8992051280189 999.4239999999991 109.96300000000338 2434.474489552711 2420.1345823179736 11976.201891648663 11976.201891648663 3777.87473055172 14.33990723473713 6304334.27203391 6016917.92139075 4400.0 128.0 53339.0#53339.0#4400_55330.0#55330.0#4400_57322.0#57322.0#4400_58678.0#58678.0#4400_60249.0#60249.0#4400_61412.0#61412.0#4400 55329.0#55329.0#128_57320.0#57320.0#128_57997.0#57997.0#128_59782.0#59782.0#128_61996.0#61996.0#128
63000 72000 255.36260546874837 758.424611870661 343.58164114695916 999.997000000003 29.198999999993248 2504.948973661306 2489.0978403836198 12372.95195325635 12372.95195325635 3977.050267789606 14.851133277686131 6540151.582469876 6358532.52213861 6500.0 128.0 64007.0#64007.0#6500_64009.0#64009.0#6500_65916.0#65916.0#6500_68292.0#68292.0#6500_70305.0#70305.0#6500 64004.0#64004.0#128_65496.0#65496.0#128_67537.0#67537.0#128_69356.0#69356.0#128_71769.0#71769.0#128
72000 81000 10.62839062504645 683.5433530560643 345.54329323360514 999.9799999999959 102.21300000000338 2950.84175275427 2937.6928860319563 10975.04804674365 10975.04804674365 4652.135821833758 13.148866722313869 7870821.925853045 7658446.38970882 6500.0 128.0 70305.0#70305.0#6500_72100.0#72100.0#6500_73750.0#73750.0#6500_75705.0#75705.0#6500_77691.0#77691.0#6500_79692.0#79692.0#6500 71769.0#71769.0#128_73368.0#73368.0#128_75346.0#75346.0#128_77359.0#77359.0#128_79344.0#79344.0#128
81000 90000 10.890417968723341 683.8888812040464 379.0644676793764 999.9919999999984 11.895996093764552 2952.4917622262747 2937.4917622262747 12510.0 12510.0 4716.0517475302 15.0 7963786.652902309 7764288.521951188 6500.0 128.0 79692.0#79692.0#6500_81497.0#81497.0#6500_83409.0#83409.0#6500_85320.0#85320.0#6500_87032.0#87032.0#6500_88987.0#88987.0#6500 81332.0#81332.0#128_83363.0#83363.0#128_84995.0#84995.0#128_86497.0#86497.0#128_88996.0#88996.0#128
90000 99000 9.528335937502561 733.7944624565991 321.98543689557096 999.8139999999839 61.37300000002142 2988.9474045782213 2975.938223531428 10856.721260353215 10856.721260353215 4634.5888241080775 13.00918104679336 7692290.437588118 7452986.324419931 6500.0 128.0 88987.0#88987.0#6500_90761.0#90761.0#6500_92530.0#92530.0#6500_94929.0#94929.0#6500_96896.0#96896.0#6500_98818.0#98818.0#6500 90495.0#90495.0#128_92495.0#92495.0#128_94496.0#94496.0#128_95998.0#95998.0#128_98495.0#98495.0#128
99000 108000 700.6331347656087 759.0204022409537 353.70767535359545 999.7859999999782 1.761962890625 2816.095662698499 2802.086757305371 11676.471349180092 11676.471349180092 4284.516981096851 14.008905393127247 7193226.835366887 6884321.675961685 6500.0 128.0 98818.0#98818.0#6500_100631.0#100631.0#6500_102477.0#102477.0#6500_104247.0#104247.0#6500_106320.0#106320.0#6500_107999.0#107999.0#6500 99995.0#99995.0#128_101994.0#101994.0#128_104003.0#104003.0#128_105999.0#105999.0#128_107997.0#107997.0#128
108000 117000 418.2818261718494 730.3262894531285 322.4117553120377 999.9580000000133 12.388000000006286 2414.532661250333 2400.051211032839 12095.417256009885 12095.417256009885 3806.4348798857436 13.981913560079395 6362095.132257049 6196899.024334766 6500.0 128.0 107999.0#107999.0#6500_110004.0#110004.0#6500_111720.0#111720.0#6500_113366.0#113366.0#6500_115504.0#115504.0#6500 107997.0#107997.0#128_110001.0#110001.0#128_111497.0#111497.0#128_113345.0#113345.0#128_115502.0#115502.0#128
117000 126000 17.160035156237427 692.0152771139709 352.8456848836629 999.8219999999856 17.73095703125 2414.3355060950666 2400.9772878791746 11129.326679301406 11129.326679301406 3923.4038337925595 13.857754873306746 6499966.264459096 6283470.825495909 6500.0 128.0 115504.0#115504.0#6500_117494.0#117494.0#6500_119533.0#119533.0#6500_121382.0#121382.0#6500_123980.0#123980.0#6500 117419.0#117419.0#128_119383.0#119383.0#128_121367.0#121367.0#128_123977.0#123977.0#128_125325.0#125325.0#128
126000 135000 7.36153906249092 681.3905681640638 351.055766633607 999.9839999999967 57.985941406252095 3006.1813244709074 2991.6272536752285 12142.86202420046 12142.86202420046 4715.102631091657 14.55407079567857 7604039.276260855 7354981.300355274 5300.0 128.0 123980.0#123980.0#6500_126461.0#126461.0#6500_128467.0#128467.0#6500_130842.0#130842.0#4400_132129.0#132129.0#4400_133340.0#133340.0#4400_134751.0#134751.0#4400 125325.0#125325.0#128_127351.0#127351.0#128_129312.0#129312.0#128_132306.0#132306.0#128_133352.0#133352.0#128_134496.0#134496.0#128
135000 144000 5.19525195308961 742.2238279079902 312.2096619054061 999.8440000000119 55.58300000001327 2529.8690335990336 2515.326378128317 12137.962859707837 12137.962859707837 3989.4528186782227 14.542655470716639 6826431.832883359 6733670.4617288085 6080.0 128.0 134751.0#134751.0#4400_136510.0#136510.0#6500_138507.0#138507.0#6500_140516.0#140516.0#6500_142543.0#142543.0#6500 136507.0#136507.0#128_138506.0#138506.0#128_140498.0#140498.0#128_142495.0#142495.0#128
144000 153000 8.028365234378725 814.5199257812492 241.94132092379945 999.9979999999923 176.99700000000303 2923.2660828018775 2910.3522149945447 10776.388384650381 10776.388384650381 4643.708189854678 12.913867807332817 7576120.585117159 7324108.659381822 6500.0 128.0 142543.0#142543.0#6500_144341.0#144341.0#6500_146231.0#146231.0#6500_148491.0#148491.0#6500_150433.0#150433.0#6500_152132.0#152132.0#6500 144463.0#144463.0#128_145994.0#145994.0#128_147994.0#147994.0#128_149995.0#149995.0#128_151995.0#151995.0#128
153000 162000 118.54864648447256 732.2495628906254 363.6487945295644 999.9379999999946 12.418000000034226 3048.617163318832 3034.2041091116794 12021.540417189155 12021.540417189155 4717.854063215397 14.413054207152797 7728823.74403304 7523158.816689867 6500.0 128.0 152132.0#152132.0#6500_154267.0#154267.0#6500_156314.0#156314.0#6500_158046.0#158046.0#6500_159907.0#159907.0#6500_161987.0#161987.0#6500 154002.0#154002.0#128_155994.0#155994.0#128_157994.0#157994.0#128_159996.0#159996.0#128_161495.0#161495.0#128
162000 171000 13.856246093695518 776.920275850189 307.8465275356603 999.6030000000028 121.67208203129121 2875.5532848114726 2862.83468796566 10607.309769407568 10607.309769407568 4527.796250255941 12.718596845812431 7735083.633262152 7540484.869462855 6500.0 128.0 159907.0#159907.0#6500_161987.0#161987.0#6500_164175.0#164175.0#6500_165961.0#165961.0#6500_167814.0#167814.0#6500_169583.0#169583.0#6500 163384.0#163384.0#128_165343.0#165343.0#128_167363.0#167363.0#128_169363.0#169363.0#128
171000 180000 60.643427734205034 813.5266079963374 237.97621727798244 999.9120000000403 240.68700000006356 2559.363603726629 2544.9220609152107 12044.246704723078 12044.246704723078 4181.686964270094 14.44154281141856 6858083.213751671 6660754.935176096 6500.0 128.0 169583.0#169583.0#6500_171745.0#171745.0#6500_173795.0#173795.0#6500_175866.0#175866.0#6500_178300.0#178300.0#6500 171545.0#171545.0#128_173367.0#173367.0#128_175340.0#175340.0#128_177551.0#177551.0#128_179367.0#179367.0#128
180000 189000 13.952761718741385 761.8927245065876 291.81687006994923 999.7940000000235 128.95699999999488 3124.257736919424 3111.1778033987484 10912.83636690053 10912.83636690053 4820.92402870395 13.079933520675986 8303568.496827649 7992590.416982513 6500.0 128.0 178300.0#178300.0#6500_180151.0#180151.0#6500_181939.0#181939.0#6500_183856.0#183856.0#6500_185749.0#185749.0#6500_187478.0#187478.0#6500 180995.0#180995.0#128_182496.0#182496.0#128_184494.0#184494.0#128_187365.0#187365.0#128
189000 198000 2420.042124999949 608.6656585286522 311.3671072417685 999.3940000000002 177.1479999999865 1504.143230922865 1490.008002394713 11781.862420704103 11781.862420704103 2255.1393989796047 14.13522852815214 4064143.580879694 4002276.2897107787 5800.0 128.0 187478.0#187478.0#6500_189454.0#189454.0#4400_191335.0#191335.0#4400_193513.0#193513.0#6500_195355.0#195355.0#6500_197344.0#197344.0#6500 189465.0#189465.0#128_191333.0#191333.0#128_193508.0#193508.0#128_195353.0#195353.0#128_197342.0#197342.0#128
198000 207000 32.66621289064642 835.8816735677052 298.75789618344464 999.484999999986 68.3180000000284 2822.5548161649886 2808.2115210252355 11979.054507672288 11979.054507672288 4277.1532989136595 14.343295139753312 7614853.806088041 7423011.966501077 6500.0 128.0 197344.0#197344.0#6500_199327.0#199327.0#6500_201315.0#201315.0#6500_202979.0#202979.0#6500_205001.0#205001.0#6500_206912.0#206912.0#6500 199325.0#199325.0#128_201315.0#201315.0#128_201994.0#201994.0#128_203994.0#203994.0#128_205994.0#205994.0#128
207000 216000 172.309841796814 768.8456828342055 372.9183063188811 999.7639999999956 0.0 2895.209077145422 2881.209077145422 11668.0 11668.0 4554.117821791299 14.0 7689706.0766372075 7365773.396498084 6500.0 128.0 206912.0#206912.0#6500_208923.0#208923.0#6500_210743.0#210743.0#6500_212701.0#212701.0#6500_214771.0#214771.0#6500 207994.0#207994.0#128_209495.0#209495.0#128_211349.0#211349.0#128_213495.0#213495.0#128_215349.0#215349.0#128
216000 225000 6.592734374949941 869.6127733073004 210.01785898910074 999.987999999983 331.67499999995925 2933.2429864797937 2920.744943395418 10427.352277044398 10427.352277044398 4548.946772540318 12.498043084375768 7712651.238055951 7499824.356286318 6500.0 128.0 214771.0#214771.0#6500_216771.0#216771.0#6500_218623.0#218623.0#6500_220571.0#220571.0#6500_222671.0#222671.0#6500_224500.0#224500.0#6500 217305.0#217305.0#128_219555.0#219555.0#128_221308.0#221308.0#128_223345.0#223345.0#128
225000 234000 6.317148437461583 710.7668396267449 353.65552330165076 999.8289999999979 13.48200000001816 2669.1460063984987 2650.6926845023895 14996.697036524101 14996.697036524101 4203.751872569721 18.453321896109383 7059384.856936108 6854702.220090752 5100.0 128.0 224500.0#224500.0#6500_226242.0#226242.0#6500_228956.0#228956.0#4400_230380.0#230380.0#4400_231742.0#231742.0#4400_233049.0#233049.0#4400 225347.0#225347.0#128_226994.0#226994.0#128_230491.0#230491.0#128_231819.0#231819.0#128_233171.0#233171.0#128
234000 243000 956.8380585937994 642.0893393012245 398.86135020700203 999.8530000000028 44.193000000028405 1869.6438302836068 1855.8657784256122 10655.958211908468 10655.958211908468 2917.607633419506 13.778051857994573 4977247.658255869 4839121.410773775 4400.0 128.0 233049.0#233049.0#4400_234507.0#234507.0#4400_236501.0#236501.0#4400_238504.0#238504.0#4400_240499.0#240499.0#4400_242867.0#242867.0#4400 234503.0#234503.0#128_236498.0#236498.0#128_238501.0#238501.0#128_240497.0#240497.0#128_242865.0#242865.0#128
243000 252000 17.954167968709953 711.2695972656336 338.3133487307128 999.9350000000559 105.1140000000014 2972.719638065437 2955.856466182001 14541.841113712951 14541.841113712951 4252.93876748787 17.863171883435836 6915740.824673798 6743382.090165809 5660.0 128.0 242867.0#242867.0#4400_244285.0#244285.0#4400_246058.0#246058.0#6500_247778.0#247778.0#6500_249912.0#249912.0#6500 243997.0#243997.0#128_245996.0#245996.0#128_247747.0#247747.0#128_249999.0#249999.0#128_251994.0#251994.0#128
252000 261000 2.2005839842604473 788.9210518092273 296.1151542601734 999.8520000000717 193.36492968752282 2792.0313060237295 2777.9705377998125 11723.90405639266 11723.90405639266 4425.56362776722 14.060768223916847 7228914.990853618 7040018.73666914 6500.0 128.0 249912.0#249912.0#6500_252056.0#252056.0#6500_254593.0#254593.0#6500_256276.0#256276.0#6500_258345.0#258345.0#6500_260234.0#260234.0#6500 251994.0#251994.0#128_253994.0#253994.0#128_255530.0#255530.0#128_257355.0#257355.0#128_259498.0#259498.0#128
261000 270000 2.776960937480908 716.307763671885 341.3233887375035 999.8520000000135 43.429000000003725 3227.8923934138015 3213.9770489194684 11611.09391703671 11611.09391703671 4984.775389942806 13.915344494333013 8302496.739806993 8043760.536589583 6500.0 128.0 260234.0#260234.0#6500_262115.0#262115.0#6500_263894.0#263894.0#6500_265742.0#265742.0#6500_267638.0#267638.0#6500_269430.0#269430.0#6500 261358.0#261358.0#128_263362.0#263362.0#128_265377.0#265377.0#128_267354.0#267354.0#128_269366.0#269366.0#128
270000 279000 2056.7931601562304 563.8860610677045 392.8337444334578 999.4479999999749 27.65799999999581 1989.2226103932883 1974.478330368259 12318.683781074515 12318.683781074515 3179.376292793354 14.744280025029116 5283979.295493353 5172144.933639437 5240.0 128.0 269430.0#269430.0#6500_274250.0#274250.0#6500_275901.0#275901.0#4400_277352.0#277352.0#4400_278687.0#278687.0#4400 271338.0#271338.0#128_273303.0#273303.0#128_277432.0#277432.0#128_278781.0#278781.0#128
279000 288000 6.0791210937313735 756.1661131663645 328.35536251428505 999.8850000000093 63.36300000001211 2388.2590423414567 2372.073105997342 13507.560566125938 13507.560566125938 3749.6729178290243 15.68701853480546 6315119.6598217115 6207319.6598217115 4400.0 128.0 278687.0#278687.0#4400_280055.0#280055.0#4400_281393.0#281393.0#4400_282644.0#282644.0#4400_284166.0#284166.0#4400_286505.0#286505.0#4400 280127.0#280127.0#128_281497.0#281497.0#128_282763.0#282763.0#128_284178.0#284178.0#128_286503.0#286503.0#128
288000 297000 14.111171875032596 800.49593749999 260.18268790945103 999.5690000000177 95.74099999997998 2015.5755088096191 2002.0744266189283 11270.909040180257 11270.909040180257 3196.70641094755 14.0 5404708.2142829215 5306548.663115593 4400.0 128.0 288497.0#288497.0#4400_289998.0#289998.0#4400_292003.0#292003.0#4400_294007.0#294007.0#4400_296001.0#296001.0#4400 288495.0#288495.0#128_289997.0#289997.0#128_292000.0#292000.0#128_294005.0#294005.0#128_296000.0#296000.0#128
