ts te idle avg_span std_span max_span min_span c_ack_cnt c_ack_cnt_p c_bytes_all c_bytes_uniq s_ack_cnt s_ack_cnt_p s_bytes_all s_bytes_uniq avg_video_rate avg_audio_rate video_requests_sequence audio_requests_sequence
0 9000 6905.1770917968715 415.93167480468884 410.4640027770509 999.7100000000028 1.800048828125 328.03770706603626 314.0310528779122 12950.549592895453 12950.549592895453 370.0576696304084 18.006654188124045 645192.9231072766 618592.9231072766 2300.0 128.0 7176.0#7176.0#2300_7178.0#7178.0#2300_8939.0#8939.0#2300 7170.0#7170.0#128_7175.0#7175.0#128_8997.0#8997.0#128
9000 18000 368.37635742187194 743.528859933036 278.508509092011 998.4359999999942 177.9360000000015 2437.71249113863 2409.0130354304993 23679.227730891987 23679.227730891987 3670.1163530757435 29.699455708130397 6385952.14340559 6136585.14340559 2300.0 128.0 8939.0#8939.0#2300_9785.0#9785.0#2300_11002.0#11002.0#2300_11744.0#11744.0#2300_12613.0#12613.0#2300_13463.0#13463.0#2300_14383.0#14383.0#2300_15223.0#15223.0#2300_15977.0#15977.0#2300_16697.0#16697.0#2300_17385.0#17385.0#2300 8997.0#8997.0#128_9897.0#9897.0#128_11049.0#11049.0#128_11772.0#11772.0#128_12773.0#12773.0#128_13840.0#13840.0#128_14544.0#14544.0#128_15274.0#15274.0#128_16191.0#16191.0#128_16769.0#16769.0#128_17586.0#17586.0#128
18000 27000 1837.059367187525 580.0988760340059 404.24488050540214 999.887999999999 29.92199999999866 1538.249801795334 1517.9559116915884 16112.222676212557 16112.222676212557 2202.825977293848 20.293890103745554 3904670.9334871327 3607074.9334871327 2339.1111111111113 128.0 17385.0#17385.0#2300_19292.0#19292.0#4400_19294.0#19294.0#4400_20998.0#20998.0#4400_22779.0#22779.0#4400_25960.0#25960.0#288_25961.0#25961.0#288_26146.0#26146.0#288_26285.0#26285.0#288 19288.0#19288.0#128_20653.0#20653.0#128_22775.0#22775.0#128_24280.0#24280.0#128_26282.0#26282.0#128_26360.0#26360.0#128_26461.0#26461.0#128
27000 36000 4269.489898437503 479.44108007812343 311.2860796644922 857.6529999999912 42.09700000000157 924.7317118475332 908.8966613654318 13200.11250592941 13200.11250592941 1515.8758491078931 15.835050482101437 2571707.8292017505 2558169.6878518667 2314.6666666666665 128.0 27778.0#27778.0#288_29784.0#29784.0#2300_31261.0#31261.0#2300_33234.0#33234.0#3000_33237.0#33237.0#3000_35259.0#35259.0#3000 27776.0#27776.0#128_29779.0#29779.0#128_31260.0#31260.0#128_33229.0#33229.0#128_35257.0#35257.0#128
36000 45000 2031.622111328128 616.1239259440099 423.24473222426457 998.6619999999966 9.156999999991967 1354.9473322275364 1341.9874243594627 10798.753341214346 10798.753341214346 2163.475487728572 12.959907868073875 3865313.359801894 3820051.501151778 3560.0 128.0 35259.0#35259.0#3000_37259.0#37259.0#3000_39226.0#39226.0#3000_41280.0#41280.0#4400_43211.0#43211.0#4400 37255.0#37255.0#128_39225.0#39225.0#128_41273.0#41273.0#128_43210.0#43210.0#128
45000 54000 900.3834042968665 656.0733852163461 440.2125334123978 999.5910000000003 41.95100000000093 1575.3209559249303 1563.1159142751055 10176.134152856244 10176.134152856244 2452.648663163535 12.205041649824688 4580691.8109963555 4486891.8109963555 4400.0 128.0 45233.0#45233.0#4400_47252.0#47252.0#4400_49275.0#49275.0#4400_51244.0#51244.0#4400 45230.0#45230.0#128_47250.0#47250.0#128_49270.0#49270.0#128_51242.0#51242.0#128
54000 63000 1286.7555488281214 839.1296464843763 244.0623625929477 999.6030000000028 161.27700000000186 1670.6555093662107 1653.8039674393717 14070.264380008135 14070.264380008135 2686.249341658854 16.0 4923920.77453746 4828348.774537461 3233.3333333333335 128.0 55217.0#55217.0#4400_56374.0#56374.0#3000_57818.0#57818.0#3000_59214.0#59214.0#3000_60154.0#60154.0#3000_61245.0#61245.0#3000 55215.0#55215.0#128_56749.0#56749.0#128_58347.0#58347.0#128_59271.0#59271.0#128_60225.0#60225.0#128_61259.0#61259.0#128
63000 72000 94.23398046875081 631.9371919270818 428.8547177585681 999.929999999993 74.73399999999674 1750.2468305427901 1736.3476435705434 11601.849353022386 11601.849353022386 2761.0305555902196 14.75072889908613 4977314.250235625 4890855.066107139 4400.0 128.0 63244.0#63244.0#4400_65248.0#65248.0#4400_67243.0#67243.0#4400_69258.0#69258.0#4400_71248.0#71248.0#4400 63238.0#63238.0#128_65245.0#65245.0#128_67238.0#67238.0#128_69257.0#69257.0#128_71246.0#71246.0#128
72000 81000 57.194962890658644 665.9722107979895 418.6662520407621 999.8769999999786 73.61900000000605 1724.739414376042 1710.98851391553 11464.238635435982 11464.238635435982 2766.91562590271 13.750900460512065 4938264.392886524 4908515.530112561 4400.0 128.0 71248.0#71248.0#4400_73234.0#73234.0#4400_75228.0#75228.0#4400_77269.0#77269.0#4400_79260.0#79260.0#4400 73229.0#73229.0#128_75227.0#75227.0#128_77266.0#77266.0#128_79258.0#79258.0#128
81000 90000 129.69639453121636 623.0262074218772 434.9086242395137 999.9140000000043 44.22599999998056 1811.9541923816523 1798.7430960784448 11021.762639615958 11021.762639615958 2826.276511854699 13.211096303207576 5127373.417079209 5050872.040990666 4400.0 128.0 79260.0#79260.0#4400_81222.0#81222.0#4400_83254.0#83254.0#4400_85218.0#85218.0#4400_87293.0#87293.0#4400_89287.0#89287.0#4400 81221.0#81221.0#128_83252.0#83252.0#128_85217.0#85217.0#128_87289.0#87289.0#128_89283.0#89283.0#128
90000 99000 13.302367187498021 701.9928066406237 400.7596871244774 999.9260000000068 24.888916015625 2467.9905467399176 2452.85856713469 12613.091039843806 12613.091039843806 3838.316773931237 15.131979605227503 6964608.200835223 6835689.617670333 6200.0 128.0 89287.0#89287.0#4400_91235.0#91235.0#6500_91237.0#91237.0#6500_93232.0#93232.0#6500_95272.0#95272.0#6500_97183.0#97183.0#6500_98974.0#98974.0#6500 91232.0#91232.0#128_93230.0#93230.0#128_95269.0#95269.0#128_95773.0#95773.0#128_97774.0#97774.0#128
99000 108000 4.344642578143976 824.6052570082718 288.2054875993103 999.9799999999959 179.22401757811895 2878.2216360853527 2864.0663413533857 11816.793952073733 11816.793952073733 4517.037680168396 14.155294731966721 7890103.903523076 7626576.083579924 6500.0 128.0 97183.0#97183.0#6500_98974.0#98974.0#6500_100708.0#100708.0#6500_102616.0#102616.0#6500_104350.0#104350.0#6500_106161.0#106161.0#6500 99773.0#99773.0#128_101763.0#101763.0#128_103268.0#103268.0#128_105268.0#105268.0#128_107238.0#107238.0#128
108000 117000 481.40355273438036 808.9043235677091 227.97248092435126 999.7619999999879 188.99773242187803 2839.917347577951 2826.917347577951 10850.0 10850.0 4444.589076883307 13.0 7789060.667255053 7602037.723946568 6500.0 128.0 106161.0#106161.0#6500_108613.0#108613.0#6500_110361.0#110361.0#6500_112151.0#112151.0#6500_113898.0#113898.0#6500_116030.0#116030.0#6500 109268.0#109268.0#128_111458.0#111458.0#128_113268.0#113268.0#128_115264.0#115264.0#128
117000 126000 195.42793359374627 798.8942152777777 265.28681532556215 999.9960000000137 65.88099999999395 2674.963186401841 2659.963186401841 12510.0 12510.0 4191.501480442137 15.0 7380380.766484743 7114294.105157911 5333.333333333333 128.0 116030.0#116030.0#6500_117974.0#117974.0#6500_119854.0#119854.0#6500_122002.0#122002.0#6500_124132.0#124132.0#3000_125233.0#125233.0#3000 117287.0#117287.0#128_119303.0#119303.0#128_121393.0#121393.0#128_124286.0#124286.0#128_125229.0#125229.0#128
126000 135000 2996.658906250028 787.789550426133 318.8513505468562 999.4320000000007 164.89000390624278 1538.0032537492475 1525.4217771136925 10482.378200240546 10482.378200240546 2404.7608705389243 12.581476635554845 4319270.3325435845 4231911.003074382 4120.0 128.0 125233.0#125233.0#3000_127233.0#127233.0#4400_131396.0#131396.0#4400_132922.0#132922.0#4400_134111.0#134111.0#4400 127231.0#127231.0#128_131393.0#131393.0#128_131771.0#131771.0#128_134183.0#134183.0#128
135000 144000 31.057164062483935 668.5907436523448 394.0028953245186 999.9880000000121 0.0 2314.5507717239007 2300.1322483594554 12035.621799759454 12035.621799759454 3610.690360981662 14.122808498737932 6456855.7692619 6338649.532713416 5450.0 128.0 134111.0#134111.0#4400_135373.0#135373.0#4400_137269.0#137269.0#4400_139276.0#139276.0#6500_141537.0#141537.0#6500_143276.0#143276.0#6500 135539.0#135539.0#128_137267.0#137267.0#128_139274.0#139274.0#128_141534.0#141534.0#128_143274.0#143274.0#128
144000 153000 45.19289062501048 750.9226884765594 305.7223077779438 999.3070000000007 178.81599999999162 2700.442584775139 2685.906252560691 12125.391156824364 12125.391156824364 4279.508429697567 14.83204708015536 7551637.758056615 7438036.616266228 6500.0 128.0 143276.0#143276.0#6500_145238.0#145238.0#6500_147322.0#147322.0#6500_149404.0#149404.0#6500_151275.0#151275.0#6500_152950.0#152950.0#6500 145234.0#145234.0#128_147321.0#147321.0#128_147770.0#147770.0#128_149457.0#149457.0#128_151891.0#151891.0#128
153000 162000 39.412154296878725 716.5758907398952 363.9374990574481 999.9560000000056 55.83599999998114 2743.831570060318 2729.6676431396836 11825.5241844292 11825.5241844292 4312.402445047068 14.163926920634367 7623597.739195061 7514707.877737487 5600.0 128.0 151275.0#151275.0#6500_152950.0#152950.0#6500_155223.0#155223.0#6500_157082.0#157082.0#6500_158818.0#158818.0#4400_160075.0#160075.0#4400_161432.0#161432.0#4400 155223.0#155223.0#128_155770.0#155770.0#128_158920.0#158920.0#128_160174.0#160174.0#128_161476.0#161476.0#128
162000 171000 90.46368554682704 704.6526533854213 340.74014395758053 999.969000000041 149.80089257808868 2084.58385023107 2072.2841093661527 10257.084658746437 10257.084658746437 3256.5130390929676 12.299740864917492 5754416.067697105 5584642.334293041 5240.0 128.0 161432.0#161432.0#4400_163243.0#163243.0#6500_166647.0#166647.0#4400_167822.0#167822.0#4400_169484.0#169484.0#6500 163239.0#163239.0#128_165256.0#165256.0#128_167249.0#167249.0#128_169308.0#169308.0#128
171000 180000 136.48084374991595 804.2979528808683 285.6795315832743 999.9349999999977 9.093994140654104 2564.671653891873 2550.8665033518128 11506.384219106068 11506.384219106068 3983.033868853114 13.805150540060362 7050916.576411007 6847771.642031755 6500.0 128.0 169484.0#169484.0#6500_171727.0#171727.0#6500_173719.0#173719.0#6500_175918.0#175918.0#6500_177782.0#177782.0#6500_179987.0#179987.0#6500 171724.0#171724.0#128_173330.0#173330.0#128_175320.0#175320.0#128_177275.0#177275.0#128_179261.0#179261.0#128
180000 189000 1454.5942441405787 605.5808282278043 425.92759682418745 999.417999999976 33.343994140654104 2363.8881566644914 2349.8129760947754 11751.160759989492 11751.160759989492 3546.8948249581654 14.07518056971611 6263422.590380412 6094468.2215454765 5300.0 128.0 177782.0#177782.0#6500_179987.0#179987.0#6500_183245.0#183245.0#6500_185170.0#185170.0#4400_186581.0#186581.0#4400_187683.0#187683.0#4400_188966.0#188966.0#4400 179261.0#179261.0#128_183242.0#183242.0#128_183769.0#183769.0#128_186696.0#186696.0#128_187770.0#187770.0#128
189000 198000 1482.8105820311757 582.2782723958449 423.45803402185 999.6320000000414 55.91599999999744 1704.4634549171467 1690.5691516063225 11580.697203050226 11580.697203050226 2735.569946759425 13.894303310824222 4811310.86441557 4726781.901033819 4400.0 128.0 187683.0#187683.0#4400_188966.0#188966.0#4400_191236.0#191236.0#4400_193219.0#193219.0#4400_194563.0#194563.0#4400_197225.0#197225.0#4400 189057.0#189057.0#128_191273.0#191273.0#128_193273.0#193273.0#128_194621.0#194621.0#128_197224.0#197224.0#128
198000 207000 16.1199140624376 769.5824302978599 315.6797050545119 999.68299999999 166.53700000001118 2595.8784941601416 2582.3405365350413 11300.960320334607 11300.960320334607 4099.568047765731 13.537957625100482 7315835.28880845 7158223.114259476 6150.0 128.0 197225.0#197225.0#4400_199221.0#199221.0#6500_201204.0#201204.0#6500_203044.0#203044.0#6500_204787.0#204787.0#6500_206687.0#206687.0#6500 199218.0#199218.0#128_201203.0#201203.0#128_201770.0#201770.0#128_203231.0#203231.0#128_205259.0#205259.0#128
207000 216000 1982.6693769531266 632.547807682292 365.12752229835235 999.5119999999879 25.147999999986496 1891.167016652965 1876.742209125317 12025.687938279341 12025.687938279341 3013.0319214810306 14.424807527647676 5359655.282006417 5264694.19029356 5450.0 128.0 204787.0#204787.0#6500_206687.0#206687.0#6500_208462.0#208462.0#4400_209855.0#209855.0#4400_211373.0#211373.0#4400_215262.0#215262.0#6500 208569.0#208569.0#128_209972.0#209972.0#128_211406.0#211406.0#128_215257.0#215257.0#128_215771.0#215771.0#128
216000 225000 1997.7258027343487 761.6742519531253 327.84192057450707 999.6710000000021 28.63399999999092 1948.830529701949 1937.567929275298 9389.109559240267 9389.109559240267 2979.1091983927836 11.262600426651147 5468427.358386965 5326361.624648797 4820.0 128.0 215262.0#215262.0#6500_216861.0#216861.0#4400_218564.0#218564.0#4400_219912.0#219912.0#4400_221423.0#221423.0#4400 215771.0#215771.0#128_218705.0#218705.0#128_219976.0#219976.0#128_221545.0#221545.0#128
225000 234000 176.1037363281066 832.4049938802044 283.2032947966542 999.9829999999783 156.57699999999022 2320.320208293141 2303.320208293141 14192.0 14192.0 3661.171951614352 17.0 6401395.355068929 6303266.566660874 4400.0 128.0 225226.0#225226.0#4400_226614.0#226614.0#4400_227851.0#227851.0#4400_229345.0#229345.0#4400_231242.0#231242.0#4400_232794.0#232794.0#4400 225225.0#225225.0#128_225770.0#225770.0#128_227987.0#227987.0#128_229359.0#229359.0#128_231240.0#231240.0#128_232272.0#232272.0#128
234000 243000 605.8722070312651 661.3887625732477 385.9531433699653 999.8219999999856 92.57699999999022 1992.8044829975547 1978.8044829975547 11690.0 11690.0 3138.5370172696776 14.0 5552019.37109066 5483088.277814558 4750.0 128.0 232794.0#232794.0#4400_234211.0#234211.0#4400_235777.0#235777.0#4400_237774.0#237774.0#4400_239774.0#239774.0#4400_241786.0#241786.0#6500 234273.0#234273.0#128_235775.0#235775.0#128_237773.0#237773.0#128_239774.0#239774.0#128_241783.0#241783.0#128
243000 252000 1204.7981171875144 671.6028282335158 399.8241658003526 999.9890000000014 15.778999999980442 2331.9350075380753 2316.9350075380753 12510.0 12510.0 3652.788260081704 15.0 6305817.563334741 6008946.854656042 4750.0 128.0 241786.0#241786.0#6500_245235.0#245235.0#6500_246813.0#246813.0#6500_249214.0#249214.0#3000_249913.0#249913.0#3000_251214.0#251214.0#3000 245232.0#245232.0#128_245772.0#245772.0#128_249278.0#249278.0#128_250269.0#250269.0#128_251214.0#251214.0#128
252000 261000 1296.3780957030249 613.1740890067055 371.6807412426919 999.5990000000456 176.61900000000605 2191.2047754273244 2178.8232520740094 10329.242663491232 10329.242663491232 3476.9315710414776 12.381523353315002 6340750.885480251 6249885.546980619 5800.0 128.0 251214.0#251214.0#3000_253249.0#253249.0#6500_255331.0#255331.0#6500_257249.0#257249.0#6500_259368.0#259368.0#6500 253245.0#253245.0#128_255250.0#255250.0#128_257248.0#257248.0#128_259264.0#259264.0#128
261000 270000 239.9520234374795 699.5941108072952 308.59529958445654 999.8439999999828 240.69599999999627 2579.88667827299 2565.268201626305 12188.757336508768 12188.757336508768 4001.742632148958 14.618476646684996 7318743.907376732 7210148.579658258 6500.0 128.0 259368.0#259368.0#6500_261354.0#261354.0#6500_263729.0#263729.0#6500_265434.0#265434.0#6500_267383.0#267383.0#6500_269349.0#269349.0#6500 261299.0#261299.0#128_263728.0#263728.0#128_265322.0#265322.0#128_267258.0#267258.0#128_269305.0#269305.0#128
270000 279000 1476.0297128904494 679.2466678292549 342.52757172807077 999.4400000000023 23.972900390625 2215.872905570758 2204.1345794729955 9771.955223593637 9771.955223593637 3372.5634638208176 11.738326097762705 6064895.586970352 5958369.747927524 6080.0 128.0 269349.0#269349.0#6500_271300.0#271300.0#6500_273362.0#273362.0#6500_277219.0#277219.0#6500_278975.0#278975.0#4400 271297.0#271297.0#128_273255.0#273255.0#128_277217.0#277217.0#128_277771.0#277771.0#128
279000 288000 1304.207718749938 620.8398637695354 341.80266147315905 999.9290000000037 54.69990234373836 2150.3834062517208 2135.3484243134853 12555.170142716785 12555.170142716785 3361.6029925143625 15.034981938235422 6030324.649615501 5949125.907733725 4700.0 128.0 277219.0#277219.0#6500_278975.0#278975.0#4400_280403.0#280403.0#4400_281865.0#281865.0#4400_283326.0#283326.0#4400_284739.0#284739.0#4400_287226.0#287226.0#4400 277771.0#277771.0#128_280596.0#280596.0#128_281964.0#281964.0#128_283333.0#283333.0#128_284772.0#284772.0#128_287225.0#287225.0#128
288000 297000 123.31472851568833 634.7495330729133 416.11826053020485 999.1539999999804 0.2250000000349246 2463.638496675135 2449.9095368105454 11447.259259077988 11447.259259077988 3802.577137316207 13.728959864589614 7031488.137992334 6950038.6253762515 6080.0 128.0 287226.0#287226.0#4400_289234.0#289234.0#6500_291235.0#291235.0#6500_293271.0#293271.0#6500_295274.0#295274.0#6500 289232.0#289232.0#128_291234.0#291234.0#128_293268.0#293268.0#128_295254.0#295254.0#128
