ts te idle avg_span std_span max_span min_span c_bytes_all s_bytes_all avg_video_rate avg_audio_rate video_requests_sequence audio_requests_sequence
0 9000 5490.228904296819 877.4427739257953 237.79914524568528 999.8319999999949 520.798095703125 50617.06340970201 2101691.2374891187 722.2222222222222 128.0 5629.0#5629.0#2300_6142.0#6142.0#480_6466.0#6466.0#480_6785.0#6785.0#480_7165.0#7165.0#480_7515.0#7515.0#480_7777.0#7777.0#480_8119.0#8119.0#480_8735.0#8735.0#840 5626.0#5626.0#128_6139.0#6139.0#128_6488.0#6488.0#128_6797.0#6797.0#128_7193.0#7193.0#128_7521.0#7521.0#128_7801.0#7801.0#128_8133.0#8133.0#128
9000 18000 3096.861199218605 655.9043111979328 352.94227601771206 999.9880000000121 182.6599999999744 59364.233020824824 3500639.310932788 2280.0 128.0 8735.0#8735.0#840_9241.0#9241.0#840_11141.0#11141.0#3000_13769.0#13769.0#3000_14961.0#14961.0#3000_16641.0#16641.0#3000 9016.0#9016.0#128_9246.0#9246.0#128_11137.0#11137.0#128_13768.0#13768.0#128_14630.0#14630.0#128_16640.0#16640.0#128
18000 27000 851.9938964842586 905.334011501749 175.19840697341988 999.9830000000075 559.0680000000284 60043.70356947317 4141381.4515780928 3560.0 128.0 16641.0#16641.0#3000_18640.0#18640.0#3000_20639.0#20639.0#3000_22647.0#22647.0#4400_24549.0#24549.0#4400 18638.0#18638.0#128_20637.0#20637.0#128_22644.0#22644.0#128_24557.0#24557.0#128
27000 36000 1753.4590351561783 905.8176206054777 214.94531443635654 999.4859999999753 385.43896484375 70889.2162333294 5023213.214946287 4400.0 128.0 27752.0#27752.0#4400_29436.0#29436.0#4400_31114.0#31114.0#4400_33762.0#33762.0#4400_35194.0#35194.0#4400 27749.0#27749.0#128_28632.0#28632.0#128_30135.0#30135.0#128_33759.0#33759.0#128_34132.0#34132.0#128
36000 45000 40.735867187439 895.9264132812561 224.13644141758462 999.9820000000182 358.47509765625 84735.59257233886 6238168.713339669 4400.0 128.0 35194.0#35194.0#4400_36881.0#36881.0#4400_38583.0#38583.0#4400_40460.0#40460.0#4400_42266.0#42266.0#4400_43919.0#43919.0#4400 36134.0#36134.0#128_37758.0#37758.0#128_39744.0#39744.0#128_41755.0#41755.0#128_43765.0#43765.0#128
45000 54000 152.17516796884593 884.7824832031154 244.35857910550496 999.5129999999772 280.6279296875 69205.9289161957 4963540.632404709 4400.0 128.0 43919.0#43919.0#4400_45797.0#45797.0#4400_47360.0#47360.0#4400_49723.0#49723.0#4400_51712.0#51712.0#4400_53720.0#53720.0#4400 45794.0#45794.0#128_47366.0#47366.0#128_49723.0#49723.0#128_51711.0#51711.0#128_53719.0#53719.0#128
54000 63000 1074.5286152343615 880.6079316406265 210.24369022279242 999.4400000000023 389.747314453125 74360.09721211277 5229223.352654609 4400.0 128.0 53720.0#53720.0#4400_55196.0#55196.0#4400_56874.0#56874.0#4400_59694.0#59694.0#4400_61406.0#61406.0#4400 55130.0#55130.0#128_56880.0#56880.0#128_59694.0#59694.0#128_61131.0#61131.0#128
63000 72000 153.4103496093885 884.6589650390612 233.65891992492922 998.7949999999837 314.81396484375 76134.9755861123 5346521.934571991 4400.0 128.0 61406.0#61406.0#4400_63040.0#63040.0#4400_64635.0#64635.0#4400_67725.0#67725.0#4400_69269.0#69269.0#4400_71027.0#71027.0#4400 63133.0#63133.0#128_64635.0#64635.0#128_67724.0#67724.0#128_68629.0#68629.0#128_70630.0#70630.0#128
72000 81000 1533.9920507813222 829.5564388020753 266.1779801008205 999.5979999999981 379.7119140625 68326.91237663248 4979546.152477829 4400.0 128.0 71027.0#71027.0#4400_72752.0#72752.0#4400_74365.0#74365.0#4400_77707.0#77707.0#4400_79421.0#79421.0#4400 72631.0#72631.0#128_74439.0#74439.0#128_77706.0#77706.0#128_78633.0#78633.0#128
81000 90000 100.25193750008475 889.9748062499915 239.26075478591176 999.9789999999921 304.2509765625 82532.08948202687 5900922.505714068 4400.0 128.0 79421.0#79421.0#4400_81720.0#81720.0#4400_83374.0#83374.0#4400_84717.0#84717.0#4400_86342.0#86342.0#4400_88076.0#88076.0#4400_89854.0#89854.0#4400 81719.0#81719.0#128_82128.0#82128.0#128_83747.0#83747.0#128_85776.0#85776.0#128_87806.0#87806.0#128_89773.0#89773.0#128
90000 99000 1983.9217109374586 877.0097861328177 223.5486570280713 999.6819999999716 388.697265625 62777.21698090141 4344714.8438728815 4400.0 128.0 89854.0#89854.0#4400_91711.0#91711.0#4400_93744.0#93744.0#4400_97695.0#97695.0#4400 91709.0#91709.0#128_93742.0#93742.0#128_97695.0#97695.0#128_98128.0#98128.0#128
99000 108000 192.737169921631 880.7262830078369 219.35856989535938 999.960000000021 368.548095703125 82739.23713594403 6116481.956000808 4400.0 128.0 97695.0#97695.0#4400_99105.0#99105.0#4400_100648.0#100648.0#4400_102427.0#102427.0#4400_104361.0#104361.0#4400_106027.0#106027.0#4400_107742.0#107742.0#4400 99755.0#99755.0#128_101132.0#101132.0#128_103137.0#103137.0#128_105130.0#105130.0#128_107739.0#107739.0#128
108000 117000 1444.9939785156748 839.4451134982584 220.69102404613548 999.9110000000801 387.7451171875 70977.58708319222 5163365.030956206 4400.0 128.0 107742.0#107742.0#4400_109448.0#109448.0#4400_111126.0#111126.0#4400_113133.0#113133.0#4400_115719.0#115719.0#4400 109130.0#109130.0#128_110633.0#110633.0#128_113131.0#113131.0#128_115717.0#115717.0#128_116631.0#116631.0#128
117000 126000 2023.5832265625359 775.1574192708293 330.91262143896085 999.9120000000112 138.087890625 66673.83542443764 4225084.545192102 3433.3333333333335 128.0 115719.0#115719.0#4400_117654.0#117654.0#4400_119016.0#119016.0#4400_121705.0#121705.0#4400_125339.0#125339.0#1500_125770.0#125770.0#1500 118631.0#118631.0#128_121703.0#121703.0#128_122908.0#122908.0#128_125335.0#125335.0#128_125431.0#125431.0#128
126000 135000 2743.4566035157186 782.0679245605352 234.5238329969591 999.4130000000005 388.269287109375 53472.59370607641 3348622.118764528 2357.1428571428573 128.0 125339.0#125339.0#1500_125770.0#125770.0#1500_126532.0#126532.0#1500_128135.0#128135.0#3000_130142.0#130142.0#3000_133723.0#133723.0#3000_134909.0#134909.0#3000 126066.0#126066.0#128_126556.0#126556.0#128_128132.0#128132.0#128_130138.0#130138.0#128_133722.0#133722.0#128_134128.0#134128.0#128
135000 144000 2014.9273906249437 776.1191788194507 349.6652575127073 999.9110000000219 52.77800000004936 55537.31096392412 3695641.914239508 3560.0 128.0 134909.0#134909.0#3000_135776.0#135776.0#3000_137710.0#137710.0#3000_141738.0#141738.0#4400_143622.0#143622.0#4400 135765.0#135765.0#128_137708.0#137708.0#128_141733.0#141733.0#128_142133.0#142133.0#128
144000 153000 95.51079492201097 890.4489205077989 235.5809583025521 999.9440000000177 314.9541015625 86922.95986639305 5927190.7895860365 4400.0 128.0 143622.0#143622.0#4400_145175.0#145175.0#4400_147728.0#147728.0#4400_149576.0#149576.0#4400_151135.0#151135.0#4400_152583.0#152583.0#4400 145215.0#145215.0#128_148133.0#148133.0#128_149629.0#149629.0#128_151190.0#151190.0#128_152623.0#152623.0#128
153000 162000 619.0981171877356 931.2113203124738 111.4231017014418 999.7800000000279 682.2078984375112 84348.16819251976 5907405.968301367 4400.0 128.0 152583.0#152583.0#4400_154187.0#154187.0#4400_155625.0#155625.0#4400_157512.0#157512.0#4400_159125.0#159125.0#4400_161140.0#161140.0#4400 154205.0#154205.0#128_155630.0#155630.0#128_157130.0#157130.0#128_158635.0#158635.0#128_161138.0#161138.0#128
162000 171000 1751.573078125075 805.3807690972139 321.5874943659329 999.8310000000056 134.92401562497253 70264.26548208972 4999449.7320769625 4400.0 128.0 161140.0#161140.0#4400_163793.0#163793.0#4400_165377.0#165377.0#4400_166908.0#166908.0#4400_169728.0#169728.0#4400 163792.0#163792.0#128_164631.0#164631.0#128_166629.0#166629.0#128_169727.0#169727.0#128_170631.0#170631.0#128
171000 180000 1228.719822265557 863.475575303827 225.55738584115232 999.8080000000191 387.611083984375 78571.8169897341 5473580.797330699 4400.0 128.0 169728.0#169728.0#4400_171263.0#171263.0#4400_172869.0#172869.0#4400_174659.0#174659.0#4400_177713.0#177713.0#4400_179277.0#179277.0#4400 172630.0#172630.0#128_174132.0#174132.0#128_177712.0#177712.0#128_178130.0#178130.0#128
180000 189000 1306.6877851562458 854.8124683159726 229.6325121149053 999.6739999999991 389.831298828125 75802.99820083399 5207408.34567805 4400.0 128.0 179277.0#179277.0#4400_180896.0#180896.0#4400_182473.0#182473.0#4400_184390.0#184390.0#4400_187689.0#187689.0#4400 180133.0#180133.0#128_181764.0#181764.0#128_183757.0#183757.0#128_187687.0#187687.0#128_188129.0#188129.0#128
189000 198000 1452.1953203123994 838.6449644097333 245.17214986105526 999.7320000000182 379.177978515625 77360.9953377247 5259112.62684012 4400.0 128.0 187689.0#187689.0#4400_189114.0#189114.0#4400_190666.0#190666.0#4400_193742.0#193742.0#4400_195349.0#195349.0#4400_197036.0#197036.0#4400 189723.0#189723.0#128_193741.0#193741.0#128_194128.0#194128.0#128_197116.0#197116.0#128
198000 207000 86.85088671860285 891.3149113281397 227.02590688356403 999.9899999999907 339.569091796875 84461.0671962167 5829183.094140005 4400.0 128.0 197036.0#197036.0#4400_198736.0#198736.0#4400_200370.0#200370.0#4400_202234.0#202234.0#4400_203704.0#203704.0#4400_205756.0#205756.0#4400 198787.0#198787.0#128_200426.0#200426.0#128_202297.0#202297.0#128_203703.0#203703.0#128_205755.0#205755.0#128
207000 216000 111.07978710939642 888.8920212890604 236.80322942561338 999.7780000000494 284.7373046875 78654.92099771119 5674435.175017474 4400.0 128.0 205756.0#205756.0#4400_207300.0#207300.0#4400_208728.0#208728.0#4400_210634.0#210634.0#4400_212567.0#212567.0#4400_214638.0#214638.0#4400 207129.0#207129.0#128_208631.0#208631.0#128_210632.0#210632.0#128_212576.0#212576.0#128_214637.0#214637.0#128
216000 225000 2009.8831933592446 873.7646008300944 219.73548597412176 999.8349999999627 385.964111328125 69350.0434927888 4752778.01058859 4400.0 128.0 214638.0#214638.0#4400_216621.0#216621.0#4400_218558.0#218558.0#4400_220156.0#220156.0#4400_223769.0#223769.0#4400 216631.0#216631.0#128_218133.0#218133.0#128_220630.0#220630.0#128_223768.0#223768.0#128_224129.0#224129.0#128
225000 234000 108.04484179674182 889.1955158203258 228.11420503388092 999.9050000000279 338.05126953125 85459.48686491465 6042176.107205995 4400.0 128.0 223769.0#223769.0#4400_225264.0#225264.0#4400_226854.0#226854.0#4400_228471.0#228471.0#4400_230165.0#230165.0#4400_231855.0#231855.0#4400_233720.0#233720.0#4400 226129.0#226129.0#128_227758.0#227758.0#128_230131.0#230131.0#128_231743.0#231743.0#128_233719.0#233719.0#128
234000 243000 223.4379785155179 877.6562021484482 263.33532875770436 999.7610000000568 190.123291015625 78158.66871134438 5248435.726726371 4400.0 128.0 233720.0#233720.0#4400_235716.0#235716.0#4400_237814.0#237814.0#4400_239573.0#239573.0#4400_241703.0#241703.0#4400 235714.0#235714.0#128_237813.0#237813.0#128_239629.0#239629.0#128_241699.0#241699.0#128
243000 252000 57.561031249933876 894.2438968750066 265.36701021555905 999.7979999999516 159.041259765625 75875.69654567342 5638371.718057108 4400.0 128.0 241703.0#241703.0#4400_243693.0#243693.0#4400_245169.0#245169.0#4400_247723.0#247723.0#4400_249444.0#249444.0#4400_251114.0#251114.0#4400 243693.0#243693.0#128_245131.0#245131.0#128_247722.0#247722.0#128_249130.0#249130.0#128_251129.0#251129.0#128
252000 261000 887.717958984198 901.364671223978 188.8607642104137 999.9020000000019 428.15399999998044 78201.21110325783 5408340.270187445 4400.0 128.0 251114.0#251114.0#4400_252830.0#252830.0#4400_254633.0#254633.0#4400_257138.0#257138.0#4400_258978.0#258978.0#4400_260640.0#260640.0#4400 252905.0#252905.0#128_255131.0#255131.0#128_257136.0#257136.0#128_258630.0#258630.0#128_260636.0#260636.0#128
261000 270000 1692.4509804686531 811.9498910590386 326.2240967609429 999.7920000000158 136.32569921878166 75733.5476629971 5100094.901395229 4400.0 128.0 260640.0#260640.0#4400_262291.0#262291.0#4400_265754.0#265754.0#4400_267244.0#267244.0#4400_268783.0#268783.0#4400 262296.0#262296.0#128_265750.0#265750.0#128_266630.0#266630.0#128_268130.0#268130.0#128
270000 279000 129.93842382798903 887.0061576172011 237.80792020489025 999.7950000000419 347.493896484375 78557.0713242927 5577004.886246601 4400.0 128.0 268783.0#268783.0#4400_270488.0#270488.0#4400_272133.0#272133.0#4400_274140.0#274140.0#4400_276141.0#276141.0#4400_277766.0#277766.0#4400 270129.0#270129.0#128_272133.0#272133.0#128_274137.0#274137.0#128_276137.0#276137.0#128_277749.0#277749.0#128
279000 288000 99.31063671875745 890.0689363281242 229.21514936987316 999.8159999999916 315.541259765625 75772.58161148583 5118368.049625643 4400.0 128.0 277766.0#277766.0#4400_279764.0#279764.0#4400_282138.0#282138.0#4400_283805.0#283805.0#4400_285454.0#285454.0#4400_287702.0#287702.0#4400 279764.0#279764.0#128_282136.0#282136.0#128_283804.0#283804.0#128_285570.0#285570.0#128_287700.0#287700.0#128
288000 297000 142.67616601544432 885.7323833984556 249.69445494494784 999.7750000000233 231.87109375 76610.88444933378 5316544.542263094 4400.0 128.0 287702.0#287702.0#4400_289680.0#289680.0#4400_291704.0#291704.0#4400_293190.0#293190.0#4400_295718.0#295718.0#4400 289678.0#289678.0#128_291704.0#291704.0#128_293131.0#293131.0#128_295716.0#295716.0#128
