ts te idle avg_span std_span max_span min_span c_bytes_all s_bytes_all avg_video_rate avg_audio_rate video_requests_sequence audio_requests_sequence
0 10000 4894.129052734352 850.9784912109413 347.85026327577 998.210000000021 140.970947265625 28484.664294198694 693434.4433250277    
10000 20000 2716.6219921875163 910.4222509765605 149.8584415594523 998.6089999999967 564.3850000000093 29989.713595774516 691820.3254428941    
20000 30000 133.96607226558262 896.9121752485834 277.03449120508895 999.5270000000019 71.61804492189549 41741.437144149684 950296.5607712149    
30000 40000 2032.0885859372793 724.355583096611 391.63200875085784 999.7160000000149 67.67300000000978 36580.664252399714 986205.9203535737    
40000 50000 1467.1622089843731 853.2837791015627 221.178638019176 999.3689999999478 417.840087890625 46938.29814168854 1822061.7648891197    
50000 60000 1182.3499999999767 881.7650000000024 221.14265316951617 999.9820000000182 376.340087890625 69384.11901605829 2812365.5087778973    
60000 70000 60.20899609371554 903.6173639914804 215.26773959041887 998.9650000000256 349.944091796875 68331.62480168372 3315514.053520128    
70000 80000 309.6821406251984 880.9379872158911 238.7902857411786 999.5929999999353 241.449951171875 67345.1277024849 3206664.068988408    
80000 90000 49.92964648432098 904.5518503196072 238.70033353298265 998.484999999986 218.2373046875 68963.3328387778 3355256.9890315277    
90000 100000 767.5723222658271 923.2427677734173 109.37011399994694 999.9499999999534 726.1390000000247 68687.85658970372 3196800.1778200627    
100000 110000 440.13901562499814 869.0782713068184 280.55672226224505 999.689000000013 199.95101757807424 66912.91469819435 3137468.7909438987    
110000 120000 65.53607617190573 903.1330839843722 212.13548465015634 999.7480000000796 392.587890625 66030.20517575773 3146100.571216121    
120000 130000 779.8309941406478 922.0169005859352 151.04373803432364 999.390000000014 606.8031093750033 69411.9341753523 3264187.9023742178    
130000 140000 515.3049589845468 862.2450037286776 272.91585448611977 999.7399999999907 300.3359375 68853.91612426525 3239030.4380713347    
140000 150000 530.1389882813673 946.9861011718633 106.88918996481736 999.7689999999711 699.234062500007 69910.22491210155 3165813.528168356    
150000 160000 46.32083398447139 904.8799241832298 243.73935749091058 999.7079999999842 199.81205078127095 76612.58614533798 3410792.7664432074    
160000 170000 152.7342128905584 895.2059806463129 234.76505704139188 999.2050000000163 223.76288476557238 69065.43142903908 3172474.885005425    
170000 180000 839.0628066406352 832.8124721235786 296.23908251021925 999.7420000000275 253.83109765627887 71022.6026590355 3088475.8893367834    
180000 190000 78.47383007803 901.9569245383609 234.82851771269952 999.8159999999916 253.947265625 69246.36888245474 3318190.695415858    
190000 200000 53.90827148454264 904.1901571377689 235.72594644684753 999.8149999999441 231.343994140625 68045.88091580696 3173364.574469269    
200000 210000 191.2378808594076 891.7056471945994 253.24205788337562 999.6210000000428 157.64111328125 69827.13259984434 3252537.330107463    
210000 220000 415.73815429687966 958.426184570312 74.62975213353286 999.3710000000428 798.532958984375 70196.11835810311 3303552.6262241593    
220000 230000 45.1570644530002 904.9857214133636 243.96759258967188 999.984999999986 197.9110410156427 72744.99298363941 3247249.3353216243    
230000 240000 57.805796874919906 903.8358366477346 238.13591957784448 999.969000000041 225.3641054687323 71283.93058140729 3235926.5768461516    
240000 250000 360.57180273428094 876.3116542968836 241.23573469133902 998.0550000000512 259.82690234377515 71956.56631265343 3242270.332569648    
250000 260000 458.340222656494 867.4236161221369 238.01304037593292 999.2439999999478 410.424072265625 70489.81782490245 3276344.3298126375    
260000 270000 53.03217578132171 904.269802201698 211.6910232410188 999.6679999999469 386.243896484375 70082.82738122456 3285974.6101175123    
270000 280000 685.7118984374683 846.753463778412 336.6056812955738 999.7530000000261 98.42910351557657 62220.23390947439 2763457.978332021    
280000 290000 56.813746093655936 903.9260230823949 238.5299249566466 999.8299999999581 218.583251953125 75140.37109272512 3392421.090205984    
290000 300000 72.54593749996275 902.4958238636398 246.78890803379483 999.0100000000093 184.997314453125 68976.43860423719 3154936.112613402    
