ts te idle avg_span std_span max_span min_span c_bytes_all s_bytes_all avg_video_rate avg_audio_rate video_requests_sequence audio_requests_sequence
0 6000 6000.0 0.0 0.0 0.0 0.0 0.0 0.0 0.0 0.0 0 0
6000 12000 6000.0 0.0 0.0 0.0 0.0 0.0 0.0 0.0 0.0 0 0
12000 18000 233.97401757806074 961.0043304036566 84.42254038541387 999.4920000000275 788.906982421875 73214.39797124712 4014384.483893674    
18000 24000 1018.0068789062789 830.3321868489535 311.6304052470786 999.9749999999767 207.8320175781264 42035.99249340763 3200091.434611925    
24000 30000 2149.9312167969183 641.6781305338469 451.4746822082829 999.0999999999185 0.0 34504.56741038131 2735436.7560700113    
30000 36000 533.7878925781115 780.8874439174126 287.0671556992982 999.914999999979 301.31611328123836 51614.97641337383 4622416.984798834    
36000 42000 1197.9529023438226 686.0067282365968 383.8130249696567 999.7509999999893 40.819091796875 42761.80066342331 3486219.989856964    
42000 48000 1802.204839843791 839.5590320312418 273.25431455845984 998.9589999999735 357.7609999999986 34420.76374890365 2931452.7490147124    
48000 54000 75.78317187493667 846.3166897321519 329.3728092924412 999.4869999999646 111.72174804686802 50828.16525844482 4486409.174527583    
54000 60000 1983.3991542970762 669.4334742838206 461.2778325967076 998.7729999999865 0.0 29848.431396617823 2410695.6922566765    
60000 66000 1202.616839843744 799.5638600260427 346.7204281591355 997.9230000000098 109.72207421873463 49199.876596579685 3877681.642616744    
66000 72000 109.2719765623915 841.5325747768012 328.323899983625 998.7750000000233 108.44491406250745 48897.26836373762 4153383.5953752426    
72000 78000 1319.5681015625014 668.6331283482141 435.9555046483887 999.9969999999739 22.15400000003865 35749.13402652688 2897192.6613544775    
78000 84000 24.96411328134127 853.5765552455226 245.76394245234513 999.7679999999818 492.9418945311918 49636.08849171353 4553761.853305506    
84000 90000 796.5858945312793 867.2356842447867 199.65316753933357 999.6799999999348 505.88310546881985 40312.53716564281 3363594.9823176507    
90000 96000 1803.6610253907857 839.2677949218429 297.62860247661814 999.0109999999986 313.63099999987753 44207.21800097499 3728626.0465413393    
96000 102000 1557.8189140625182 740.3635143229136 376.38408025487433 999.6869999999763 110.96502539061476 43195.74712515255 3730611.3392856643    
102000 108000 27.842167968745343 853.1654045758935 332.0362480580225 999.8009999999776 106.4349394532037 54923.084967181116 5195348.346977079    
108000 114000 101.55899218749255 842.6344296875011 325.74523568187993 998.2249999999767 115.24510742188431 52267.31678307729 4319876.0398839805    
114000 120000 1961.763980468735 673.0393365885442 453.2051899323975 999.3159999999916 26.29700000002049 39859.77260402068 3297314.978293748    
120000 126000 1441.1786367187742 759.8035605468709 360.17943532495303 999.890000000014 108.8480800780817 44169.03131268534 3702457.8545615114    
126000 132000 1064.1253261718666 705.124953404019 424.101682608105 999.5210000000079 91.60595703119179 52479.90020640385 4135731.022268031    
132000 138000 436.9899570311536 927.1683404948077 132.16412670760627 999.064000000013 668.4490000000224 55113.92900050418 4791596.372188646    
138000 144000 1150.1430390625028 969.9713921874994 60.18537242199115 999.1370000000461 862.3349609375 45481.12835321347 4061480.012387175    
144000 150000 59.008005859388504 848.7131420200874 320.18096882003823 999.9429999999702 136.49703906249488 55415.15407542914 4862804.022936471    
150000 156000 65.94792578142369 847.721724888368 311.1193644571727 999.7170000000042 168.54004492185777 61411.91896314605 5162641.726054458    
156000 162000 159.42901171877747 834.3672840401747 298.9521099392158 999.935999999987 226.19297070312314 39533.19533800306 3463891.9998741606    
162000 168000 846.3400175780989 858.9433304036502 258.5379187951478 999.8769999999786 354.07398242189083 34987.60327020829 2816957.238747736    
168000 174000 1204.1529140624916 959.1694171875017 67.1151987779744 999.9739999999874 843.7880859375 49591.005313749396 4092685.78362392    
174000 180000 1064.3668066405226 822.6055322265796 331.25506002118505 999.1840000000084 153.99191406252794 48442.70734852136 3935698.498946169    
180000 186000 1317.0251992188278 780.4958001301953 348.80127926367794 998.256999999925 111.45472070312826 45785.08611894002 4067805.4403239517    
186000 192000 71.05010937497718 846.9928415178604 332.8792308526448 999.7829999999958 103.78991992189549 54851.420848929105 5113934.765954916    
192000 198000 73.01008007815108 846.7128457031213 312.3062553452692 998.4419999999809 158.05902929685544 59399.00305170582 5035924.459525769    
198000 204000 140.49289453122765 837.0724436383961 302.70067724419795 998.9220000000205 200.47810937499162 38873.857833637514 3306773.194336364    
204000 210000 30.753062499919906 852.7495625000114 268.9182489653381 999.7780000000494 308.4100039062323 40420.73015177726 3444873.8424068424    
210000 216000 1940.6029414061923 811.8794117187615 278.8499238348202 999.4220000000205 327.3950664062286 30993.831730990503 2396690.162309433    
216000 222000 24.138878906262107 853.694445870534 332.57424725522446 999.9309999999823 106.07600781251676 63362.60815478179 5400332.250646578    
222000 228000 64.77402343729045 847.8894252232442 327.06425055659906 999.8020000000251 118.66388671880122 48975.25990534926 4350123.060154754    
228000 234000 35.64920703123789 852.0501132812517 311.742408684352 999.8789999999572 162.7119101563003 58890.658216458476 5151976.808407787    
234000 240000 17.760611328063533 854.6056269531338 303.6369400389824 999.7689999999711 186.86711718747392 59004.61694269972 5265510.211025035    
240000 246000 21.74831250018906 854.0359553571159 299.990296966392 999.8549999999814 198.83672851556912 51986.63183600738 4646819.7072989335    
246000 252000 660.126642578165 762.8390510602621 328.3690640401741 999.0969999999506 215.91804101562593 57082.94796495178 4649320.564737787    
252000 258000 24.92305273434613 853.5824210379506 276.8959295385292 999.890000000014 273.6206835937919 56264.807097871315 4855624.121817529    
258000 264000 1932.9543398438254 813.4091320312349 299.20571435042984 998.7550000000047 286.6637363281334 36714.53712797135 3134187.2865347196    
264000 270000 18.282935546943918 854.5310092075795 332.8168547889163 999.5119999999879 106.05907617183402 66892.27975062821 5537793.999509113    
270000 276000 77.35410742193926 846.0922703682944 329.1752959094373 997.6609999999637 110.36001171870157 48872.89644635173 4236702.652621845    
276000 282000 32.60089648421854 852.4855862165402 313.84769458308756 999.7380000000121 155.00611914065666 58579.45837363972 5027944.453730687    
282000 288000 16.90866601560265 854.7273334263425 308.51608538387643 999.9760000000242 170.89701562502887 57072.48073679609 5229973.92645549    
288000 294000 38.060394531232305 851.7056579241097 306.20351673249365 999.5910000000149 176.55668164067902 57726.577248168236 4978308.794775226    
294000 300000 1588.5056425780058 735.2490595703324 370.8545599140013 999.6180000000168 192.0850761719048 43033.02949466605 3751086.421118767    
300000 306000 5889.9892812500475 110.0107187499525  110.0107187499525 110.0107187499525 1101.5683054079207 93585.59373838271    
