ts te idle avg_span std_span max_span min_span c_bytes_all s_bytes_all avg_video_rate avg_audio_rate video_requests_sequence audio_requests_sequence
0.0 10000.0 9197.923095703125 802.076904296875  802.076904296875 802.076904296875 15429.405133062066 302492.80810453714 484.0 0.0 9454.0#9454.0#128_9454.999755859375#9454.999755859375#840 -
10000.0 20000.0 1049.9069902343908 813.6448190696009 328.35025091581554 999.6259999999893 177.60709570313338 81384.38714095739 3315094.5460592485 605.6666666666666 0.0 9454.0#9454.0#128_9454.999755859375#9454.999755859375#840_10177.0#10177.0#840_10201.0#10201.0#128_10606.999755859375#10606.999755859375#840_10995.000244140625#10995.000244140625#128_11403.000244140625#11403.000244140625#840_11494.999755859375#11494.999755859375#128_11958.999755859375#11958.999755859375#840_11992.0#11992.0#128_12926.0#12926.0#840_12989.0#12989.0#128_13492.0#13492.0#128_13581.0#13581.0#840_13994.0#13994.0#128_14411.000244140625#14411.000244140625#840_14493.0#14493.0#128_15124.0#15124.0#840_15762.0#15762.0#128_15801.0#15801.0#840_17500.0#17500.0#128_17505.0#17505.0#2300_18995.000244140625#18995.000244140625#128_19053.0#19053.0#2300 -
20000.0 30000.0 616.0966191406478 853.0821255326683 326.62556682354193 999.9529999999795 1.477294921875 65722.8708601793 3101253.027495116 1312.7272727272727 0.0 19053.0#19053.0#2300_20874.0#20874.0#2300_20882.0#20882.0#128_23649.0#23649.0#128_23653.0#23653.0#2300_24996.0#24996.0#128_25522.0#25522.0#2300_26834.0#26834.0#2300_26998.0#26998.0#128_28997.0#28997.0#128_28998.999755859375#28998.999755859375#2300 -
30000.0 40000.0 897.9111816407531 910.2088818359247 181.4496190043433 997.8119999999763 510.8911132811918 61174.89715385773 2857799.5536783803 1312.7272727272727 0.0 28998.999755859375#28998.999755859375#2300_31531.000244140625#31531.000244140625#128_31533.0#31533.0#2300_33657.0#33657.0#128_33659.000244140625#33659.000244140625#2300_34494.0#34494.0#128_35358.0#35358.0#2300_36492.0#36492.0#128_36947.000244140625#36947.000244140625#2300_39776.0#39776.0#128_39777.0#39777.0#2300 -
40000.0 50000.0 244.75318750011502 886.8406193181713 246.80500142647702 999.920999999973 301.5239257811918 70403.53172342406 3350364.019546803 1130.4615384615386 0.0 39776.0#39776.0#128_39777.0#39777.0#2300_40494.0#40494.0#128_41457.0#41457.0#2300_43715.000244140625#43715.000244140625#128_43718.0#43718.0#2300_44494.999755859375#44494.999755859375#128_45553.0#45553.0#2300_45995.000244140625#45995.000244140625#128_47226.0#47226.0#2300_48494.0#48494.0#128_48916.0#48916.0#2300_49996.0#49996.0#128 -
50000.0 60000.0 473.0249257812393 952.697507421876 99.19939530421425 999.5389999999898 698.018074218824 70596.90798851944 3390999.045115914 1312.7272727272727 0.0 48916.0#48916.0#2300_49996.0#49996.0#128_50550.0#50550.0#2300_51766.0#51766.0#128_52154.0#52154.0#2300_53737.0#53737.0#128_53970.0#53970.0#2300_55822.0#55822.0#2300_55996.0#55996.0#128_57633.0#57633.0#128_57706.0#57706.0#2300 -
60000.0 70000.0 1536.7997460937477 940.3555837673614 165.59582850347306 999.914999999979 498.88525390625 57344.29707164486 2564753.0616179854 1014.0 0.0 61564.0#61564.0#128_61565.0#61565.0#2300_61994.0#61994.0#128_63258.0#63258.0#2300_63630.0#63630.0#128_64908.0#64908.0#1500_65675.00024414062#65675.00024414062#128_65864.0#65864.0#1500_67613.0#67613.0#128_67614.99975585938#67614.99975585938#1500_69532.0#69532.0#128_69534.99975585938#69534.99975585938#2300 -
70000.0 80000.0 2000.9541328123887 799.9045867187612 338.63731938312975 999.7930000000051 28.400000000023283 57978.19229620854 2502425.573110114 1094.5454545454545 0.0 69534.99975585938#69534.99975585938#2300_73534.99975585938#73534.99975585938#128_73538.0#73538.0#2300_73994.0#73994.0#128_75197.0#75197.0#1500_75678.0#75678.0#128_76365.0#76365.0#1500_77580.0#77580.0#128_77582.0#77582.0#1500_79534.99975585938#79534.99975585938#128_79538.0#79538.0#2300 -
80000.0 90000.0 111.61702148447512 898.943907137775 204.60976863606115 999.359999999986 484.47287890623556 74910.05389401744 3151339.345900533 1312.7272727272727 0.0 79538.0#79538.0#2300_81539.00024414062#81539.00024414062#128_81542.0#81542.0#2300_83522.0#83522.0#128_83526.0#83526.0#2300_85536.0#85536.0#128_85540.0#85540.0#2300_86494.99975585938#86494.99975585938#128_87438.99975585938#87438.99975585938#2300_89541.0#89541.0#128_89544.0#89544.0#2300 -
90000.0 100000.0 391.89709960937034 873.4639000355118 288.1106601427835 999.4989999999525 123.2729999999865 74464.45673812916 3474784.019371368 1312.7272727272727 0.0 89544.0#89544.0#2300_90510.99975585938#90510.99975585938#128_91232.0#91232.0#2300_92499.00024414062#92499.00024414062#128_92656.0#92656.0#2300_93996.0#93996.0#128_94568.0#94568.0#2300_95997.0#95997.0#128_96070.99975585938#96070.99975585938#2300_97762.0#97762.0#2300_97917.0#97917.0#128 -
100000.0 110000.0 1507.7380214844015 943.5846642795109 155.34121705772083 999.5429999999469 529.427978515625 65665.49378674813 2969992.688129213 1214.0 0.0 101712.0#101712.0#128_101715.00024414062#101715.00024414062#2300_101993.0#101993.0#128_103404.0#103404.0#2300_103598.0#103598.0#128_105177.0#105177.0#2300_105763.00024414062#105763.00024414062#128_106760.0#106760.0#2300_107653.0#107653.0#128_107918.99975585938#107918.99975585938#2300_109427.00024414062#109427.00024414062#2300_109434.0#109434.0#128 -
110000.0 120000.0 96.3910722656874 900.328084339483 207.14147471878326 999.1199999999953 469.5130214844248 73158.78260266257 3261962.271229092 1297.5384615384614 0.0 109427.00024414062#109427.00024414062#2300_111665.0#111665.0#128_111672.0#111672.0#2300_111994.0#111994.0#128_112339.00024414062#112339.00024414062#2300_113496.0#113496.0#128_114270.0#114270.0#2300_115828.0#115828.0#128_115940.0#115940.0#2300_116997.0#116997.0#128_117725.0#117725.0#2300_118996.0#118996.0#128_119342.0#119342.0#2300 -
120000.0 130000.0 298.75565429695416 881.9313041548223 252.88737258246005 999.5009999999311 260.583251953125 67697.90146352463 3025878.0910728746 1312.7272727272727 0.0 119342.0#119342.0#2300_121652.0#121652.0#128_121654.99975585938#121654.99975585938#2300_122994.0#122994.0#128_123798.0#123798.0#2300_125689.0#125689.0#128_125693.0#125693.0#2300_126998.0#126998.0#128_127128.0#127128.0#2300_129577.0#129577.0#128_129580.0#129580.0#2300 -
130000.0 140000.0 796.075310546672 920.3924689453328 151.492352548562 999.0979999999981 557.06494140625 66403.94871983601 3137903.65389522 1130.4615384615386 0.0 129577.0#129577.0#128_129580.0#129580.0#2300_131577.0#131577.0#128_131580.0#131580.0#2300_133569.0#133569.0#128_133576.0#133576.0#2300_134498.0#134498.0#128_135168.0#135168.0#2300_136499.00024414062#136499.00024414062#128_136852.0#136852.0#2300_139571.00024414062#139571.00024414062#128_139576.0#139576.0#2300_139997.0#139997.0#128 -
140000.0 150000.0 96.91286132839741 900.2806489701456 212.3561043747013 999.835000000021 440.46505859377794 70765.50733213624 3243862.9913317678 1214.0 0.0 139576.0#139576.0#2300_139997.0#139997.0#128_141225.0#141225.0#2300_142497.0#142497.0#128_142952.0#142952.0#2300_145658.0#145658.0#128_145661.0#145661.0#2300_145994.0#145994.0#128_147376.0#147376.0#2300_147997.0#147997.0#128_149136.0#149136.0#2300_149782.99975585938#149782.99975585938#128 -
150000.0 160000.0 538.9950800781371 946.1004919921863 157.8737696097871 999.6240000000107 496.821919921902 75377.36609509242 3302626.3043418326 1312.7272727272727 0.0 149136.0#149136.0#2300_149782.99975585938#149782.99975585938#128_150680.0#150680.0#2300_151795.00024414062#151795.00024414062#128_152394.0#152394.0#2300_153996.0#153996.0#128_154064.0#154064.0#2300_155634.0#155634.0#128_155742.0#155742.0#2300_157565.0#157565.0#128_157568.0#157568.0#2300 -
160000.0 170000.0 1553.5470859375782 938.494768229158 173.8169792690598 999.7710000000079 475.0869140625 69074.6600662986 2702492.7081386843 1014.0 0.0 161569.0#161569.0#128_161570.0#161570.0#2300_161697.0#161697.0#128_163260.0#163260.0#1500_163754.0#163754.0#128_164478.99975585938#164478.99975585938#1500_165652.0#165652.0#128_165654.99975585938#165654.99975585938#1500_167565.0#167565.0#128_167569.0#167569.0#2300_169582.0#169582.0#128_169586.0#169586.0#2300 -
170000.0 180000.0 1999.0950292968773 888.9894411892359 210.61794526272732 999.4120000000112 516.931884765625 56973.66535811112 2482033.716787506 947.3333333333334 0.0 169582.0#169582.0#128_169586.0#169586.0#2300_173668.0#173668.0#128_173670.0#173670.0#2300_173790.99975585938#173790.99975585938#128_175301.0#175301.0#1500_175513.0#175513.0#128_176478.99975585938#176478.99975585938#1500_177657.0#177657.0#128_177792.0#177792.0#1500_179542.0#179542.0#128_179546.0#179546.0#1500 -
180000.0 190000.0 2063.415964843647 793.6584035156353 273.5220621528935 999.8289999999688 321.2299999999814 63300.239593931656 2736651.3807793222 1167.2727272727273 0.0 179546.0#179546.0#1500_180500.0#180500.0#128_180558.99975585938#180558.99975585938#1500_183658.0#183658.0#128_183665.0#183665.0#2300_184497.0#184497.0#128_185321.0#185321.0#2300_187555.00024414062#187555.00024414062#128_187558.0#187558.0#2300_188498.0#188498.0#128_189357.0#189357.0#2300 -
190000.0 200000.0 95.17159960942809 900.438945490052 212.48932208991383 999.7000000000116 450.1750800780719 74212.10804858991 3428421.2634952804 1297.5384615384614 0.0 189357.0#189357.0#2300_191529.0#191529.0#128_191532.0#191532.0#2300_191996.0#191996.0#128_193317.0#193317.0#2300_193996.0#193996.0#128_194926.99975585938#194926.99975585938#2300_195673.0#195673.0#128_196572.0#196572.0#2300_198001.0#198001.0#128_198131.00024414062#198131.00024414062#2300_199622.0#199622.0#128_199857.0#199857.0#2300 -
200000.0 210000.0 273.76043554674834 884.2035967684774 235.656732084561 999.6750000000466 324.931884765625 73548.9950572575 3176369.6487248107 1297.5384615384614 0.0 198131.00024414062#198131.00024414062#2300_199622.0#199622.0#128_199857.0#199857.0#2300_201627.00024414062#201627.00024414062#128_201630.0#201630.0#2300_203595.00024414062#203595.00024414062#128_203597.0#203597.0#2300_205534.0#205534.0#128_205537.0#205537.0#2300_207526.0#207526.0#128_207528.0#207528.0#2300_209530.0#209530.0#128_209534.0#209534.0#2300 -
210000.0 220000.0 2466.0338847656967 837.1073461371448 262.5087095410802 999.9220000000205 216.50899999996182 56339.33187581122 2514797.282074396 1156.888888888889 0.0 209534.0#209534.0#2300_211533.0#211533.0#128_211538.0#211538.0#2300_215662.99975585938#215662.99975585938#128_215666.0#215666.0#2300_215789.0#215789.0#128_217358.0#217358.0#1500_217496.0#217496.0#128_218430.99975585938#218430.99975585938#1500 -
220000.0 230000.0 2765.0989843748976 904.3626269531378 159.46180306396894 998.6650000000373 558.666015625 57529.7107111422 2407767.448561346 985.4285714285714 0.0 221666.0#221666.0#128_221667.00024414062#221667.00024414062#1500_221798.99975585938#221798.99975585938#128_222812.0#222812.0#1500_222958.99975585938#222958.99975585938#128_223909.0#223909.0#1500_224998.99975585938#224998.99975585938#128_225038.0#225038.0#1500_225502.99975585938#225502.99975585938#128_225629.0#225629.0#2300_227006.99975585938#227006.99975585938#128_227010.0#227010.0#2300_229638.99975585938#229638.99975585938#128_229640.0#229640.0#2300 -
230000.0 240000.0 104.09311328141484 899.6278987925987 215.47785246125477 999.9449999999488 440.9959843750112 73281.85069802734 3145911.215735308 1312.7272727272727 0.0 229640.0#229640.0#2300_230494.99975585938#230494.99975585938#128_231305.0#231305.0#2300_233572.0#233572.0#128_233574.99975585938#233574.99975585938#2300_234496.0#234496.0#128_235201.0#235201.0#2300_237563.00024414062#237563.00024414062#128_237566.0#237566.0#2300_237996.0#237996.0#128_239232.0#239232.0#2300 -
240000.0 250000.0 1301.745634765597 869.8254365234403 202.69193943344618 999.3270000000484 510.7010976562742 58869.508737674194 2389640.316633813 837.5384615384615 0.0 239232.0#239232.0#2300_241729.0#241729.0#128_241731.00024414062#241731.00024414062#2300_241995.00024414062#241995.00024414062#128_244437.0#244437.0#840_245022.99975585938#245022.99975585938#840_245076.0#245076.0#128_245653.0#245653.0#840_245664.0#245664.0#128_247747.00024414062#247747.00024414062#128_247750.99975585938#247750.99975585938#1500_249494.0#249494.0#1500_249994.0#249994.0#128 -
250000.0 260000.0 2031.7852773437044 796.8214722656296 336.66369568733137 999.9860000000335 36.97199999995064 50268.45395360876 2155523.975461378 814.0 0.0 249494.0#249494.0#1500_249994.0#249994.0#128_253648.0#253648.0#128_253651.00024414062#253651.00024414062#1500_253994.0#253994.0#128_254825.0#254825.0#1500_255494.99975585938#255494.99975585938#128_255864.0#255864.0#1500_257667.00024414062#257667.00024414062#128_257669.0#257669.0#1500_259500.0#259500.0#128_259502.99975585938#259502.99975585938#1500 -
260000.0 270000.0 1655.6590878905263 834.4340912109474 264.957012366273 999.9679999999935 341.84499999997206 55855.518225700725 2359021.340412846 1021.8181818181819 0.0 259502.99975585938#259502.99975585938#1500_261496.0#261496.0#128_261499.00024414062#261499.00024414062#1500_263702.9997558594#263702.9997558594#128_263706.0#263706.0#1500_264885.0#264885.0#1500_264996.0#264996.0#128_267640.0#267640.0#128_267643.0002441406#267643.0002441406#2300_268993.0#268993.0#128_269211.0002441406#269211.0002441406#2300 -
270000.0 280000.0 208.6248710936634 890.1250117187578 231.5854882470242 999.4560000000056 391.83203125 65477.43024746293 3022115.548219467 1312.7272727272727 0.0 269211.0002441406#269211.0002441406#2300_270870.9997558594#270870.9997558594#2300_270996.0#270996.0#128_273660.0#273660.0#128_273662.9997558594#273662.9997558594#2300_274494.9997558594#274494.9997558594#128_275454.0#275454.0#2300_277641.0#277641.0#128_277643.0002441406#277643.0002441406#2300_278498.0#278498.0#128_279366.0#279366.0#2300 -
280000.0 290000.0 55.20005468768068 904.0727223011199 215.33580979425855 999.5999999999767 359.7509765625 75319.16935509954 3508877.738696005 1297.5384615384614 0.0 279366.0#279366.0#2300_280497.0#280497.0#128_281332.0#281332.0#2300_282496.0#282496.0#128_282806.9997558594#282806.9997558594#2300_284481.0#284481.0#2300_284494.9997558594#284494.9997558594#128_286000.0#286000.0#128_286368.0#286368.0#2300_288004.0#288004.0#128_288009.0#288009.0#2300_289921.0#289921.0#2300_289926.9997558594#289926.9997558594#128 -
290000.0 300000.0 650.5328710938338 934.9467128906166 119.60643505338889 999.9440000000177 637.3930234374711 72986.38004985215 3053905.00149449 1214.0 0.0 289921.0#289921.0#2300_289926.9997558594#289926.9997558594#128_291998.9997558594#291998.9997558594#128_292003.0002441406#292003.0002441406#2300_293627.0002441406#293627.0002441406#128_293696.0#293696.0#2300_295529.0#295529.0#2300_295994.0#295994.0#128_298001.0#298001.0#128_298002.0#298002.0#2300_299621.0#299621.0#128_299853.0#299853.0#2300 -
