ts te idle avg_span std_span max_span min_span c_bytes_all s_bytes_all avg_video_rate avg_audio_rate video_requests_sequence audio_requests_sequence
0 10000 6735.30700000003 816.1732499999925 283.98664303727645 998.9259999999776 397.5219999999972 42212.0 2292491.0    
10000 20000 7000.221999999951 599.9556000000099 354.7609905631016 975.8730000000214 241.1479999999865 48606.0 9503691.0    
20000 30000 6573.229072265502 571.1284879557497 382.03878392935957 982.060999999987 72.01400000002468 49435.48984265624 10525257.390550254    
30000 40000 5058.670921874931 617.6661347656336 341.6822549050168 999.8780000000261 238.88900000002468 57278.806256629185 11607142.918630132    
40000 50000 8129.702005859406 311.71633235676563 175.9688527215238 494.11599999998 28.638994140608702 48456.70390071457 10573106.690819614    
50000 60000 7511.026000000013 497.7947999999975 292.33085041045945 989.6460000000079 272.4340000000084 48375.0 9788387.0    
60000 70000 6431.189000000071 594.8018333333215 427.88617310934535 983.1979999999749 73.66100000002189 47636.0 10013763.0    
70000 80000 6413.73214453127 597.6007142857 405.8385789295773 998.2089999999735 25.230999999970663 53794.0 10026221.0    
80000 90000 6557.815130859497 538.381142857127 304.7658734085456 926.0750000000116 66.7609999999986 95268.0 9884458.0    
90000 100000 7725.091998046846 454.9816003906308 269.40163334415644 712.3530000000028 53.01000000000931 132514.73105910202 11123648.422532769    
100000 110000 6411.030001953128 598.1616663411454 194.61245244931035 965.7849999999162 378.91799804690527 58101.26894089798 11108788.577467231    
110000 120000 6428.596000000136 595.2339999999773 435.2935295779169 984.1429999999818 0.0 48693.0 10148836.0    
120000 130000 7625.5987167969 395.73354720051674 342.4858237519921 940.1410000000033 61.04800000000978 67696.22959460241 10530562.443871632    
130000 140000 8061.832199218858 323.0279667968571 179.6616758673283 587.5040000000154 69.15299999993294 98569.2252582984 10393310.220297726    
140000 150000 6946.091083984356 508.9848193359406 144.83675068069618 770.5939999999828 325.24891601561103 57408.5451470992 11116438.335830642    
150000 160000 6858.690916015592 475.340894810265 353.0755387049365 993.9179999999469 51.086000000010245 61210.51651466219 7581309.735761127    
160000 170000 4372.43923632818 648.7231955295169 305.57522720093596 995.5889999999199 254.78800000000047 88601.08129557401 12676569.235475164    
170000 180000 4880.247023437521 568.8614418402753 427.18381908484713 999.9679999999935 50.54100000002654 51139.4021897638 9973777.028763708    
180000 190000 6963.1088906251825 467.2815714285493 332.72795537138916 999.920999999973 60.63199999992503 53848.0 9671245.0    
190000 200000 7530.77700000006 493.84459999998796 90.30365449857099 593.661999999953 366.3300000000163 84352.0 12380829.0    
200000 210000 5584.376999999979 883.1246000000043 222.97747092094377 987.4150000000373 484.3040000000037 49066.0 10327064.0    
210000 220000 5741.229900390725 709.7950166015459 297.7154517981425 987.1700000000419 311.152099609375 52300.886450040685 10830960.90564944    
220000 230000 5889.913218750153 685.0144635416412 221.7571741343629 829.4179999999469 310.077880859375 53453.78050217134 10967095.635874482    
230000 240000 8166.763806640636 305.53936555989395 165.0689658223166 555.8649999999907 36.351119140628725 45641.60933349323 9425142.811782341    
240000 250000 5703.977945312625 554.0089907226356 317.98136443623 997.3279999999795 144.27500000002328 58367.723714294756 10991023.646693736    
250000 260000 5771.42402148433 845.715195703134 298.3329051418942 981.6180000000168 312.052978515625 44403.035269902364 9337202.38676312    
260000 270000 4910.945000000065 636.1318749999919 391.69111235652565 999.9719999999506 63.39300000004005 54732.54868795835 11173715.414098416    
270000 280000 6535.723861327977 494.8965912388604 320.94634012478735 998.0050000000047 28.62100000004284 52896.63610278243 10563097.974208226    
280000 290000 7694.39713281265 361.1476900111385 93.70616898694001 485.345947265625 251.79788281244691 56469.185979783586 10703536.224930236    
290000 300000 7242.57167773461 393.91833175219864 309.6199385546547 973.3989999999758 20.265999999945052 50352.88561528144 10113295.374166716    
300000 310000 9997.446269531269 2.5537304687313735  2.5537304687313735 2.5537304687313735 81.70834429182125 16852.625833285023    
