ts te idle avg_span std_span max_span min_span c_ack_cnt c_ack_cnt_p c_bytes_all c_bytes_uniq s_ack_cnt s_ack_cnt_p s_bytes_all s_bytes_uniq avg_video_rate avg_audio_rate video_requests_sequence audio_requests_sequence
0.0 1000.0 1000.0 0.0 0.0 0.0 0.0 0.0 0.0 0.0 0.0 0.0 0.0 0.0 0.0 0.0 0.0 - -
1000.0 2000.0 1000.0 0.0 0.0 0.0 0.0 0.0 0.0 0.0 0.0 0.0 0.0 0.0 0.0 0.0 0.0 - -
2000.0 3000.0 1000.0 0.0 0.0 0.0 0.0 0.0 0.0 0.0 0.0 0.0 0.0 0.0 0.0 0.0 0.0 - -
3000.0 4000.0 1000.0 0.0 0.0 0.0 0.0 0.0 0.0 0.0 0.0 0.0 0.0 0.0 0.0 0.0 0.0 - -
4000.0 5000.0 1000.0 0.0 0.0 0.0 0.0 0.0 0.0 0.0 0.0 0.0 0.0 0.0 0.0 0.0 0.0 - -
5000.0 6000.0 1000.0 0.0 0.0 0.0 0.0 0.0 0.0 0.0 0.0 0.0 0.0 0.0 0.0 0.0 0.0 - -
6000.0 7000.0 1000.0 0.0 0.0 0.0 0.0 0.0 0.0 0.0 0.0 0.0 0.0 0.0 0.0 0.0 0.0 - -
7000.0 8000.0 881.5590000000011 118.4409999999989  118.4409999999989 118.4409999999989 9.0 6.0 2718.0 2718.0 11.0 4.0 6911.0 6911.0 0.0 0.0 - -
8000.0 9000.0 809.39404296875 140.3452216796868 45.15247087907561 183.35888671875 98.3259999999973 60.15415600483058 52.60236160871924 7291.314794439466 7291.314794439466 68.01671677761 9.735725861481793 101763.89465848601 96689.59339184608 1500.0 128.0 8811.0#8811.0#1500_8816.0#8816.0#1500 8808.0#8808.0#128_8809.0#8809.0#128
9000.0 10000.0 4.913781250001193 497.5431093749994 446.8702780307333 813.5281132812488 181.55810546875 184.13517574456304 181.50499531284993 2310.9080105887365 2310.9080105887365 202.3644639387304 3.4462489663426745 313363.8973175023 289264.83388413547 1500.0 0.0 8816.0#8816.0#1500 -
10000.0 11000.0 0.0 580.7463509114581 348.59454545686185 816.1518945312491 180.278076171875 128.61431259025372 125.14773615336863 2897.6689497395637 2897.6689497395637 145.41450911243686 3.4665764368850835 215035.8260421955 202631.91888069714 1500.0 128.0 10207.0#10207.0#1500 10252.0#10252.0#128
11000.0 12000.0 0.0 514.7728679687505 362.1154449244827 890.13525390625 98.96491796875125 299.82200937318413 297.50496455715177 1944.5586993014513 1944.5586993014513 329.3814315905292 1.421683337173968 574111.4713507685 531535.9031948483 1500.0 128.0 10207.0#10207.0#1500_11091.0#11091.0#1500 11108.0#11108.0#128
12000.0 13000.0 0.0 431.3140511067716 333.86131116572557 870.73193359375 104.02774609375047 232.00820295076528 228.78364371577925 2693.3290912784623 2693.3290912784623 275.70958246388557 3.1199207138443596 492978.8330736858 480927.86934481945 1500.0 128.0 11091.0#11091.0#1500_12013.0#12013.0#1500_12741.0#12741.0#1500 12028.0#12028.0#128_12982.0#12982.0#128
13000.0 14000.0 0.0 549.2207226562496 334.43703760397335 868.152099609375 126.49606640624916 222.83253630771011 219.90000204028394 2464.5250836680616 2464.5250836680616 257.871875870242 2.932534267426208 475323.69923745433 474243.5029837458 1500.0 128.0 12013.0#12013.0#1500_12741.0#12741.0#1500_13540.0#13540.0#1500 12982.0#12982.0#128_13605.0#13605.0#128
14000.0 15000.0 0.0 401.20910937500014 234.0412391433505 744.2326816406239 131.61890039062564 179.9539456234661 177.64206747626005 1937.1709199837633 1937.1709199837633 200.13691131299265 2.311878147206027 423144.7496380933 423144.7496380933 1500.0 128.0 13540.0#13540.0#1500_14318.0#14318.0#1500 14606.0#14606.0#128
15000.0 16000.0 0.0 472.57824267578053 255.50413195184728 737.5530156249988 154.73199999999997 168.44497195378474 164.09560777152313 3644.8111895153556 3644.8111895153556 258.6279470792281 4.349364182261599 434734.55088950275 434734.55088950275 1500.0 128.0 14318.0#14318.0#1500_15038.0#15038.0#1500_15732.0#15732.0#1500 15142.0#15142.0#128_15994.0#15994.0#128
16000.0 17000.0 39.01612109375128 436.615507324218 330.1042039269742 786.3389999999999 34.56396484375 217.9426740277786 214.7266059404003 2682.7132614851394 2682.7132614851394 342.3008841432501 3.2160680873782868 579950.1685691781 579950.1685691781 1500.0 128.0 15732.0#15732.0#1500_16599.0#16599.0#1500 15994.0#15994.0#128_16606.0#16606.0#128
17000.0 18000.0 399.1219648437509 600.8780351562491  600.8780351562491 600.8780351562491 120.09201542366375 120.09201542366375 0.0 0.0 188.17567771109518 0.0 327838.9092231335 327838.9092231335 1500.0 0.0 16599.0#16599.0#1500 -
18000.0 19000.0 159.80990039062453 813.554500000002 30.382257067240204 835.0380000000005 792.0710000000036 149.0 146.0 2502.0 2502.0 149.0 3.0 380716.0 380716.0 1500.0 128.0 18125.0#18125.0#1500 18120.0#18120.0#128
19000.0 20000.0 618.35888671875 155.0072421875011 149.17472299491428 375.91796875 62.449000000000524 69.51370103527859 66.13755474573082 2815.7151757992115 2815.7151757992115 79.9173582739725 3.3761462895477568 217736.4936569004 217736.4936569004 3000.0 128.0 19621.0#19621.0#3000_19623.0#19623.0#3000 19616.0#19616.0#128_19618.0#19618.0#128
20000.0 21000.0 4.814031250003609 397.2933535156238 214.5374969021023 623.4750312499964 196.694091796875 115.86017834225024 114.38274236516838 1237.9578457853577 1237.9578457853577 130.34113509843314 1.4774359770818455 406192.45270870504 406192.45270870504 3000.0 0.0 19623.0#19623.0#3000 -
21000.0 22000.0 277.68302148437215 335.53547167968827 333.0611239116074 628.062062500001 42.741000000001804 88.53312915454055 86.38671142117015 1789.326978415431 1789.326978415431 94.02717255594453 2.1464177333703978 235292.49110493573 235292.49110493573 3000.0 128.0 19623.0#19623.0#3000_21614.0#21614.0#3000 21612.0#21612.0#128
22000.0 23000.0 0.0 397.9886634114567 480.90090037157177 946.8370839843774 50.490966796875 208.99032806497928 208.39929956687251 492.9177674210595 492.9177674210595 350.96109283956366 0.591028498106786 609292.890963959 609292.890963959 3000.0 0.0 21614.0#21614.0#3000 -
23000.0 24000.0 4.296644531248603 447.8681295572921 315.72587968581934 801.4760605468764 194.227294921875 163.4352651041399 160.83168116932 2168.6644275787826 2168.6644275787826 200.6966180674214 2.4089715018932143 456901.81169289583 456901.81169289583 3000.0 128.0 21614.0#21614.0#3000_23252.0#23252.0#3000 23009.0#23009.0#128
24000.0 25000.0 4.820308593756636 349.4863294270811 399.45557712482804 803.7937050781256 53.279296875 151.67525561418276 149.83471576437998 1530.0523285263334 1530.0523285263334 158.53114705158768 2.017001548741467 417203.5141543662 417203.5141543662 3000.0 128.0 23252.0#23252.0#3000_24946.0#24946.0#3000 24943.0#24943.0#128
25000.0 26000.0 3.085380859374709 333.48421093749977 531.2152891469112 946.2757031250003 3.5380136718740687 153.7096407044423 152.6269421447189 910.1816757097064 910.1816757097064 273.6034553036469 1.100849293711403 443012.36535058584 443012.36535058584 3000.0 128.0 24946.0#24946.0#3000 24943.0#24943.0#128
26000.0 27000.0 0.0 411.90271614583133 384.1838249912757 808.7340839843746 41.75800000000163 172.32102399078624 170.05354239839068 1886.6337109065098 1886.6337109065098 245.81386716851452 2.2674815923955762 474007.66881633934 474007.66881633934 3000.0 128.0 24946.0#24946.0#3000_26612.0#26612.0#3000 26609.0#26609.0#128
27000.0 28000.0 4.508787109378318 497.74560644531084 165.09009983707637 614.4819355468717 381.00927734375 135.1641292328389 134.1683811282827 837.6577429574875 837.6577429574875 139.40540218733133 0.614667565151554 393360.46114749013 393360.46114749013 3000.0 0.0 26612.0#26612.0#3000 -
28000.0 29000.0 4.525378906248079 449.68255273437535 146.63218099125646 618.8037226562519 358.0849999999991 139.03842097864177 137.04669539106305 1653.7951058200738 1653.7951058200738 174.59724250097986 2.372806126983317 378882.6237966234 378882.6237966234 3000.0 128.0 26612.0#26612.0#3000_28626.0#28626.0#3000 28618.0#28618.0#128
29000.0 30000.0 3.125648437504424 498.4371757812478 180.54965963931122 626.1050644531279 370.7692871093677 172.37600780398108 171.10327702347922 1070.3482433675904 1070.3482433675904 271.8726557978356 1.2727307805018535 480703.881992443 480703.881992443 3000.0 0.0 28626.0#28626.0#3000 -
30000.0 31000.0 0.0 396.7708769531261 398.2944587229164 854.81591796875 131.9079999999958 155.62763839155716 153.4163295134074 1839.2131492170577 1839.2131492170577 186.6165667856415 2.2113088781497474 448808.3383292169 448808.3383292169 3000.0 128.0 28626.0#28626.0#3000_30144.0#30144.0#3000 30140.0#30140.0#128
31000.0 32000.0 4.674908203123778 372.1029928385421 416.18785026328806 852.510009765625 120.98388671875 192.97679454751847 191.76362434125775 1019.5914371316262 1019.5914371316262 205.46997867261726 1.2131702062607017 536477.5088299728 536477.5088299728 3000.0 128.0 30144.0#30144.0#3000_31878.0#31878.0#3000 31978.0#31978.0#128
32000.0 33000.0 0.0 309.9312358398438 383.72830194507776 878.2411132812485 45.87299023437663 164.57233207826286 163.12563143489558 1213.4692516121702 1213.4692516121702 282.35790884411006 1.4467006433672984 474245.54245373246 474245.54245373246 3000.0 128.0 31878.0#31878.0#3000 31978.0#31978.0#128
33000.0 34000.0 0.0 607.2227109374993 369.30187932567486 837.7581054687471 181.27197265625 126.03726016178211 123.55397679704504 2071.4751597516024 2071.4751597516024 166.16516704476248 2.4832833647370816 334119.87920291116 334119.87920291116 3000.0 128.0 31878.0#31878.0#3000_33632.0#33632.0#3000 33627.0#33627.0#128
34000.0 35000.0 0.0 396.0040722656243 363.2124054793538 815.343027343748 180.05908203125 184.78127748403898 183.8351344713649 787.4628570051656 787.4628570051656 188.33989831151223 0.9461430126741072 516727.19355799234 516727.19355799234 3000.0 0.0 33632.0#33632.0#3000 -
35000.0 36000.0 2.6847968750007567 435.9123652343769 337.657803774093 818.3479179687492 178.96728515625 151.3820589847444 149.1469867369562 1863.133656573908 1863.133656573908 155.09655990962852 2.2350722477881773 412720.09671875444 412720.09671875444 3000.0 128.0 33632.0#33632.0#3000_35169.0#35169.0#3000 35188.0#35188.0#128
36000.0 37000.0 188.5432851562582 405.7283574218709 569.7857355374282 808.6277148437512 2.8289999999906286 133.0055583260345 132.18677358649677 671.4034864209268 671.4034864209268 132.18677358649677 0.8187847395377156 365831.7855221761 365831.7855221761 3000.0 0.0 35169.0#35169.0#3000 -
37000.0 38000.0 1000.0 0.0 0.0 0.0 0.0 0.0 0.0 0.0 0.0 0.0 0.0 0.0 0.0 0.0 0.0 - -
38000.0 39000.0 805.40087890625 127.5050048828125 94.88540910094434 194.59912109375 60.410888671875 18.915875591313814 18.0361514590561 733.6284715113823 733.6284715113823 25.337371449961637 0.8797241322577157 47018.40198618319 47018.40198618319 3000.0 128.0 38938.0#38938.0#3000 38935.0#38935.0#128
39000.0 40000.0 4.726861328126688 504.45533919270866 439.3173248026784 936.7951113281233 58.47802734375 180.10885535836798 176.93008695713362 2656.3354059521034 2656.3354059521034 282.31952350686265 3.17876840123434 503565.3928265319 503565.3928265319 3000.0 128.0 38938.0#38938.0#3000 38935.0#38935.0#128_39249.0#39249.0#128
40000.0 41000.0 0.0 523.4119622395834 464.5371019518557 941.2739726562504 23.2109375 194.56484810272707 192.95118702868908 1337.9246066687099 1337.9246066687099 242.0829260272689 1.6136610740380568 545016.1465350504 545016.1465350504 3000.0 128.0 38938.0#38938.0#3000_40386.0#40386.0#3000 40975.0#40975.0#128
41000.0 42000.0 178.45188281250012 503.029028645833 164.9935958787276 692.5860624999987 391.6980234375005 144.41042094759115 142.08257455512125 1958.111515867804 1958.111515867804 152.26017901590677 2.3278463924698873 400137.05865223455 400137.05865223455 3000.0 128.0 40386.0#40386.0#3000_41687.0#41687.0#3000 40975.0#40975.0#128
42000.0 43000.0 56.1240234375 449.9454316406215 427.9734602837229 943.8759765625 189.35131835936772 190.1823699022188 188.80357635504873 1154.7774376983184 1154.7774376983184 307.05828755754607 1.3787935471700583 538083.8359883495 538082.1314173872 3000.0 128.0 41687.0#41687.0#3000 42636.0#42636.0#128
43000.0 44000.0 1.4304296874979627 400.12289843750114 343.8031884077306 810.408681640627 54.31002343750151 160.62889078489982 159.00768433206989 1347.2225623016816 1347.2225623016816 249.38142877586122 1.6212064528299417 429034.3038669239 429027.00843788614 3000.0 0.0 41687.0#41687.0#3000_43408.0#43408.0#3000 -
44000.0 45000.0 0.0 471.1382822265605 421.84064416831745 854.2929999999978 32.75390625 204.10837369708304 202.07551879486363 1687.6638276687538 1687.6638276687538 315.8407289757826 2.0328549022194227 560346.9552638599 560346.9552638599 3000.0 128.0 43408.0#43408.0#3000_44964.0#44964.0#3000 44112.0#44112.0#128
45000.0 46000.0 5.2778574218828 380.0236770833314 509.13330565579747 964.1720937499995 30.550048828117724 160.32912204099867 159.30067965217657 865.2129238957046 865.2129238957046 181.99895976153113 1.0284423888220937 470294.89426294115 470294.89426294115 3000.0 0.0 43408.0#43408.0#3000_44964.0#44964.0#3000 -
46000.0 47000.0 0.0 336.38160546875105 545.6352396323933 966.2329511718781 7.91796875 109.04845845011224 107.06627333729172 1645.7195202666896 1645.7195202666896 114.23007891872139 1.9821851128205197 293771.91433078796 293771.91433078796 3000.0 128.0 44964.0#44964.0#3000_46964.0#46964.0#3000 46961.0#46961.0#128
47000.0 48000.0 0.0 494.7630078125003 547.5248314533974 987.2880312499983 7.364013671875 191.4041062857021 189.44017878636174 1651.6428666652791 1651.6428666652791 313.53982174642425 1.9639274993403717 568883.1148011031 568883.1148011031 3000.0 128.0 46964.0#46964.0#3000 46961.0#46961.0#128_47619.0#47619.0#128
48000.0 49000.0 8.328986328124302 564.685376953125 504.8926745152262 986.4429863281257 5.22802734375 187.271964385296 186.27937428849842 835.7608615035729 835.7608615035729 236.91196393950193 0.9925900967975925 512757.24120772374 512757.24120772374 3000.0 128.0 46964.0#46964.0#3000_48376.0#48376.0#3000 47619.0#47619.0#128
49000.0 50000.0 0.0 600.0825970052077 279.6511042962118 864.9589726562481 307.69091796875 215.72894901211004 213.96128088898442 1470.8639916445684 1470.8639916445684 239.24676697900887 1.7676681231256108 576738.1223148593 576290.4889313716 3000.0 128.0 48376.0#48376.0#3000_49691.0#49691.0#3000 49583.0#49583.0#128
50000.0 51000.0 2.0690332031226717 354.1285820312514 229.68220692576736 690.3740820312523 186.09326171875 136.81646873714735 134.54315103253228 1898.8516535828826 1898.8516535828826 211.70472864461772 2.2733177046150432 346958.9130583652 345954.5464418529 3000.0 128.0 49691.0#49691.0#3000 49583.0#49583.0#128
51000.0 52000.0 3.058990234378143 439.5655826822913 217.56005963753393 690.6241152343719 306.31689453125 154.50134194302797 152.54232777076862 1634.2843547725492 1634.2843547725492 239.3468809640111 1.9590141722593462 412083.40696741716 412083.40696741716 3000.0 128.0 49691.0#49691.0#3000_51312.0#51312.0#3000 51121.0#51121.0#128
52000.0 53000.0 4.502914062497439 396.4200084635425 262.4565215423533 692.8921054687526 193.762939453125 182.81647250321137 181.89050114391517 774.3262302321822 774.3262302321822 298.19556604262937 0.9259713592961933 526383.2280908092 526383.2280908092 3000.0 0.0 51312.0#51312.0#3000 -
53000.0 54000.0 1.2579179687454598 419.4547005208345 336.12342048724514 805.6700605468795 193.072021484375 154.94497101098833 152.67777801623893 1886.0685400852174 1886.0685400852174 246.48372572744742 2.0740286407038067 423148.17618973507 423148.17618973507 3000.0 128.0 53011.0#53011.0#3000 53034.0#53034.0#128
54000.0 55000.0 4.860080078127794 497.5699599609361 436.82231138609035 806.4499785156222 188.68994140625 121.14800461137247 120.108795624376 856.798836157935 856.798836157935 197.22292867212724 0.46474668208413034 332811.95906628564 332811.95906628564 3000.0 0.0 53011.0#53011.0#3000 -
55000.0 56000.0 5.959923828122555 497.0200380859387 178.61803035727496 623.3220585937524 370.718017578125 43.93473134216272 42.795611731329046 957.6034590040351 957.6034590040351 67.7349210174163 1.9067462697916058 119203.00451710729 119203.00451710729 3000.0 128.0 55624.0#55624.0#3000 55617.0#55617.0#128
56000.0 57000.0 0.0 533.6503046875005 142.6780244185373 627.1959824218793 369.429931640625 159.84641870145043 158.21791165332618 1349.2029345206302 1349.2029345206302 240.80369332324344 1.6285070481242638 423639.07223512547 423639.07223512547 3000.0 128.0 55624.0#55624.0#3000 55617.0#55617.0#128
57000.0 58000.0 595.1989316406252 404.80106835937477  404.80106835937477 404.80106835937477 75.28935659221858 75.28935659221858 0.0 0.0 121.29951895412994 0.0 208444.8578386065 208444.8578386065 3000.0 0.0 55624.0#55624.0#3000 -
58000.0 59000.0 806.93408203125 122.9735107421875 99.12563291918262 193.06591796875 52.881103515625 20.389698488942184 19.432710755260743 797.9488402538562 797.9488402538562 25.974987815615446 0.9569877336814383 43359.364797861155 43359.364797861155 3000.0 128.0 58945.0#58945.0#3000 58940.0#58940.0#128
59000.0 60000.0 3.531197265619994 481.3649615885418 448.1839463413468 945.46489648438 51.00390625 173.3867225353494 170.29259149890436 2585.968551249853 2585.968551249853 252.61296556563224 3.0941310364450363 468301.23294542433 468078.5595827534 3000.0 128.0 58945.0#58945.0#3000 58940.0#58940.0#128_59184.0#59184.0#128
60000.0 61000.0 0.0 605.306419921874 484.69266840303044 946.749093749997 50.541259765625 215.86318003934687 213.97377646732875 1569.8810137007254 1569.8810137007254 338.43487387343635 1.8894035720181162 584427.665539006 580294.3389016769 3000.0 128.0 58945.0#58945.0#3000_60178.0#60178.0#3000 60996.0#60996.0#128
61000.0 62000.0 0.0 592.3496015624987 356.79496304344474 814.219970703125 180.77709375000268 186.59321339294564 184.53373573509026 1732.2015947955656 1732.2015947955656 283.45345134346235 2.0594776578554095 491765.3825311264 491765.3825311264 3000.0 128.0 60178.0#60178.0#3000_61773.0#61773.0#3000 60996.0#60996.0#128
62000.0 63000.0 157.61866210938024 344.87947265624825 415.48515009883727 815.09130859375 27.29002929686976 172.05886205889232 171.48064933433562 482.2294122802845 482.2294122802845 292.11001485533365 0.5782127245566961 496219.55620764114 496219.55620764114 3000.0 128.0 60178.0#60178.0#3000_61773.0#61773.0#3000 62965.0#62965.0#128
63000.0 64000.0 4.800128906252212 388.22364062499764 293.1535768248764 805.2499199218728 177.19269140624965 192.09325950941832 189.671472233975 2019.7705877197154 2019.7705877197154 303.1983583298129 2.421787275443304 516247.6521952354 516247.6521952354 3000.0 128.0 61773.0#61773.0#3000_63388.0#63388.0#3000 62965.0#62965.0#128
64000.0 65000.0 0.43802929687080905 332.38947314453253 318.2746569864018 808.5170488281292 140.70100000000093 189.384455122731 187.3381687852756 870.6965920056151 870.6965920056151 303.7957174805678 1.0462863374553908 530949.8770110892 530949.8770110892 3000.0 0.0 63388.0#63388.0#3000 -
65000.0 66000.0 4.657818359381054 416.82275325520703 339.96940641086934 807.461078124994 187.881103515625 150.13745796284908 147.99550139392278 1785.662591227372 1785.662591227372 231.3859123571494 1.953713662544609 420028.7938905868 420028.7938905868 3000.0 128.0 65006.0#65006.0#3000 65001.0#65001.0#128
66000.0 67000.0 4.909060546880937 336.9106842447897 418.52301916861944 810.1968964843691 15.64111328125 118.9321978368512 117.4979607940052 1188.555280513371 1188.555280513371 187.70886011250582 1.229306700905619 313099.43293178035 313099.43293178035 3000.0 128.0 65006.0#65006.0#3000_66973.0#66973.0#3000 66966.0#66966.0#128
67000.0 68000.0 5.195095703122206 371.53362044271006 532.8266066961663 983.5868867187528 11.218017578125 166.42510023823542 165.03530691381687 1169.1496206435486 1169.1496206435486 257.214942408003 1.7829665727406085 464478.80824022664 464478.80824022664 3000.0 128.0 66973.0#66973.0#3000 66966.0#66966.0#128
68000.0 69000.0 97.19801757812093 902.8019824218791  902.8019824218791 902.8019824218791 101.73585281443856 100.74812608808479 809.9359156100934 809.9359156100934 152.10991585848095 0.9877267263537725 266926.2337100225 266926.2337100225 3000.0 0.0 66973.0#66973.0#3000 -
69000.0 70000.0 1000.0 0.0 0.0 0.0 0.0 0.0 0.0 0.0 0.0 0.0 0.0 0.0 0.0 0.0 0.0 - -
70000.0 71000.0 808.4130859375 120.2794189453125 100.84402669357982 191.5869140625 48.971923828125 29.854433433581733 27.891657625422354 1629.6924065613503 1629.6924065613503 37.26070279064435 1.9627758081593731 57251.635731422575 57251.635731422575 3000.0 128.0 70950.0#70950.0#3000 70944.0#70944.0#128
71000.0 72000.0 2.5598652343760477 335.358740234374 532.33505017916 949.630076171874 8.636085937498137 158.4943096029467 157.40801437407367 912.5458438051938 912.5458438051938 267.9832314307939 1.086295228872998 461372.57845487026 461372.57845487026 3000.0 128.0 70950.0#70950.0#3000 70944.0#70944.0#128
72000.0 73000.0 34.691140625000116 333.5266184895833 513.5269581071274 926.4929414062499 35.27099609375 117.0712421521863 115.48782062329859 1311.1261725748038 1311.1261725748038 180.64923547273247 1.5834215288877378 310448.3494844375 310448.3494844375 3000.0 128.0 70950.0#70950.0#3000_72963.0#72963.0#3000 72960.0#72960.0#128
73000.0 74000.0 3.5208964843768626 340.888061848959 538.7356840895358 962.9520039062481 26.18508203125384 178.39739841022717 176.9628104142677 1206.3124434186939 1206.3124434186939 304.03104317578396 1.4345879959594598 520136.718992495 520136.718992495 3000.0 128.0 72963.0#72963.0#3000 72960.0#72960.0#128
74000.0 75000.0 0.0 350.8033268229192 533.4897184335658 966.0799003906286 16.948000000003958 97.57838257890361 95.57597676164998 1662.830664870116 1662.830664870116 135.53197328734242 2.002405817253636 241913.32100651987 241913.32100651987 3000.0 128.0 72963.0#72963.0#3000_74928.0#74928.0#3000 74925.0#74925.0#128
75000.0 76000.0 5.032982421878842 497.4835087890606 610.4218239973828 929.1169199218712 65.85009765625 158.4126811906464 157.41462748409947 838.8753390275554 838.8753390275554 269.93188575224207 0.998053706546934 473492.1477527228 473492.1477527228 3000.0 0.0 74928.0#74928.0#3000 -
76000.0 77000.0 31.209011718747206 484.3954941406264 600.662332060247 909.1279023437528 59.6630859375 88.91634028820914 87.92412155432284 814.9340558172336 814.9340558172336 144.73090944077148 0.9922187338863071 243223.3564236922 243223.3564236922 3000.0 0.0 74928.0#74928.0#3000_76939.0#76939.0#3000 -
77000.0 78000.0 5.381785156263504 384.37240494791087 482.82588897594013 938.734914062501 55.88330078123545 164.22425654293085 162.1717692455231 1724.9595971306017 1724.9595971306017 271.0852002415726 1.9963642389206475 467470.1473655497 467470.1473655497 3000.0 128.0 76939.0#76939.0#3000 77177.0#77177.0#128
78000.0 79000.0 5.688015625011758 497.1559921874941 626.0563733930157 939.8446992187528 54.46728515623545 106.97874118778887 105.09098730476306 1568.7234767944515 1568.7234767944515 165.48751869106528 0.9984264327524404 280927.8449131652 280927.8449131652 3000.0 0.0 76939.0#76939.0#3000_78939.0#78939.0#3000 -
79000.0 80000.0 4.654216796858236 352.5815944010489 512.2355868018831 944.0257148437668 51.320068359375 144.18932257017948 143.08651403307695 924.8170431095828 924.8170431095828 211.9208979361375 0.9968547773117289 396126.0848307797 396126.0848307797 3000.0 128.0 78939.0#78939.0#3000 79119.0#79119.0#128
80000.0 81000.0 5.0640253906167345 347.5406699218729 519.1833326663989 947.0419316406187 47.68603515623545 119.16978230513952 117.0767672914558 1728.1433061639455 1728.1433061639455 187.6143624668248 1.2923485505810723 318104.290058761 318104.290058761 2533.3333333333335 0.0 78939.0#78939.0#3000_80946.0#80946.0#2300_80951.0#80951.0#2300 -
81000.0 82000.0 0.4349316406296566 333.53975830077616 425.35824024454865 952.1009570312453 47.464111328125 137.54767103778562 134.64582668351076 2429.1040119272 2429.1040119272 212.34230195632585 3.753915085928784 389661.6983768433 389661.30770522304 2300.0 128.0 80946.0#80946.0#2300_80951.0#80951.0#2300 81168.0#81168.0#128_81172.0#81172.0#128
82000.0 83000.0 0.0 557.1324140625026 466.2980388968161 924.4848886718828 32.541259765625 181.04373315603704 178.3910525665376 2210.7290712192707 2210.7290712192707 299.00297635246903 2.6526805894994507 510191.61288059084 510184.0035522111 2300.0 128.0 80951.0#80951.0#2300_82283.0#82283.0#2300 82434.0#82434.0#128
83000.0 84000.0 4.58296093752142 370.9273890624987 362.4076913186068 965.3357402343536 30.081298828125 166.62025944016324 164.3081280194915 1944.06489722281 1944.06489722281 246.76915104508953 2.312131420671731 450045.88995425275 450045.88995425275 2300.0 128.0 82283.0#82283.0#2300_83591.0#83591.0#2300 83616.0#83616.0#128
84000.0 85000.0 9.468394531242666 495.26580273437867 618.8087995751612 932.8297011718823 57.701904296875 147.01737979630428 145.0220448369748 1656.8217947381997 1656.8217947381997 235.52143290060522 1.9953349593294682 400480.3600590838 400480.3600590838 2300.0 128.0 83591.0#83591.0#2300_84941.0#84941.0#2300 84927.0#84927.0#128
85000.0 86000.0 4.429830078108353 349.64805664063414 511.55861391224425 940.3440957031271 53.37400000001071 138.30938141528645 137.25631759105642 885.3491956161673 885.3491956161673 148.85161346912406 1.0530638242300103 410333.04647991643 410333.04647991643 2300.0 128.0 84941.0#84941.0#2300 84927.0#84927.0#128
86000.0 87000.0 0.0 222.61863710937905 402.2050442314526 940.9269257812557 3.743896484375 77.42345367107046 73.5753095212302 3413.759636149872 3413.759636149872 79.58078365495483 3.848144149840264 185806.95078403136 185806.95078403136 2766.6666666666665 128.0 84941.0#84941.0#2300_86940.0#86940.0#3000_86942.0#86942.0#3000 86934.0#86934.0#128_86935.0#86935.0#128
87000.0 88000.0 4.711238281262922 232.57676132812338 396.7552881979964 942.2706953125016 49.51910351564584 133.1403001972285 129.9931322993211 2880.349363480682 2880.349363480682 209.2441001192985 3.0940725246376743 364620.52721659665 364620.52721659665 3000.0 128.0 86940.0#86940.0#3000_86942.0#86942.0#3000 86934.0#86934.0#128_86935.0#86935.0#128
88000.0 89000.0 3.640082031255588 347.1479674479148 518.2184948471202 945.5259335937444 45.083984375 162.79932783921194 160.78430940435564 1673.7676534111476 1673.7676534111476 256.2054444151692 1.144192656294544 435220.83610167034 435220.83610167034 3000.0 128.0 86942.0#86942.0#3000_88953.0#88953.0#3000 88944.0#88944.0#128
89000.0 90000.0 2.5780253906268626 413.17225390625026 451.47995157811084 953.8890156249981 37.926025390625 280.1640856292269 278.20321631187943 1648.2330681364745 1648.2330681364745 309.630917484042 2.8847904691789554 515849.81942706316 515849.81942706316 3000.0 128.0 88953.0#88953.0#3000 88944.0#88944.0#128_89610.0#89610.0#128
90000.0 91000.0 4.91295507812174 645.9423619791729 530.5862641462426 961.7149746093783 33.3720703125 218.50881846241387 216.59089696115709 1593.8609588246468 1593.8609588246468 273.20335825721577 1.9179215012567836 451582.1753342815 451582.1753342815 3000.0 128.0 88953.0#88953.0#3000_90325.0#90325.0#3000 89610.0#89610.0#128
91000.0 92000.0 0.0 370.1902055663959 409.5253135492262 963.0129296874948 28.941894531235448 223.4577735071386 222.1415008517855 1105.6557158551268 1105.6557158551268 355.78221185656275 1.3162726553530608 614560.2016059781 614560.2016059781 3000.0 128.0 90325.0#90325.0#3000_91712.0#91712.0#3000 91613.0#91613.0#128
92000.0 93000.0 0.0 652.0773750000031 339.3276484999919 956.9091054687597 286.468017578125 140.9552668895132 138.9271947414134 1686.282608652194 1686.282608652194 231.28150063192243 2.0280721480998145 389992.7880694408 389992.7880694408 3000.0 0.0 91712.0#91712.0#3000 -
93000.0 94000.0 104.16205273434753 298.6126490885508 213.9206188558921 545.4539824218809 167.18896484376455 148.3448928922408 146.6892376956937 1392.0616754926791 1392.0616754926791 235.3954187394166 1.6556551965471247 390918.39910002495 390918.39910002495 3000.0 128.0 91712.0#91712.0#3000_93539.0#93539.0#3000 93560.0#93560.0#128
94000.0 95000.0 0.0 396.01902929687157 378.1017214762063 832.2780351562396 163.074951171875 190.4722109423555 189.91883914029768 461.2889833948816 461.2889833948816 325.9913030367025 0.5533718020578158 544467.1953994855 544467.1953994855 3000.0 0.0 93539.0#93539.0#3000 -
95000.0 96000.0 0.44194335938664153 453.0138168945268 416.8541431594025 820.1000488281134 29.669999999998254 171.11169893967312 168.50014007460584 2175.9541636476865 2175.9541636476865 278.3160428573392 2.6115588650672676 457238.112995382 457238.112995382 3000.0 128.0 93539.0#93539.0#3000_95200.0#95200.0#3000 95612.0#95612.0#128
96000.0 97000.0 86.94926757812209 456.52536621093896 502.92448458749067 812.1466796875029 100.904052734375 145.0882940929479 144.13865285150612 780.9972561535911 780.9972561535911 237.1750645263225 0.9496412414417732 395843.2328918881 395843.2328918881 3000.0 0.0 95200.0#95200.0#3000 -
97000.0 98000.0 0.0 578.4211035156331 284.7941062198363 779.8009472656413 377.041259765625 69.00330560120878 67.74071027615398 1061.3344075132793 1061.3344075132793 102.83337664191626 1.2625953250548048 180449.84842292586 180449.84842292586 3000.0 128.0 97621.0#97621.0#3000 97615.0#97615.0#128
98000.0 99000.0 0.575943359406665 397.1446888020728 216.02710977469667 622.6247402343579 192.010009765625 155.0974280051931 153.40059733636747 1422.0345092177731 1422.0345092177731 241.61528075357245 1.6968306688256338 432909.337941064 432909.337941064 3000.0 0.0 97621.0#97621.0#3000 -
99000.0 100000.0 246.9819472656236 368.85357877604355 120.32777325229758 496.1039902343764 256.9140625 126.49480292911744 124.56880083156474 1604.3906800727882 1604.3906800727882 188.4899110511881 1.9260020975527048 332622.8754628575 332622.8754628575 3000.0 128.0 97621.0#97621.0#3000_99348.0#99348.0#3000 99368.0#99368.0#128
100000.0 101000.0 2.819052734368597 395.8260221354188 301.68367515070867 742.1709375000064 190.297119140625 188.51419569442191 187.62936507239922 739.8316480267467 739.8316480267467 297.00424014660655 0.8848306220226978 521383.7414704101 521383.7414704101 3000.0 0.0 99348.0#99348.0#3000 -
101000.0 102000.0 1.1741582031245343 416.5439440104189 341.6872008796026 809.4908808593755 189.3349609375 126.84759644736431 124.732427069387 1762.1683519732533 1762.1683519732533 196.59926919039603 2.115169377977302 349916.2939402553 349916.2939402553 3000.0 128.0 101139.0#101139.0#3000 101134.0#101134.0#128
102000.0 103000.0 113.15297265624395 314.11134635416965 429.3701260707139 809.7440390624979 55.34600000001956 165.75123315135733 164.75123315135733 820.0 820.0 239.93734022784975 1.0 453325.5810715417 453325.5810715417 3000.0 0.0 101139.0#101139.0#3000 -
103000.0 104000.0 1000.0 0.0 0.0 0.0 0.0 0.0 0.0 0.0 0.0 0.0 0.0 0.0 0.0 0.0 0.0 - -
104000.0 105000.0 806.743896484375 120.60346972656407 84.62728949229532 180.44400000000314 60.762939453125 24.478419188445855 22.417423366946245 1711.358481702672 1711.358481702672 38.724059837412355 2.0609958214996107 60084.982653642684 60084.982653642684 3000.0 128.0 104938.0#104938.0#3000 104923.0#104923.0#128
105000.0 106000.0 5.3429023437493015 497.32854882812535 619.553543219626 935.4190605468757 59.238037109375 138.41209919623304 137.35444060593298 889.1246800910646 889.1246800910646 223.5566717838548 1.0576585903000724 393200.6457496674 393200.6457496674 3000.0 0.0 104938.0#104938.0#3000 -
106000.0 107000.0 0.0 355.9299895833392 505.21171297111334 939.2589628906426 58.404052734375 139.77007720057546 137.81843672476364 1620.7051335751491 1620.7051335751491 219.43041179770708 1.9516404758118207 379783.1622361552 379783.1622361552 3000.0 128.0 104938.0#104938.0#3000_106928.0#106928.0#3000 106923.0#106923.0#128
107000.0 108000.0 4.225914062495576 341.9336777343754 507.46225687139463 927.4840468750044 30.026947265621857 126.68380644754176 125.6173078592058 896.3502896675205 896.3502896675205 221.6686661542725 1.066498588335974 383220.1364271492 383220.1364271492 3000.0 0.0 106928.0#106928.0#3000 -
108000.0 109000.0 3.7230859374976717 350.87030468750646 501.694793267343 930.1499609375023 56.33400000001711 140.40209367299525 138.47262581783826 1602.2534557535657 1602.2534557535657 203.46272859415683 1.9294678551570024 363295.49190790975 363295.49190790975 3000.0 128.0 106928.0#106928.0#3000_108930.0#108930.0#3000 108924.0#108924.0#128
109000.0 110000.0 3.6539765625057044 498.17301171874715 613.3048737399064 931.8450468749943 64.5009765625 132.58847828223227 131.587581527092 841.2775899307428 841.2775899307428 223.19350185775434 1.0008967551402943 378798.6864562181 378798.6864562181 3000.0 0.0 108930.0#108930.0#3000 -
110000.0 111000.0 60.02886718750233 327.8596809895777 491.96685860301585 895.9340234374977 43.60791015623545 148.60363840586828 146.9426409225307 1376.6685139646117 1376.6685139646117 221.1163476559082 1.660997483337583 393030.285293494 393030.285293494 3000.0 128.0 108930.0#108930.0#3000_110954.0#110954.0#3000 110948.0#110948.0#128
111000.0 112000.0 5.171593749997555 338.3777656250022 532.8400841195656 953.529089843767 20.30489062500419 168.70107414938883 167.34650957026025 1138.9195787447425 1138.9195787447425 284.1417018364332 1.3545645791285692 479019.7163232083 479019.7163232083 3000.0 128.0 110954.0#110954.0#3000 110948.0#110948.0#128
112000.0 113000.0 0.0 352.58089388021716 523.8669286204729 957.2316835937672 34.9380000000092 101.12678255869504 99.1438088326295 1646.6565191317136 1646.6565191317136 144.4651140674878 1.9829737260655373 251226.69657632086 251226.69657632086 3000.0 128.0 110954.0#110954.0#3000_112933.0#112933.0#3000 112929.0#112929.0#128
113000.0 114000.0 2.7696875000110595 498.61515624999447 613.7288698814358 932.5870019531139 64.643310546875 107.04556958247014 106.04452247771297 841.413360655783 841.413360655783 183.52559542121546 1.0010471047571528 307542.95442195336 307542.95442195336 3000.0 0.0 112933.0#112933.0#3000 -
114000.0 115000.0 34.97321289064712 482.51339355467644 595.9683984239214 903.9266894531174 61.10009765623545 160.50455136773652 159.50999899166368 816.8814022030765 816.8814022030765 244.75475385239437 0.9945523760728467 443117.0009322934 443117.0009322934 3000.0 0.0 112933.0#112933.0#3000_114937.0#114937.0#3000 -
115000.0 116000.0 4.307052734380704 388.88631575520657 476.8372190584087 935.7469023437443 59.946044921875 167.29996587250642 165.24047307919486 1730.643498181332 1730.643498181332 290.2342983422889 2.059492793311578 482426.44130716054 482426.44130716054 3000.0 128.0 114937.0#114937.0#3000 115130.0#115130.0#128
116000.0 117000.0 0.0 591.2879563802077 496.26178966534764 932.6519550781231 22.010009765625 193.77062905770103 191.04944497418322 2268.6864321089897 2268.6864321089897 310.519915773751 2.721184083517783 543326.8024201198 543326.8024201198 3000.0 128.0 114937.0#114937.0#3000_116179.0#116179.0#3000 116426.0#116426.0#128
117000.0 118000.0 0.0 499.15386523437337 468.9254775853984 976.2099902343762 21.665283203125 166.20757317055757 164.22948109674022 1663.9134015416882 1663.9134015416882 287.2538508729432 1.9780920738173333 509713.30383044545 503413.98200819275 3000.0 128.0 116179.0#116179.0#3000_117697.0#117697.0#3000 117960.0#117960.0#128
118000.0 119000.0 0.0 499.1918740234396 469.4185337364177 977.5347167968866 21.323974609375 341.10913819899736 339.9534065470294 952.055765060682 952.055765060682 419.4428083195977 1.1557316519680392 661012.2758329671 567987.8809174672 3000.0 128.0 117697.0#117697.0#3000 117960.0#117960.0#128
119000.0 120000.0 0.0 457.4523365885446 368.3845285717895 776.202880859375 54.13910351562663 247.45386752285833 245.65158655194068 1514.2309880215976 1514.2309880215976 339.37055399170697 1.8022809709176775 559508.3836414521 551622.1003792048 3000.0 128.0 117697.0#117697.0#3000_119223.0#119223.0#3000 119402.0#119402.0#128
120000.0 121000.0 5.390863281238126 339.58105664062896 388.2761258517839 773.218017578125 24.134033203125 147.68776837845115 145.52315175728566 1799.5851043857845 1799.5851043857845 223.71315707039628 2.1646166211654836 387832.6630269057 387832.6630269057 3000.0 128.0 119223.0#119223.0#3000_120974.0#120974.0#3000 120966.0#120966.0#128
121000.0 122000.0 5.026937499991618 342.6056816406296 546.6614323414778 973.7999667968834 21.173095703125 188.07475347714976 187.01744502745413 889.2758052792839 889.2758052792839 300.06127350817496 1.0573084496956429 536000.0799123527 536000.0799123527 3000.0 128.0 120974.0#120974.0#3000 120966.0#120966.0#128
122000.0 123000.0 675.5150957031292 324.4849042968708  324.4849042968708 324.4849042968708 60.07971426959591 60.07971426959591 0.0 0.0 86.36458926254411 0.0 160896.29105058423 160896.29105058423 3000.0 0.0 120974.0#120974.0#3000 -
123000.0 124000.0 1000.0 0.0 0.0 0.0 0.0 0.0 0.0 0.0 0.0 0.0 0.0 0.0 0.0 0.0 0.0 - -
124000.0 125000.0 908.1909999999916 91.80900000000838  91.80900000000838 91.80900000000838 4.0 3.0 820.0 820.0 4.0 1.0 2913.0 2913.0 0.0 0.0 - -
125000.0 126000.0 1000.0 0.0 0.0 0.0 0.0 0.0 0.0 0.0 0.0 0.0 0.0 0.0 0.0 0.0 0.0 - -
126000.0 127000.0 139.39794921875 464.14202539062535 560.679144846203 860.60205078125 67.6820000000007 113.62746961156215 110.9026381895191 2273.334911717784 2273.334911717784 184.30864793817696 2.7248314220430614 319590.9421210783 319590.9421210783 3000.0 128.0 126226.0#126226.0#3000 126312.0#126312.0#128
127000.0 128000.0 3.583957031252794 517.3213795572907 362.4282095845795 859.12109375 137.2949492187472 189.089534702753 186.84113302811596 1876.1540515768595 1876.1540515768595 310.852216527913 2.2484016746370523 536577.3168604443 536577.3168604443 3000.0 0.0 126226.0#126226.0#3000_127976.0#127976.0#3000 -
128000.0 129000.0 0.0 482.94097753905953 271.6652704043718 795.4929999999877 140.8569062500028 169.75983673992772 167.73306983660785 1674.5110367053567 1674.5110367053567 273.9765396435051 2.0267669033198867 469996.61925203557 469996.61925203557 3000.0 128.0 126226.0#126226.0#3000_127976.0#127976.0#3000 128131.0#128131.0#128
129000.0 130000.0 0.0 500.7641640624982 85.79530185028696 599.539306640625 444.78590039061964 192.86187734648016 191.32666052976566 1291.7168899576507 1291.7168899576507 316.0236219843344 1.5352168167145037 543185.8897826124 543185.8897826124 3000.0 128.0 127976.0#127976.0#3000_129399.0#129399.0#3000 129540.0#129540.0#128
130000.0 131000.0 0.0 373.6862389322923 138.13094270686585 520.9407148437458 165.2039999999979 235.76192866254897 232.29714547926346 2892.283110042349 2892.283110042349 363.0324516207839 3.4647831832854963 613906.5166811391 596882.3084156655 3000.0 128.0 129399.0#129399.0#3000_130471.0#130471.0#3000 130614.0#130614.0#128
131000.0 132000.0 1.8779511718894355 359.19872330728685 281.4769933051931 642.3959746093606 79.47412109375 149.27843512093176 149.1988570709047 67.00471812280665 67.00471812280665 248.54601726581572 0.07957805002708629 442162.6021106653 421530.05601137277 3000.0 0.0 130471.0#130471.0#3000_131918.0#131918.0#3000 -
132000.0 133000.0 0.0 511.64857389322907 358.13601905629645 919.2198789062386 76.555908203125 234.36550988763307 232.0654831033881 1927.3189426740919 1927.3189426740919 353.7398748747002 2.300026784244949 789997.2689276669 646548.5964042895 3000.0 128.0 130471.0#130471.0#3000_131918.0#131918.0#3000 132110.0#132110.0#128
133000.0 134000.0 4.670951171865454 285.8136169084838 346.46863202582347 922.0980917968845 0.0 185.95483007226613 183.3344349065382 2189.6763392031016 2189.6763392031016 176.51308805666207 2.620395165727965 437167.2222034186 415412.64909156214 3000.0 128.0 130471.0#130471.0#3000_131918.0#131918.0#3000_133660.0#133660.0#3000 132110.0#132110.0#128_133709.0#133709.0#128
134000.0 135000.0 0.0 396.53168359374587 463.0721853218454 926.3870429687377 69.347900390625 204.4369624210025 204.0486710295219 322.6701463203905 322.6701463203905 223.24618031443563 0.38829139148061426 585687.1872264503 585687.1872264503 3000.0 0.0 133660.0#133660.0#3000_134983.0#134983.0#3000 -
135000.0 136000.0 2.831107421865454 309.3924980468728 332.35318778291924 804.6688925781345 99.87599999998929 152.55101725865111 149.74609278535272 2337.7668627983926 2337.7668627983926 239.80427075143504 2.6117086085193857 408649.0024675684 408649.0024675684 3000.0 128.0 133660.0#133660.0#3000_134983.0#134983.0#3000 135126.0#135126.0#128
136000.0 137000.0 4.332929687487194 497.8335351562564 432.6948531455792 803.7950000000128 191.8720703125 152.68795778097225 151.68895327212175 823.4125454772709 823.4125454772709 246.82450462725302 0.38444074725903543 428112.00959533534 428112.00959533534 3000.0 0.0 134983.0#134983.0#3000_136926.0#136926.0#3000 -
137000.0 138000.0 5.005115234380355 351.69096158854273 398.9328861174279 806.3159296874946 60.078000000008615 132.9886263917501 130.9914016944346 1675.4954035788671 1675.4954035788671 226.14608512447177 1.8050043236859903 373307.4528832509 373307.4528832509 3000.0 128.0 136926.0#136926.0#3000 137140.0#137140.0#128
138000.0 139000.0 79.33501562499441 460.3324921875028 490.6536918684246 807.2770449218806 113.387939453125 142.03162394504963 141.10721061362293 760.5238166220727 760.5238166220727 246.09457073934007 0.9244133314267008 398094.4697296441 398094.4697296441 3000.0 0.0 136926.0#136926.0#3000_138919.0#138919.0#3000 -
139000.0 140000.0 4.74796679688734 378.70134440104204 436.5110171748877 882.4800605468627 112.77197265625 159.0582382200859 157.05887982098844 1678.9690024077693 1678.9690024077693 290.8370388029794 0.9993583990974966 455459.1370095062 455459.1370095062 3000.0 128.0 138919.0#138919.0#3000 139121.0#139121.0#128
140000.0 141000.0 41.995894531253725 479.00205273437314 571.7622647189863 883.2990273437463 74.705078125 109.99833592718804 109.03653957149581 790.3233011251876 790.3233011251876 184.75852310475707 0.9617963556922383 294131.73350746394 294131.73350746394 3000.0 0.0 138919.0#138919.0#3000_140924.0#140924.0#3000 -
141000.0 142000.0 4.450994140614057 384.6763352864655 466.53243179411453 921.1879218750109 74.361083984375 181.0777643714151 179.07594131979883 1681.8446128677892 1681.8446128677892 287.6681275225409 1.0018230516162698 496951.34097088757 496951.34097088757 3000.0 128.0 140924.0#140924.0#3000 141161.0#141161.0#128
142000.0 143000.0 45.577990234363824 337.06335872396204 481.82874594704646 893.4259160156362 56.76806640625 117.39266030305387 115.47221511102839 1594.8242493193611 1594.8242493193611 170.93969517930086 1.920445192025496 297991.36228121724 297991.36228121724 3000.0 128.0 140924.0#140924.0#3000_142942.0#142942.0#3000 142938.0#142938.0#128
143000.0 144000.0 1.9639707031310536 333.96497851562646 528.0500006043734 942.987933593744 3.8589062500104774 171.44023041374695 170.3270601898155 935.844908012655 935.844908012655 265.3156434056736 1.1131702239314183 501846.9087492392 501846.9087492392 3000.0 128.0 142942.0#142942.0#3000 142938.0#142938.0#128
144000.0 145000.0 0.25413281249348074 343.65991796875215 518.1202912284765 941.7339042968815 31.23388671875 91.3884900526062 89.44069977542145 1617.3648328863817 1617.3648328863817 141.86022952305547 1.9477902771847575 240489.5331872457 240489.5331872457 3000.0 128.0 142942.0#142942.0#3000_144940.0#144940.0#3000 144936.0#144936.0#128
145000.0 146000.0 4.561037109378958 339.17802539062296 518.9300257299902 938.040037109371 22.095113281247905 176.1878431075183 175.13122053648087 888.2978311380178 888.2978311380178 286.0599479514042 1.0566225710374104 508639.86738300306 508639.86738300306 3000.0 128.0 144940.0#144940.0#3000 144936.0#144936.0#128
146000.0 147000.0 0.0 353.54934244792094 509.6444638997527 942.0210742187628 55.674072265625 96.59351409343819 94.64539305904282 1617.6962846363838 1617.6962846363838 134.48320026988978 1.9481210343953705 252484.73918562807 252484.73918562807 3000.0 128.0 144940.0#144940.0#3000_146936.0#146936.0#3000 146932.0#146932.0#128
147000.0 148000.0 2.989923828135943 355.5080013020779 503.19931753797863 936.5291191406141 60.48095703125 175.6108541275436 174.5528151511752 889.4165242975445 889.4165242975445 294.473042762248 0.9975267345081072 529003.027891717 529003.027891717 3000.0 128.0 146936.0#146936.0#3000 146932.0#146932.0#128
148000.0 149000.0 2.8729570312425494 351.2580052083358 509.0018041062332 939.0020429687575 56.64697265625 95.39503093264715 93.45776580650949 1608.629530012554 1608.629530012554 140.2857807455739 1.370060493478542 246038.72156782492 246038.72156782492 3000.0 128.0 146936.0#146936.0#3000_148941.0#148941.0#3000 148938.0#148938.0#128
149000.0 150000.0 5.008082031243248 363.5019817708332 498.8326493272322 939.0510000000068 55.94091796875 164.39746279840745 163.34356981078435 886.031704408882 886.031704408882 279.45612217862913 1.6816098621425153 481769.6695600963 481769.6695600963 3000.0 128.0 148941.0#148941.0#3000 148938.0#148938.0#128
150000.0 151000.0 0.0 354.82467643228784 508.00441287737056 941.3780820312386 55.64794921875 103.53120150602379 101.57576177509563 1623.8264446112926 1623.8264446112926 168.012717573561 1.9554397309281666 265212.8106346718 265212.8106346718 3000.0 128.0 148941.0#148941.0#3000_150931.0#150931.0#3000 150927.0#150927.0#128
151000.0 152000.0 2.6619843750086147 350.26802213541424 502.0881950618127 929.9740019531164 53.4660507812514 183.32818477891206 182.32598276305512 842.3179617776754 842.3179617776754 307.4000802005994 1.0022020158569325 516215.642536903 516215.642536903 3000.0 128.0 150931.0#150931.0#3000 150927.0#150927.0#128
152000.0 153000.0 37.132728515629424 341.1521276041652 481.73095125413465 897.3999863281206 60.589111328125 92.96372363209889 91.47633519933845 1230.9240974950696 1230.9240974950696 138.92768411245075 1.4873884327604092 240248.3732504779 240248.3732504779 3000.0 128.0 150931.0#150931.0#3000_152938.0#152938.0#3000 152933.0#152933.0#128
153000.0 154000.0 4.040232421888504 398.0604941406248 473.00234586945356 938.1838886718615 57.77587890625 158.79641413055037 156.29459910807128 2102.22273580134 2102.22273580134 250.27868489921016 2.501815022479115 436545.7649778855 436545.7649778855 3000.0 128.0 152938.0#152938.0#3000 153133.0#153133.0#128
154000.0 155000.0 0.0 691.3355634765612 324.8159453820775 921.0151210937474 461.656005859375 197.10356291820773 195.70078878244277 1160.4344339032145 1160.4344339032145 324.4433793336782 1.4027741357649444 549496.5831387809 549496.5831387809 3000.0 0.0 152938.0#152938.0#3000_154536.0#154536.0#3000 -
155000.0 156000.0 52.281005859375 473.8594970703125 90.747958833946 538.0279941406334 409.6909999999916 167.34087874502782 166.80268068029875 453.16277050188813 453.16277050188813 270.69203296562137 0.5381980647290833 463866.28432614193 463866.28432614193 3000.0 0.0 154536.0#154536.0#3000 -
156000.0 157000.0 803.568115234375 119.1529541015625 109.28891183080724 196.431884765625 41.8740234375 19.19361022985841 17.31331504376082 1561.1481861265847 1561.1481861265847 29.566153745898095 1.8802951860975896 45717.71876034111 45717.71876034111 3000.0 128.0 156956.0#156956.0#3000 156952.0#156952.0#128
157000.0 158000.0 2.966134765621973 338.1016601562539 535.8869923326749 956.747976562503 17.271115234383615 110.17929412594698 108.97840581706618 1008.3152982004763 1008.3152982004763 184.47480157116604 1.200888308880823 313555.50099466334 313555.50099466334 3000.0 128.0 156956.0#156956.0#3000 156952.0#156952.0#128
158000.0 159000.0 47.82088867187849 952.1791113281215  952.1791113281215 952.1791113281215 150.6270956441946 148.70827913917302 1594.536515672939 1594.536515672939 260.9590446829359 1.9188165050215873 410483.78024499555 410483.78024499555 3000.0 0.0 156956.0#156956.0#3000_158946.0#158946.0#3000 -
159000.0 160000.0 218.54173242187244 390.7291337890638 460.0014346394015 715.999267578125 65.45900000000256 145.96956538503096 144.96956538503096 840.0 840.0 260.7153688201626 0.0 435257.1566997674 435257.1566997674 3000.0 128.0 158946.0#158946.0#3000 159110.0#159110.0#128
160000.0 161000.0 48.256267578108236 475.8718662109459 272.16700349856495 668.323000000004 283.4207324218878 83.03043461496902 81.03043461496902 1662.0 1662.0 138.2846311798374 2.0 222651.84330023258 222651.84330023258 3000.0 0.0 158946.0#158946.0#3000_160950.0#160950.0#3000 -
161000.0 162000.0 234.44396484372555 382.7780175781372 454.1860241238239 703.93603515625 61.62000000002445 143.64169916728363 142.64169916728363 840.0 840.0 275.2437352774933 0.0 428466.01838756615 428466.01838756615 3000.0 128.0 160950.0#160950.0#3000 161128.0#161128.0#128
162000.0 163000.0 1.4419257812551223 394.52599804687634 78.97530135562552 480.47802734375 296.0209648437449 211.58839790807264 209.10763334504932 2064.8037620656246 2064.8037620656246 369.6011676127531 2.4807645630233073 597954.9540269362 597954.9540269362 3000.0 128.0 160950.0#160950.0#3000_162517.0#162517.0#3000 162615.0#162615.0#128
163000.0 164000.0 2.822074218740454 281.79771630859614 250.88038891561123 518.9259726562595 64.02099609375 150.69562721261275 149.1529599185672 1288.5994467458934 1288.5994467458934 268.25105911495524 1.542667294045495 437375.7413876484 437375.7413876484 2533.3333333333335 0.0 162517.0#162517.0#3000_163929.0#163929.0#2300_163931.0#163931.0#2300 -
164000.0 165000.0 0.0 361.09650234375147 332.4189120559563 927.0180039062398 62.351318359375 225.77204697141406 222.2712439416036 2926.4183413864466 2926.4183413864466 369.9972775204355 3.5008030298104904 632680.8154813529 632680.8154813529 2475.0 128.0 162517.0#162517.0#3000_163929.0#163929.0#2300_163931.0#163931.0#2300_164984.0#164984.0#2300 164137.0#164137.0#128_164141.0#164141.0#128
165000.0 166000.0 2.365197265637107 469.9651614583272 307.7411785015926 802.4739140624879 195.160888671875 169.1681235456897 166.692358432569 2065.1784498020347 2065.1784498020347 255.95287810121715 2.4757651131207066 448822.80002548354 448822.80002548354 2300.0 128.0 163931.0#163931.0#2300_164984.0#164984.0#2300 165174.0#165174.0#128
166000.0 167000.0 455.054894531233 147.13404062502087 126.95362934452784 350.1011113281129 58.23510742193321 85.59128066976747 82.74740014445776 2356.6394203347377 2356.6394203347377 119.56382473199326 2.843880525309702 212378.524474062 212378.524474062 2766.6666666666665 128.0 164984.0#164984.0#2300_166933.0#166933.0#3000_166939.0#166939.0#3000 166926.0#166926.0#128_166930.0#166930.0#128
167000.0 168000.0 4.505068359372672 229.08738945312217 397.19488752247116 939.2048925781273 30.190005859389203 87.07245844907379 84.9163389743835 1804.3605796652623 1804.3605796652623 144.2374719194149 2.1561194746902985 231654.12534598543 231654.12534598543 3000.0 128.0 166933.0#166933.0#3000_166939.0#166939.0#3000 166926.0#166926.0#128_166930.0#166930.0#128
168000.0 169000.0 0.0 368.04065690104227 449.8157030960848 879.2369609375019 32.800048828125 176.6436728124299 175.98464087176527 547.3917313468015 547.3917313468015 279.5419097551595 0.6590319406646319 486395.4548545024 486395.4548545024 3000.0 128.0 166939.0#166939.0#3000_168966.0#168966.0#3000 168962.0#168962.0#128
169000.0 170000.0 4.461792968766531 472.3494153645782 467.4101090908144 963.1009511718876 32.437255859345896 165.73972443724156 163.3318669561355 2010.1264887228726 2010.1264887228726 274.86483690213777 2.40785748110606 448882.77108212566 448882.77108212566 3000.0 128.0 168966.0#168966.0#3000 168962.0#168962.0#128
170000.0 171000.0 0.0 500.34291894531634 618.1482582614383 937.4397441406327 63.24609375 123.2774263820248 121.28102103636934 1657.7759741031448 1657.7759741031448 198.53166871118867 1.9964053456554591 327191.9155188793 327191.9155188793 3000.0 128.0 168966.0#168966.0#3000_170935.0#170935.0#3000 170931.0#170931.0#128
171000.0 172000.0 2.1481503906543367 374.43961653644993 487.35108094758516 935.9849062499998 61.866943359345896 171.32829972624614 170.26757747610247 891.6399304101208 891.6399304101208 288.52331053042866 1.060722250143656 483353.1790937755 483353.1790937755 3000.0 128.0 170935.0#170935.0#3000 170931.0#170931.0#128
172000.0 173000.0 0.0 501.28367089845415 614.569676468042 935.8500566406292 66.7172851562791 93.84934788648916 91.90647390297285 1613.3880983315569 1613.3880983315569 143.88521211824224 1.9428739835162936 244095.12900441437 244095.12900441437 3000.0 128.0 170935.0#170935.0#3000_172932.0#172932.0#3000 172930.0#172930.0#128
173000.0 174000.0 4.870193359412951 350.36360221353243 502.5915901776259 930.685714843712 55.961000000010245 169.87622705650188 168.81375498214427 893.049129703778 893.049129703778 285.513006032236 0.9977905366357518 464969.5912119519 464969.5912119519 3000.0 128.0 172932.0#172932.0#3000 172930.0#172930.0#128
174000.0 175000.0 3.8257851562229916 353.308722656259 501.06174674252424 931.8849082031229 63.751953125 120.85609983123872 118.92116717046815 1606.7656572741444 1606.7656572741444 192.95060780063434 1.5041924878463089 312998.8119676106 312998.8119676106 3000.0 128.0 172932.0#172932.0#3000_174934.0#174934.0#3000 174930.0#174930.0#128
175000.0 176000.0 0.38222656250582077 354.0709401041677 503.628694497774 935.6106933593692 62.59504687500885 125.44130782524071 124.4388625005583 842.5906600428734 842.5906600428734 219.35542483311605 1.497867035328537 346276.39794144063 346276.39794144063 3000.0 128.0 174934.0#174934.0#3000 174930.0#174930.0#128
176000.0 177000.0 42.79383398438222 337.54976041667396 482.80285530594233 895.0289199218678 55.443115234404104 122.3412093287884 120.8243689964383 1255.5916305508401 1255.5916305508401 189.86381151420687 1.5168403323501125 324545.2647457124 324545.2647457124 3000.0 128.0 174934.0#174934.0#3000_176943.0#176943.0#3000 176937.0#176937.0#128
177000.0 178000.0 3.8991738281329162 350.5525266927046 514.083098743436 944.160884765588 51.939941406279104 141.812058557005 140.2909459670257 1278.5767055915521 1278.5767055915521 214.58138152829653 1.5211125899793154 390540.77867696236 390540.77867696236 3000.0 128.0 176943.0#176943.0#3000 176937.0#176937.0#128
178000.0 179000.0 1.355833984358469 499.32208300782077 623.6144063643958 940.2840585937083 58.36010742193321 147.51074946836363 145.55683089990774 1622.455762438583 1622.455762438583 239.13952798632147 1.953918568455902 411019.19057309284 411019.19057309284 3000.0 128.0 176943.0#176943.0#3000_178940.0#178940.0#3000 178934.0#178934.0#128
179000.0 180000.0 4.906121093808906 349.4506263020642 509.12595541066634 937.3328925780661 53.25800000000163 150.76683187885888 149.70923461196853 889.1023808988074 889.1023808988074 244.86077168128372 1.0575972668903515 432244.1910856257 432244.1910856257 3000.0 128.0 178940.0#178940.0#3000 178934.0#178934.0#128
180000.0 181000.0 0.6450742187735159 337.69073697916855 519.0142727009538 936.3200136718806 13.717285156279104 125.56584181087993 123.61898032520043 1616.6518887650254 1616.6518887650254 187.36936615031473 1.9468614856795212 328515.86719965463 328515.86719965463 3000.0 128.0 178940.0#178940.0#3000_180935.0#180935.0#3000 180929.0#180929.0#128
181000.0 182000.0 1.7749980468652211 346.89990559896495 510.6035267071696 936.3880878906348 42.47471484376001 145.2862673897929 144.225137133489 891.9812570812162 891.9812570812162 224.90879765069454 0.999029476026001 400808.70559459575 400808.70559459575 3000.0 128.0 180935.0#180935.0#3000 180929.0#180929.0#128
182000.0 183000.0 4.45261328126071 351.0882239583395 504.74580021868235 933.9140859374893 57.717285156279104 137.69138410462776 135.75785706522169 1605.5201859065792 1605.5201859065792 204.21206914627726 1.594800521321561 366642.72835515643 366642.72835515643 3000.0 128.0 180935.0#180935.0#3000_182938.0#182938.0#3000 182933.0#182933.0#128
183000.0 184000.0 4.3683632812753785 345.62077864582534 516.5913470077041 942.0867148437246 41.2306992187514 174.18287977419777 173.13308078559658 882.6404173394272 882.6404173394272 280.2444922033393 1.4506262869635773 494402.1527179933 494402.1527179933 3000.0 128.0 182938.0#182938.0#3000 182933.0#182933.0#128
184000.0 185000.0 0.2746132812462747 338.73276236980263 523.1765858264328 942.3840781250037 16.472900390654104 113.45871503747988 111.50880067915823 1619.1182207695879 1619.1182207695879 183.92753677390323 1.9499143583216527 300562.66838216456 300562.66838216456 3000.0 128.0 182938.0#182938.0#3000_184941.0#184941.0#3000 184936.0#184936.0#128
185000.0 186000.0 2.5894023437576834 346.07656575520133 515.1976922273269 940.9066914062423 40.81909960936173 176.78179410174462 175.78043281847377 841.852529450634 841.852529450634 293.99404525277754 1.0013612832708505 508113.79401418316 508113.79401418316 3000.0 128.0 184941.0#184941.0#3000 184936.0#184936.0#128
186000.0 187000.0 45.831980468763504 332.28444075521355 495.4741702970244 904.3940937499865 42.685302734404104 85.358485500057 84.22776006215933 931.0711619061733 931.0711619061733 123.78907591114496 1.1307254378976623 222380.16007223373 222380.16007223373 3000.0 128.0 184941.0#184941.0#3000_186955.0#186955.0#3000 186948.0#186948.0#128
187000.0 188000.0 4.689417968766065 541.4282187500017 461.7404372678613 953.128697265638 42.181884765595896 131.7897997181212 128.93423389320222 2399.687673603466 2399.687673603466 213.2950098063583 2.8555658249189713 373679.001528079 373679.001528079 3000.0 128.0 186955.0#186955.0#3000 186948.0#186948.0#128_187624.0#187624.0#128
188000.0 189000.0 0.0 878.8381904296984 20.351841033895923 893.2291152343969 864.447265625 175.64347302643432 173.82317437907912 1511.6835399184629 1511.6835399184629 260.5706020985564 1.8202986473551959 467910.1631450385 467910.1631450385 3000.0 128.0 186955.0#186955.0#3000_188623.0#188623.0#3000 187624.0#187624.0#128
189000.0 190000.0 2.6061835937434807 460.8089251302202 370.10163007246575 862.93408203125 134.45973437500652 178.73509550008657 177.82932535709298 761.8872971172981 761.8872971172981 289.97274795212115 0.9057701429936094 504209.0906320313 504209.0906320313 3000.0 128.0 188623.0#188623.0#3000 189612.0#189612.0#128
190000.0 191000.0 0.0 482.1219931640735 287.76942770225827 798.6730000000098 134.4069179687649 176.63019603357247 174.40135931689346 1853.4516787270545 1853.4516787270545 279.93578527165334 2.2288367166790186 468901.36483528296 468901.36483528296 3000.0 0.0 188623.0#188623.0#3000_190222.0#190222.0#3000 -
191000.0 192000.0 3.495119140658062 377.0499702148445 171.98588275874414 615.0629863280919 207.82600000000093 216.74362601771833 215.37690484068588 1148.779231061318 1148.779231061318 313.72878347962785 1.366721177032444 596901.4686025619 596901.4686025619 3000.0 128.0 190222.0#190222.0#3000_191632.0#191632.0#3000 191617.0#191617.0#128
192000.0 193000.0 4.52685546875 371.85471484375495 256.0223341969944 631.93310546875 120.0910000000149 149.38736623036323 147.75408740739567 1353.2207689386823 1353.2207689386823 153.28249788426075 1.633278822967556 428283.411049024 428283.411049024 3000.0 0.0 191632.0#191632.0#3000 -
193000.0 194000.0 687.5890390624991 312.41096093750093  312.41096093750093 312.41096093750093 57.772486640581285 57.772486640581285 0.0 0.0 57.310306747456636 0.0 161013.76898687254 161013.76898687254 3000.0 0.0 191632.0#191632.0#3000 -
194000.0 195000.0 806.74072265625 121.22619628907705 101.87016016703893 193.25927734375 49.193115234404104 25.68459349802732 23.711600279931545 1638.1752521028577 1638.1752521028577 30.904043067763517 1.9729932180957728 58963.8041226418 58963.8041226418 3000.0 128.0 194945.0#194945.0#3000 194939.0#194939.0#128
195000.0 196000.0 2.4810996093729045 335.05954101562384 532.8022780626578 949.8528847656271 7.659722656244412 167.04199439464597 165.9195009886473 943.078645895502 943.078645895502 269.5413040586091 1.1224934059986365 481038.6382662734 481038.6382662734 3000.0 128.0 194945.0#194945.0#3000 194939.0#194939.0#128
196000.0 197000.0 0.0 351.61135872395243 518.8752242635483 950.714984374994 45.92499999998836 116.19042672219231 114.22757796619928 1629.8644920352685 1629.8644920352685 155.0550212893674 1.9628487559930352 292364.0109791763 292364.0109791763 3000.0 128.0 194945.0#194945.0#3000_196940.0#196940.0#3000 196932.0#196932.0#128
197000.0 198000.0 2.8560820312413853 498.5719589843793 623.4022370413236 939.3839082031627 57.760009765595896 165.18651512583776 164.1288611936365 889.1527391660028 889.1527391660028 174.3711827003859 1.0576539322012677 490095.3205264856 490095.3205264856 3000.0 0.0 196940.0#196940.0#3000 -
198000.0 199000.0 2.3350625000020955 347.0079791666746 512.0454798870901 938.193990234402 43.359000000025844 99.78488897511735 97.84139931047858 1613.8101693733086 1613.8101693733086 99.64508519227115 1.9434896646387696 255950.22068716388 255950.22068716388 3000.0 128.0 196940.0#196940.0#3000_198939.0#198939.0#3000 198923.0#198923.0#128
199000.0 200000.0 4.492666015605209 497.7536669921974 625.988036770674 940.3940527343948 55.11328125 101.71368523657986 100.71619663766363 838.6321136189044 838.6321136189044 163.4719709839693 0.9974885989162305 287076.12783899106 287076.12783899106 3000.0 0.0 198939.0#198939.0#3000 -
200000.0 201000.0 50.512402343709255 325.70485026043025 508.0604178011263 912.3367187500116 27.626953125 154.4216419204972 152.8661296090025 1287.8249517756353 1287.8249517756353 231.99023628246977 1.5555123114946783 425316.8840287986 425316.8840287986 3000.0 128.0 198939.0#198939.0#3000_200970.0#200970.0#3000 200961.0#200961.0#128
201000.0 202000.0 4.491005859395955 340.62670507810736 547.037036167829 972.2880468750081 23.220947265595896 163.93076846329754 162.49672056581394 1206.0796974347581 1206.0796974347581 176.92914297653712 1.4340478974835822 488710.0468433261 488710.0468433261 3000.0 128.0 200970.0#200970.0#3000 200961.0#200961.0#128
202000.0 203000.0 0.0 352.6566471354551 539.7847527995173 974.9330527344136 10.751000000018394 135.46610799036597 133.44004420340724 1682.5040420371124 1682.5040420371124 136.31996151764397 2.0260637869587277 359330.1423382653 359330.1423382653 3000.0 128.0 200970.0#200970.0#3000_202926.0#202926.0#3000 202923.0#202923.0#128
203000.0 204000.0 5.1436171875102445 497.4281914062449 602.5609303404976 923.5031113280857 71.3532714844041 118.17246694682648 117.17098097124082 841.6214854010553 841.6214854010553 198.5135776357773 1.0014859755856473 334686.9897066176 334686.9897066176 3000.0 0.0 202926.0#202926.0#3000 -
204000.0 205000.0 39.79016015626257 339.9892207031177 477.9440894263744 891.8707285156124 63.23999999999069 156.63938116616947 154.64853113874068 1653.925429137093 1653.925429137093 240.14022048271391 1.9908500274287806 432019.47928056086 432019.47928056086 3000.0 128.0 202926.0#202926.0#3000_204933.0#204933.0#3000 204930.0#204930.0#128
205000.0 206000.0 1.185656250017928 499.40717187499104 614.6849473029916 934.0550664062321 64.75927734375 166.58678099996473 165.52145853585384 895.4385143144797 895.4385143144797 175.54675513529543 1.065322464110869 496509.56309836486 496509.56309836486 3000.0 0.0 204933.0#204933.0#3000 -
206000.0 207000.0 0.0 345.8165579426956 505.895697127319 929.6247226562409 36.406005859345896 81.55800637936535 79.57073842479356 1650.7509058437215 1650.7509058437215 81.91673705720075 1.9872679545717946 208274.1578398692 208274.1578398692 3000.0 128.0 204933.0#204933.0#3000_206928.0#206928.0#3000 206924.0#206924.0#128
207000.0 208000.0 4.847007812495576 584.2213287760387 453.1854444298394 925.1920546875044 69.9609375 173.9590441154169 172.00444992059323 1642.2735562714547 1642.2735562714547 254.73132670975292 1.9545941948236154 499766.1911483503 499766.1911483503 3000.0 128.0 206928.0#206928.0#3000 206924.0#206924.0#128_207150.0#207150.0#128
208000.0 209000.0 0.0 595.569020833335 460.19213776978717 900.2070625000051 66.19091796875 176.09699590835766 174.1616735529821 1608.9431847272488 1608.9431847272488 221.22946757766402 1.9353223553755714 503303.6987721833 503303.6987721833 3000.0 128.0 206928.0#206928.0#3000_208178.0#208178.0#3000 208975.0#208975.0#128
209000.0 210000.0 177.98695312495693 367.06773339845677 309.664893868521 650.5230820312863 31.73193359375 152.6286714338148 150.63610597749178 1675.9248208655974 1675.9248208655974 156.07231263837863 1.992565456323021 396731.38062894286 396731.38062894286 3000.0 128.0 208178.0#208178.0#3000_209642.0#209642.0#3000 208975.0#208975.0#128
210000.0 211000.0 0.0 396.2571998697919 501.41573003082556 968.0750664062507 31.697265625 196.03473538677818 195.1649354296787 721.9339643925608 721.9339643925608 331.41531534236924 0.8697999570994709 569525.5274665605 569525.5274665605 3000.0 128.0 209642.0#209642.0#3000 210964.0#210964.0#128
211000.0 212000.0 0.0 477.8514921874933 308.02357218202945 827.2600097655959 245.5817324218806 134.39952981062717 132.4419936430376 1634.683052595637 1634.683052595637 210.72405230954413 1.9575361675896001 364661.0991827599 364661.0991827599 3000.0 128.0 209642.0#209642.0#3000_211172.0#211172.0#3000 210964.0#210964.0#128
212000.0 213000.0 0.0 493.4010541992393 361.2726193157555 825.5219726562791 172.6479902343999 171.95357642565767 169.72384220815522 1022.7513670307851 1022.7513670307851 280.95162644230066 1.2297342175024748 467581.58576216426 467581.58576216426 3000.0 128.0 211172.0#211172.0#3000 212967.0#212967.0#128
213000.0 214000.0 9.199087890679948 386.50455273434636 375.46870706249314 820.0568847655959 168.71274609371903 150.6185073732479 148.8528494319373 1475.3688306898107 1475.3688306898107 249.11270923847133 1.7656579413105842 417484.71107698017 417484.71107698017 3000.0 128.0 211172.0#211172.0#3000_213217.0#213217.0#3000 212967.0#212967.0#128
214000.0 215000.0 4.486990234348923 395.31797591146704 366.82520422490836 818.81689453125 176.69611523440108 159.63081801226602 157.63995362419755 1664.3957339201766 1664.3957339201766 264.1272035398871 1.990864388068505 444899.91241505166 444899.91241505166 3000.0 128.0 213217.0#213217.0#3000_214958.0#214958.0#3000 214953.0#214953.0#128
215000.0 216000.0 0.0 395.27406184897217 362.65604598867327 813.947998046875 178.62210546879214 190.34716589541512 189.16075856698572 986.8670513710301 986.8670513710301 290.4474672799773 1.1864073284293648 533193.2011189825 533193.2011189825 3000.0 128.0 214958.0#214958.0#3000 214953.0#214953.0#128
216000.0 217000.0 4.6791132812795695 358.3515911458235 397.50651643499174 813.5568847655959 79.73388671875 92.14386161197845 90.22085818775291 1597.052168899302 1597.052168899302 137.5020500486215 1.9230034242255352 242392.0276778085 242392.0276778085 3000.0 128.0 214958.0#214958.0#3000_216919.0#216919.0#3000 216915.0#216915.0#128
217000.0 218000.0 3.3936015624785796 355.2941712239699 487.02911112854594 917.6391132812423 69.27611523438827 142.6475648438255 141.48926472560254 971.6167359084959 971.6167359084959 232.3823858460073 1.158300118222999 405833.41763926717 405833.41763926717 3000.0 128.0 216919.0#216919.0#3000 216915.0#216915.0#128
218000.0 219000.0 31.49037109373603 346.64684570312966 472.55356072058544 892.297714843764 71.430908203125 131.57051361122967 129.8462634364319 1430.1394389809757 1430.1394389809757 207.15912348129785 1.724250174797775 357269.9576874562 357269.9576874562 3000.0 128.0 216919.0#216919.0#3000_218927.0#218927.0#3000 218922.0#218922.0#128
219000.0 220000.0 2.6708886718843132 341.6520657552076 506.58153882500335 926.0590917968657 27.627085937507218 160.40550839293493 159.06608869229962 1125.5195930529908 1125.5195930529908 290.03516105155074 1.3394197006353348 478113.54627799115 478113.54627799115 3000.0 128.0 218927.0#218927.0#3000 218922.0#218922.0#128
220000.0 221000.0 0.0 352.33898893230554 484.912955820287 911.9449804687465 56.06100000004517 112.69599777444238 110.75195433088304 1614.62426049154 1614.62426049154 192.73666913078932 1.9440434435593354 307264.7632493141 307264.7632493141 3000.0 128.0 218927.0#218927.0#3000_220910.0#220910.0#3000 220907.0#220907.0#128
221000.0 222000.0 4.816976562520722 497.59151171873964 584.5390158181773 910.9230136718834 84.2600097655959 157.35753947741733 156.27765561710024 907.2354017258662 907.2354017258662 290.3844523328164 0.9954334994380392 471333.57096869923 471333.57096869923 3000.0 0.0 220910.0#220910.0#3000 -
222000.0 223000.0 4.355074218736263 358.86463346353656 480.3165654452522 913.4859902343887 80.9489746093459 118.79614295641628 116.88399063145296 1588.0590662801974 1588.0590662801974 197.4657705292573 1.826381962774094 318650.3977988452 318650.3977988452 3000.0 128.0 220910.0#220910.0#3000_222918.0#222918.0#3000 222913.0#222913.0#128
223000.0 224000.0 3.4400058593892027 337.80468619792373 503.21600046874835 917.7670253906108 16.85406445316039 162.66517049281344 161.66479463574007 840.5250357723194 840.5250357723194 292.2291458829312 1.1705965801416283 485888.72368761164 485888.72368761164 3000.0 128.0 222918.0#222918.0#3000 222913.0#222913.0#128
224000.0 225000.0 34.60586328126374 347.2138170572871 469.058622485522 888.8360312499863 76.247314453125 99.44886775782398 97.70487267987812 1446.7371631352794 1446.7371631352794 167.76171894621064 1.7439950779458688 276217.6666870137 276217.6666870137 3000.0 128.0 222918.0#222918.0#3000_224922.0#224922.0#3000 224921.0#224921.0#128
225000.0 226000.0 4.741066406248137 340.3019427083297 504.5628382985809 922.2796855468769 25.646894531237194 107.95578874765178 106.70615498221056 1050.0384884421383 1050.0384884421383 199.45008514398984 1.2496337654412257 326007.2012199905 326007.2012199905 3000.0 128.0 224922.0#224922.0#3000 224921.0#224921.0#128
226000.0 227000.0 42.73033007813501 334.57988020833 489.1204982011574 899.328751953115 46.469970703125 149.2099145357875 147.67749521938526 1268.8265032762329 1268.8265032762329 234.94131487355668 1.5324193164022142 402600.01314028836 402600.01314028836 3000.0 128.0 224922.0#224922.0#3000_226952.0#226952.0#3000 226947.0#226947.0#128
227000.0 228000.0 2.320863281172933 347.6784062500228 522.9847565575177 951.5690292968939 45.356082031241385 142.5892063953492 141.1021128815292 1250.1197232800553 1250.1197232800553 253.30675524098913 1.4870935138200383 423266.4096953069 423266.4096953069 3000.0 128.0 226952.0#226952.0#3000 226947.0#226947.0#128
228000.0 229000.0 0.0 500.0029433593736 606.7456297036028 929.0368925780931 70.9689941406541 120.8467177105382 118.87023452666442 1641.3336877505642 1641.3336877505642 186.9073142309274 1.9764831838737709 321445.08636570553 321445.08636570553 3000.0 128.0 226952.0#226952.0#3000_228928.0#228928.0#3000 228923.0#228923.0#128
229000.0 230000.0 6.366095703153405 348.9629680989504 501.359701751128 927.8380058593466 53.25500000000466 141.71616426385046 140.71919062384654 837.9552020550749 837.9552020550749 231.30245784239122 0.9969736400038876 407057.0151500424 407057.0151500424 3000.0 128.0 228928.0#228928.0#3000 228923.0#228923.0#128
230000.0 231000.0 0.0 484.3307636718673 375.31922500542856 901.4011015624856 4.842041015595896 211.94663927543004 209.40452071024256 2117.960434716074 2117.960434716074 298.7833983271469 2.5421185651875007 621215.3125763402 621215.3125763402 3000.0 128.0 228928.0#228928.0#3000_230389.0#230389.0#3000 230109.0#230109.0#128
231000.0 232000.0 68.760912109341 310.60134895835654 279.50865479719073 543.2930000000051 0.5649589844106231 155.95809997204216 155.5682459385114 328.2570962328944 328.2570962328944 148.4954776331666 0.3898540335307535 416613.1970498089 413709.1970498089 3000.0 0.0 230389.0#230389.0#3000 -
232000.0 233000.0 805.68603515625 194.31396484375  194.31396484375 194.31396484375 8.317767456077487 7.2780465240678005 862.9683735680393 862.9683735680393 8.317767456077487 1.0397209320096858 18689.503613340108 18689.503613340108 0.0 128.0 - 232999.0#232999.0#128
233000.0 234000.0 0.0 587.852536132792 577.5443141575734 996.2380371093459 179.46703515623813 137.65040540025126 135.69037115644304 1638.825484470644 1638.825484470644 206.63351253168727 1.9600342438082277 398806.0621754567 398806.0621754567 3000.0 128.0 233002.0#233002.0#3000 232999.0#232999.0#128
234000.0 235000.0 102.98103710939176 448.5094814453041 633.943175884251 896.7749999999942 0.24396289061405696 138.03182714367125 137.0315823194892 820.2061419613169 820.2061419613169 225.04872001223524 1.0002448241820867 372710.4342112032 372710.4342112032 3000.0 0.0 233002.0#233002.0#3000 -
235000.0 236000.0 1000.0 0.0 0.0 0.0 0.0 0.0 0.0 0.0 0.0 0.0 0.0 0.0 0.0 0.0 0.0 - -
236000.0 237000.0 809.5270996093459 131.77941894532705 83.00511748287512 190.4729003906541 73.0859375 21.544580529757873 20.459030224184772 905.2606555427963 905.2606555427963 28.087048198905954 1.0855503055730995 59059.85741094235 59059.85741094235 3000.0 128.0 236926.0#236926.0#3000 236922.0#236922.0#128
237000.0 238000.0 4.709857421868946 354.17758642577246 407.78735274020204 923.783062500006 47.381103515595896 182.53253365093693 179.49881375926586 2535.5849787400466 2535.5849787400466 207.4763406607023 3.033719891671045 530091.6063042926 530091.6063042926 3000.0 128.0 236926.0#236926.0#3000_237951.0#237951.0#3000 236922.0#236922.0#128_237157.0#237157.0#128
238000.0 239000.0 0.0 498.0607709961041 507.773615200937 951.0018964844057 46.497314453125 196.23682440376996 194.28555893183923 1622.545399162394 1622.545399162394 272.2154856325565 1.951265471930721 540821.2243373173 540548.5676953358 3000.0 0.0 236926.0#236926.0#3000_237951.0#237951.0#3000 -
239000.0 240000.0 0.0 545.5034443359546 459.3251248085996 948.9766855468915 70.19604492193321 204.45349312505917 202.52402879423406 1622.608966554763 1622.608966554763 292.3412487010476 1.9294643308251342 557169.7768456317 551634.433487613 3000.0 128.0 237951.0#237951.0#3000_239398.0#239398.0#3000 239625.0#239625.0#128
240000.0 241000.0 0.0 327.67799121092685 401.464465128812 924.9519550781115 65.8889160155959 208.37984247896878 207.05985197435567 1097.136800396089 1097.136800396089 223.73227663545265 1.3199905046131184 584671.7283287416 584671.7283287416 3000.0 128.0 239398.0#239398.0#3000_240870.0#240870.0#3000 240965.0#240965.0#128
241000.0 242000.0 2.51309960935032 328.4092226562643 361.917589017458 869.7639999999956 127.7229003906541 174.99527417843748 173.14879734117514 1545.0287014630453 1545.0287014630453 253.61112373454338 1.8464768372623381 469850.4158398018 469850.4158398018 3000.0 128.0 239398.0#239398.0#3000_240870.0#240870.0#3000 240965.0#240965.0#128
242000.0 243000.0 360.46790039064945 639.5320996093506  639.5320996093506 639.5320996093506 100.85745163306977 100.02391897494523 701.8344981408657 701.8344981408657 152.53647643679147 0.8335326581245436 276935.3909332727 276935.3909332727 3000.0 0.0 240870.0#240870.0#3000_242631.0#242631.0#3000 -
243000.0 244000.0 124.8420410155959 752.287475585952 173.76510403742913 875.1579589844041 629.4169921875 166.62759242730021 165.32173720819569 1083.8598318567497 1083.8598318567497 267.7553787404324 0.6529276095522588 488628.56571637036 488628.56571637036 3000.0 128.0 242631.0#242631.0#3000 243369.0#243369.0#128
244000.0 245000.0 0.0 336.92552669271146 345.2327083046064 874.1960449219332 35.4169921875 128.1485865125034 123.68012146507922 3853.725192328372 3853.725192328372 189.1733375463358 4.741533616508265 335604.1326173752 335604.1326173752 2533.3333333333335 128.0 242631.0#242631.0#3000_244892.0#244892.0#2300_244894.0#244894.0#2300 244961.0#244961.0#128_244963.0#244963.0#128
245000.0 246000.0 3.9470527343510184 232.98898359374726 257.87762848321756 616.780029296875 12.706955078087049 146.00206607542876 142.7763863419575 3084.414975814878 3084.414975814878 155.12765297365144 3.6055387739394766 391555.1066861788 391555.1066861788 2300.0 128.0 244892.0#244892.0#2300_244894.0#244894.0#2300 244961.0#244961.0#128_244963.0#244963.0#128
246000.0 247000.0 580.2190800780954 209.89045996095228 39.23383494590375 237.63297070315457 182.14794921875 71.05196885407855 70.68693193068657 303.3456833387398 303.3456833387398 72.96406614924325 0.3650369233919853 202480.90941811918 202480.90941811918 2300.0 0.0 244894.0#244894.0#2300_246928.0#246928.0#2300 -
247000.0 248000.0 4.219941406248836 388.55168619791704 370.0613328895876 815.8220507812512 169.875 148.89840852058595 146.08159914418843 2347.768282488665 2347.768282488665 159.61710918149691 2.816809376397533 411411.7886467946 411411.7886467946 2300.0 128.0 246928.0#246928.0#2300 247110.0#247110.0#128
248000.0 249000.0 72.19503515621182 463.9024824218941 488.97213117571465 809.65799218748 118.14697265630821 52.6356170444885 51.69919573866399 770.4673580996083 770.4673580996083 48.55456808252382 0.9364213058245118 136624.35516199804 136624.35516199804 2300.0 0.0 246928.0#246928.0#2300_248926.0#248926.0#2300 -
249000.0 250000.0 5.0619921875186265 358.6383359374983 452.53711181749776 880.8330273437314 80.9770000000135 127.27555087316938 125.27213129135306 1682.2021697658727 1682.2021697658727 133.83924169671943 2.0034195818163187 353537.0642596438 353537.0642596438 2300.0 128.0 248926.0#248926.0#2300 249132.0#249132.0#128
250000.0 251000.0 76.16105078125838 461.9194746093708 511.4737328851279 823.5860195312416 100.2529296875 76.31442838173705 75.3357255066545 804.744938942968 804.744938942968 73.42871525658214 0.9787028750825421 204421.0365798265 204421.0365798265 2300.0 0.0 248926.0#248926.0#2300_250923.0#250923.0#2300 -
251000.0 252000.0 3.4580410156049766 377.94231966145645 451.1374999999815 898.38107031252 98.160888671875 149.7201548711618 147.7209945203334 1679.102906304005 1679.102906304005 162.716551866762 0.9991603508284006 421744.2060216412 421744.2060216412 2300.0 128.0 250923.0#250923.0#2300 251116.0#251116.0#128
252000.0 253000.0 37.41478710935917 481.2926064453204 575.002977910284 887.8811113281408 74.7041015625 60.07094742871781 59.09575150881832 801.3050736488791 801.3050736488791 56.091923828109735 0.9751959198994901 156209.24250008538 156209.24250008538 2300.0 0.0 250923.0#250923.0#2300_252923.0#252923.0#2300 -
253000.0 254000.0 4.206113281252328 354.29662890625576 494.01455053544424 924.7308984374977 67.09600000001956 133.1665279381008 131.09882008032298 1737.443020147725 1737.443020147725 139.42962231888743 1.0677078577778263 374713.92215746164 374713.92215746164 2300.0 128.0 252923.0#252923.0#2300 253154.0#253154.0#128
254000.0 255000.0 73.36698828125373 926.6330117187463  926.6330117187463 926.6330117187463 77.0881510727278 75.2306052637464 1543.6205672635372 1543.6205672635372 74.3018323592557 1.8575458089813925 199666.6702345054 199666.6702345054 2300.0 0.0 252923.0#252923.0#2300_254921.0#254921.0#2300 -
255000.0 256000.0 181.42500976554584 409.2874951172271 487.8364969691094 754.239990234375 64.33500000007916 159.46623559636103 158.46623559636103 840.0 840.0 166.96967052291825 0.0 445404.5842181075 445404.5842181075 2300.0 128.0 254921.0#254921.0#2300 255114.0#255114.0#128
256000.0 257000.0 48.680083984392695 475.65995800780365 359.51988441633796 729.87890625 221.4410097656073 45.19256938129144 43.72904739023045 1216.1867745716809 1216.1867745716809 49.8844174413257 1.4635219910609878 130539.69048649515 130539.69048649515 2300.0 0.0 254921.0#254921.0#2300_256928.0#256928.0#2300 -
257000.0 258000.0 0.0 616.7373118489631 309.04731593952965 855.056884765625 267.54909375001444 153.93421187063672 151.57692395381687 1977.1143579561021 1977.1143579561021 158.57074509384395 2.357287916819848 417569.6327147849 417569.6327147849 2300.0 128.0 256928.0#256928.0#2300 257144.0#257144.0#128
258000.0 259000.0 0.0 341.27928632813274 339.0362371209786 829.710000000021 0.0 176.29469648066834 174.1155063885492 1810.6988674722172 1810.6988674722172 255.1672524780796 2.179190092119164 474062.6516826207 474062.6516826207 2300.0 128.0 256928.0#256928.0#2300_258078.0#258078.0#2300 258111.0#258111.0#128
259000.0 260000.0 0.0 460.4912708333383 120.20389246095029 574.1630859375 334.67700000002515 243.36349023059154 241.7882531770751 1324.3495990608349 1324.3495990608349 339.9695483781046 1.5752370535164308 547452.5625210996 520724.74806651217 2300.0 128.0 258078.0#258078.0#2300_259424.0#259424.0#2300 259635.0#259635.0#128
260000.0 261000.0 62.91808593750466 351.1003046874927 208.23904134456765 513.1120000000228 116.21899999998277 266.7487964404509 265.32403349396736 1177.6504009391651 1177.6504009391651 271.4383660857279 1.424762946483569 422510.8783768922 402774.69283147965 2300.0 0.0 259424.0#259424.0#2300 -
261000.0 262000.0 1000.0 0.0 0.0 0.0 0.0 0.0 0.0 0.0 0.0 0.0 0.0 0.0 0.0 0.0 0.0 - -
262000.0 263000.0 808.0327148436918 124.6621093750291 95.18389240779008 191.9672851563082 57.35693359375 17.610020398496868 16.345168657464427 1050.5154286087673 1050.5154286087673 21.224559045649535 1.264851741032444 39081.88232798693 39081.88232798693 2300.0 128.0 262941.0#262941.0#2300 262937.0#262937.0#128
263000.0 264000.0 5.167953125026543 373.6095872395672 493.91515796214037 942.3520664062235 52.47998046875 113.10118408074197 111.2589629927008 1540.462092351403 1540.462092351403 175.16346616042958 1.8422210880411662 315014.63055048784 315014.63055048784 2300.0 128.0 262941.0#262941.0#2300 262937.0#262937.0#128
264000.0 265000.0 72.21298046875745 927.7870195312425  927.7870195312425 927.7870195312425 83.28879552076114 81.39586834983476 1573.02247903983 1573.02247903983 130.6119747939209 1.8929271709263897 217830.48712152522 217830.48712152522 2300.0 0.0 262941.0#262941.0#2300_264922.0#264922.0#2300 -
265000.0 266000.0 139.93701171875 799.4554443359375 85.7120106295843 860.06298828125 738.847900390625 143.54258239188405 141.6249541274864 1612.7253703584136 1612.7253703584136 238.93218101314477 1.9176282643976381 402011.7355242623 402011.7355242623 2300.0 128.0 264922.0#264922.0#2300 265138.0#265138.0#128
266000.0 267000.0 0.0 394.41486601561775 342.1607243980369 779.805908203125 36.944011718733236 277.46379807977735 274.67027059187234 2331.2450598050973 2331.2450598050973 336.94392090346275 2.7935274879050223 562463.7495140713 562463.7495140713 2300.0 128.0 264922.0#264922.0#2300_266032.0#266032.0#2300 266109.0#266109.0#128
267000.0 268000.0 13.145900390576571 251.21296562502394 184.75207491501283 575.748046875 124.51468945312081 212.5457570429261 211.25691279522877 1080.0295698364891 1080.0295698364891 308.8627615852552 1.2888442476973396 524247.9847968094 524247.9847968094 2300.0 128.0 266032.0#266032.0#2300_267117.0#267117.0#2300 267129.0#267129.0#128
268000.0 269000.0 0.4361308593652211 351.4774160156376 262.07584226715346 569.5300000000279 60.727294921875 115.83311778847276 113.77235506888536 1711.1622098925852 1711.1622098925852 187.81122296612597 2.0607627195873937 304977.438005069 304977.438005069 2300.0 128.0 267117.0#267117.0#2300_268938.0#268938.0#2300 268928.0#268928.0#128
269000.0 270000.0 0.8981855468591675 499.5509072265704 621.0360436859079 938.6897050781408 60.412109375 134.15689016795992 133.09652900832015 890.7044285302466 890.7044285302466 216.59622240641642 0.9997992200262098 368093.65417508874 368093.65417508874 2300.0 0.0 268938.0#268938.0#2300 -
270000.0 271000.0 4.596802734362427 231.39060039062753 394.5223767162461 937.1138906250126 50.971923828125 87.85213789292838 85.15018619665598 2238.0424270943195 2238.0424270943195 139.6762159327127 2.5442803321566294 237687.98881581498 237687.98881581498 2766.6666666666665 128.0 268938.0#268938.0#2300_270943.0#270943.0#3000_270948.0#270948.0#3000 270934.0#270934.0#128_270939.0#270939.0#128
271000.0 272000.0 4.434986328124069 243.90616523437203 396.59318857410113 947.3540761718759 16.27169335936196 172.40405054512658 170.12973294347037 1903.927271522141 1903.927271522141 308.9236726450728 2.4925509053855417 523558.94592219254 523558.94592219254 3000.0 128.0 270943.0#270943.0#3000_270948.0#270948.0#3000 270934.0#270934.0#128_270939.0#270939.0#128
272000.0 273000.0 1.7010273436899297 348.82735937502 513.5600483048197 941.8160625000019 48.18310546875 94.07731084484466 92.11816513834931 1626.7694029949496 1626.7694029949496 137.54534272711203 1.9591457064953446 249248.66353209576 249248.66353209576 3000.0 128.0 270948.0#270948.0#3000_272942.0#272942.0#3000 272936.0#272936.0#128
273000.0 274000.0 1.5188085937406868 334.5670286458335 527.1195945415158 942.5270898437593 5.219894531241152 171.26497118355303 170.20960152835352 887.2783472117719 887.2783472117719 186.68121294989427 1.0553696551995004 507832.55739320244 507832.55739320244 3000.0 128.0 272942.0#272942.0#3000 272936.0#272936.0#128
274000.0 275000.0 0.0 350.4336712239504 514.3315952981168 944.0428984374739 37.56500000000233 89.74454494269547 87.78654077048628 1625.982415466349 1625.982415466349 95.07097289980706 1.9580041722091945 230267.82262613537 230267.82262613537 3000.0 128.0 272942.0#272942.0#3000_274928.0#274928.0#3000 274924.0#274924.0#128
275000.0 276000.0 3.5228359375032596 498.23858203124837 606.5948087990612 927.1658847656217 69.311279296875 164.76350594596988 163.7619276158884 841.7561510234793 841.7561510234793 289.60756452506763 1.0015783300814576 493821.8810712946 493821.8810712946 3000.0 0.0 274928.0#274928.0#3000 -
276000.0 277000.0 45.48829101561569 334.08788736979477 490.2773383592255 900.1987207031343 47.751953125 106.95525135827512 105.143900524053 1503.0602696332226 1503.0602696332226 149.12776760740186 1.8113508342221243 267030.2588836216 267030.2588836216 3000.0 128.0 274928.0#274928.0#3000_276950.0#276950.0#3000 276944.0#276944.0#128
277000.0 278000.0 4.194042968680151 335.5136562500459 532.1932541394034 949.6980468750116 10.735011718817987 104.78982810106578 103.58024814786067 1017.027194342781 1017.027194342781 118.52226629543713 1.2095799532050935 311845.1741666639 311845.1741666639 3000.0 128.0 276950.0#276950.0#3000 276944.0#276944.0#128
278000.0 279000.0 0.0 350.39646289062995 521.2118911329407 951.6630898437579 26.945000000006985 166.46233231784908 164.48216333819357 1644.4113428127632 1644.4113428127632 171.16051769480174 1.9801689796555124 461738.1267860097 461738.1267860097 3000.0 128.0 276950.0#276950.0#3000_278925.0#278925.0#3000 278919.0#278919.0#128
279000.0 280000.0 1.5042910156189464 499.2478544921905 605.3397564105186 927.287701171881 71.2080078125 124.31658572711441 123.31469210646881 841.9557711484769 841.9557711484769 215.63787406360467 1.0018936206456157 362895.6063197977 362895.6063197977 3000.0 0.0 278925.0#278925.0#3000 -
280000.0 281000.0 51.68111523438711 335.6083294270793 475.62398907971567 884.8039921874879 58.506103515625 160.83161660320323 158.88100411414445 1620.121449940836 1620.121449940836 253.46559316511568 1.9506124890587877 439159.6274580531 439159.6274580531 3000.0 128.0 278925.0#278925.0#3000_280940.0#280940.0#3000 280935.0#280935.0#128
281000.0 282000.0 4.365109374979511 332.6129993489594 526.0953668185896 939.2908964843955 2.2041074218577705 156.62162107125354 155.53389111101367 914.4476272657487 914.4476272657487 168.77852542904597 1.087729960239873 470530.4484541018 470530.4484541018 3000.0 128.0 280940.0#280940.0#3000 280935.0#280935.0#128
282000.0 283000.0 3.4748964843456633 349.9407011718916 513.106616325685 942.4250058593461 53.29700000002049 98.58128854222684 96.63995547600027 1611.9563643008014 1611.9563643008014 99.82094962108218 1.941333066226582 255959.20712002044 255959.20712002044 3000.0 128.0 280940.0#280940.0#3000_282944.0#282944.0#3000 282937.0#282937.0#128
283000.0 284000.0 4.1201367187313735 497.9399316406343 631.9483599822046 944.7949023437686 51.0849609375 165.81199540656036 164.76158897692008 883.1874172686919 883.1874172686919 272.1025785648811 1.0504064296402775 475633.3670034689 475633.3670034689 3000.0 128.0 282944.0#282944.0#3000 282937.0#282937.0#128
284000.0 285000.0 0.0 501.00816308593494 601.0250322637484 925.9970390624949 76.019287109375 100.83400621429892 98.8621912536985 1637.522993313966 1637.522993313966 142.50240518817 1.971814960600409 265674.5936156488 265674.5936156488 3000.0 128.0 282944.0#282944.0#3000_284923.0#284923.0#3000 284920.0#284920.0#128
285000.0 286000.0 0.0 601.5809700520864 459.7018599581772 919.2407128906343 74.450927734375 151.55098054707645 149.62869182530633 1615.007524476622 1615.007524476622 176.4427760217947 1.9222887217700948 443548.233414815 443548.233414815 3000.0 128.0 284923.0#284923.0#3000 284920.0#284920.0#128_285612.0#285612.0#128
286000.0 287000.0 0.0 464.0235761718941 404.7384843232961 878.680072265619 69.99173046881333 183.30385266398426 181.8569404414418 1197.8596706345527 1197.8596706345527 227.2713799526576 1.4469122225424644 505026.0361130252 505026.0361130252 3000.0 128.0 284923.0#284923.0#3000_286552.0#286552.0#3000 285612.0#285612.0#128
287000.0 288000.0 5.451025390648283 453.1176432291589 93.87083678779732 551.7010742187267 364.803955078125 158.93978474527086 157.0259994695333 1610.0478346163372 1610.0478346163372 260.7108700300024 1.9137852757375569 446070.40863798326 446070.40863798326 3000.0 128.0 286552.0#286552.0#3000 287634.0#287634.0#128
288000.0 289000.0 386.8969257813296 243.89977343748615 74.03363859520502 323.4040996092954 171.92204492189921 115.10643410550945 113.99927287917566 925.990774755503 925.990774755503 154.62450808368465 1.1071612263337895 327214.351240831 327214.351240831 3000.0 128.0 286552.0#286552.0#3000_288165.0#288165.0#3000 287634.0#287634.0#128
289000.0 290000.0 4.3649843750172295 401.87982304687614 255.06736654336046 708.0200253906078 103.27099609375 231.9463753108616 230.12868929594285 1512.0899699338788 1512.0899699338788 260.4213006855301 1.8176860149188188 637448.7786508788 637448.7786508788 3000.0 128.0 288165.0#288165.0#3000_289714.0#289714.0#3000 289620.0#289620.0#128
290000.0 291000.0 2.519166015612427 253.76475429687417 277.76097675017013 715.4459218750126 39.65200390625978 146.85458829739397 145.47668567679608 1155.6392620944296 1155.6392620944296 230.52328018401022 1.3779026205979232 414454.9498725133 414454.9498725133 3000.0 128.0 288165.0#288165.0#3000_289714.0#289714.0#3000 289620.0#289620.0#128
291000.0 292000.0 0.0 497.3474335937499 310.1415294569992 807.8320761718787 186.665283203125 165.31777692125846 162.792776603911 2102.4884215101447 2102.4884215101447 273.5248401240108 2.5250003173474624 483222.66237697715 483222.66237697715 3000.0 128.0 289714.0#289714.0#3000_291452.0#291452.0#3000 291475.0#291475.0#128
292000.0 293000.0 0.0 482.6230864257959 334.75995813348226 810.9167167968699 124.073974609375 155.2522056225487 154.009196974316 1028.1189562306834 1028.1189562306834 242.52638267610357 1.2430086482326896 427659.5721124785 427659.5721124785 3000.0 0.0 291452.0#291452.0#3000 -
293000.0 294000.0 4.924029296846129 432.42203662109387 378.0731977341529 871.1570253906539 109.7451171875 83.00175929968503 81.32202213170687 1410.532613062208 1410.532613062208 107.37117905218231 1.6797371679781532 231010.60640063602 231010.60640063602 3000.0 128.0 293626.0#293626.0#3000 293619.0#293619.0#128
294000.0 295000.0 0.0 491.6035864257865 451.5548271124612 889.1768828125205 81.673095703125 190.4482786869812 189.26665705591722 974.9998861870283 974.9998861870283 198.99005610341896 1.181621631063997 523838.939504791 523838.939504791 3000.0 128.0 293626.0#293626.0#3000 293619.0#293619.0#128
295000.0 296000.0 4.855316406232305 463.45319596353994 384.7419942888737 877.7486875000177 117.39599609375 140.47112731792504 138.76261249908353 1436.912002735482 1436.912002735482 144.26434547720729 1.7085148188415031 371223.73883007385 371223.73883007385 3000.0 128.0 293626.0#293626.0#3000_295207.0#295207.0#3000 295118.0#295118.0#128
296000.0 297000.0 0.0 367.77007877603563 424.259675374583 851.7470039062318 60.047119140625 177.6942566653941 176.92461208932124 639.5282279487883 639.5282279487883 174.61199270995888 0.7696445760728758 486624.1686950691 486624.1686950691 3000.0 128.0 295207.0#295207.0#3000_296939.0#296939.0#3000 296935.0#296935.0#128
297000.0 298000.0 4.573160156258382 447.95590885416215 446.94330965018247 936.2688808593666 59.157958984375 170.1270215334796 167.7781280512625 1960.8583604319006 1960.8583604319006 180.40007139716582 2.2896244530721175 484412.58889479993 484412.58889479993 3000.0 128.0 296939.0#296939.0#3000 296935.0#296935.0#128
298000.0 299000.0 3.73483984376071 344.80038216145476 514.6534682423109 938.9680410156143 38.135986328125 100.00062959514908 98.08097942561528 1593.767899446941 1593.767899446941 95.95456182213111 1.1884863243947559 264689.34419483325 264689.34419483325 3000.0 128.0 296939.0#296939.0#3000_298959.0#298959.0#3000 298937.0#298937.0#128
299000.0 300000.0 1.8819160156417638 404.74265494791325 489.50058368521303 960.4960136718582 37.6220703125 124.42710988687946 123.38742497694763 809.84551217237 809.84551217237 187.78171775169395 1.7522446464602508 355530.55413575197 355530.55413575197 3000.0 128.0 298959.0#298959.0#3000 298937.0#298937.0#128
