ts te idle avg_span std_span max_span min_span c_bytes_all s_bytes_all avg_video_rate avg_audio_rate video_requests_sequence audio_requests_sequence
0 2000 2000.0 0.0 0.0 0.0 0.0 0.0 0.0 0.0 0.0 - -
2000 4000 2000.0 0.0 0.0 0.0 0.0 0.0 0.0 0.0 0.0 - -
4000 6000 2000.0 0.0 0.0 0.0 0.0 0.0 0.0 0.0 0.0 - -
6000 8000 1208.39404296875 791.60595703125  791.60595703125 791.60595703125 12839.46022677147 267423.99797839386 840.0 128.0 7515.0#7515.0#840 7509.0#7509.0#128
8000 10000 225.56298242189223 591.4790058593693 343.82694126567 823.9629999999888 196.52504296874395 15760.591088709392 542610.5471959962 720.0 128.0 7515.0#7515.0#840_8177.0#8177.0#840_9227.0#9227.0#480 8193.0#8193.0#128_9289.0#9289.0#128
10000 12000 16.071033203043044 661.3096555989856 382.1942183789222 991.8250000000116 242.7890253906371 17395.98965378316 653951.4375250813 480.0 128.0 10048.0#10048.0#480_10664.0#10664.0#480_11257.0#11257.0#480_11709.0#11709.0#480 10168.0#10168.0#128_10670.0#10670.0#128_11281.0#11281.0#128_11724.0#11724.0#128
12000 14000 24.461837890616152 658.5127207031279 384.1152604940761 999.8439999999828 242.56305859377608 16601.983951351256 541979.3783307365 480.0 128.0 11709.0#11709.0#480_12298.0#12298.0#480_12775.0#12775.0#480_13587.0#13587.0#480 12343.0#12343.0#128_12783.0#12783.0#128_13583.0#13583.0#128
14000 16000 1391.480011718697 304.25999414065154 297.4219781958789 514.569091796875 93.95089648442809 5441.7107451987595 193143.38339341944 990.0 128.0 13587.0#13587.0#480_15612.0#15612.0#1500 15607.0#15607.0#128
16000 18000 696.9469785155961 434.351007161468 111.11406228607994 512.26611328125 307.1140000000014 11178.458337169526 428522.419286191 1500.0 128.0 15612.0#15612.0#1500_17592.0#17592.0#1500 17589.0#17589.0#128
18000 20000 63.95881445315899 645.347061848947 302.32495084376666 994.0009999999893 455.831298828125 11482.297802447436 439536.1235843432 1500.0 128.0 17592.0#17592.0#1500_19579.0#19579.0#1500 19574.0#19574.0#128
20000 22000 26.674398437491618 657.7752005208362 285.5347275360425 982.9160000000265 447.847900390625 10488.529751219563 447605.527536278 1500.0 128.0 19579.0#19579.0#1500_21576.0#21576.0#1500 21572.0#21572.0#128
22000 24000 11.884638671879657 662.7051204427067 296.33434260535046 998.5009999999893 437.84326171875 8748.817336428536 362611.3742557367 1500.0 128.0 21576.0#21576.0#1500_23566.0#23566.0#1500 23561.0#23561.0#128
24000 26000 7.226150390633848 664.2579498697887 295.7980413741013 998.2829999999958 435.464111328125 9798.066277073809 450520.1361321582 1500.0 128.0 23566.0#23566.0#1500_25565.0#25565.0#1500 25563.0#25563.0#128
26000 28000 18.62717968749348 660.4576067708355 297.3575706463076 994.0289999999804 423.179931640625 10841.70006480599 440826.2821114636 1500.0 128.0 25565.0#25565.0#1500_27567.0#27567.0#1500 27563.0#27563.0#128
28000 30000 427.49193164065946 786.2540341796703 297.0357114492125 996.289999999979 576.2180683593615 5515.394765041101 237452.39267020184 1500.0 128.0 27567.0#27567.0#1500 27563.0#27563.0#128
30000 32000 1485.5830078125 514.4169921875  514.4169921875 514.4169921875 4261.059953176579 178790.99771536188 1500.0 128.0 31602.0#31602.0#1500 31599.0#31599.0#128_31782.0#31782.0#128
32000 34000 11.710046874999534 662.7633177083335 290.3701227279221 997.6849999999977 481.6860078125028 15768.882292871827 722420.5996136656 1500.0 128.0 31602.0#31602.0#1500_32707.0#32707.0#1500_33745.0#33745.0#1500 31782.0#31782.0#128_33787.0#33787.0#128
34000 36000 58.235839843866415 647.2547200520445 296.1196561512539 988.9809999999707 466.1831054686918 11934.9014373063 513394.7001099429 1500.0 128.0 33745.0#33745.0#1500_35605.0#35605.0#1500 33787.0#33787.0#128_35602.0#35602.0#128
36000 38000 15.329144531337079 661.5569518228876 290.50956481892774 994.6259999999893 460.4599609375 14357.792635064514 660516.2427357846 1500.0 128.0 35605.0#35605.0#1500_36881.0#36881.0#1500 35602.0#35602.0#128_36785.0#36785.0#128
38000 40000 599.0429785156157 466.9856738281281 458.5467561260074 996.4500000000116 198.281982421875 12396.289886776905 508858.0506225123 1900.0 128.0 36881.0#36881.0#1500_38811.0#38811.0#2300 38803.0#38803.0#128
40000 42000 73.60166796873091 642.1327773437564 453.90076310064484 998.9310000000405 131.247314453125 14644.83296997669 739531.1124376745 2300.0 128.0 38811.0#38811.0#2300_40667.0#40667.0#2300 40281.0#40281.0#128
42000 44000 17.383416015654802 660.8721946614484 470.39983804957274 991.9739999999874 122.4208984375 14408.804016441327 660737.8233627689 2300.0 128.0 40667.0#40667.0#2300_42362.0#42362.0#2300 42446.0#42446.0#128
44000 46000 15.730990234354977 661.423003255215 479.59995903243765 996.6290000000154 112.055908203125 12443.031576716628 587741.221026928 2300.0 128.0 44292.0#44292.0#2300 44289.0#44289.0#128
46000 48000 12.119029296911322 662.6269902343629 485.98246857212445 998.7139999999781 105.40087890625 14693.04330708945 722285.1726393906 2300.0 128.0 44292.0#44292.0#2300_46093.0#46093.0#2300_47935.0#47935.0#2300 46253.0#46253.0#128
48000 50000 350.55687890632544 824.7215605468373 87.90265091579843 886.8781210936722 762.5650000000023 11824.361924579778 536847.0797359706 2300.0 128.0 46093.0#46093.0#2300_47935.0#47935.0#2300 48068.0#48068.0#128
50000 52000 1484.77490234375 515.22509765625  515.22509765625 515.22509765625 4147.701551140723 179097.34963612826 2300.0 128.0 51603.0#51603.0#2300 51601.0#51601.0#128
52000 54000 7.250992187589873 664.2496692708033 289.9538672448534 998.5519999999669 481.1389023437514 15790.342109232079 725523.7065811134 2300.0 128.0 51603.0#51603.0#2300_53279.0#53279.0#2300 52282.0#52282.0#128_53785.0#53785.0#128
54000 56000 9.71599609364057 663.4280013021198 288.25885599666793 996.0030000000843 485.36889453127515 14453.305239147992 719505.8545619632 2300.0 128.0 53279.0#53279.0#2300_54691.0#54691.0#2300 53785.0#53785.0#128_55714.0#55714.0#128
56000 58000 16.20211914065294 661.2659602864491 292.22887637432996 998.5559999999823 484.00189062498976 13644.662327303362 712972.9145005045 2300.0 128.0 54691.0#54691.0#2300_56289.0#56289.0#2300_57894.0#57894.0#2300 55714.0#55714.0#128_57691.0#57691.0#128
58000 60000 11.319095703132916 662.8936347656223 290.73621245386744 998.6010000000242 493.3168945311918 14727.092290183613 735133.6043856968 2300.0 128.0 56289.0#56289.0#2300_57894.0#57894.0#2300_59872.0#59872.0#2300 57691.0#57691.0#128_59721.0#59721.0#128
60000 62000 14.474789062456694 661.8417369791811 292.73341173052313 999.6380000000354 482.3081054686918 15308.903372469704 707227.998780044 2300.0 128.0 59872.0#59872.0#2300_61598.0#61598.0#2300 61595.0#61595.0#128
62000 64000 16.53001562494319 661.1566614583522 289.6089621788025 994.8640000000014 475.51708984375 15066.359811558996 697886.6796872723 2300.0 128.0 61598.0#61598.0#2300_63570.0#63570.0#2300 63567.0#63567.0#128
64000 66000 476.8900898437132 507.7033033854289 461.47148947589517 962.9010000000126 40.20400000002701 9346.63329896353 388694.89186727727 2300.0 0.0 63570.0#63570.0#2300 -
66000 68000 1484.257080078125 515.742919921875  515.742919921875 515.742919921875 4366.631067633245 190192.82920260404 2300.0 128.0 67567.0#67567.0#2300 67563.0#67563.0#128_67789.0#67789.0#128
68000 70000 7.6616582031711005 664.112780598943 290.99860107636044 999.4739999999874 478.2710800781497 14967.100176439828 739522.6652681405 2300.0 128.0 67567.0#67567.0#2300_69058.0#69058.0#2300 67789.0#67789.0#128
70000 72000 43.82127929688431 652.0595735677052 299.0829626006737 997.3889999999665 476.031982421875 11265.6035133279 473570.31417318224 2300.0 128.0 69058.0#69058.0#2300_71555.0#71555.0#2300 71554.0#71554.0#128_71785.0#71785.0#128
72000 74000 43.49605859379517 652.167980468735 270.6983684482955 963.4689999999828 472.096923828125 15151.917869614379 693917.7482776402 1900.0 128.0 71555.0#71555.0#2300_73390.0#73390.0#1500 71785.0#71785.0#128
74000 76000 260.38492382806726 579.871692057311 391.7619155119471 999.3549999999814 223.49200000002747 12734.74737298465 606308.443078433 1500.0 128.0 73390.0#73390.0#1500_74539.0#74539.0#1500 74553.0#74553.0#128
76000 78000 1483.37109375 516.62890625  516.62890625 516.62890625 4388.623697932458 186067.16356761428 1500.0 128.0 77574.0#77574.0#1500 77572.0#77572.0#128_77781.0#77781.0#128
78000 80000 9.421611328143626 663.5261295572855 288.34492657052874 995.8040000000037 479.04709374997765 15044.959929328208 684144.8737977603 1500.0 128.0 77574.0#77574.0#1500_78882.0#78882.0#1500_79981.0#79981.0#1500 77781.0#77781.0#128
80000 82000 58.248037109326106 647.2506542968913 305.1255388362705 999.25900000002 458.2392578125 13283.9659654048 573065.4615656892 1500.0 128.0 78882.0#78882.0#1500_79981.0#79981.0#1500_81601.0#81601.0#1500 80086.0#80086.0#128_81599.0#81599.0#128
82000 84000 440.52625781245297 519.8245807291823 484.7369145537632 993.3870000000461 24.636999999987893 6465.450407334536 257677.50106893617 1500.0 0.0 81601.0#81601.0#1500 -
84000 86000 1486.730712890625 513.269287109375  513.269287109375 513.269287109375 5060.84023173891 181042.57706895287 2300.0 128.0 85625.0#85625.0#2300 85618.0#85618.0#128
86000 88000 15.954183593799826 661.3486054687334 288.68076898750815 994.5599999999977 486.7297128905775 15882.454113239044 723479.0046030958 1900.0 128.0 85625.0#85625.0#2300_87532.0#87532.0#1500 86281.0#86281.0#128
88000 90000 199.48010351567063 600.1732988281098 357.20172915140694 998.4499999999534 308.16499999997905 14523.705655022046 598921.4183279513 1500.0 128.0 87532.0#87532.0#1500_88612.0#88612.0#1500 88685.0#88685.0#128
90000 92000 1485.325927734375 514.674072265625  514.674072265625 514.674072265625 3870.963986854674 177774.90133155743 1500.0 128.0 91547.0#91547.0#1500 91792.0#91792.0#128
92000 94000 15.50810351560358 661.4972988281321 291.863623739574 998.1319999999832 479.3169277344132 16162.55205497741 692226.1882994571 1500.0 128.0 91547.0#91547.0#1500_92665.0#92665.0#1500_93878.0#93878.0#1500 91792.0#91792.0#128_92727.0#92727.0#128_93922.0#93922.0#128
94000 96000 52.20093945314875 649.2663535156171 293.7043974604175 988.1209999999846 467.780029296875 11537.139378831867 515136.43654717074 1500.0 128.0 93878.0#93878.0#1500_95556.0#95556.0#1500 93922.0#93922.0#128_95786.0#95786.0#128
96000 98000 7.046113281161524 664.3179622396128 292.0605112312039 999.5540000000037 464.888916015625 15835.451528358908 701851.1158901359 1500.0 128.0 95556.0#95556.0#1500_96973.0#96973.0#1500 95786.0#95786.0#128_97086.0#97086.0#128
98000 100000 36.749917968700174 654.4166940104333 298.7060812896714 994.8500000000349 436.197998046875 11868.077681297913 492642.0642394547 1500.0 128.0 96973.0#96973.0#1500_98136.0#98136.0#1500 98261.0#98261.0#128
100000 102000 36.80799804691924 654.3973339843602 306.670012425904 996.7189999999828 404.7609999999986 12561.815369679227 518276.2936922242 2300.0 128.0 100301.0#100301.0#2300 100294.0#100294.0#128
102000 104000 1486.6411132813082 513.3588867186918  513.3588867186918 513.3588867186918 4018.231957204372 185178.20264581294 2300.0 128.0 103599.0#103599.0#2300 103598.0#103598.0#128
104000 106000 73.84583789063618 642.0513873697879 304.44895725246 993.0829999999842 450.050048828125 13507.924838087214 607759.0166066062 2300.0 128.0 103599.0#103599.0#2300_105601.0#105601.0#2300 105600.0#105600.0#128
106000 108000 10.581751952995546 663.1394160156682 291.48491581243104 994.487000000081 446.279296875 15740.971101341449 734975.9908871597 2300.0 128.0 105601.0#105601.0#2300_107220.0#107220.0#2300 106284.0#106284.0#128_107717.0#107717.0#128
108000 110000 3.8284082031459548 665.3905305989514 294.2990868623316 999.429999999993 444.285888671875 14543.769547350737 682004.8392788405 2300.0 128.0 107220.0#107220.0#2300_108648.0#108648.0#2300 107717.0#107717.0#128_109708.0#109708.0#128
110000 112000 15.50991992186755 661.4966933593774 293.6791799829424 993.7999999999884 436.79296875 14845.84407483619 712566.4477735076 2300.0 128.0 108648.0#108648.0#2300_110495.0#110495.0#2300 109708.0#109708.0#128_111712.0#111712.0#128
112000 114000 125.37792382814223 624.8740253906193 337.0414014544295 992.7490000000107 330.946044921875 14154.718402096518 703401.4567253565 2300.0 128.0 110495.0#110495.0#2300_112511.0#112511.0#2300 111712.0#111712.0#128_113704.0#113704.0#128
114000 116000 13.980056640692055 662.006647786436 337.48607323345215 998.0160000000033 323.0629882811918 14692.190187108556 722919.0751307906 2300.0 128.0 112511.0#112511.0#2300_114423.0#114423.0#2300_115856.0#115856.0#2300 113704.0#113704.0#128_115713.0#115713.0#128
116000 118000 203.81974218750838 598.7267526041638 400.8841332138387 955.9799999999814 165.1772460936918 13653.339995685454 531045.8946196664 2300.0 128.0 115856.0#115856.0#2300_117584.0#117584.0#2300 117583.0#117583.0#128
118000 120000 6.904353515594266 664.3652154948019 440.45001655984333 997.1059999999707 164.889892578125 13873.896486790589 691143.0505587946 2300.0 128.0 117584.0#117584.0#2300_119610.0#119610.0#2300 117583.0#117583.0#128_119565.0#119565.0#128
120000 122000 3.782009765622206 665.4059967447926 443.35973285892607 999.329000000027 162.3798828125 13772.765963420572 607300.2441081782 2300.0 128.0 119610.0#119610.0#2300_121581.0#121581.0#2300 121577.0#121577.0#128
122000 124000 107.89288281253539 630.7023723958215 492.33741709538805 988.4659999999567 69.19800000003306 11839.347446078351 551308.7816652867 2300.0 0.0 121581.0#121581.0#2300 -
124000 126000 900.5996914062998 549.7001542968501 626.6505392008936 992.8090000000084 106.59130859369179 11285.319765342456 312338.78893569164 480.0 128.0 124894.0#124894.0#480_125557.0#125557.0#480 124937.0#124937.0#128_125553.0#125553.0#128
126000 128000 1737.848308593675 131.07584570316249 5.426119230143346 134.91269140632357 127.2390000000014 1949.6802346575441 36317.21106430838 480.0 0.0 125557.0#125557.0#480 -
128000 130000 1486.3168945313082 513.6831054686918  513.6831054686918 513.6831054686918 5782.773031505307 170791.1387960222 840.0 128.0 129559.0#129559.0#840 129553.0#129553.0#128_129784.0#129784.0#128
130000 132000 61.452023437595926 646.1826588541347 304.28117114798573 997.48199999996 465.1840820311918 12639.79612921514 449876.50264792785 840.0 128.0 129559.0#129559.0#840_130344.0#130344.0#840_131580.0#131580.0#840 129784.0#129784.0#128_131575.0#131575.0#128
132000 134000 1189.387791015557 405.3061044922215 157.0727215160195 516.373291015625 294.238917968818 6159.490626319706 255273.75714142201 840.0 128.0 131580.0#131580.0#840_133558.0#133558.0#840 133556.0#133556.0#128
134000 136000 954.9072148437263 348.3642617187579 256.05749986687556 515.028076171875 53.53100000001723 8938.539933537217 330933.00679111737 1170.0 128.0 133558.0#133558.0#840_135572.0#135572.0#1500 135566.0#135566.0#128
136000 138000 10.85518945317017 663.0482701822766 288.7234328191944 996.0819999999949 483.20392382814316 14318.49762316206 597688.4547509024 1500.0 128.0 135572.0#135572.0#1500_136866.0#136866.0#1500 136285.0#136285.0#128
138000 140000 39.584798828174826 653.4717337239417 296.5840326889328 995.8180000000284 474.465087890625 10742.000385091982 450008.5275084913 1500.0 128.0 138294.0#138294.0#1500 138288.0#138288.0#128
140000 142000 11.76014648436103 662.7466178385463 292.4081025535481 998.9810000000289 467.93994140625 10753.066672794139 471833.100450599 1500.0 128.0 140295.0#140295.0#1500 140289.0#140289.0#128
142000 144000 9.226900390698574 663.5910332031004 289.20184892984423 995.3699999999371 464.842041015625 12090.099704152266 464538.90952391987 1500.0 128.0 142302.0#142302.0#1500 142295.0#142295.0#128
144000 146000 6.760070312477183 664.4133098958409 292.50617220068284 999.429999999993 459.719970703125 9286.437283424166 403051.13908389834 1500.0 128.0 144298.0#144298.0#1500 144293.0#144293.0#128
146000 148000 10.064070312597323 663.3119765624675 293.9729430326867 999.5289999999222 454.722900390625 11227.442939930199 470730.7157595122 1500.0 128.0 146296.0#146296.0#1500_147787.0#147787.0#1500 146290.0#146290.0#128_147783.0#147783.0#128
148000 150000 32.41479687503306 655.8617343749889 301.03254051983606 996.6439999999711 426.131103515625 9656.555171318427 367909.23863503383 1500.0 128.0 147787.0#147787.0#1500 147783.0#147783.0#128
150000 152000 26.520021484408062 657.8266595051973 289.0105012683459 980.6130000000121 423.0590820311918 11771.334146844634 515134.71949300234 1500.0 128.0 150296.0#150296.0#1500_151793.0#151793.0#1500 150293.0#150293.0#128_151790.0#151790.0#128
152000 154000 224.86200000002282 591.7126666666591 391.22176942351314 990.5320000000065 208.5590820311918 9236.03190411472 382159.53396280925 1500.0 128.0 151793.0#151793.0#1500_153794.0#153794.0#1500 151790.0#151790.0#128_153791.0#153791.0#128
154000 156000 11.28012890618993 662.9066236979367 411.88042127042854 998.1410000000033 203.126953125 11744.747535429438 468747.5873975048 1500.0 128.0 153794.0#153794.0#1500_155556.0#155556.0#1500 153791.0#153791.0#128_155553.0#155553.0#128
156000 158000 850.6496757812565 574.6751621093717 84.02675005593923 634.0910468749935 515.25927734375 10033.13455739638 353765.5720624294 1500.0 128.0 155556.0#155556.0#1500_157568.0#157568.0#1500_157843.0#157843.0#1500 157564.0#157564.0#128_157784.0#157784.0#128
158000 160000 64.10498046875 645.29833984375 303.6874403550245 995.6140000000014 456.529296875 14653.77105873048 512102.9464281184 1500.0 128.0 157843.0#157843.0#1500_159592.0#159592.0#1500 157784.0#157784.0#128_159589.0#159589.0#128
160000 162000 417.6082968750852 527.4639010416382 477.02145301227307 998.0439999999944 44.25199999992037 8945.28129703374 333860.1495672896 1500.0 0.0 159592.0#159592.0#1500 -
162000 164000 1485.25 514.75  514.75 514.75 4957.642374727266 200881.81569969657 1500.0 128.0 163572.0#163572.0#1500 163568.0#163568.0#128_163710.0#163710.0#128
164000 166000 8.630742187495343 663.7897526041683 287.9771968994558 996.0009999999893 485.12900000001537 16236.961006229118 690806.7304009092 1500.0 128.0 163572.0#163572.0#1500_164817.0#164817.0#1500 163710.0#163710.0#128
166000 168000 1460.6201757813105 269.68991210934473 347.8882913681878 515.6840820311918 23.69574218749767 5627.339662563028 203443.16528576516 1900.0 128.0 164817.0#164817.0#1500_167606.0#167606.0#2300 167602.0#167602.0#128_167833.0#167833.0#128
168000 170000 8.515025390661322 663.8283248697795 288.3639945100466 996.2949999999837 481.68191796873 18495.94855620751 689991.8786326312 1900.0 128.0 167606.0#167606.0#2300_169389.0#169389.0#1500 167833.0#167833.0#128_169646.0#169646.0#128
170000 172000 43.24805664055748 652.2506477864808 298.40819942156855 996.7920000000158 475.99300000007497 15856.108400273079 662640.4099809979 1500.0 128.0 169389.0#169389.0#1500_170698.0#170698.0#1500 169646.0#169646.0#128
172000 174000 1488.748046875 511.251953125  511.251953125 511.251953125 4589.8071771375135 182417.2430603951 1500.0 128.0 173632.0#173632.0#1500 173629.0#173629.0#128_173778.0#173778.0#128
174000 176000 9.868677734339144 663.377107421887 289.5938889515432 997.5010000000475 484.67304687498836 16370.96906321741 687163.4617537928 1766.6666666666667 128.0 173632.0#173632.0#1500_174753.0#174753.0#1500_175941.0#175941.0#2300 173778.0#173778.0#128_175694.0#175694.0#128
176000 178000 12.443197265616618 662.5189342447944 288.7190159263882 995.7920000000158 488.43472460936755 14865.160898310238 699689.4871148227 2033.3333333333333 128.0 174753.0#174753.0#1500_175941.0#175941.0#2300_177712.0#177712.0#2300 175694.0#175694.0#128_177689.0#177689.0#128
178000 180000 8.75880664063152 663.7470644531228 289.0199361438018 997.4610000000102 493.92692187498324 14255.878354560891 657842.6717284305 2300.0 128.0 177712.0#177712.0#2300_179703.0#179703.0#2300 179699.0#179699.0#128
180000 182000 406.44127148442203 531.186242838526 438.52681235142603 985.0679999999702 109.82500000001164 12045.184506773947 499927.13634255884 2300.0 0.0 179703.0#179703.0#2300 -
182000 184000 1486.542724609375 513.457275390625  513.457275390625 513.457275390625 4358.0014615118625 190493.85135950212 2300.0 128.0 183602.0#183602.0#2300 183597.0#183597.0#128
184000 186000 51.795224609435536 649.4015917968549 303.68220981937407 999.8190000000177 462.8520507811918 14813.092545704278 638156.1169312844 2300.0 128.0 183602.0#183602.0#2300_185605.0#185605.0#2300 185600.0#185600.0#128_185745.0#185745.0#128
186000 188000 11.500085937557742 662.8333046874808 292.54868748297656 997.387999999919 455.06396484375 17312.41149497593 750297.2830754818 2300.0 128.0 185605.0#185605.0#2300_187333.0#187333.0#2300 185745.0#185745.0#128_187443.0#187443.0#128
188000 190000 8.785876953101251 663.7380410156329 293.4741272406669 998.4130000000005 450.340087890625 14945.523203436862 728462.5833064893 2300.0 128.0 187333.0#187333.0#2300_189014.0#189014.0#2300 189111.0#189111.0#128
190000 192000 8.321173828095198 663.8929420573016 294.7753331795019 999.2640000000247 445.8369140625 15722.82970049754 678488.1189869996 2300.0 128.0 189014.0#189014.0#2300_190775.0#190775.0#2300 190787.0#190787.0#128
192000 194000 24.978640625078697 658.3404531249738 303.01407149667756 999.7739999999176 421.4052734375 16221.832202035184 747908.3688863013 1766.6666666666667 128.0 190775.0#190775.0#2300_192458.0#192458.0#1500_193663.0#193663.0#1500 192552.0#192552.0#128
194000 196000 12.60037109372206 662.4665429687593 303.7557523006133 999.6219999999739 410.14990234375 15315.823606605933 695831.7439673436 1500.0 128.0 193663.0#193663.0#1500_194969.0#194969.0#1500_195992.0#195992.0#1500 194285.0#194285.0#128_195720.0#195720.0#128
196000 198000 411.22190234367736 794.3890488281613 289.5064177271073 999.1010000000242 589.6770976562984 10368.48578523241 419088.93348659814 1500.0 128.0 194969.0#194969.0#1500_195992.0#195992.0#1500 195720.0#195720.0#128
198000 200000 1486.451904296875 513.548095703125  513.548095703125 513.548095703125 5277.184277844904 189189.6965059053 2300.0 128.0 199627.0#199627.0#2300 199620.0#199620.0#128_199835.0#199835.0#128
200000 202000 19.552158203092404 660.1492805989692 290.66086130828245 995.3830000000307 478.47890429687686 16855.38980698092 716378.0775923283 2300.0 128.0 199627.0#199627.0#2300_201380.0#201380.0#2300 199835.0#199835.0#128_201596.0#201596.0#128
202000 204000 8.617972656153142 663.7940091146156 291.1920747430352 999.9740000000456 490.2190625000512 15325.308814225498 733258.5916663585 2300.0 128.0 201380.0#201380.0#2300_203249.0#203249.0#2300 201596.0#201596.0#128_203701.0#203701.0#128
204000 206000 8.311031250050291 663.8963229166499 289.40766290755994 998.0649999999441 494.5170351562556 14313.400895813451 709406.1574865686 2300.0 128.0 203249.0#203249.0#2300_204700.0#204700.0#2300 203701.0#203701.0#128
206000 208000 1160.2679394531297 419.8660302734352 133.7887945416717 514.468994140625 325.26306640624534 6896.12617117803 299135.7493482087 2300.0 128.0 204700.0#204700.0#2300_207599.0#207599.0#2300 207595.0#207595.0#128_207783.0#207783.0#128
208000 210000 8.461916015599854 663.8460279948 290.61552870361976 999.0659999999916 482.8920058594085 16254.190386593862 724442.2514310267 2300.0 128.0 207599.0#207599.0#2300_209322.0#209322.0#2300 207783.0#207783.0#128_209725.0#209725.0#128
210000 212000 15.643121093744412 661.4522929687519 289.92141084753285 995.9250000000466 481.950921874959 16262.336675799279 694691.5541047154 1900.0 128.0 209322.0#209322.0#2300_211226.0#211226.0#1500 209725.0#209725.0#128_211713.0#211713.0#128
212000 214000 390.88395703129936 536.3720143229002 440.7548350411515 999.10699999996 121.50500000000466 11176.062971564059 507997.9218648886 1500.0 128.0 211226.0#211226.0#1500_212270.0#212270.0#1500 211713.0#211713.0#128
214000 216000 1485.56591796875 514.43408203125  514.43408203125 514.43408203125 4919.403655977437 175045.29609494028 1500.0 128.0 215590.0#215590.0#1500 215588.0#215588.0#128_215753.0#215753.0#128
216000 218000 13.795031249988824 662.0683229166704 288.3056787963771 994.60699999996 482.2459179688012 17469.42105240016 729675.8574172506 1766.6666666666667 128.0 215590.0#215590.0#1500_216928.0#216928.0#1500_217837.0#217837.0#2300 215753.0#215753.0#128_217711.0#217711.0#128
218000 220000 308.3170507812174 563.8943164062608 398.47459395553506 995.5030000000261 210.00500000000466 12693.175291622407 550977.8464878091 1900.0 128.0 216928.0#216928.0#1500_217837.0#217837.0#2300 217711.0#217711.0#128
220000 222000 1485.44873046875 514.55126953125  514.55126953125 514.55126953125 4428.918363407751 181561.32102793752 2300.0 128.0 221613.0#221613.0#2300 221613.0#221613.0#128_221846.0#221846.0#128
222000 224000 12.984380859415978 662.338539713528 291.0744501463014 997.9869999999646 479.3677304687444 16547.70640080401 694573.8074223717 1900.0 128.0 221613.0#221613.0#2300_223357.0#223357.0#1500 221846.0#221846.0#128_223651.0#223651.0#128
224000 226000 189.37588867195882 603.5413704426804 351.76204165066093 999.8519999999553 328.3149999999441 13180.375235788239 591309.8715496908 1500.0 0.0 223357.0#223357.0#1500_224674.0#224674.0#1500 -
226000 228000 1484.8740234375 515.1259765625  515.1259765625 515.1259765625 4542.347224157455 181707.7988421122 1500.0 128.0 227607.0#227607.0#1500 227604.0#227604.0#128_227759.0#227759.0#128
228000 230000 11.381927734357305 662.8726907552142 289.61562120557454 997.0500000000466 484.76802343747113 16219.346193731599 689079.0800256769 1500.0 128.0 227607.0#227607.0#1500_228873.0#228873.0#1500_229987.0#229987.0#1500 227759.0#227759.0#128_228886.0#228886.0#128
230000 232000 16.730767578119412 661.0897441406269 290.5080735572142 996.5039999999572 489.15195117192343 15816.05139553858 684006.4673613554 1500.0 128.0 228873.0#228873.0#1500_229987.0#229987.0#1500_231311.0#231311.0#1500 230785.0#230785.0#128
232000 234000 45.99833203130402 651.3338893228987 298.43123686182145 994.9629999999888 457.14794921875 13442.989910483251 564891.7069603209 1500.0 128.0 231311.0#231311.0#1500_232294.0#232294.0#1500 232281.0#232281.0#128
234000 236000 11.732869140687399 662.7557102864375 288.7113851417098 992.185999999987 453.757080078125 12843.410245907906 547992.7702384804 2300.0 128.0 234300.0#234300.0#2300 234295.0#234295.0#128
236000 238000 1416.040076171863 291.97996191406855 313.77727932388063 513.85400390625 70.10591992188711 5043.46083195916 204141.25185130935 2300.0 128.0 234300.0#234300.0#2300_237618.0#237618.0#2300 237613.0#237613.0#128
238000 240000 7.57008398429025 664.1433053385699 290.5788592083249 999.3540000000503 483.83299609378446 15763.366070009568 714220.5674528201 2300.0 128.0 237618.0#237618.0#2300_239369.0#239369.0#2300 238285.0#238285.0#128
240000 242000 12.51785156247206 662.4940494791759 290.4404076248833 997.8059999999823 489.35608007817063 15681.812673245298 753172.4724065174 2300.0 128.0 239369.0#239369.0#2300_241169.0#241169.0#2300 240285.0#240285.0#128
242000 244000 14.09610156249255 661.9679661458358 292.42962858335665 999.6199999999953 490.240966796875 12023.033614786254 572580.4901858245 2300.0 128.0 241169.0#241169.0#2300_243235.0#243235.0#2300 242284.0#242284.0#128
244000 246000 53.603011718718335 648.7989960937606 283.8575964598443 975.8159999999916 466.053955078125 12546.66711786166 480596.15948320174 1570.0 128.0 243235.0#243235.0#2300_245619.0#245619.0#840 245613.0#245613.0#128_245780.0#245780.0#128
246000 248000 433.1139550781809 522.295348307273 430.7554424614489 947.6920000000391 86.3739999999525 10336.514722319269 374103.23519238114 840.0 128.0 245619.0#245619.0#840_246353.0#246353.0#840 245780.0#245780.0#128
248000 250000 1487.090087890625 512.909912109375  512.909912109375 512.909912109375 5555.016591223936 179249.8254186347 1500.0 128.0 249595.0#249595.0#1500 249590.0#249590.0#128_249741.0#249741.0#128
250000 252000 22.269896484329365 659.2433678385569 295.02848640522456 999.5520000000251 475.5120878906455 17031.178372647395 684343.1544677585 1500.0 128.0 249595.0#249595.0#1500_250822.0#250822.0#1500_251942.0#251942.0#1500 249741.0#249741.0#128_251711.0#251711.0#128
252000 254000 449.1000156250084 516.9666614583306 458.40207809435685 986.89300000004 71.03099999995902 8983.805036128671 380078.0201136069 1500.0 128.0 251942.0#251942.0#1500 251711.0#251711.0#128
254000 256000 1486.25390625 513.74609375  513.74609375 513.74609375 3971.3033428676345 156819.19847061412 1500.0 128.0 255602.0#255602.0#1500 255600.0#255600.0#128_255739.0#255739.0#128
256000 258000 9.313121093786322 663.5622929687379 290.9016494212504 998.9939999999478 480.42090625001583 15896.251402517699 692785.287577749 1500.0 128.0 255602.0#255602.0#1500_256832.0#256832.0#1500_257893.0#257893.0#1500 255739.0#255739.0#128_257861.0#257861.0#128
258000 260000 53.5580312499078 648.8139895833641 300.71845793136515 995.7460000000428 462.68994140625 12257.12378153476 525451.884017194 1500.0 128.0 256832.0#256832.0#1500_257893.0#257893.0#1500_259592.0#259592.0#1500 257861.0#257861.0#128_259590.0#259590.0#128
260000 262000 458.08094140631147 513.9730195312295 443.31079074868967 945.265999999945 59.550000000046566 7283.321473079908 286396.6299344429 1500.0 0.0 259592.0#259592.0#1500 -
262000 264000 1483.714111328125 516.285888671875  516.285888671875 516.285888671875 4716.697538837089 193369.05466453146 1500.0 128.0 263566.0#263566.0#1500 263564.0#263564.0#128
264000 266000 670.2249296874506 443.2583567708498 93.21788977428105 512.407958984375 337.24600000004284 10891.350926651034 433157.1532716068 1500.0 128.0 263566.0#263566.0#1500_265611.0#265611.0#1500 265606.0#265606.0#128_265740.0#265740.0#128
266000 268000 7.734951171791181 664.0883496094029 288.88530679777557 997.4420000000391 486.8650410156697 15072.11109926477 676559.6404013912 1500.0 128.0 265611.0#265611.0#1500_266688.0#266688.0#1500_267888.0#267888.0#1500 265740.0#265740.0#128_267647.0#267647.0#128
268000 270000 53.0780605468899 648.9739798177034 298.2368812309001 993.0890000000363 465.345947265625 12291.66448905964 530133.2723475376 1766.6666666666667 128.0 266688.0#266688.0#1500_267888.0#267888.0#1500_269601.0#269601.0#2300 269597.0#269597.0#128
270000 272000 58.604064453043975 647.131978515652 261.8897561260356 946.4910000000382 460.3798828125 14453.724493197322 613601.8961068827 2300.0 128.0 269601.0#269601.0#2300_271590.0#271590.0#2300 271587.0#271587.0#128
272000 274000 65.18060546880588 644.9397981770647 264.92586909148935 946.7399999999907 450.75927734375 12586.848413427837 539473.4094039856 2300.0 128.0 271590.0#271590.0#2300_273628.0#273628.0#2300 273623.0#273623.0#128
274000 276000 26.283316406188533 657.9055611979371 294.99642461279825 992.0960000000196 433.7099609375 12224.678009539155 479024.16388411634 2300.0 128.0 273628.0#273628.0#2300_275609.0#275609.0#2300 275605.0#275605.0#128
276000 278000 367.4819609374972 544.1726796875009 463.4021995228118 997.8090000000084 71.58600000001024 12200.925030023154 558369.4099199483 2300.0 0.0 275609.0#275609.0#2300 -
278000 280000 1485.466064453125 514.533935546875  514.533935546875 514.533935546875 4529.632607780564 186940.43209381367 2300.0 128.0 279597.0#279597.0#2300 279594.0#279594.0#128_279831.0#279831.0#128
280000 282000 16.537624999997206 661.1541250000009 288.14740721255504 993.5300000000279 481.78906445309985 16395.946039260372 713545.9404944313 1900.0 128.0 279597.0#279597.0#2300_281592.0#281592.0#1500 279831.0#279831.0#128_281682.0#281682.0#128
282000 284000 4.26532031246461 665.2448932291785 288.76310850401677 998.5550000000512 490.68968945310917 16654.23399510126 719143.6807915904 1500.0 128.0 281592.0#281592.0#1500_282667.0#282667.0#1500_283736.0#283736.0#1500 283729.0#283729.0#128
284000 286000 13.594001953024417 662.1353326823252 290.1183887555189 997.1210000000428 491.97200976568274 15079.242283213905 658479.9990192469 1500.0 128.0 283736.0#283736.0#1500_285031.0#285031.0#1500 284282.0#284282.0#128
286000 288000 18.254736328148283 660.581754557284 290.91502408129264 996.4220000000205 486.333251953125 13390.99500658034 576474.121600302 1500.0 128.0 285031.0#285031.0#1500_286028.0#286028.0#1500 286107.0#286107.0#128
288000 290000 13.944154296885245 662.0186152343716 290.03305263321846 996.2989999999991 477.22509765625 13352.101771968799 508746.16622171405 2300.0 128.0 288294.0#288294.0#2300 288289.0#288289.0#128
290000 292000 13.314103515585884 662.2286321614714 291.6488400460445 998.015000000014 472.093994140625 15279.271333816643 635614.9030276666 2300.0 128.0 290291.0#290291.0#2300 290288.0#290288.0#128
292000 294000 14.051046875072643 661.9829843749758 293.2962009622656 999.3889999999665 467.970947265625 13562.614936734535 678319.3632481189 2300.0 128.0 290291.0#290291.0#2300_292034.0#292034.0#2300_293997.0#293997.0#2300 292282.0#292282.0#128_293787.0#293787.0#128
294000 296000 356.09294726571534 547.9690175780948 439.72007324286045 996.0479999999516 117.11399999994319 12237.96202554359 557433.3935031161 2300.0 128.0 292034.0#292034.0#2300_293997.0#293997.0#2300 293787.0#293787.0#128
296000 298000 1486.042724609375 513.957275390625  513.957275390625 513.957275390625 4384.429857755197 180823.00860634164 2300.0 128.0 297615.0#297615.0#2300 297611.0#297611.0#128_297848.0#297848.0#128
298000 300000 13.284005859401077 662.238664713533 291.59705128089746 998.4129999999423 477.75172460940666 15613.9960321585 709897.6611550511 2300.0 128.0 297615.0#297615.0#2300_299194.0#299194.0#2300 297848.0#297848.0#128_299674.0#299674.0#128
