ts te idle avg_span std_span max_span min_span c_bytes_all s_bytes_all avg_video_rate avg_audio_rate video_requests_sequence audio_requests_sequence
0 9000 9000.0 0.0 0.0 0.0 0.0 0.0 0.0 0.0 0.0 - -
9000 18000 1790.070921874987 901.2411347656266 268.2448230005835 999.6690000000017 237.455078125 62701.52402392135 1977491.2667122714 750.0 128.0 9730.0#9730.0#840_9732.0#9732.0#840_10520.0#10520.0#480_10523.0#10523.0#480_10962.0#10962.0#480_11273.0#11273.0#480_11659.0#11659.0#480_12039.0#12039.0#480_12455.0#12455.0#480_12968.0#12968.0#480_13813.0#13813.0#480_15791.0#15791.0#1500_15793.0#15793.0#1500_17801.0#17801.0#1500 9727.0#9727.0#128_9729.0#9729.0#128_10543.0#10543.0#128_11028.0#11028.0#128_11385.0#11385.0#128_11787.0#11787.0#128_12371.0#12371.0#128_12642.0#12642.0#128_13057.0#13057.0#128_13810.0#13810.0#128_15788.0#15788.0#128_17799.0#17799.0#128
18000 27000 1937.9990703125004 784.6667699652777 364.3209408795828 998.4210000000021 50.46800000000076 41877.36446985189 1869974.8375368426 1500.0 128.0 17801.0#17801.0#1500_19805.0#19805.0#1500_21799.0#21799.0#1500_22748.0#22748.0#1500_25798.0#25798.0#1500 19803.0#19803.0#128_21797.0#21797.0#128_22852.0#22852.0#128_25795.0#25795.0#128
27000 36000 107.36893945313932 889.2631060546861 254.9584133228252 999.8790000000008 207.32006835936772 48052.659827899435 2120878.4298681365 1728.5714285714287 128.0 27792.0#27792.0#1500_29801.0#29801.0#1500_30958.0#30958.0#1500_32060.0#32060.0#1500_33805.0#33805.0#1500_35793.0#35793.0#2300_35797.0#35797.0#2300 27790.0#27790.0#128_29799.0#29799.0#128_30378.0#30378.0#128_31904.0#31904.0#128_33801.0#33801.0#128_35791.0#35791.0#128
36000 45000 95.53599218751333 890.4464007812487 260.6728274975501 999.4379999999946 171.278076171875 57580.46382991357 2758586.158921312 2300.0 128.0 35797.0#35797.0#2300_37795.0#37795.0#2300_39806.0#39806.0#2300_41799.0#41799.0#2300_43805.0#43805.0#2300 37790.0#37790.0#128_39802.0#39802.0#128_41797.0#41797.0#128_43804.0#43804.0#128
45000 54000 73.46515624999302 892.6534843750007 277.09884912373843 999.9320000000007 118.617919921875 55590.83674487526 2627703.452724433 2300.0 128.0 43805.0#43805.0#2300_45811.0#45811.0#2300_47809.0#47809.0#2300_49802.0#49802.0#2300_51801.0#51801.0#2300_53791.0#53791.0#2300 45808.0#45808.0#128_47803.0#47803.0#128_49800.0#49800.0#128_51798.0#51798.0#128_53790.0#53790.0#128
54000 63000 30.79185351562046 896.920814648438 283.8284405495148 999.9569999999949 96.26806640625 66882.75373040249 3274104.5251069027 2300.0 128.0 53791.0#53791.0#2300_55653.0#55653.0#2300_57257.0#57257.0#2300_58907.0#58907.0#2300_60375.0#60375.0#2300_62043.0#62043.0#2300 54382.0#54382.0#128_56383.0#56383.0#128_57884.0#57884.0#128_60386.0#60386.0#128_61891.0#61891.0#128
63000 72000 45.74197851563804 895.4258021484362 289.1322088620417 999.1919999999955 77.215087890625 55238.187032267844 2573046.855207416 2300.0 128.0 62043.0#62043.0#2300_63806.0#63806.0#2300_65807.0#65807.0#2300_67805.0#67805.0#2300_69802.0#69802.0#2300_71798.0#71798.0#2300 63801.0#63801.0#128_65803.0#65803.0#128_67802.0#67802.0#128_69800.0#69800.0#128_71796.0#71796.0#128
72000 81000 36.247966796843684 896.3752033203157 293.8746843229285 999.0250000000087 62.84912109376455 54842.03775055403 2686651.966522001 2300.0 128.0 71798.0#71798.0#2300_73796.0#73796.0#2300_75799.0#75799.0#2300_77805.0#77805.0#2300_79801.0#79801.0#2300 73791.0#73791.0#128_75796.0#75796.0#128_77797.0#77797.0#128_79799.0#79799.0#128
81000 90000 43.94221289065899 895.6057787109341 302.90066653338283 999.9199999999983 35.555908203125 59266.570953653514 2718033.5764712626 2300.0 128.0 79801.0#79801.0#2300_81802.0#81802.0#2300_83801.0#83801.0#2300_85797.0#85797.0#2300_87795.0#87795.0#2300_89801.0#89801.0#2300 81799.0#81799.0#128_83799.0#83799.0#128_85794.0#85794.0#128_87792.0#87792.0#128_89798.0#89798.0#128
90000 99000 34.4569296874397 896.554307031256 307.1494291356546 999.5460000000021 23.052978515625 57874.919647799026 2709877.465856649 2300.0 128.0 89801.0#89801.0#2300_91797.0#91797.0#2300_93793.0#93793.0#2300_95808.0#95808.0#2300_97804.0#97804.0#2300 91794.0#91794.0#128_93792.0#93792.0#128_95803.0#95803.0#128_97799.0#97799.0#128
99000 108000 31.260052734418423 896.8739947265582 312.07455760544934 999.7659999999887 8.898925781235448 60039.84431407805 2688566.257688665 2300.0 128.0 97804.0#97804.0#2300_99789.0#99789.0#2300_101802.0#101802.0#2300_103791.0#103791.0#2300_105791.0#105791.0#2300_107506.0#107506.0#2300 99788.0#99788.0#128_101798.0#101798.0#128_103790.0#103790.0#128_105788.0#105788.0#128_106377.0#106377.0#128_107892.0#107892.0#128
108000 117000 40.39303906247369 995.511884548614 3.877097816597289 999.8369999999995 987.7540742187557 68150.72748809074 3242515.134662129 2300.0 128.0 107506.0#107506.0#2300_109033.0#109033.0#2300_110702.0#110702.0#2300_112291.0#112291.0#2300_113953.0#113953.0#2300_115806.0#115806.0#2300 107892.0#107892.0#128_109879.0#109879.0#128_112011.0#112011.0#128_113893.0#113893.0#128_115803.0#115803.0#128
117000 126000 278.4579121093702 872.154208789063 310.0903159380338 999.2809999999881 5.111113281236612 58022.182388104215 2597143.9149033376 2300.0 128.0 115806.0#115806.0#2300_117806.0#117806.0#2300_119803.0#119803.0#2300_121800.0#121800.0#2300_124270.0#124270.0#2300_125803.0#125803.0#2300 117803.0#117803.0#128_119799.0#119799.0#128_121796.0#121796.0#128_124261.0#124261.0#128_125801.0#125801.0#128
126000 135000 42.71385351559729 895.7286146484403 259.1785813078144 999.2509999999893 178.71902539063012 61283.409715567315 2867246.336658031 2300.0 128.0 125803.0#125803.0#2300_127874.0#127874.0#2300_129765.0#129765.0#2300_131804.0#131804.0#2300_133805.0#133805.0#2300 127872.0#127872.0#128_129763.0#129763.0#128_131802.0#131802.0#128_133802.0#133802.0#128
135000 144000 592.9581542968517 840.7041845703149 329.8717809933235 999.676999999996 192.96487890626304 55976.130579359575 2522968.171312714 2300.0 128.0 133805.0#133805.0#2300_135802.0#135802.0#2300_137796.0#137796.0#2300_139811.0#139811.0#2300_141794.0#141794.0#2300_143796.0#143796.0#2300 135799.0#135799.0#128_137793.0#137793.0#128_139807.0#139807.0#128_141793.0#141793.0#128_143793.0#143793.0#128
144000 153000 72.55785351563827 892.7442146484361 257.8835065763207 999.6620000000112 190.89111328125 57840.406306800636 2678799.666670209 2300.0 128.0 143796.0#143796.0#2300_145806.0#145806.0#2300_147790.0#147790.0#2300_149793.0#149793.0#2300_151813.0#151813.0#2300 145802.0#145802.0#128_147788.0#147788.0#128_149791.0#149791.0#128_151807.0#151807.0#128
153000 162000 90.19612109378795 890.9803878906212 275.13492291710963 998.8660000000091 127.0419921875 65426.426897237354 3055951.2902311855 2300.0 128.0 151813.0#151813.0#2300_153804.0#153804.0#2300_155803.0#155803.0#2300_157627.0#157627.0#2300_159312.0#159312.0#2300_161177.0#161177.0#2300 153801.0#153801.0#128_155801.0#155801.0#128_156380.0#156380.0#128_157908.0#157908.0#128_159902.0#159902.0#128_161905.0#161905.0#128
162000 171000 39.84667187501327 896.0153328124986 279.7358560725977 999.8099999999977 107.9033203125 63997.55182303423 2968398.2939288816 2300.0 128.0 161177.0#161177.0#2300_162532.0#162532.0#2300_164040.0#164040.0#2300_165819.0#165819.0#2300_167813.0#167813.0#2300_169803.0#169803.0#2300 161905.0#161905.0#128_163902.0#163902.0#128_165816.0#165816.0#128_167811.0#167811.0#128_169799.0#169799.0#128
171000 180000 36.79436718754005 896.320563281246 284.35455408388503 999.7749999999942 92.751953125 59843.39837730791 2770477.063278657 2300.0 128.0 169803.0#169803.0#2300_171805.0#171805.0#2300_173793.0#173793.0#2300_175799.0#175799.0#2300_177799.0#177799.0#2300_179812.0#179812.0#2300 171802.0#171802.0#128_173792.0#173792.0#128_175797.0#175797.0#128_177797.0#177797.0#128_179809.0#179809.0#128
180000 189000 38.47207421864732 896.1527925781353 293.67677578904033 999.8930000000109 64.4008789062791 58559.33970920097 2720184.397521944 2300.0 128.0 179812.0#179812.0#2300_181799.0#181799.0#2300_183803.0#183803.0#2300_185793.0#185793.0#2300_187817.0#187817.0#2300 181796.0#181796.0#128_183799.0#183799.0#128_185793.0#185793.0#128_187813.0#187813.0#128
189000 198000 34.52879882810521 896.5471201171895 298.64303066204576 999.5869999999995 48.757080078125 58928.59075907678 2704486.1621035384 2300.0 128.0 187817.0#187817.0#2300_189803.0#189803.0#2300_191799.0#191799.0#2300_193806.0#193806.0#2300_195790.0#195790.0#2300_197368.0#197368.0#2300 189799.0#189799.0#128_191797.0#191797.0#128_193799.0#193799.0#128_195788.0#195788.0#128_196380.0#196380.0#128
198000 207000 40.007103515585186 895.9992896484415 304.6178786163128 999.7050000000454 30.2509765625 67278.04548215261 3185152.843744043 2300.0 128.0 197368.0#197368.0#2300_199155.0#199155.0#2300_200768.0#200768.0#2300_202341.0#202341.0#2300_203944.0#203944.0#2300_205795.0#205795.0#2300 198380.0#198380.0#128_200381.0#200381.0#128_201876.0#201876.0#128_204063.0#204063.0#128_205793.0#205793.0#128
207000 216000 29.30886718738475 897.0691132812615 309.62251444595137 999.3459999999905 16.287109375 58245.006279986555 2641212.9533571103 2300.0 128.0 205795.0#205795.0#2300_207803.0#207803.0#2300_209797.0#209797.0#2300_211800.0#211800.0#2300_213798.0#213798.0#2300_215795.0#215795.0#2300 207800.0#207800.0#128_209795.0#209795.0#128_211796.0#211796.0#128_213795.0#213795.0#128_215792.0#215792.0#128
216000 225000 38.20610937499441 995.7548767361118 5.498708882541625 999.780999999959 981.5188906250114 59306.62186886466 2792117.979012328 2300.0 128.0 215795.0#215795.0#2300_217799.0#217799.0#2300_219798.0#219798.0#2300_221911.0#221911.0#2300_223798.0#223798.0#2300 217797.0#217797.0#128_219796.0#219796.0#128_221904.0#221904.0#128_223795.0#223795.0#128
225000 234000 37.57112109370064 995.8254309895888 5.167257549308249 999.9360000000161 982.7758789062791 58352.87386781965 2613977.7764759543 2300.0 128.0 223798.0#223798.0#2300_225808.0#225808.0#2300_227806.0#227806.0#2300_229811.0#229811.0#2300_231803.0#231803.0#2300_233796.0#233796.0#2300 225805.0#225805.0#128_227801.0#227801.0#128_229808.0#229808.0#128_231797.0#231797.0#128_233793.0#233793.0#128
234000 243000 26.966947265551426 897.3033052734448 309.91032263924313 999.9510000000009 15.595121093763737 57561.95467155916 2684156.464829789 2300.0 128.0 233796.0#233796.0#2300_235796.0#235796.0#2300_237805.0#237805.0#2300_239797.0#239797.0#2300_241809.0#241809.0#2300 235795.0#235795.0#128_237801.0#237801.0#128_239794.0#239794.0#128_241807.0#241807.0#128
243000 252000 1775.1460156250105 802.7615538194433 375.71791105419663 998.9280000000144 25.400068359362194 57703.953830045386 2530061.82492345 1728.5714285714287 128.0 241809.0#241809.0#2300_244422.0#244422.0#2300_246037.0#246037.0#1500_246039.0#246039.0#1500_247157.0#247157.0#1500_249799.0#249799.0#1500_250975.0#250975.0#1500 244418.0#244418.0#128_246197.0#246197.0#128_246199.0#246199.0#128_247367.0#247367.0#128_249796.0#249796.0#128_250379.0#250379.0#128_251905.0#251905.0#128
252000 261000 91.46290624997346 890.8537093750026 252.2644455677787 999.0630000000237 216.010009765625 55276.53324977376 2450670.6725823395 1957.142857142857 128.0 250975.0#250975.0#1500_252037.0#252037.0#1500_253797.0#253797.0#1500_255798.0#255798.0#2300_255799.0#255799.0#2300_257794.0#257794.0#2300_259817.0#259817.0#2300 251905.0#251905.0#128_253794.0#253794.0#128_255795.0#255795.0#128_257790.0#257790.0#128_259814.0#259814.0#128
261000 270000 106.56205859367037 889.343794140633 267.6785414181926 999.8030000000144 152.949951171875 58716.724577382585 2653227.9963308233 2300.0 128.0 259817.0#259817.0#2300_261795.0#261795.0#2300_263795.0#263795.0#2300_265791.0#265791.0#2300_267795.0#267795.0#2300_269791.0#269791.0#2300 261793.0#261793.0#128_263793.0#263793.0#128_265789.0#265789.0#128_267793.0#267793.0#128_269789.0#269789.0#128
270000 279000 107.82899804681074 889.217100195319 273.4767953881152 998.5540000000037 122.376953125 58744.19875472594 2805076.441239721 2300.0 128.0 269791.0#269791.0#2300_271799.0#271799.0#2300_273799.0#273799.0#2300_275818.0#275818.0#2300_277791.0#277791.0#2300 271798.0#271798.0#128_273797.0#273797.0#128_275815.0#275815.0#128_277789.0#277789.0#128
279000 288000 43.84799414058216 895.6152005859418 283.7429099080863 999.8780000000261 95.907958984375 58875.233878187224 2683422.0371523527 2300.0 128.0 277791.0#277791.0#2300_279809.0#279809.0#2300_281798.0#281798.0#2300_283800.0#283800.0#2300_285799.0#285799.0#2300_287796.0#287796.0#2300 279806.0#279806.0#128_281796.0#281796.0#128_283797.0#283797.0#128_285797.0#285797.0#128_287792.0#287792.0#128
288000 297000 43.40200781234307 895.6597992187657 288.92055958261466 998.9060000000172 77.949951171875 66861.17101614091 3140814.3877478554 2300.0 128.0 287796.0#287796.0#2300_289798.0#289798.0#2300_291616.0#291616.0#2300_293210.0#293210.0#2300_294882.0#294882.0#2300_296529.0#296529.0#2300 289797.0#289797.0#128_290378.0#290378.0#128_292382.0#292382.0#128_294379.0#294379.0#128_295891.0#295891.0#128
