ts te idle avg_span std_span max_span min_span c_ack_cnt c_ack_cnt_p c_bytes_all c_bytes_uniq s_ack_cnt s_ack_cnt_p s_bytes_all s_bytes_uniq avg_video_rate avg_audio_rate video_requests_sequence audio_requests_sequence
0 7000 6144.962890625 533.1290415039066 137.63024102324124 633.548095703125 341.65100000000166 112.77881694802431 99.6159399377566 12101.503831044833 12101.503831044833 144.17380263723328 20.244315515401556 186677.5782449511 175933.98273891307 480.0 128.0 6366.0#6366.0#480_6367.0#6367.0#480 6362.0#6362.0#128_6366.0#6366.0#128
7000 14000 336.6901074218731 672.6084364149306 364.2405755716729 999.6489999999976 0.0 790.7212383786787 767.8841153889464 18483.496168955167 18483.496168955167 1161.9096180771628 41.75568448459845 1918010.500409959 1766182.095915997 1192.7272727272727 128.0 6367.0#6367.0#480_7120.0#7120.0#480_7606.0#7606.0#480_8138.0#8138.0#480_8807.0#8807.0#480_9470.0#9470.0#480_10113.0#10113.0#480_10924.0#10924.0#480_11446.0#11446.0#480_12410.0#12410.0#4400_12412.0#12412.0#4400 7125.0#7125.0#128_7738.0#7738.0#128_8177.0#8177.0#128_9042.0#9042.0#128_9705.0#9705.0#128_10162.0#10162.0#128_11027.0#11027.0#128_11586.0#11586.0#128_12408.0#12408.0#128
14000 21000 43.09215234375006 811.8740703124988 240.2413151293277 995.6710000000021 268.125 723.294936022963 704.6728993063088 15134.132878706263 15134.132878706263 1001.7506354182445 29.488146866617182 1943803.5185324468 1902641.583718866 1615.0 128.0 12412.0#12412.0#4400_15114.0#15114.0#1500_15115.0#15115.0#1500_16524.0#16524.0#1500_18465.0#18465.0#1500_19959.0#19959.0#840_19961.0#19961.0#840_20683.0#20683.0#840 15279.0#15279.0#128_16551.0#16551.0#128_18778.0#18778.0#128_19974.0#19974.0#128_20772.0#20772.0#128
21000 28000 1605.6090683593866 749.1700994140607 277.26064750524847 998.726999999999 376.0609941406219 311.20500865033404 301.82704536698833 7820.867121293738 7820.867121293738 455.1659438673595 17.511853133382818 913316.4028126432 908111.337626224 840.0 128.0 20683.0#20683.0#840_22475.0#22475.0#840_24480.0#24480.0#840_26462.0#26462.0#840 20772.0#20772.0#128_22773.0#22773.0#128_24776.0#24776.0#128_26774.0#26774.0#128
28000 35000 2995.0109726562514 568.8181992187488 371.2123946180326 994.625 71.69299999999203 292.53072222813745 283.45317794026977 7547.99628334788 7547.99628334788 387.66384925032753 14.795707365965036 657353.7762824538 633068.3877872467 840.0 128.0 28477.0#28477.0#840_32421.0#32421.0#840_34431.0#34431.0#840 28775.0#28775.0#128_32779.0#32779.0#128_34781.0#34781.0#128
35000 42000 1103.0626972656319 612.3124770132199 303.85581487675074 999.0819999999949 242.60199999999895 443.6999578945657 431.1443729422254 10478.169693622624 10478.169693622624 598.768055431128 21.837421874242896 1109576.1993896207 1046861.5878848279 840.0 128.0 34431.0#34431.0#840_35268.0#35268.0#840_36413.0#36413.0#840_38419.0#38419.0#840_40423.0#40423.0#840 35278.0#35278.0#128_36777.0#36777.0#128_38778.0#38778.0#128_40777.0#40777.0#128
42000 49000 273.9849433593845 656.7996922200527 337.92035484119697 994.599000000002 221.03125 329.367099812834 318.7505793230088 8854.132102025042 8854.132102025042 447.1846980142732 17.866170219858432 891413.2428275832 872693.8816109973 840.0 128.0 42428.0#42428.0#840_44469.0#44469.0#840_46463.0#46463.0#840_48489.0#48489.0#840 42778.0#42778.0#128_44778.0#44778.0#128_46779.0#46779.0#128_48778.0#48778.0#128
49000 56000 1921.6281308593898 619.0535140269865 351.8189759283322 998.3289999999979 84.50699999999779 328.8478954975765 318.4624487371649 8654.481043169191 8654.481043169191 441.01849379471605 17.135797030378434 831375.7815003423 806152.1427169284 840.0 128.0 48489.0#48489.0#840_50466.0#50466.0#840_52454.0#52454.0#840_54466.0#54466.0#840 48778.0#48778.0#128_50777.0#50777.0#128_52776.0#52776.0#128_54778.0#54778.0#128
56000 63000 2104.7299882812513 618.9560110085215 330.07925446426606 995.198000000004 0.0 315.9123823898542 304.6871928589759 9372.281376487043 8532.281376487043 432.8113769839308 19.42338295958904 872066.6045366419 855701.6045366419 840.0 128.0 56463.0#56463.0#840_58590.0#58590.0#840_60470.0#60470.0#840_62444.0#62444.0#840 56776.0#56776.0#128_58774.0#58774.0#128_60775.0#60775.0#128_62776.0#62776.0#128
63000 70000 1058.9180820312176 652.2263227539128 365.9720652778624 998.9030000000057 192.90504492187756 397.16300835358646 384.5804540876279 10502.718359935585 10502.718359935585 550.8315164368394 21.605780980888547 1046662.3999146856 1035499.3999146856 840.0 128.0 62444.0#62444.0#840_64420.0#64420.0#840_66437.0#66437.0#840_68416.0#68416.0#840_69136.0#69136.0#840 62776.0#62776.0#128_64776.0#64776.0#128_66774.0#66774.0#128_68773.0#68773.0#128_69275.0#69275.0#128
70000 77000 1960.2241093750345 670.111011132806 280.31076294797526 997.4489999999787 223.6259765625 349.3206773121171 338.7682997855656 8798.654008273714 8798.654008273714 487.5070903131777 17.66564378839147 877433.2885660282 843298.2885660282 840.0 128.0 69136.0#69136.0#840_70435.0#70435.0#840_72429.0#72429.0#840_74456.0#74456.0#840_76480.0#76480.0#840 70775.0#70775.0#128_72777.0#72777.0#128_74778.0#74778.0#128_76776.0#76776.0#128
77000 84000 1104.660994140606 663.9023568892087 318.885567647287 998.7090000000026 108.08702343750338 309.4457613462706 298.78379153923015 8879.460982255234 8879.460982255234 463.5024246105494 16.670095780686143 863311.7127454764 843612.7127454764 840.0 128.0 76480.0#76480.0#840_78458.0#78458.0#840_80462.0#80462.0#840_82475.0#82475.0#840 76776.0#76776.0#128_78776.0#78776.0#128_80777.0#80777.0#128_82777.0#82777.0#128
84000 91000 935.0690136718622 768.3503339843774 323.88002673735036 995.4520000000048 22.411999999996624 402.4791607154603 389.17158646346513 11116.470885966211 11116.470885966211 574.386778774388 23.92952374573727 1143654.7841183417 1121809.7841183417 840.0 128.0 84506.0#84506.0#840_86478.0#86478.0#840_88466.0#88466.0#840_89020.0#89020.0#840_90479.0#90479.0#840 84780.0#84780.0#128_86777.0#86777.0#128_88775.0#88775.0#128_89276.0#89276.0#128_90476.0#90476.0#128
91000 98000 964.9948417968844 660.6620071614585 343.49771999422103 999.929999999993 34.885005859381636 632.0485905889705 622.0133524618391 8365.635264917477 8365.635264917477 885.6423904365668 17.07047625426273 1757354.5016775979 1735108.5016775979 2008.0 128.0 90479.0#90479.0#840_92428.0#92428.0#2300_92431.0#92431.0#2300_94533.0#94533.0#2300_96553.0#96553.0#2300 92426.0#92426.0#128_94532.0#94532.0#128_96537.0#96537.0#128
98000 105000 553.0765332031442 705.6909018110772 335.32360239523507 998.3600000000006 136.625 620.1847438606273 610.1847438606273 8326.0 8326.0 905.6833259541033 17.0 1892393.7084412281 1884337.7084412281 2300.0 128.0 96553.0#96553.0#2300_98414.0#98414.0#2300_100471.0#100471.0#2300_102440.0#102440.0#2300 98410.0#98410.0#128_100454.0#100454.0#128_102436.0#102436.0#128
105000 112000 2621.102384765618 648.8491725852258 358.35410871491206 998.9820000000036 88.25999999998021 428.4076992755413 415.71351499544676 11097.114795279356 11097.114795279356 675.5728049561081 23.388368560188944 1273207.7287297929 1243253.6642993707 1205.0 128.0 106492.0#106492.0#2300_108069.0#108069.0#840_110480.0#110480.0#840_111416.0#111416.0#840 106489.0#106489.0#128_108277.0#108277.0#128_110776.0#110776.0#128_111538.0#111538.0#128
112000 119000 1000.8330546875077 650.105739322914 374.76063808759807 998.9439999999886 40.720000000001164 481.4371592799468 466.959496099348 11252.69508364161 11252.69508364161 648.4491328006353 24.369402630851024 1211251.2584203414 1161652.1987180226 840.0 128.0 111416.0#111416.0#840_114524.0#114524.0#840_116467.0#116467.0#840_117073.0#117073.0#840_117914.0#117914.0#840_118556.0#118556.0#840 111538.0#111538.0#128_114776.0#114776.0#128_116775.0#116775.0#128_117275.0#117275.0#128_118196.0#118196.0#128
119000 126000 3530.3073261718964 519.5906534090914 348.9311773406825 998.5739999999932 74.16591992188478 307.78075879097116 298.35257088895827 7857.419896477664 7857.419896477664 450.6640109501245 16.44229953437246 822825.6019471167 768764.4884488616 1326.6666666666667 128.0 118556.0#118556.0#840_120484.0#120484.0#840_124531.0#124531.0#2300 118196.0#118196.0#128_119040.0#119040.0#128_120481.0#120481.0#128_124525.0#124525.0#128_125274.0#125274.0#128
126000 133000 445.5637890625221 578.8900693359382 361.04199155371066 998.8669999999984 118.71700000000419 506.2735606154761 496.59418513014964 8057.475336948834 8057.475336948834 710.3193797004093 17.358750970652967 1434472.320550019 1393224.4325286113 1660.0 128.0 124531.0#124531.0#2300_126286.0#126286.0#1500_128435.0#128435.0#1500_130424.0#130424.0#1500_132411.0#132411.0#1500 128779.0#128779.0#128_130777.0#130777.0#128_132776.0#132776.0#128
133000 140000 26.922146484372206 767.7707773437515 332.24960035904377 999.2799999999988 119.4208984375 579.3729479270423 568.9954519884302 8659.031438712025 8659.031438712025 853.2724336895187 17.754991877224217 1671781.0788317288 1584272.4610412675 1500.0 128.0 132411.0#132411.0#1500_134434.0#134434.0#1500_136474.0#136474.0#1500_138437.0#138437.0#1500_139696.0#139696.0#1500 132776.0#132776.0#128_134776.0#134776.0#128_136778.0#136778.0#128_138777.0#138777.0#128
140000 147000 81.2779335937812 757.3482045572911 269.06502561351135 999.2889999999898 142.03899999998976 667.464571980551 655.2417870060217 10200.449769641018 10200.449769641018 896.889734055628 21.068190606183567 1742268.4636313973 1677937.544857332 1500.0 128.0 138437.0#138437.0#1500_139696.0#139696.0#1500_140955.0#140955.0#1500_142461.0#142461.0#1500_144473.0#144473.0#1500_146471.0#146471.0#1500 140127.0#140127.0#128_141276.0#141276.0#128_142779.0#142779.0#128_144777.0#144777.0#128_146775.0#146775.0#128
147000 154000 128.97310156250023 758.927430175776 283.17613262505284 999.679999999993 301.62899999998626 542.971178326162 532.27952163489 8916.319410305317 8916.319410305317 757.6819552824049 18.189344272972956 1433557.0407904286 1405467.7030073588 1500.0 128.0 146471.0#146471.0#1500_148473.0#148473.0#1500_150471.0#150471.0#1500_152481.0#152481.0#1500 146775.0#146775.0#128_148775.0#148775.0#128_150775.0#150775.0#128_152775.0#152775.0#128
154000 161000 1968.7325097656285 758.0019667968706 279.49773940512375 996.6969999999856 221.7099609375 391.6138572501376 383.63669111466885 6644.306549077398 6644.306549077398 551.3210945829417 14.862348847535428 1057104.090015238 1008561.2646676166 1500.0 128.0 152481.0#152481.0#1500_154649.0#154649.0#1500_156483.0#156483.0#1500_160487.0#160487.0#1500 154777.0#154777.0#128_156778.0#156778.0#128_160777.0#160777.0#128
161000 168000 1302.0303632812866 657.7640712316206 364.7395692052511 997.7770000000019 24.84912109375 686.1223328534445 673.4352434460077 10598.646064485161 10598.646064485161 977.4370376435124 23.85179686504035 1876848.569959919 1812912.3953075404 1500.0 128.0 160487.0#160487.0#1500_161473.0#161473.0#1500_164474.0#164474.0#1500_165595.0#165595.0#1500_166715.0#166715.0#1500 160777.0#160777.0#128_162136.0#162136.0#128_164777.0#164777.0#128_165773.0#165773.0#128_166774.0#166774.0#128
168000 175000 1253.483632812451 727.1001268136149 379.237042521444 998.6500000000233 10.2119140625 558.7017218235193 546.9373258188709 9810.541655431614 9810.541655431614 780.5072372149472 22.71450583497809 1569874.8528376047 1567098.8528376047 1500.0 128.0 166715.0#166715.0#1500_168650.0#168650.0#1500_169646.0#169646.0#1500_172477.0#172477.0#1500_173712.0#173712.0#1500 168775.0#168775.0#128_169778.0#169778.0#128_172775.0#172775.0#128_173778.0#173778.0#128
175000 182000 394.68397460941924 756.494169270838 278.39348709360024 999.4549999999872 319.55308593751397 727.6408072630311 716.6408072630311 9188.0 9188.0 1037.5421447317303 19.0 1955062.6061370051 1906729.6061370051 1820.0 128.0 173712.0#173712.0#1500_175010.0#175010.0#1500_176458.0#176458.0#1500_178492.0#178492.0#2300_180538.0#180538.0#2300 175273.0#175273.0#128_176455.0#176455.0#128_178487.0#178487.0#128_180535.0#180535.0#128
182000 189000 5856.462306640606 296.21476367188734 57.23196961965959 381.03205468750093 255.6710000000021 50.21340461417701 47.21340461417701 2460.0 2460.0 63.34303439203968 6.0 123227.38814940897 123227.38814940897 2300.0 0.0 180538.0#180538.0#2300 -
189000 196000 2087.690251953085 715.6426083233248 308.9778161499876 999.5 255.42500000001746 494.66879881992105 472.6510305230873 18827.25657052047 18827.25657052047 748.1243780778366 40.01776829683379 1252246.6851047277 1174900.8528718932 511.5 128.0 191099.0#191099.0#1500_192369.0#192369.0#288_192371.0#192371.0#288_192897.0#192897.0#288_193407.0#193407.0#288_193739.0#193739.0#480_194307.0#194307.0#480_195003.0#195003.0#480 191280.0#191280.0#128_192481.0#192481.0#128_192994.0#192994.0#128_193493.0#193493.0#128_193775.0#193775.0#128_194437.0#194437.0#128_195044.0#195044.0#128
196000 203000 1769.5602089843596 596.3270923295481 241.7979522437577 999.3030000000144 352.11899999997695 370.4052854073424 358.9408862576274 8724.728419473568 8724.728419473568 541.2192599612896 18.946566596263672 1120225.5091164843 1104734.5757272514 1390.0 128.0 196463.0#196463.0#480_198493.0#198493.0#480_200488.0#200488.0#2300_202517.0#202517.0#2300 196775.0#196775.0#128_198490.0#198490.0#128_200485.0#200485.0#128_202515.0#202515.0#128
203000 210000 1962.3309785156744 655.4608912760353 355.2586046402845 999.3949999999604 0.0 388.22321240281525 380.0724068830632 6779.05284237261 6779.05284237261 568.7779827484721 12.668638073203315 1142317.201247339 1112050.9668694064 1766.6666666666667 128.0 202517.0#202517.0#2300_206438.0#206438.0#1500_208431.0#208431.0#1500 206781.0#206781.0#128_208772.0#208772.0#128
210000 217000 790.4988808594062 677.2902866908449 291.2546574284625 999.5100000000093 220.9560546875 586.9524354709868 574.5581914433275 10350.458440541235 10350.458440541235 848.90177863119 22.05545900297368 1582588.5337038694 1496698.5337038694 1170.0 128.0 208431.0#208431.0#1500_210422.0#210422.0#1500_211619.0#211619.0#1500_212670.0#212670.0#840_214466.0#214466.0#840_216457.0#216457.0#840 210773.0#210773.0#128_211773.0#211773.0#128_212777.0#212777.0#128_214780.0#214780.0#128_216778.0#216778.0#128
217000 224000 1070.6807402342965 677.1440122514243 318.8540934943142 997.7989999999991 249.81299999999464 317.5916797337292 306.9698509682678 8852.721249817858 8852.721249817858 450.97660058121164 17.31156803072553 845692.0708275794 838890.0708275794 840.0 128.0 216457.0#216457.0#840_218485.0#218485.0#840_220465.0#220465.0#840_222463.0#222463.0#840 216778.0#216778.0#128_218774.0#218774.0#128_220774.0#220774.0#128_222774.0#222774.0#128
224000 231000 200.50880664060242 689.5836079101622 329.49682363244216 999.8400000000256 226.3291015625 348.9410123791991 338.2819605544016 8890.584448018282 8890.584448018282 483.727995930994 17.61178046127092 875727.1491427686 837578.4244995845 840.0 128.0 224486.0#224486.0#840_226471.0#226471.0#840_228456.0#228456.0#840_230489.0#230489.0#840 224774.0#224774.0#128_226775.0#226775.0#128_228774.0#228774.0#128_230773.0#230773.0#128
231000 238000 580.8529746093554 694.3609074218839 319.4158245961188 996.7060000000056 103.88099999999395 469.21757578600625 447.52567337022526 17053.198029255982 16336.198029255982 694.272004069006 34.388219538729075 1188968.8508572313 1057363.5755004156 840.0 128.0 230489.0#230489.0#840_232503.0#232503.0#840_234429.0#234429.0#840_235314.0#235314.0#840_236423.0#236423.0#840 230773.0#230773.0#128_232774.0#232774.0#128_234779.0#234779.0#128_235432.0#235432.0#128_236776.0#236776.0#128
238000 245000 3356.8979121092707 517.4070006510657 346.50252232111995 993.3740000000107 95.35600000008708 248.0375328403863 237.56980856391687 7875.88839223432 7875.88839223432 322.71298627318396 17.2423728581498 578320.8514382462 568822.7858244494 840.0 128.0 240467.0#240467.0#840_242868.0#242868.0#840_244505.0#244505.0#840 240463.0#240463.0#128_243276.0#243276.0#128_244775.0#244775.0#128
245000 252000 2627.347101562482 542.5986267755771 338.45385542085586 998.9639999999781 76.07500000006985 321.2513654519305 311.06591478938867 8485.715057754958 8485.715057754958 444.12511299495173 16.7576271418502 890279.0262387658 875151.0918525626 840.0 128.0 244505.0#244505.0#840_246460.0#246460.0#840_248469.0#248469.0#840_250493.0#250493.0#840 244775.0#244775.0#128_246773.0#246773.0#128_248774.0#248774.0#128_250775.0#250775.0#128
252000 259000 3801.619943359401 518.1055726207295 347.6433944468103 999.6660000000265 72.019287109375 318.48285202143467 307.87880816730876 9318.688418392287 9318.688418392287 434.2408385324338 21.51443758627458 761225.4008784589 718402.7143655659 840.0 128.0 254089.0#254089.0#840_254810.0#254810.0#840_255557.0#255557.0#840_258927.0#258927.0#840 254277.0#254277.0#128_255040.0#255040.0#128_255776.0#255776.0#128
259000 266000 2305.631849609432 698.1132546164815 311.78856162152425 998.0630000000237 103.98700000002282 495.2282496862485 481.48546847938576 11470.708131618436 11470.708131618436 726.9210621994304 25.48556241372542 1311801.721444529 1182366.407957422 840.0 128.0 258927.0#258927.0#840_259898.0#259898.0#840_260771.0#260771.0#840_262455.0#262455.0#840_264458.0#264458.0#840 259276.0#259276.0#128_259959.0#259959.0#128_260783.0#260783.0#128_262775.0#262775.0#128_264773.0#264773.0#128
266000 273000 3160.6939550780808 558.9473000000114 352.21228748063567 997.5470000000205 86.73599999997532 308.5624536120016 297.6595571259977 9088.58362824766 9088.58362824766 427.00170057544614 18.129507709082 897039.2862025212 888933.2862025212 840.0 128.0 266464.0#266464.0#840_268509.0#268509.0#840_270425.0#270425.0#840_272426.0#272426.0#840 266775.0#266775.0#128_268775.0#268775.0#128_270776.0#270776.0#128_272778.0#272778.0#128
273000 280000 2394.7509707029676 618.2807000000088 337.8142959997163 999.2880000000005 180.92410156247206 289.4375463879984 279.3404428740023 8418.41637175234 8418.41637175234 397.99829942455386 16.870492290918 830401.7137974787 807140.7137974787 840.0 128.0 272426.0#272426.0#840_274437.0#274437.0#840_276462.0#276462.0#840_278463.0#278463.0#840 272778.0#272778.0#128_274777.0#274777.0#128_276775.0#276775.0#128_278778.0#278778.0#128
280000 287000 4481.349999999977 598.0162000000012 372.6541344265553 998.1610000000219 247.92499999998836 107.0 102.0 4141.0 4141.0 149.0 9.0 280014.0 274462.0 840.0 128.0 280470.0#280470.0#840 280776.0#280776.0#128
287000 294000 2979.984054687433 778.6042000000132 268.5622103055188 999.2420000000857 279.7829999999958 380.0 362.0 15047.0 15047.0 573.0 35.0 963311.0 896190.0 394.2857142857143 128.0 289463.0#289463.0#840_290155.0#290155.0#288_290585.0#290585.0#288_290983.0#290983.0#288_291611.0#291611.0#288_291974.0#291974.0#288_292494.0#292494.0#480 289777.0#289777.0#128_290365.0#290365.0#128_290833.0#290833.0#128_291183.0#291183.0#128_291695.0#291695.0#128_292071.0#292071.0#128_292789.0#292789.0#128
