ts te idle avg_span std_span max_span min_span c_ack_cnt c_ack_cnt_p c_bytes_all c_bytes_uniq s_ack_cnt s_ack_cnt_p s_bytes_all s_bytes_uniq avg_video_rate avg_audio_rate video_requests_sequence audio_requests_sequence
0 4000 4000.0 0.0 0.0 0.0 0.0 0.0 0.0 0.0 0.0 0.0 0.0 0.0 0.0 0.0 0.0 - -
4000 8000 2024.280888671874 490.16325156250025 368.51285659838913 998.005000000001 146.5590000000011 310.01977831756403 297.01977831756403 12199.0 12199.0 392.682555201754 17.0 551119.6326575428 457648.02351407555 2300.0 128.0 6246.0#6246.0#2300_6248.0#6248.0#2300 6242.0#6242.0#128_6244.0#6244.0#128
8000 12000 14.441068359374185 642.6803568892047 333.1020337195495 998.1110000000008 52.96728515625 322.68579864244913 314.68579864244913 6660.0 6660.0 443.8222888245669 8.0 689974.1489793066 518068.9764859244 988.0 128.0 6248.0#6248.0#2300_8636.0#8636.0#840_8638.0#8638.0#840_10404.0#10404.0#480_10406.0#10406.0#480 8653.0#8653.0#128_10616.0#10616.0#128
12000 16000 0.0 684.5676152343757 364.98765339989137 997.775999999998 86.03100000000268 140.83327716747763 133.2855494372144 6291.074809565207 6291.074809565207 200.99295686665866 6.765621937179207 279361.45767293574 179122.86634704843 426.0 128.0 8638.0#8638.0#840_15005.0#15005.0#288_15009.0#15009.0#288_15689.0#15689.0#288 10616.0#10616.0#128_15028.0#15028.0#128_15698.0#15698.0#128
16000 20000 118.06994726562698 606.7966798502597 409.5039299769153 999.8229999999894 8.224042968751746 328.6961793522803 316.51450574335263 10183.034288571283 10183.034288571283 475.1136406219365 12.963779402011637 639842.1912961396 517571.5930096732 288.0 128.0 15689.0#15689.0#288_16207.0#16207.0#288_16785.0#16785.0#288_17514.0#17514.0#288_18029.0#18029.0#288_19122.0#19122.0#288 15698.0#15698.0#128_16211.0#16211.0#128_17003.0#17003.0#128_17577.0#17577.0#128_18052.0#18052.0#128_19118.0#19118.0#128
20000 24000 2339.6041093749955 474.9446484375015 328.9435745756652 994.726999999999 54.30500000000029 338.76496652022894 333.49436785941975 4403.8909018635095 4403.8909018635095 341.3885584850839 5.270598660809158 501651.56939407537 499378.5406432784 840.0 128.0 22049.0#22049.0#840_22694.0#22694.0#840 22039.0#22039.0#128_22617.0#22617.0#128
24000 28000 2532.3436855468753 290.298562499998 198.64535605515024 580.6730000000025 70.84599999999045 615.6119145020915 608.1653117722345 6210.039498539585 6210.039498539585 644.5439690992314 7.4466027298569895 1032738.6236848424 1017732.7719616476 1700.0 128.0 24131.0#24131.0#1500_24134.0#24134.0#1500_26121.0#26121.0#1500_27622.0#27622.0#2300 24129.0#24129.0#128_26120.0#26120.0#128
28000 32000 1676.8902675781355 629.6947343749998 241.6383972473826 893.3039999999964 313.0550000000003 880.9300353676628 872.4016593941604 7118.892569688809 7118.892569688809 1055.1222353880926 8.528375973502149 1719481.9263453383 1630418.34455918 2650.0 128.0 27622.0#27622.0#2300_29626.0#29626.0#2300_31119.0#31119.0#3000_31121.0#31121.0#3000 28117.0#28117.0#128_29623.0#29623.0#128_31621.0#31621.0#128
32000 36000 767.2533437499951 594.5381536458348 471.1688887678997 996.7209999999977 4.821000000003551 594.4580501302457 588.433028833605 5025.067931771606 5025.067931771606 846.333795512676 6.025021296640862 1668439.4499698193 1643973.8834791724 3000.0 128.0 31121.0#31121.0#3000_33124.0#33124.0#3000_34623.0#34623.0#3000 33120.0#33120.0#128_34621.0#34621.0#128
36000 40000 2118.2637890624974 453.97520000000077 404.5290561247737 928.4069999999992 120.3070000000007 503.0 497.0 5004.0 5004.0 771.0 6.0 1461366.0 1445966.0 3000.0 128.0 36321.0#36321.0#3000_38130.0#38130.0#3000 36318.0#36318.0#128_38128.0#38128.0#128
40000 44000 132.50012695312034 557.4245844184027 351.7395564453695 999.4719999999943 146.99900000000343 1086.334540219915 1077.2389603190409 7585.331317725391 7585.331317725391 1646.6489155292475 9.095579900873965 2981278.974376407 2934197.1504858145 4400.0 128.0 40132.0#40132.0#4400_40134.0#40134.0#4400_41626.0#41626.0#4400_43119.0#43119.0#4400 40129.0#40129.0#128_41625.0#41625.0#128_43618.0#43618.0#128
44000 48000 803.3613496093749 659.575391845703 322.68147940152096 999.5570000000007 136.06900000000314 797.1762038752738 790.530170128506 5542.791873340837 5542.791873340837 1170.6023932658352 6.126202630045152 2070815.2827570923 2016191.310678675 4400.0 128.0 43119.0#43119.0#4400_45134.0#45134.0#4400_47130.0#47130.0#4400 43618.0#43618.0#128_45130.0#45130.0#128_47128.0#47128.0#128
48000 52000 5.071904296884895 578.6919533420134 361.26794963549474 999.8190000000031 0.0 1075.7674614410478 1069.5626840610084 5192.7380542413275 5192.7380542413275 1538.7917879279673 6.724608496762065 2714939.5299905837 2678420.588765824 4400.0 128.0 47130.0#47130.0#4400_48664.0#48664.0#4400_50395.0#50395.0#4400 48405.0#48405.0#128_50394.0#50394.0#128
52000 56000 69.24565820313 523.3294678819447 419.13663801949446 999.851999999999 20.0679999999993 895.5911523090228 887.5140193737902 5897.197565813863 5897.197565813863 1417.165480151769 7.077132935232628 2571776.6607832187 2537940.7799788835 4400.0 128.0 52006.0#52006.0#4400_54122.0#54122.0#4400_55502.0#55502.0#4400 52012.0#52012.0#128_54120.0#54120.0#128_55506.0#55506.0#128
56000 60000 710.0904082031193 595.482102783204 380.6814564018875 998.8730000000069 121.8879003906186 1054.2658277653138 1048.2893517282278 4995.941188878582 4995.941188878582 1551.8847638066268 5.97647603708619 2655672.1331466213 2604837.7518029665 4400.0 128.0 55502.0#55502.0#4400_57626.0#57626.0#4400_59110.0#59110.0#4400 57621.0#57621.0#128_59115.0#59115.0#128
60000 64000 24.318203125003492 658.5590131138368 341.2933971782352 999.9419999999955 128.02300000000105 954.6191986902023 947.8857490531815 5620.097695097523 5620.097695097523 1425.5338743814355 6.73344963702086 2541728.8550515287 2472116.5364259705 4400.0 128.0 59110.0#59110.0#4400_61128.0#61128.0#4400_62539.0#62539.0#4400 61124.0#61124.0#128_62543.0#62543.0#128
64000 68000 536.0339570312499 500.46708376736046 309.6184875447968 999.2079999999987 86.71899999999732 969.9979558051871 963.2712056407622 5605.4235087956 5605.4235087956 1494.256962414348 6.726750164424898 2636347.1060755895 2590573.160567572 4400.0 128.0 64124.0#64124.0#4400_66127.0#66127.0#4400_67539.0#67539.0#4400 64121.0#64121.0#128_66125.0#66125.0#128_67615.0#67615.0#128
68000 72000 1228.6501015624817 534.0345048828167 228.09196327044688 998.3080000000045 344.2899999999936 775.3723485665535 769.4322544222755 4953.253348887718 4953.253348887718 1254.5563415815307 5.940094144277834 2229472.205251079 2199496.390109929 4400.0 128.0 67539.0#67539.0#4400_69617.0#69617.0#4400_71621.0#71621.0#4400 69616.0#69616.0#128_71619.0#71619.0#128
72000 76000 166.0547929687309 587.6461235351526 290.76062096401176 999.5209999999788 95.25400000000081 934.3954363515488 927.7957302972725 5519.225447219158 5519.225447219158 1435.4606840600804 6.599706054276408 2586016.824777012 2539677.8146092216 4400.0 128.0 71621.0#71621.0#4400_72915.0#72915.0#4400_75119.0#75119.0#4400 73113.0#73113.0#128_75115.0#75115.0#128
76000 80000 7.7199511718790745 596.7763918457022 372.3800521227049 998.5460000000021 84.30199999999604 1049.7788199660304 1042.5460446037323 6035.334613723514 6035.334613723514 1656.6100747705432 7.232775362298042 2817243.145128434 2748944.241764313 4400.0 128.0 75119.0#75119.0#4400_76797.0#76797.0#4400_78321.0#78321.0#4400_79808.0#79808.0#4400 76367.0#76367.0#128_78319.0#78319.0#128_79811.0#79811.0#128
80000 84000 423.2496855468926 646.4383950195315 294.25383534519887 999.4419999999955 321.8168886718777 865.8126991862891 859.1907607086371 5521.856504624134 5521.856504624134 1396.4448949266798 6.098208245395526 2384723.606712801 2369912.5988611975 4400.0 128.0 79808.0#79808.0#4400_81621.0#81621.0#4400_83622.0#83622.0#4400 81619.0#81619.0#128_83620.0#83620.0#128
84000 88000 7.1651679687493015 641.057207899304 295.40536589243027 999.9550000000017 154.45500000000175 987.2243207780465 980.4360239390926 5661.3795065797 5661.3795065797 1557.99282499237 6.5463740389441245 2690783.3092095777 2633330.4979248936 4400.0 128.0 83622.0#83622.0#4400_85060.0#85060.0#4400_87122.0#87122.0#4400 85116.0#85116.0#128_87121.0#87121.0#128
88000 92000 33.14697851562232 599.4239829101534 358.8224360847447 999.9870000000083 122.5789472656179 927.0812773681544 921.3498185449906 4794.7326958137855 4794.7326958137855 1419.6938416092735 6.497111855430163 2506420.6936324295 2450830.931888164 4400.0 128.0 87122.0#87122.0#4400_88577.0#88577.0#4400_90624.0#90624.0#4400 88584.0#88584.0#128_90621.0#90621.0#128
92000 96000 4.189548828144325 641.8153395647262 356.0389607743915 999.4879999999976 111.67499999998836 854.9224548163243 847.9710221106897 5789.195511651937 5789.195511651937 1338.0227599289053 6.951432705634639 2330128.1529716225 2296658.1998190056 4400.0 128.0 90624.0#90624.0#4400_92025.0#92025.0#4400_94343.0#94343.0#4400 92032.0#92032.0#128_94342.0#94342.0#128
96000 100000 8.459884765645256 593.7889497767839 427.04968483523857 998.1260000000038 43.72400000001653 777.7404164740005 772.3887793462192 4459.0834227037485 4459.0834227037485 1232.2262450275907 5.351637127781431 2216544.6167781167 2202508.587890006 4400.0 128.0 96308.0#96308.0#4400_98328.0#98328.0#4400 96307.0#96307.0#128_98327.0#98327.0#128
100000 104000 105.96312500000931 596.6807220982113 389.21876823619044 999.5199999999895 144.63300000000163 760.0041064612757 753.4034270263875 5509.339324312018 5509.339324312018 1194.0651731148432 6.600679434888167 2063045.0319548822 2031130.3150497363 4400.0 128.0 100343.0#100343.0#4400_102361.0#102361.0#4400 100340.0#100340.0#128_102359.0#102359.0#128
104000 108000 3.6899179687461583 559.8896171875022 425.6372926302128 999.5489999999991 45.79899999999907 1038.3735407901786 1031.8854057763701 5401.488523619157 5401.488523619157 1657.4071688148392 5.721781229627908 2850607.067252335 2820470.3392271586 5800.0 128.0 104332.0#104332.0#6500_104333.0#104333.0#6500_106434.0#106434.0#4400 104330.0#104330.0#128_106453.0#106453.0#128
108000 112000 76.12465234370029 646.0333353794724 359.8044481829604 999.6550000000134 233.06607226564665 821.4931845593742 815.5309181903997 4973.058422559151 4973.058422559151 1266.7612086154666 6.728620153155053 2229801.307029559 2186640.7613142226 4400.0 128.0 108331.0#108331.0#4400_110326.0#110326.0#4400 108615.0#108615.0#128_110617.0#110617.0#128
112000 116000 96.38300390625955 668.0172297363242 355.294147885906 999.8409999999858 248.76611328125 892.0993866819794 886.3269582495985 4822.902848993102 4822.902848993102 1373.71635631503 5.772428432380742 2411455.5405562697 2365078.0862716064 4400.0 128.0 112311.0#112311.0#4400_114318.0#114318.0#4400 112613.0#112613.0#128_114621.0#114621.0#128
116000 120000 536.5998730468564 633.2904866536459 371.29106557012915 999.3280000000086 140.08799999998882 786.6348124950772 780.3690522759915 5216.411845209386 5216.411845209386 1202.1838335974883 5.498951414464204 2088277.5823839358 2046183.4530780553 4400.0 128.0 116310.0#116310.0#4400_118308.0#118308.0#4400 116614.0#116614.0#128_118613.0#118613.0#128
120000 124000 866.2830546875193 541.7538484932987 323.03019128413473 999.880999999994 232.9099667968694 745.8840716027933 740.0102052444171 4906.498811141323 4906.498811141323 1130.2240131482238 6.640675162997809 1977622.7423035346 1920455.2089564973 4400.0 128.0 120296.0#120296.0#4400_123115.0#123115.0#4400 120615.0#120615.0#128_123617.0#123617.0#128
124000 128000 812.6839941406215 603.2535753348244 328.87469684951355 999.9370000000054 45.90100000001257 1013.4307837964113 1008.0714589594093 4472.717969069045 4472.717969069045 1595.7504020199058 5.35932483700219 2645999.6318773683 2570261.2945302865 4400.0 128.0 123115.0#123115.0#4400_124410.0#124410.0#4400_125839.0#125839.0#4400 124464.0#124464.0#128_125848.0#125848.0#128
128000 132000 256.36103515626746 735.8206608072893 325.046475561989 999.9569999999949 326.43700000000536 841.2879837714956 834.5248447364135 5629.774008767423 5629.774008767423 1322.15551842036 6.0 2265737.556068434 2200308.556068434 4400.0 128.0 128304.0#128304.0#4400_130300.0#130300.0#4400 128616.0#128616.0#128_130615.0#130615.0#128
132000 136000 34.501027343736496 702.7307740885428 317.78455905843043 999.9770000000135 231.79403515625745 1252.3542784354431 1245.1174174705254 6060.225991232577 6060.225991232577 1977.3980298951703 8.0 3350946.829653215 3265377.0994489123 4400.0 128.0 132325.0#132325.0#4400_133608.0#133608.0#4400_134685.0#134685.0#4400 132616.0#132616.0#128_133619.0#133619.0#128_134822.0#134822.0#128
136000 140000 75.29292187502142 733.784771972656 300.18272445418114 999.375 290.09906835938455 1075.7519014821319 1067.7519014821319 6686.0 6686.0 1658.9827380385568 8.0 2938959.88073113 2881263.2190588145 4925.0 128.0 134685.0#134685.0#4400_136239.0#136239.0#4400_137528.0#137528.0#4400_139132.0#139132.0#6500 136316.0#136316.0#128_137616.0#137616.0#128_139126.0#139126.0#128
140000 144000 2.2120292968756985 838.310546875 252.16705336343713 999.9709999999905 300.34989257811685 1327.8263680873938 1321.8263680873938 5004.0 5004.0 2062.2811068970714 6.0 3514875.941266005 3439783.23492378 6500.0 128.0 139132.0#139132.0#6500_140953.0#140953.0#6500_142970.0#142970.0#6500 141103.0#141103.0#128_143018.0#143018.0#128
144000 148000 10.083230468735565 712.3241359863241 322.7376400326627 999.6039999999921 232.98106445313897 1299.040916247893 1293.040916247893 5004.0 5004.0 1951.7232550799752 6.0 3443837.666390132 3365658.0919124084 6500.0 128.0 142970.0#142970.0#6500_144890.0#144890.0#6500_146742.0#146742.0#6500 144969.0#144969.0#128_146614.0#146614.0#128
148000 152000 8.772902343742317 698.341861607141 311.01182843840104 999.7870000000112 225.4560546875 1256.7495271427672 1250.49487409787 5217.908557713597 5217.908557713597 1972.7182026399846 6.254653044897139 3414055.603758407 3336470.105300702 6500.0 128.0 146742.0#146742.0#6500_148610.0#148610.0#6500_150585.0#150585.0#6500 148372.0#148372.0#128_150592.0#150592.0#128
152000 156000 3.4671054687642027 833.8759954427029 190.86410235656925 999.926999999996 578.6689999999944 1219.2182145921158 1213.472867637013 4790.091442286403 4790.091442286403 1863.2682266041138 5.74534695510286 3148056.3462547674 3063434.7597908108 6500.0 128.0 150585.0#150585.0#6500_152364.0#152364.0#6500_154641.0#154641.0#6500 152530.0#152530.0#128_154349.0#154349.0#128
156000 160000 6.854798828047933 723.8838964843848 303.3958893860971 999.1650000000373 233.29097265625023 1120.5091924704816 1114.5091924704816 5004.0 5004.0 1810.3941247741684 6.0 3110059.739246856 3019568.814677464 6500.0 128.0 154641.0#154641.0#6500_156674.0#156674.0#6500_158662.0#158662.0#6500 156358.0#156358.0#128_158413.0#158413.0#128
160000 164000 1.6691445312753785 668.3155730468686 365.1313575101959 999.6369999999879 99.30400000000373 1263.8513709914755 1257.8513709914755 5004.0 5004.0 1991.157575544837 6.0 3520333.870777838 3396378.0159510584 6500.0 128.0 158662.0#158662.0#6500_160761.0#160761.0#6500_162652.0#162652.0#6500 160331.0#160331.0#128_162363.0#162363.0#128
164000 168000 3.4448359375237487 591.8062222222312 361.9521187400006 999.6210000000428 51.28500000000349 1316.2665685018958 1310.2665685018958 5004.0 5004.0 2034.6688127693478 6.0 3550085.3179285214 3405239.077827438 6500.0 128.0 162652.0#162652.0#6500_164571.0#164571.0#6500_166420.0#166420.0#6500 164508.0#164508.0#128_166341.0#166341.0#128
168000 172000 49.73983593747835 610.1388759765687 345.9504378896175 999.3630000000412 126.68100000001141 1171.237821905584 1165.237821905584 5004.0 5004.0 1864.6297642131767 6.0 3285130.499659723 3188469.8356519383 6500.0 128.0 166420.0#166420.0#6500_168343.0#168343.0#6500_170406.0#170406.0#6500 168338.0#168338.0#128_170359.0#170359.0#128
172000 176000 5.4071328124264255 654.3628574218965 307.6482968806146 999.1349999999802 278.32400000002235 1275.6298146883173 1269.6298146883173 5004.0 5004.0 1936.9084099724319 6.0 3462403.7522976873 3370334.444720582 6500.0 128.0 170406.0#170406.0#6500_172583.0#172583.0#6500_174382.0#174382.0#6500 172581.0#172581.0#128_174369.0#174369.0#128
176000 180000 7.515218749991618 636.0879956054669 338.7013520828891 999.8699999999953 197.78099999995902 1128.6849972729756 1121.5138905808094 5980.702981266607 5980.702981266607 1788.8225232316188 6.780737794777464 3038977.313506521 2968568.9904794944 6500.0 128.0 174382.0#174382.0#6500_176406.0#176406.0#6500_178601.0#178601.0#6500 176330.0#176330.0#128_178331.0#178331.0#128_179613.0#179613.0#128
180000 184000 4.266373046848457 618.7268396267253 292.88939701165225 999.9709999999905 233.59506445311126 1218.744093909075 1212.7703257156425 4982.122673322692 4982.122673322692 1960.9462618071993 6.364137090821217 3325796.137565977 3243051.5569738513 6500.0 128.0 178601.0#178601.0#6500_180601.0#180601.0#6500_182423.0#182423.0#6500 182414.0#182414.0#128_183617.0#183617.0#128
184000 188000 0.0 798.8159533203143 232.50649136721935 999.7699999999895 425.03068164063734 1277.9208859214846 1270.706962530553 6019.990859348065 6019.990859348065 2036.4915044548582 7.213923390931438 3544137.2350616744 3400199.1469427356 6500.0 128.0 182423.0#182423.0#6500_184448.0#184448.0#6500_186207.0#186207.0#6500 183617.0#183617.0#128_185113.0#185113.0#128_187113.0#187113.0#128
188000 192000 0.0 625.4586103515709 399.30638600509394 999.3619999999937 38.20900000000256 1383.2998842340007 1375.6293503883155 6871.133383659081 6871.133383659081 2165.4324410844774 7.670533845685279 3799068.6304802424 3634453.1869913954 6500.0 128.0 186207.0#186207.0#6500_188008.0#188008.0#6500_189875.0#189875.0#6500_191720.0#191720.0#6500 189116.0#189116.0#128_190614.0#190614.0#128
192000 196000 0.0 674.5254126953193 317.4418282666897 999.5219999999972 231.88004101562547 1383.1484719728267 1376.7380736257205 5340.038679890479 5340.038679890479 1760.1233900689335 6.410398347106345 2944715.557545692 2813388.7414730033 6500.0 128.0 191720.0#191720.0#6500_193356.0#193356.0#6500_195405.0#195405.0#6500 193116.0#193116.0#128_194617.0#194617.0#128
196000 200000 3.3211464844061993 574.9903012152774 406.67877904839423 999.8789999999863 133.64100000000326 1144.8479617658927 1140.2876922352145 3807.0114225130746 3807.0114225130746 1853.453494593595 4.560269530678259 3150938.6779758246 3116251.786538314 6500.0 128.0 195405.0#195405.0#6500_197852.0#197852.0#6500 196614.0#196614.0#128_198330.0#198330.0#128
200000 204000 24.941984375036554 590.734764756955 366.92463645348255 999.8670000000275 102.28800000000047 1194.6297466067494 1187.6297466067494 5846.0 5846.0 1887.444619910124 7.0 3369059.443831352 3326452.3352688625 5450.0 128.0 197852.0#197852.0#6500_200151.0#200151.0#6500_201154.0#201154.0#4400_202440.0#202440.0#4400 201322.0#201322.0#128_202616.0#202616.0#128
204000 208000 237.92969335935777 685.4583167317857 368.19308950014863 999.1459999999788 235.84500000000116 1052.1119168010835 1045.4593953203348 5552.118043828914 5552.118043828914 1618.5233477780966 6.0 2923107.8205084126 2869231.929558786 6500.0 128.0 204343.0#204343.0#6500_206327.0#206327.0#6500 204341.0#204341.0#128_206323.0#206323.0#128
208000 212000 6.090908203099389 629.9937156808072 401.06324101764886 999.4020000000019 109.1590000000142 1138.966045161248 1132.8534536599661 5083.2746014363 5083.2746014363 1829.6773523630625 6.0 3193672.2338237474 3161236.5430249437 6500.0 128.0 206327.0#206327.0#6500_208416.0#208416.0#6500_210346.0#210346.0#6500 208343.0#208343.0#128_210344.0#210344.0#128
212000 216000 25.862712890666444 613.6931495535703 418.3164333993996 999.8269999999902 139.23700000002282 1167.9850144352376 1162.7501274172687 4376.607354734786 4376.607354734786 1837.8794514528977 6.0 3097413.272153682 3028872.5638420586 6500.0 128.0 210346.0#210346.0#6500_212305.0#212305.0#6500_214500.0#214500.0#6500 212304.0#212304.0#128_214388.0#214388.0#128
216000 220000 51.56481835938757 615.9607604980556 319.4621041825968 999.695000000007 231.86304296879098 1368.6245247907696 1362.1647199536383 5390.236063190352 5390.236063190352 2095.253493030609 6.459804837131372 3561141.107039733 3402956.1293799477 6500.0 128.0 214500.0#214500.0#6500_216488.0#216488.0#6500_218426.0#218426.0#6500 216378.0#216378.0#128_218394.0#218394.0#128
220000 224000 1196.3319121093664 508.03815983072855 404.60948103790264 999.5439999999944 35.51699999999255 709.312498811661 701.7723036487923 6301.763936809648 6301.763936809648 1038.6663553753338 7.540195162868628 1880793.5664744247 1852230.834194264 6500.0 128.0 218426.0#218426.0#6500_220369.0#220369.0#6500_223827.0#223827.0#6500 220338.0#220338.0#128_222325.0#222325.0#128
224000 228000 594.3786816406064 657.30549739584 326.66039146238893 999.4020000000019 234.9780000000028 949.6198417184959 943.7558437305423 4873.06177915601 4873.06177915601 1471.8830010854495 5.096309375420553 2725477.15074865 2691801.6960106767 4633.333333333333 128.0 223827.0#223827.0#6500_226347.0#226347.0#4400_227671.0#227671.0#3000 224326.0#224326.0#128_227736.0#227736.0#128
228000 232000 440.02103125001304 630.8872541503879 331.94691893652526 999.8640000000305 98.66899999999441 991.0066827879938 982.9983828535411 6709.413071509926 6709.413071509926 1583.0970224454177 8.775988546985547 2911159.104072474 2853149.690444973 3350.0 128.0 227671.0#227671.0#3000_228707.0#228707.0#3000_229700.0#229700.0#3000_231128.0#231128.0#4400 228711.0#228711.0#128_229747.0#229747.0#128_231123.0#231123.0#128
232000 236000 227.06497656257125 639.2644296874901 408.1504522350036 999.1290000000154 74.82300000000396 768.4030422190051 761.2753401414112 5111.525149334064 5111.525149334064 1184.2417758159809 6.1277020775939 2036000.0012763718 2008143.0492874777 4400.0 128.0 231128.0#231128.0#4400_233121.0#233121.0#4400_235125.0#235125.0#4400 233121.0#233121.0#128_235122.0#235122.0#128
236000 240000 221.6609765625035 702.2121259765663 343.59275882542124 999.9489999999932 4.652999999991152 810.687298558189 804.687298558189 5004.0 5004.0 1150.1592946029727 6.0 2166304.409391486 2119275.732252752 4400.0 128.0 235125.0#235125.0#4400_237118.0#237118.0#4400_239121.0#239121.0#4400 237115.0#237115.0#128_239119.0#239119.0#128
240000 244000 378.5020683594048 606.2350094865999 304.73400711118916 999.3769999999786 247.782958984375 888.6815483313133 882.1760148088828 5423.592823617327 5423.592823617327 1346.0837219343427 6.505533522430515 2481045.9617033624 2433269.4714708542 4400.0 128.0 239121.0#239121.0#4400_240568.0#240568.0#4400_242750.0#242750.0#4400 240574.0#240574.0#128_242749.0#242749.0#128
244000 248000 5.5020917968358845 694.847504882821 391.2068539582779 999.5800000000163 68.7050000000163 847.4257887704523 841.1719563566845 5214.680903427252 5214.680903427252 1208.3435349062433 5.874149445668629 2186740.736026367 2105129.9375772346 4400.0 128.0 242750.0#242750.0#4400_244626.0#244626.0#4400_246618.0#246618.0#4400 244622.0#244622.0#128_246617.0#246617.0#128
248000 252000 815.5681210937328 596.8311686197994 317.8707531021696 998.7280000000028 129.30300000001444 802.1757976145507 796.9351635507489 4373.72627295542 4373.72627295542 1226.1916492095934 5.620317031900856 2243756.636781289 2225998.4229560317 4400.0 128.0 246618.0#246618.0#4400_248621.0#248621.0#4400_250488.0#250488.0#4400 248619.0#248619.0#128_250368.0#250368.0#128
252000 256000 240.4000624999171 698.5993479817795 333.6938552201826 999.9830000000075 266.8969999999972 977.2715366204428 971.2715366204428 5004.0 5004.0 1523.20242079823 6.0 2764031.7505584937 2704234.0131916422 6500.0 128.0 252321.0#252321.0#6500_254358.0#254358.0#6500 252316.0#252316.0#128_254355.0#254355.0#128
256000 260000 2.154164062521886 614.6332013671869 359.52652315353293 999.963000000047 61.600000000034925 1228.929245559686 1222.929245559686 5004.0 5004.0 1786.6686232808813 6.0 3138761.328502561 2968671.600781517 6500.0 128.0 254358.0#254358.0#6500_256649.0#256649.0#6500_258651.0#258651.0#6500 256349.0#256349.0#128_258398.0#258398.0#128
260000 264000 98.3238359374227 568.5238715277907 347.9326090020939 999.960000000021 0.045999999972991645 904.0800791827365 896.908844728222 5140.859195360595 5140.859195360595 1390.2488891467895 7.171234454514622 2477381.1564840376 2411815.621571933 3490.0 128.0 258651.0#258651.0#6500_260787.0#260787.0#6500_263768.0#263768.0#480_263969.0#263969.0#480 260389.0#260389.0#128_262661.0#262661.0#128
264000 268000 1527.404294921842 540.0868238932356 307.4430070008205 998.9170000000158 93.5800000000163 411.11673268195943 398.9385686252678 10707.14156894059 10707.14156894059 682.9041645409087 12.503464801088501 1095176.1874842464 1089576.1874842464 1320.0 128.0 263969.0#263969.0#480_264352.0#264352.0#480_266328.0#266328.0#3000 264118.0#264118.0#128_264286.0#264286.0#128_264510.0#264510.0#128_266326.0#266326.0#128
268000 272000 128.4079765624483 569.8027702636828 365.6981480295681 999.4010000000126 119.43300000001909 575.2785571512276 568.4502471008996 4861.497341772159 4861.497341772159 999.2514304830506 7.503009305931028 1584510.4797519678 1508910.4797519678 3000.0 128.0 268322.0#268322.0#3000_270409.0#270409.0#3000 268321.0#268321.0#128_270407.0#270407.0#128
272000 276000 1025.660605468729 573.1721503906384 337.856187299334 990.3190000000177 30.239999999990687 778.1144410378362 771.2569925522306 5724.6665694037265 5724.6665694037265 1139.0315004557558 6.857448485605592 2031128.0687738026 2007335.3831432965 3000.0 128.0 272323.0#272323.0#3000_274374.0#274374.0#3000_275251.0#275251.0#3000 272322.0#272322.0#128_274371.0#274371.0#128_275376.0#275376.0#128
276000 280000 89.96560351568041 641.0503598632786 357.2825519656742 999.7390000000014 106.3640000000014 786.853872615457 780.8890296625967 4987.835324522928 4987.835324522928 1271.7377354541331 5.9648429528602565 2198437.3041560333 2145983.4800887564 3933.3333333333335 128.0 275251.0#275251.0#3000_277124.0#277124.0#4400_278930.0#278930.0#4400 277120.0#277120.0#128_278942.0#278942.0#128
280000 284000 459.1900019531022 778.4877290736601 314.1231662130958 999.1259999999893 316.78001757810125 618.5093144983815 612.5093144983815 5004.0 5004.0 955.9709626376118 6.0 1718920.5012074572 1691163.5693802603 4400.0 128.0 278930.0#278930.0#4400_281124.0#281124.0#4400_283122.0#283122.0#4400 281121.0#281121.0#128_283120.0#283120.0#128
284000 288000 3.0989394531352445 806.3168378906308 155.37350482461633 997.7889999999898 598.829000000027 1040.4983249885245 1033.8527727640892 5530.6563052401725 5530.6563052401725 1566.6638130129038 5.877430963784184 2702719.6755562034 2593895.8902868 4400.0 128.0 283122.0#283122.0#4400_284873.0#284873.0#4400_287122.0#287122.0#4400 284877.0#284877.0#128_287120.0#287120.0#128
288000 292000 315.04005078127375 598.125127604173 352.29163454429465 999.6639999999898 122.37893164064735 956.765524469329 950.8667737315518 4923.672123774029 4923.672123774029 1432.5988134082386 6.666871998428255 2490748.7914079414 2413152.0182023244 4400.0 128.0 287122.0#287122.0#4400_288496.0#288496.0#4400_290617.0#290617.0#4400 289116.0#289116.0#128_290615.0#290615.0#128
292000 296000 314.31294921872905 569.6497165178547 409.8245855281884 999.3379999999888 80.65399999998044 803.1583996898585 796.7635394195835 5337.177053950367 5337.177053950367 1187.8642045764332 6.394860270274991 2147294.9275157102 2113694.9275157102 4400.0 128.0 292627.0#292627.0#4400_294625.0#294625.0#4400 292623.0#292623.0#128_294623.0#294623.0#128
