ts te idle avg_span std_span max_span min_span c_bytes_all s_bytes_all avg_video_rate avg_audio_rate video_requests_sequence audio_requests_sequence
0 3000 3000.0 0.0 0.0 0.0 0.0 0.0 0.0 0.0 0.0 - -
3000 6000 2903.7880859375 96.2119140625  96.2119140625 96.2119140625 1275.9160004632054 48259.81692162556 0.0 0.0 - -
6000 9000 24.680640624999796 743.82983984375 440.2460022103274 995.0699999999997 86.9052734375 22348.35460872875 1382761.8336046997 1326.6666666666667 128.0 6192.0#6192.0#2300_6193.0#6193.0#2300_7697.0#7697.0#840_7698.0#7698.0#840_8168.0#8168.0#840_8792.0#8792.0#840 6188.0#6188.0#128_6190.0#6190.0#128_7712.0#7712.0#128_8566.0#8566.0#128
9000 12000 18.305189453119965 745.42370263672 445.64303125823994 996.3110000000015 79.486083984375 17783.581759803892 1289464.174351428 840.0 128.0 8792.0#8792.0#840_9418.0#9418.0#840_10081.0#10081.0#840_10815.0#10815.0#840_11314.0#11314.0#840_11872.0#11872.0#840 9004.0#9004.0#128_9546.0#9546.0#128_10234.0#10234.0#128_10938.0#10938.0#128_11542.0#11542.0#128
12000 15000 598.6701249999969 800.4432916666677 116.07517893757702 908.385000000002 677.661916015626 12123.053997597928 741485.2201688963 1326.6666666666667 128.0 11872.0#11872.0#840_12938.0#12938.0#840_14397.0#14397.0#2300 11542.0#11542.0#128_12167.0#12167.0#128_12574.0#12574.0#128_14438.0#14438.0#128
15000 18000 27.188037109379366 743.2029907226552 385.0408665153422 997.0789999999979 181.06504101562314 9802.893991986295 802568.8958557002 2300.0 128.0 14397.0#14397.0#2300_16835.0#16835.0#2300 16833.0#16833.0#128
18000 21000 19.988970703117957 745.0027573242205 381.4045359049248 994.2090000000026 188.8080781250028 14678.527636900684 993141.2088132616 1700.0 128.0 16835.0#16835.0#2300_19295.0#19295.0#1500_19299.0#19299.0#1500_20736.0#20736.0#1500 19294.0#19294.0#128_20699.0#20699.0#128
21000 24000 1722.515951171874 425.82801627604204 482.4532682433153 980.2960000000021 101.84900000000198 5608.672004519245 390468.85028438875 1500.0 0.0 20736.0#20736.0#1500 -
24000 27000 988.0260000000053 670.6579999999982 567.7602130239454 998.6069999999963 15.065000000002328 7649.0 851075.0 1060.0 128.0 24746.0#24746.0#1500_25456.0#25456.0#840_26261.0#26261.0#840 24745.0#24745.0#128_25491.0#25491.0#128_26445.0#26445.0#128
27000 30000 2359.7609999999986 640.2390000000014  640.2390000000014 640.2390000000014 2330.0 243253.0 840.0 128.0 28270.0#28270.0#840 28268.0#28268.0#128
30000 33000 1248.0600156250002 875.9699921874999 76.20632307057988 929.8559999999998 822.083984375 9750.398278279861 1137209.5939627616 2300.0 128.0 30282.0#30282.0#2300_32278.0#32278.0#2300 30276.0#30276.0#128_32274.0#32274.0#128
33000 36000 1847.1269843749978 576.4365078125011 575.1938787873135 983.1600000000035 169.71301562499866 6858.601721720139 818259.4060372383 2766.6666666666665 128.0 32278.0#32278.0#2300_34260.0#34260.0#3000_34263.0#34263.0#3000 34254.0#34254.0#128
36000 39000 202.36689257813123 932.544369140623 113.2883307739721 998.9229999999952 801.735107421875 8896.347980847684 1168263.7760390183 3000.0 128.0 36246.0#36246.0#3000_38229.0#38229.0#3000 36241.0#36241.0#128_38446.0#38446.0#128
39000 42000 34.37808007813146 741.4054799804671 375.05047814790646 998.0699999999997 195.4668925781225 10690.406081181232 1195477.455732172 3000.0 128.0 38229.0#38229.0#3000_40239.0#40239.0#3000 38446.0#38446.0#128_40440.0#40440.0#128
42000 45000 143.15109179687715 714.2122270507807 354.88124084087644 955.7030000000013 203.7109726562485 11697.848031515729 1401957.9255114296 3000.0 128.0 42254.0#42254.0#3000_44281.0#44281.0#3000 42437.0#42437.0#128_44442.0#44442.0#128
45000 48000 26.806980468754773 743.2982548828113 348.0015156153325 998.926999999996 257.4590644531272 10324.402000125296 1079317.616816808 3000.0 128.0 44281.0#44281.0#3000_46273.0#46273.0#3000 46437.0#46437.0#128
48000 51000 56.144859374995576 735.9637851562511 341.5137282031394 999.6910000000062 267.15104492187675 20462.097273977415 2180946.855287157 3000.0 128.0 48267.0#48267.0#3000_48972.0#48972.0#3000_50279.0#50279.0#3000 48438.0#48438.0#128_49248.0#49248.0#128_50439.0#50439.0#128
51000 54000 70.73011132812826 732.3174721679679 328.4060880265475 998.179999999993 301.82090429688105 8377.986303356407 992625.5344559972 3000.0 128.0 50279.0#50279.0#3000_52284.0#52284.0#3000 50439.0#50439.0#128_52280.0#52280.0#128
54000 57000 402.2070488281315 649.4482377929671 328.84876525028665 937.5739999999932 349.11401562500396 1899.5630691296133 59620.25920925744 4400.0 128.0 54282.0#54282.0#4400_56393.0#56393.0#4400 54281.0#54281.0#128_56279.0#56279.0#128
57000 60000 194.0130058593786 701.4967485351553 357.20037765748623 997.1089999999967 270.7529296875 16293.03325219431 2061520.797774544 4400.0 0.0 56393.0#56393.0#4400_58760.0#58760.0#4400 -
60000 63000 17.664832031252445 745.5837919921869 346.8866862152602 998.3769999999931 262.85009765625 20878.528193821603 2456769.885495613 3700.0 128.0 58760.0#58760.0#4400_60119.0#60119.0#4400_61348.0#61348.0#3000_62399.0#62399.0#3000 60185.0#60185.0#128_61436.0#61436.0#128_62418.0#62418.0#128
63000 66000 761.411082031249 746.1963059895837 299.68198670673377 999.5369999999966 415.3859023437544 9573.073532844677 1177437.6028133668 3000.0 128.0 62399.0#62399.0#3000_64221.0#64221.0#3000 64439.0#64439.0#128
66000 69000 40.75009570311522 739.8124760742212 387.72440470584166 994.6300000000047 175.7199843749986 12003.668750964032 1453702.6096148686 3000.0 128.0 66229.0#66229.0#3000_68253.0#68253.0#3000 66448.0#66448.0#128_68438.0#68438.0#128
69000 72000 79.64997656251944 730.0875058593701 375.19418251086836 999.6879999999946 203.24108007812174 9071.290831302886 929233.1494369727 3000.0 128.0 68253.0#68253.0#3000_70292.0#70292.0#3000 68438.0#68438.0#128_70437.0#70437.0#128
72000 75000 1586.102943359394 471.299018880202 447.326999808581 982.7200000000012 152.83599999998114 6595.754698739115 785170.5318127958 3000.0 128.0 72277.0#72277.0#3000 72439.0#72439.0#128
75000 78000 1179.2340117187705 910.3829941406148 125.08012681050208 998.8279999999941 821.9379882812354 6938.164748760854 789029.7532125573 3000.0 128.0 76300.0#76300.0#3000 76440.0#76440.0#128
78000 81000 95.52897851563466 726.1177553710913 385.31943369537004 997.5390000000043 176.7370117187529 11892.09235505768 1370397.3681097548 3000.0 128.0 78282.0#78282.0#3000_80274.0#80274.0#3000 78438.0#78438.0#128_80440.0#80440.0#128
81000 84000 940.5840175781195 686.4719941406269 399.49610241366895 999.9660000000003 236.65799023438012 12297.434748756154 1457127.8567385252 3000.0 128.0 80274.0#80274.0#3000_82296.0#82296.0#3000_83118.0#83118.0#3000 80440.0#80440.0#128_82441.0#82441.0#128_83438.0#83438.0#128
84000 87000 1816.2190195312578 394.5936601562474 370.51726626356435 822.3969726562354 176.07800781249534 6451.017761581099 806216.7440425126 3000.0 128.0 83118.0#83118.0#3000_86233.0#86233.0#3000 83438.0#83438.0#128_86443.0#86443.0#128
87000 90000 30.850035156239755 742.2874912109401 388.9559531843111 999.8940000000002 176.78802734376222 8277.099667961982 1019929.1029877621 3000.0 128.0 86233.0#86233.0#3000_88230.0#88230.0#3000 86443.0#86443.0#128_88443.0#88443.0#128
90000 93000 13.390001953128376 746.6524995117179 374.989422168736 998.5580000000045 203.7210625000007 12162.406426613885 1483844.6290923692 3000.0 128.0 90222.0#90222.0#3000_92215.0#92215.0#3000_92929.0#92929.0#3000 90441.0#90441.0#128_92440.0#92440.0#128
93000 96000 829.9249355468637 723.3583548177121 445.33416684160414 994.0760000000009 209.37506445312465 13062.784291268345 1605004.5458165188 3000.0 128.0 92215.0#92215.0#3000_92929.0#92929.0#3000_94265.0#94265.0#3000 92440.0#92440.0#128_93208.0#93208.0#128_94443.0#94443.0#128
96000 99000 2010.4850468749792 494.7574765625104 464.3845672240269 823.126953125 166.38800000002084 5906.246222773723 566700.8433607144 3000.0 128.0 98315.0#98315.0#3000 98439.0#98439.0#128
99000 102000 24.88200976564258 743.7794975585894 389.3063613911539 997.5979999999836 173.9340468750015 27067.850855855602 2673401.2965627494 3000.0 128.0 98315.0#98315.0#3000_99038.0#99038.0#3000_99872.0#99872.0#3000_101127.0#101127.0#3000 99438.0#99438.0#128_100305.0#100305.0#128_101160.0#101160.0#128
102000 105000 35.55292187498708 741.1117695312532 382.5155834807425 996.4940000000206 183.40805664061918 11610.3382543054 1304321.1141890823 3000.0 128.0 101127.0#101127.0#3000_102301.0#102301.0#3000_104303.0#104303.0#3000 102312.0#102312.0#128_104439.0#104439.0#128
105000 108000 47.58305273439328 738.1042368164017 374.3171161421454 999.7039999999979 195.60597851562488 9727.389558738561 1133305.6109124431 3000.0 128.0 104303.0#104303.0#3000_106347.0#106347.0#3000 106441.0#106441.0#128
108000 111000 133.22771875000035 716.6930703124999 365.84853773381633 997.4079999999958 203.0750312500022 12135.354778401206 1391011.2063729225 3000.0 128.0 108278.0#108278.0#3000_110316.0#110316.0#3000 108440.0#108440.0#128_110441.0#110441.0#128
111000 114000 744.3782500000088 751.8739166666637 401.9397894747617 991.1659999999974 287.8297500000044 10406.820329925507 1154363.9286020882 3000.0 128.0 110316.0#110316.0#3000_112229.0#112229.0#3000 110441.0#110441.0#128_112442.0#112442.0#128
114000 117000 215.28702539060032 928.2376582031333 123.33451486225302 999.8440000000119 785.823974609375 12651.760104801739 1312960.187226668 3000.0 128.0 114235.0#114235.0#3000_116269.0#116269.0#3000 114441.0#114441.0#128_116439.0#116439.0#128
117000 120000 36.63098046873347 740.8422548828166 370.43454542767785 998.1460000000079 210.9830253906257 10708.340007158109 1058582.0369656405 3000.0 128.0 116269.0#116269.0#3000_118228.0#118228.0#3000 116439.0#116439.0#128_118443.0#118443.0#128
120000 123000 976.9290527343692 505.7677368164077 375.18983822006965 999.9249999999884 193.71900000001187 8660.55220171689 930236.5459287951 3000.0 128.0 120235.0#120235.0#3000 120451.0#120451.0#128
123000 126000 1193.241941406246 602.252686197918 271.94655545230563 912.4860000000044 405.0480585937621 10585.347686323263 1097954.2298788964 3000.0 128.0 123026.0#123026.0#3000_124284.0#124284.0#3000 123438.0#123438.0#128_124439.0#124439.0#128
126000 129000 216.48206445312826 927.8393118489572 120.87082512795143 999.3429999999935 788.283935546875 9203.192457648764 1157492.0403135598 3000.0 128.0 126271.0#126271.0#3000_128266.0#128266.0#3000 126440.0#126440.0#128_128454.0#128454.0#128
129000 132000 40.0356582031236 739.9910854492191 369.97776742838977 999.9010000000126 211.6600644531136 8941.748467172825 1084497.0066858956 3000.0 128.0 128266.0#128266.0#3000_130298.0#130298.0#3000 128454.0#128454.0#128_130440.0#130440.0#128
132000 135000 104.46733203125768 723.8831669921856 363.0907713438114 994.3179999999993 208.8197226562479 10412.796058281223 1266971.2857525246 3000.0 128.0 132267.0#132267.0#3000_134288.0#134288.0#3000 132442.0#132442.0#128_134439.0#134439.0#128
135000 138000 21.321853515604744 744.6695366210988 343.4217455887557 997.4610000000102 270.00705468750675 10007.302888237793 1118337.5051186245 3000.0 128.0 134288.0#134288.0#3000_136283.0#136283.0#3000 134439.0#134439.0#128_136441.0#136441.0#128
138000 141000 176.69218749998254 705.8269531250044 326.3173033032613 999.5439999999944 280.9079082031385 10866.17224321526 1269856.1816447794 3000.0 128.0 138295.0#138295.0#3000_140389.0#140389.0#3000 138440.0#138440.0#128_140440.0#140440.0#128
141000 144000 1749.5089042968757 625.2455478515622 353.11138118268985 874.93299999999 375.5580957031343 3441.7878854441356 350423.9804846157 3000.0 128.0 140389.0#140389.0#3000 140440.0#140440.0#128
144000 147000 210.49673632811755 929.8344212239608 118.6002580701503 999.6350000000093 792.895263671875 12004.16794152393 1272824.021479655 3000.0 128.0 144310.0#144310.0#3000_146286.0#146286.0#3000 144441.0#144441.0#128_146441.0#146441.0#128
147000 150000 6.232996093749534 748.4417509765626 374.0279704947665 999.9869999999937 206.7647363281285 16561.36609376296 1816655.785772613 3000.0 128.0 146286.0#146286.0#3000_147067.0#147067.0#3000_148304.0#148304.0#3000 147437.0#147437.0#128_148313.0#148313.0#128
150000 153000 799.5312675781315 550.1171831054671 522.3924422212574 999.3509999999951 0.0 14967.465964713108 1651707.192747732 3000.0 128.0 150277.0#150277.0#3000_150892.0#150892.0#3000 150440.0#150440.0#128_151348.0#151348.0#128
153000 156000 1177.7450917968818 911.1274541015591 124.90552805932334 999.4489999999932 822.805908203125 5994.276498018828 735501.523641729 3000.0 128.0 154256.0#154256.0#3000 154442.0#154442.0#128
156000 159000 36.53086718751001 740.8672832031225 387.8721804658192 995.9100000000035 176.3410917968722 13086.347894930721 1393845.9910613548 3000.0 128.0 156261.0#156261.0#3000_158259.0#158259.0#3000_158843.0#158843.0#3000 156440.0#156440.0#128_158441.0#158441.0#128
159000 162000 1776.8200410156278 407.72665299479075 519.2518071169044 998.6469999999972 24.332999999984168 8778.375607050451 966772.4852969162 3000.0 128.0 158259.0#158259.0#3000_158843.0#158843.0#3000 158441.0#158441.0#128_159241.0#159241.0#128
162000 165000 183.05800195311895 938.980666015627 104.92581373031985 999.762000000017 817.822998046875 19440.707097692604 2165163.2859509485 3000.0 128.0 162220.0#162220.0#3000_162882.0#162882.0#3000_164269.0#164269.0#3000 162442.0#162442.0#128_163336.0#163336.0#128_164276.0#164276.0#128
165000 168000 898.139998046885 700.6200006510384 451.88240556374905 990.5950000000012 179.95500195311615 9169.292902307396 984417.7140490513 3000.0 128.0 164269.0#164269.0#3000_166221.0#166221.0#3000 164276.0#164276.0#128_166441.0#166441.0#128
168000 171000 198.66188085929025 933.7793730469033 111.8119085044591 998.9580000000424 804.6721191406541 15179.325850924382 1523979.5732557923 3000.0 128.0 168278.0#168278.0#3000_170254.0#170254.0#3000 168441.0#168441.0#128_170437.0#170437.0#128
171000 174000 31.92207226564642 742.0194819335884 377.29694421140334 999.6889999999839 192.54788085934706 8349.237464595853 904067.7049623698 3000.0 128.0 170254.0#170254.0#3000_172298.0#172298.0#3000 170437.0#170437.0#128_172442.0#172442.0#128
174000 177000 62.652775390597526 734.3368061523506 376.07289520455515 998.7119999999995 199.79295312499744 11862.854357396494 1421778.4951496834 3000.0 128.0 174281.0#174281.0#3000_176280.0#176280.0#3000 174442.0#174442.0#128_176440.0#176440.0#128
177000 180000 24.82102343751467 743.7947441406213 347.3466194604336 997.8349999999919 255.27972851562663 8439.243702487107 984781.7868510709 3000.0 128.0 176280.0#176280.0#3000_178258.0#178258.0#3000 176440.0#176440.0#128_178441.0#178441.0#128
180000 183000 1929.8271757812763 356.7242747395746 413.85430456951735 822.9240722655959 32.69200000001001 4381.861295574532 544207.2446635375 3000.0 128.0 182331.0#182331.0#3000 182443.0#182443.0#128
183000 186000 36.35395117185544 740.9115122070361 388.60889278110994 999.5599999999977 175.69492773441016 7590.498268245323 978113.3973564678 3000.0 128.0 182331.0#182331.0#3000_184260.0#184260.0#3000 182443.0#182443.0#128_184442.0#184442.0#128
186000 189000 1017.800017578149 660.7333274739503 400.7310904651304 955.3930000000109 204.42587890624418 11047.917453671247 1337024.8601069269 3000.0 128.0 186229.0#186229.0#3000_188226.0#188226.0#3000 186439.0#186439.0#128_188437.0#188437.0#128
189000 192000 32.99213476557634 741.7519663086059 390.7691864991556 999.9159999999974 173.4928964843857 10280.630923463457 1051454.3559008874 3000.0 128.0 188226.0#188226.0#3000_190230.0#190230.0#3000 188437.0#188437.0#128_190442.0#190442.0#128
192000 195000 34.212884765613126 741.4467788085967 389.69390589889724 999.6719999999914 175.9010312499886 16143.050165192777 1982336.9072507792 3000.0 128.0 192316.0#192316.0#3000_193092.0#193092.0#3000_194367.0#194367.0#3000 192446.0#192446.0#128_193438.0#193438.0#128_194374.0#194374.0#128
195000 198000 16.26802148440038 745.9329946288999 373.9791799393296 999.6489999999758 206.21391601563664 14224.000981704005 1860802.3852075108 3000.0 128.0 194367.0#194367.0#3000_195174.0#195174.0#3000_196381.0#196381.0#3000 195441.0#195441.0#128_196440.0#196440.0#128
198000 201000 93.24706054685521 726.6882348632862 363.525973951317 996.8699999999953 216.43593750000582 9917.858208975478 1294637.6211497365 3000.0 128.0 198330.0#198330.0#3000_200299.0#200299.0#3000 198446.0#198446.0#128_200297.0#200297.0#128
201000 204000 63.41393554685055 734.1465161132874 332.1152325136669 992.1059999999998 282.48799804688315 11164.985108033537 1388965.2705620257 5333.333333333333 128.0 200299.0#200299.0#3000_202305.0#202305.0#6500_202306.0#202306.0#6500 202303.0#202303.0#128
204000 207000 721.6760664062749 569.5809833984313 495.7625076352671 994.9319999999716 0.0 11281.536219735806 1350444.3975832118 4166.666666666667 128.0 202306.0#202306.0#6500_204821.0#204821.0#3000_204822.0#204822.0#3000 204836.0#204836.0#128
207000 210000 1176.5439140624658 911.7280429687671 124.71943329871844 999.9180000000342 823.5380859375 6469.317308804633 771806.4033428835 3000.0 128.0 208275.0#208275.0#3000 208442.0#208442.0#128
210000 213000 34.625082031212514 741.3437294921969 389.0667311649734 998.1069999999891 175.9729140624986 11713.72092557598 1468251.8100804745 3000.0 128.0 210322.0#210322.0#3000_212233.0#212233.0#3000 210440.0#210440.0#128_212437.0#212437.0#128
213000 216000 9.984751953190425 747.5038120117024 374.9067899202997 998.5779999999795 205.2939960937074 9064.006444603327 1001472.0043648896 3000.0 128.0 212233.0#212233.0#3000_214246.0#214246.0#3000 212437.0#212437.0#128_214439.0#214439.0#128
216000 219000 15.822150390653405 746.0444624023366 374.61765342627484 999.4109999999928 205.53974804686732 11492.10584415241 1194042.3070420576 3000.0 128.0 216229.0#216229.0#3000_218234.0#218234.0#3000 216440.0#216440.0#128_218441.0#218441.0#128
219000 222000 16.12322265622788 745.969194335943 370.4886217917168 999.2350000000151 213.08789843748673 19816.56191861855 2047094.249734113 3000.0 128.0 218234.0#218234.0#3000_219187.0#219187.0#3000_220429.0#220429.0#3000 218441.0#218441.0#128_219572.0#219572.0#128_220436.0#220436.0#128
222000 225000 1016.8818867187656 661.0393710937448 401.4340883228215 956.3630000000121 203.9631210937223 12245.233617225625 1384753.909240168 3000.0 128.0 222274.0#222274.0#3000_224273.0#224273.0#3000 222437.0#222437.0#128_224443.0#224443.0#128
225000 228000 35.71769140622928 741.0705771484427 389.195542378394 999.9350000000268 175.14100781249 8523.20030648491 971072.7457049296 3000.0 128.0 224273.0#224273.0#3000_226310.0#226310.0#3000 224443.0#224443.0#128_226439.0#226439.0#128
228000 231000 1944.6089980467805 351.7970006510732 416.8107777993192 822.6853027344041 30.159000000043306 5448.471453486233 608334.4383749735 3000.0 128.0 230285.0#230285.0#3000 230440.0#230440.0#128
231000 234000 28.92219140625093 742.7694521484373 391.3207323060362 998.8999999999942 172.68669726562803 14462.799584628721 1608759.948355937 3000.0 128.0 230285.0#230285.0#3000_232265.0#232265.0#3000_232897.0#232897.0#3000 230440.0#230440.0#128_232446.0#232446.0#128_233323.0#233323.0#128
234000 237000 1897.8831855468452 367.37227148438495 398.5624430240472 822.89892578125 82.83200000002398 5727.1301272987 683969.2538260368 3000.0 128.0 232897.0#232897.0#3000_236279.0#236279.0#3000 233323.0#233323.0#128_236441.0#236441.0#128
237000 240000 39.44996679684846 740.1375083007879 388.9516172642866 999.1639999999898 176.3860742187535 13893.466071249288 1650841.3827840309 3000.0 128.0 236279.0#236279.0#3000_238242.0#238242.0#3000_238938.0#238938.0#3000 236441.0#236441.0#128_238441.0#238441.0#128_239338.0#239338.0#128
240000 243000 11.494656249909895 747.1263359375225 373.2533291362529 999.3570000000764 208.20804101563408 20753.51751752176 2014565.3071508412 3000.0 128.0 238938.0#238938.0#3000_240231.0#240231.0#3000_240898.0#240898.0#3000_242741.0#242741.0#3000 239338.0#239338.0#128_240445.0#240445.0#128_241293.0#241293.0#128_242940.0#242940.0#128
243000 246000 20.097417968790978 744.9756455078023 370.22945554069497 998.4780000000028 213.24069726560265 11973.057129711107 1410406.2531337948 3000.0 128.0 242741.0#242741.0#3000_244247.0#244247.0#3000 242940.0#242940.0#128_244437.0#244437.0#128
246000 249000 49.22078710934147 737.6948032226646 361.4240963042848 998.170999999973 220.8531152343494 11622.971922802551 1387595.2155897457 3700.0 128.0 246241.0#246241.0#3000_248270.0#248270.0#4400 246239.0#246239.0#128_248267.0#248267.0#128
249000 252000 85.43398046877701 728.6415048828057 349.6866477788864 999.6639999999898 241.68890234373976 13540.09904399377 1592340.6825654432 4400.0 128.0 248270.0#248270.0#4400_250314.0#250314.0#4400 250312.0#250312.0#128
252000 255000 25.453162109362893 743.6367094726593 338.86003474497437 999.4089999999851 283.0178828124772 13586.442043023715 1769974.0408440884 4400.0 128.0 252296.0#252296.0#4400_254297.0#254297.0#4400 252294.0#252294.0#128_254295.0#254295.0#128
255000 258000 21.46183593745809 744.6345410156355 330.187382151624 999.7260000000242 303.08804492186755 12233.692236443203 1586849.0516026365 4400.0 128.0 254297.0#254297.0#4400_256318.0#256318.0#4400 256317.0#256317.0#128
258000 261000 215.67003515636316 696.0824912109092 320.50679168436346 999.99099999998 301.68788085936103 13823.214361439184 1787889.3706909537 4400.0 128.0 258275.0#258275.0#4400_260280.0#260280.0#4400 258274.0#258274.0#128_260277.0#260277.0#128
261000 264000 12.58097851567436 746.8547553710814 297.2685897711316 999.4089999999851 423.3909160156036 14079.732344937933 1663944.931851266 4400.0 128.0 260280.0#260280.0#4400_262276.0#262276.0#4400 262273.0#262273.0#128
264000 267000 233.33699609374162 691.6657509765646 341.55973035082746 997.5800000000163 367.287109375 15297.455069953772 2031963.0630687317 5450.0 128.0 264333.0#264333.0#6500_266551.0#266551.0#4400 264328.0#264328.0#128_266569.0#266569.0#128
267000 270000 16.311013671860565 745.9222465820349 308.66599871258757 997.005999999994 362.798095703125 14852.957118888868 2018100.5876342691 4400.0 128.0 266551.0#266551.0#4400_268275.0#268275.0#4400 268440.0#268440.0#128
270000 273000 545.3031464843662 818.2322845052113 181.9007488605229 997.8850000000093 634.1639042968745 12746.73551912302 1670061.6357402424 3700.0 128.0 270232.0#270232.0#4400_272233.0#272233.0#3000 270437.0#270437.0#128_272443.0#272443.0#128
273000 276000 30.906009765632916 742.2734975585918 389.66172146724386 999.085000000021 174.54305078124162 7732.335459954349 866987.9668414631 3000.0 128.0 272233.0#272233.0#3000_274230.0#274230.0#3000 272443.0#272443.0#128_274439.0#274439.0#128
276000 279000 559.4689394531306 610.1327651367174 446.17835813882596 995.5300000000279 177.50606054684613 12280.776630078386 1587043.440436031 3000.0 128.0 276251.0#276251.0#3000_277276.0#277276.0#3000 276450.0#276450.0#128_277439.0#277439.0#128
279000 282000 1180.6800898436923 909.6599550781539 126.6457164667188 999.2119999999995 820.1079101563082 10960.759673479366 1349480.9056926793 3000.0 128.0 280305.0#280305.0#3000_281036.0#281036.0#3000 280440.0#280440.0#128_281394.0#281394.0#128
282000 285000 1852.5059941406362 382.4980019531213 381.9781664306513 823.138916015625 145.32500000001164 5561.651930997703 647254.6676363666 3000.0 128.0 281036.0#281036.0#3000_284299.0#284299.0#3000 281394.0#281394.0#128_284443.0#284443.0#128
285000 288000 39.96789062500466 740.0080273437488 388.41816380706905 999.5329999999958 176.27808398439083 14733.3007017657 1709900.9089776012 3000.0 128.0 284299.0#284299.0#3000_286299.0#286299.0#3000_287035.0#287035.0#3000 286448.0#286448.0#128_287407.0#287407.0#128
288000 291000 13.208003906242084 746.6979990234395 372.00048323710115 998.9530000000377 210.0159746093559 11138.944954507275 1392563.287380575 3000.0 128.0 287035.0#287035.0#3000_288327.0#288327.0#3000_290379.0#290379.0#3000 287407.0#287407.0#128_288440.0#288440.0#128_290377.0#290377.0#128
291000 294000 45.13610156241339 738.7159746093967 366.25139315704763 996.7270000000717 218.34097851562547 10327.896171736022 1334787.0140879853 3700.0 128.0 290379.0#290379.0#3000_292281.0#292281.0#4400 292278.0#292278.0#128
294000 297000 32.90401367191225 741.7739965820219 349.1648274406088 996.4949999999953 251.48208007810172 15964.082665913604 1874937.691415937 4400.0 128.0 294277.0#294277.0#4400_296243.0#296243.0#4400 294275.0#294275.0#128_296240.0#296240.0#128
297000 300000 68.62202343752142 732.8444941406196 345.4940710315331 998.4459999999963 267.8000937500037 13959.472956458469 1584239.0155252635 4400.0 128.0 296243.0#296243.0#4400_298231.0#298231.0#4400 298226.0#298226.0#128
