ts te idle avg_span std_span max_span min_span c_bytes_all s_bytes_all avg_video_rate avg_audio_rate video_requests_sequence audio_requests_sequence
0 9000 6627.209042968752 790.9303190104159 352.1039723381779 994.63400000002 384.35595703125 23464.576766014838 472627.28056558693 288.0 128.0 6823.0#6823.0#288_7687.0#7687.0#288_8404.0#8404.0#288 6815.0#6815.0#128_7503.0#7503.0#128_7767.0#7767.0#128_8423.0#8423.0#128
9000 18000 1671.6059570311918 814.266004774312 326.51502616838957 999.7199999999721 37.88000000000466 51661.423233985166 1460103.7194344131 349.3333333333333 128.0 8404.0#8404.0#288_9245.0#9245.0#288_9912.0#9912.0#288_10605.0#10605.0#288_11879.0#11879.0#288_12507.0#12507.0#288_13101.0#13101.0#288_13648.0#13648.0#288_14875.0#14875.0#840 9451.0#9451.0#128_10410.0#10410.0#128_11244.0#11244.0#128_11967.0#11967.0#128_13013.0#13013.0#128_13427.0#13427.0#128_14869.0#14869.0#128
18000 27000 942.7460234373575 895.2504418402937 282.0852102798305 999.3150000000023 143.8759765625 55426.622078274464 1646804.264173746 840.0 128.0 18881.0#18881.0#840_20324.0#20324.0#840_22060.0#22060.0#840_23117.0#23117.0#840_24867.0#24867.0#840_26910.0#26910.0#840 18878.0#18878.0#128_19093.0#19093.0#128_21086.0#21086.0#128_23105.0#23105.0#128_24864.0#24864.0#128_26908.0#26908.0#128
27000 36000 2215.9339765623445 848.0082529297069 346.1227953527972 998.5270000000019 0.0 39423.377921725536 1001016.735826254 840.0 128.0 26910.0#26910.0#840_28871.0#28871.0#840_30873.0#30873.0#840_32876.0#32876.0#840 26908.0#26908.0#128_28867.0#28867.0#128_30868.0#30868.0#128_32873.0#32873.0#128
36000 45000 3431.736000000208 928.0439999999653 89.31779808747703 997.880999999994 789.399000000034 44033.0 946260.0 444.0 128.0 36895.0#36895.0#840_38392.0#38392.0#288_38947.0#38947.0#288_40014.0#40014.0#288_42856.0#42856.0#480_43669.0#43669.0#480 36893.0#36893.0#128_37139.0#37139.0#128_38406.0#38406.0#128_40009.0#40009.0#128_42853.0#42853.0#128_44004.0#44004.0#128
45000 54000 2855.547712890606 877.7788981584848 314.9768244483844 999.9660000000149 163.519287109375 42152.32379285156 1044719.0591057697 768.0 128.0 46882.0#46882.0#480_48859.0#48859.0#840_50864.0#50864.0#840_52352.0#52352.0#840_53578.0#53578.0#840 46877.0#46877.0#128_48856.0#48856.0#128_50861.0#50861.0#128_51510.0#51510.0#128_53511.0#53511.0#128
54000 63000 1893.6633007811033 789.5929665798774 370.19993361622375 999.9560000000056 92.29999999998836 45699.71629977814 1137562.3316718733 840.0 128.0 53578.0#53578.0#840_55517.0#55517.0#840_58850.0#58850.0#840_60356.0#60356.0#840_61766.0#61766.0#840 55513.0#55513.0#128_58845.0#58845.0#128_59508.0#59508.0#128_61093.0#61093.0#128
63000 72000 3156.3249863280216 730.4593767089973 378.6848419028081 999.2180000000517 115.79401367192622 42335.9599073703 1089819.609222357 840.0 128.0 61766.0#61766.0#840_64861.0#64861.0#840_66900.0#66900.0#840_68546.0#68546.0#840_69765.0#69765.0#840 64857.0#64857.0#128_66896.0#66896.0#128_67133.0#67133.0#128_69366.0#69366.0#128
72000 81000 906.5918867189321 899.2675681423409 273.0655226882482 999.7229999999981 171.8911132811918 51852.18215875844 1361468.4427588796 840.0 128.0 72886.0#72886.0#840_74163.0#74163.0#840_75292.0#75292.0#840_76899.0#76899.0#840_78852.0#78852.0#840_80864.0#80864.0#840 72881.0#72881.0#128_73130.0#73130.0#128_75123.0#75123.0#128_76897.0#76897.0#128_78849.0#78849.0#128_80861.0#80861.0#128
81000 90000 3211.341107421904 723.582361572262 385.6862265431244 999.2359999999753 34.396000000007916 43280.65937097627 984046.2625694952 536.0 128.0 80864.0#80864.0#840_84858.0#84858.0#840_86280.0#86280.0#288_86866.0#86866.0#288_88860.0#88860.0#480_89788.0#89788.0#480 80861.0#80861.0#128_84857.0#84857.0#128_85081.0#85081.0#128_86863.0#86863.0#128_88856.0#88856.0#128
90000 99000 3930.2397324219346 633.7200334472582 450.4637882917633 999.9079999999958 29.5 39336.07000447629 932908.0640595385 624.0 128.0 89788.0#89788.0#480_92889.0#92889.0#480_93779.0#93779.0#480_96892.0#96892.0#840_98391.0#98391.0#840 90008.0#90008.0#128_92885.0#92885.0#128_94008.0#94008.0#128_96888.0#96888.0#128_97509.0#97509.0#128
99000 108000 1706.8183730468154 810.3535141059094 325.45791650009596 998.765000000014 146.722900390625 42301.19114586648 1066889.3883099093 840.0 128.0 98391.0#98391.0#840_99608.0#99608.0#840_102864.0#102864.0#840_104870.0#104870.0#840_106857.0#106857.0#840 99507.0#99507.0#128_102860.0#102860.0#128_104866.0#104866.0#128_106853.0#106853.0#128_107071.0#107071.0#128
108000 117000 1077.755937500042 880.2493402777732 259.6151363063558 997.6579999999958 202.636962890625 49421.30124241511 1263905.186923357 840.0 128.0 106857.0#106857.0#840_108557.0#108557.0#840_110852.0#110852.0#840_112252.0#112252.0#840_114864.0#114864.0#840_116161.0#116161.0#840 110850.0#110850.0#128_111067.0#111067.0#128_114860.0#114860.0#128_115103.0#115103.0#128
117000 126000 674.2040019531269 925.0884442274304 109.21482758585344 998.5660000000498 706.4599609375 46561.816388508836 1179814.4118100642 840.0 128.0 116161.0#116161.0#840_117302.0#117302.0#840_118886.0#118886.0#840_120869.0#120869.0#840_124297.0#124297.0#840_125986.0#125986.0#840 117121.0#117121.0#128_118885.0#118885.0#128_120864.0#120864.0#128_124292.0#124292.0#128_125122.0#125122.0#128
126000 135000 1150.9088828125386 784.9091117187461 328.9209729121623 999.8190000000177 202.080078125 54306.571154172205 1367981.89773124 840.0 128.0 125986.0#125986.0#840_127301.0#127301.0#840_128871.0#128871.0#840_130850.0#130850.0#840_132850.0#132850.0#840_134058.0#134058.0#840 127297.0#127297.0#128_128868.0#128868.0#128_130847.0#130847.0#128_132847.0#132847.0#128_134007.0#134007.0#128
135000 144000 2853.7401679689647 768.2824790038794 317.7341282777847 999.6900000000023 210.23291015625 43901.936292378785 1098773.8937922097 840.0 128.0 134058.0#134058.0#840_136019.0#136019.0#840_138890.0#138890.0#840_140031.0#140031.0#840_142882.0#142882.0#840 136017.0#136017.0#128_138888.0#138888.0#128_140009.0#140009.0#128_142878.0#142878.0#128_143507.0#143507.0#128
144000 153000 3442.438621093752 694.695172363281 390.4742599791796 998.1479999999865 41.256999999983236 37286.38464890647 878573.9311839023 768.0 128.0 142882.0#142882.0#840_144304.0#144304.0#840_146846.0#146846.0#840_150865.0#150865.0#840_152479.0#152479.0#480 143507.0#143507.0#128_146843.0#146843.0#128_150864.0#150864.0#128_151078.0#151078.0#128
153000 162000 2009.4251933593769 776.7305340711804 384.2019220899026 998.3840000000782 21.153999999980442 37646.928639599675 762700.7313718465 397.7142857142857 128.0 152479.0#152479.0#480_153241.0#153241.0#288_154861.0#154861.0#288_155353.0#155353.0#288_157516.0#157516.0#480_160865.0#160865.0#480_161840.0#161840.0#480 153101.0#153101.0#128_154858.0#154858.0#128_155502.0#155502.0#128_157509.0#157509.0#128_160864.0#160864.0#128_161100.0#161100.0#128
162000 171000 3238.0040644531837 720.249491943352 387.76812144913083 999.6070000000182 25.647999999986496 40597.513265980706 892529.894372673 536.0 128.0 161840.0#161840.0#480_164876.0#164876.0#840_166563.0#166563.0#840_167901.0#167901.0#288_168878.0#168878.0#288_170860.0#170860.0#480 164871.0#164871.0#128_165117.0#165117.0#128_167107.0#167107.0#128_168875.0#168875.0#128_170855.0#170855.0#128
171000 180000 4087.956074218848 701.7205608258789 396.8956140557583 997.9710000000196 62.949999999953434 38666.374943322095 894067.7614283757 552.0 128.0 170860.0#170860.0#480_174900.0#174900.0#480_175973.0#175973.0#480_176860.0#176860.0#480_178868.0#178868.0#840 170855.0#170855.0#128_174897.0#174897.0#128_175132.0#175132.0#128_176859.0#176859.0#128_178863.0#178863.0#128
180000 189000 3623.4529960937216 672.0683754882848 388.25483890317463 998.4089999999851 71.2390000000014 39746.21651649019 922750.2081024714 840.0 128.0 178868.0#178868.0#840_180855.0#180855.0#840_182191.0#182191.0#840_184854.0#184854.0#840_188877.0#188877.0#840 180852.0#180852.0#128_182008.0#182008.0#128_184850.0#184850.0#128_188873.0#188873.0#128
189000 198000 1977.1499609373277 877.856254882834 206.3820963514198 999.7039999999688 410.1260000000475 53093.854228148455 1239314.9255860373 660.0 128.0 188877.0#188877.0#840_190429.0#190429.0#840_191911.0#191911.0#840_194880.0#194880.0#480_195948.0#195948.0#480_196947.0#196947.0#480 188873.0#188873.0#128_189092.0#189092.0#128_191056.0#191056.0#128_194876.0#194876.0#128_195120.0#195120.0#128_196010.0#196010.0#128
198000 207000 4792.566093750065 601.0619866071336 460.27786751805456 999.7920000000158 54.97199999995064 28677.39182006221 565674.4426633612 364.8 128.0 200871.0#200871.0#480_201886.0#201886.0#288_202860.0#202860.0#288_203703.0#203703.0#288_206857.0#206857.0#480 200867.0#200867.0#128_201094.0#201094.0#128_202857.0#202857.0#128_203089.0#203089.0#128_206853.0#206853.0#128
207000 216000 165.38978710933588 883.4610212890664 265.563022701075 999.5439999999944 150.422119140625 57017.50038147596 1341283.5590451001 720.0 128.0 206857.0#206857.0#480_207955.0#207955.0#480_209027.0#209027.0#840_210860.0#210860.0#840_212869.0#212869.0#840_214881.0#214881.0#840 206853.0#206853.0#128_207106.0#207106.0#128_209020.0#209020.0#128_210856.0#210856.0#128_212866.0#212866.0#128_214874.0#214874.0#128
216000 225000 171.33987109386362 882.8660128906137 289.81333525855655 997.7859999999637 69.479248046875 46975.32654365447 1073576.3417362217 840.0 128.0 214881.0#214881.0#840_216846.0#216846.0#840_218911.0#218911.0#840_220855.0#220855.0#840_222849.0#222849.0#840_224878.0#224878.0#840 216844.0#216844.0#128_218907.0#218907.0#128_220852.0#220852.0#128_222847.0#222847.0#128_224875.0#224875.0#128
225000 234000 2127.7702714842744 859.0287160644657 286.4586882755416 999.7260000000242 159.6259765625 44697.06693465159 1068022.4743546646 696.0 128.0 224878.0#224878.0#840_226852.0#226852.0#840_230868.0#230868.0#840_232819.0#232819.0#480_233631.0#233631.0#480 224875.0#224875.0#128_226851.0#226851.0#128_230864.0#230864.0#128_231110.0#231110.0#128_232851.0#232851.0#128
234000 243000 1933.9828652344877 785.1130149739458 298.83126490314146 999.6439999999711 204.589111328125 48320.639599718 1178061.8660430103 660.0 128.0 233631.0#233631.0#480_234731.0#234731.0#480_236015.0#236015.0#480_238025.0#238025.0#840_240853.0#240853.0#840_242136.0#242136.0#840 234009.0#234009.0#128_236012.0#236012.0#128_238019.0#238019.0#128_240849.0#240849.0#128_242004.0#242004.0#128
243000 252000 1306.172113281209 854.8697651909768 264.77664869022584 999.7730000000447 205.947998046875 45203.11066284561 1184657.2294479338 840.0 128.0 242136.0#242136.0#840_243558.0#243558.0#840_245286.0#245286.0#840_248888.0#248888.0#840_250523.0#250523.0#840 243512.0#243512.0#128_245545.0#245545.0#128_248886.0#248886.0#128_249508.0#249508.0#128
252000 261000 119.10409960942343 888.0895900390576 274.8251689366552 999.140999999945 128.4208984375 55374.05584652365 1359355.5461335108 840.0 128.0 252879.0#252879.0#840_254609.0#254609.0#840_255872.0#255872.0#840_257090.0#257090.0#840_258880.0#258880.0#840_260877.0#260877.0#840 252875.0#252875.0#128_253092.0#253092.0#128_255003.0#255003.0#128_257087.0#257087.0#128_258877.0#258877.0#128_260873.0#260873.0#128
261000 270000 3116.9088984376285 840.4415859374816 356.720154902952 999.6820000000298 38.21699999994598 40812.9082110685 941513.5405761977 750.0 128.0 260877.0#260877.0#840_264866.0#264866.0#840_266337.0#266337.0#840_267887.0#267887.0#480 260873.0#260873.0#128_264863.0#264863.0#128_265078.0#265078.0#128_267137.0#267137.0#128
270000 279000 981.4428808593657 890.950791015626 307.75104332981834 999.4150000000373 70.547119140625 51399.84773777579 1178976.8230843768 720.0 128.0 270867.0#270867.0#480_271832.0#271832.0#480_272917.0#272917.0#840_274864.0#274864.0#840_276863.0#276863.0#840_278876.0#278876.0#840 270865.0#270865.0#128_271095.0#271095.0#128_272913.0#272913.0#128_274861.0#274861.0#128_276860.0#276860.0#128_278872.0#278872.0#128
279000 288000 1582.5701191405533 927.1787351074308 128.18771135566513 998.6949999999488 629.4170000000158 50345.15226222421 1260522.1769156232 840.0 128.0 278876.0#278876.0#840_280867.0#280867.0#840_282153.0#282153.0#840_284873.0#284873.0#840_286509.0#286509.0#840 278872.0#278872.0#128_280865.0#280865.0#128_282005.0#282005.0#128_284871.0#284871.0#128_286009.0#286009.0#128
288000 297000 2635.21673242189 795.5979084472638 369.2857583070795 998.8059999999823 183.60699999995995 42924.75101779367 1040877.2662127936 840.0 128.0 288869.0#288869.0#840_290311.0#290311.0#840_291493.0#291493.0#840_293513.0#293513.0#840_296865.0#296865.0#840 288865.0#288865.0#128_289506.0#289506.0#128_291504.0#291504.0#128_293510.0#293510.0#128_296860.0#296860.0#128
