ts te idle avg_span std_span max_span min_span c_bytes_all s_bytes_all avg_video_rate avg_audio_rate video_requests_sequence audio_requests_sequence
0 9000 6252.369021484337 915.8769928385542 132.0207658018371 999.4650000000256 763.677978515625 42519.00298818044 1985319.3126953016    
9000 18000 3525.734089843754 684.2832387695307 363.6448487340917 999.8339999999735 71.45299999997951 62722.88755385736 3631839.540042053    
18000 27000 102.56576757814037 889.7434232421859 218.8854842454001 999.8319999999949 421.2681113281287 80819.28175698224 5759327.262516497    
27000 36000 32.76021484367084 896.7239785156329 214.5717625790006 999.8819999999832 461.3688789062435 80738.03862948249 6155305.1875868635    
36000 45000 115.75985546887387 888.4240144531126 226.85520725504307 999.5690000000177 441.1020507811918 75000.70272983477 5123770.521383728    
45000 54000 194.3999863283825 880.5600013671617 227.96570864896773 999.9020000000019 358.966064453125 73366.01083512425 4769970.95243966    
54000 63000 593.5860644532368 934.0459928385293 131.4627038753999 999.9830000000075 601.0919355468941 76866.07550653846 5271118.223335898    
63000 72000 1613.9127402346348 923.2609074706706 159.96410156828725 999.6120000000228 532.291259765625 63861.26320346873 4171785.4932434703    
72000 81000 268.0232675780426 873.1976732421957 245.26605753943923 999.0709999999963 358.5419921875 70704.38629206349 4809095.793715427    
81000 90000 1516.3889921876253 935.4513759765468 128.88044423737725 999.0069999999832 640.918007812521 79522.35050446779 5430041.7130411025    
90000 99000 2044.4249999999302 869.4468750000087 244.95027191683485 999.4950000000536 376.0370000000112 71877.0 4714492.0    
99000 108000 1488.4146953125019 938.9481630859373 166.56519548804818 999.7420000000275 526.7373046875 73631.47826942714 4750525.999413703    
108000 117000 286.92035742185544 871.3079642578144 243.6720373605606 999.403999999864 354.345947265625 76520.79015998673 4874062.657338405    
117000 126000 2526.710837890627 809.1611452636716 307.9147698760189 999.8429999999935 111.787109375 66212.98030765375 4124771.428121915    
126000 135000 1220.2838222656283 864.4129086371524 243.50138100264044 999.0579999999609 332.4650000000838 76644.60409376066 5295206.283743787    
135000 144000 2054.9522871094523 771.6719680989497 341.63725976599744 999.6809999999823 53.46999999997206 64279.92914750458 4392220.884522561    
144000 153000 1412.0219531250186 843.108671874998 233.57826777270034 999.7129999999888 410.17399999999907 69342.61032071835 4579577.93708426    
153000 162000 189.1641171874944 881.0835882812505 239.15059658280583 999.6399999999558 395.3779296875 77578.03736568344 5207774.816182914    
162000 171000 2034.8420468751574 870.6447441406053 186.99624234882933 999.4029999999912 561.7400703125168 62191.57602256017 4115462.0163548426    
171000 180000 1969.190906250209 781.2010104166434 349.69332655560964 999.0690000000177 55.26799999992363 66727.61314832776 4195646.86425009    
180000 189000 2631.809658203216 796.023792724598 245.43647443949598 999.5839999999735 412.85702343750745 64491.504081255545 4269939.723833449    
189000 198000 290.650357421895 870.9349642578105 241.53182720358308 999.4740000000456 406.79068164061755 72165.41215757308 4810003.292889539    
198000 207000 2165.665992187569 854.2917509765539 227.97767647351816 999.954000000027 458.67303906253073 64264.65062942231 4311827.875026953    
207000 216000 1030.61894335947 885.48678407117 207.36713661653513 999.8170000000391 468.9200312499888 79512.18103798687 5261530.929273362    
216000 225000 182.50391406251583 881.7496085937485 230.16645052195332 999.9220000000205 410.11197460931726 72377.8473913012 4899267.86769608    
225000 234000 146.74184374988545 885.3258156250115 223.61438835312686 999.9170000000158 417.249267578125 76838.04933581881 5259858.364171913    
234000 243000 42.78928710927721 895.7210712890723 217.85302998459318 999.1790000000037 398.97998046875 80757.11544439106 5017721.024707202    
243000 252000 2390.939691406209 826.1325385742239 240.9911535784664 999.6979999999749 462.67599999997765 60061.797104443234 4032757.349413983    
252000 261000 171.01733593747485 882.8982664062526 223.5887447543717 999.9710000000196 446.6787109375 68361.76489417258 4545651.946565846    
261000 270000 149.61368750000838 885.0386312499992 223.59155681662793 999.375 406.947265625 72234.82729599945 4994490.555818412    
270000 279000 1716.4983476562193 809.2779613715312 314.0905416974881 999.7600000000093 115.82099999999627 70953.88390833473 5005631.058067298    
279000 288000 47.808029296807945 895.2191970703192 218.12264709855432 999.719000000041 410.3190820312593 91264.3210442745 6212186.914637673    
288000 297000 2029.1549765624804 774.5383359375022 351.7426975752234 999.9370000000345 54.199999999953434 67590.97130747965 4254475.41084053    
297000 306000 6194.132912109373 701.4667719726567 349.3897729859589 999.4270000000251 327.5219999999972 25421.055531924394 1635556.8000452784    
