ts te idle avg_span std_span max_span min_span c_bytes_all s_bytes_all avg_video_rate avg_audio_rate video_requests_sequence audio_requests_sequence
0 7000 7000.0 0.0 0.0 0.0 0.0 0.0 0.0 0.0 0.0 - -
7000 14000 3791.53606640629 802.1159833984275 269.15959239014444 994.7089999999735 409.85693359375 8421.599257252627 198920.5446375399 288.0 128.0 12842.0#12842.0#288 12839.0#12839.0#128
14000 21000 87.68792187509825 864.0390097656127 250.0119714467252 997.875 362.5620117186918 27353.91617835895 796303.9682369356 288.0 128.0 12842.0#12842.0#288_15255.0#15255.0#288_16533.0#16533.0#288_17360.0#17360.0#288_18069.0#18069.0#288_19281.0#19281.0#288_20035.0#20035.0#288 12839.0#12839.0#128_15275.0#15275.0#128_16547.0#16547.0#128_17414.0#17414.0#128_18160.0#18160.0#128_19289.0#19289.0#128_20164.0#20164.0#128
21000 28000 542.6697285156697 807.1662839355413 309.7289507465772 991.7760000000126 169.165283203125 11838.555254602841 264564.07637191104 288.0 128.0 20035.0#20035.0#288_22829.0#22829.0#288_27260.0#27260.0#288 20164.0#20164.0#128_23170.0#23170.0#128_27358.0#27358.0#128
28000 35000 141.67740429681726 857.2903244628978 305.3263098308693 999.6039999999921 115.65087890625 20163.899972021936 440510.9844057094 288.0 128.0 27260.0#27260.0#288_30197.0#30197.0#288_31991.0#31991.0#288_33746.0#33746.0#288 27358.0#27358.0#128_30577.0#30577.0#128_32161.0#32161.0#128_33752.0#33752.0#128
35000 42000 114.84483203134732 860.6443959960816 317.46792091893474 997.7540000000154 81.748046875 23941.705381849308 588404.0386590501 288.0 128.0 33746.0#33746.0#288_35527.0#35527.0#288_36890.0#36890.0#288_38338.0#38338.0#288_39527.0#39527.0#288_40919.0#40919.0#288 35665.0#35665.0#128_36992.0#36992.0#128_38359.0#38359.0#128_39656.0#39656.0#128_40954.0#40954.0#128
42000 49000 123.21707421884639 859.5978657226442 346.6565318586195 997.4319999999716 4.27197265625 23496.719335724163 554457.7064886177 288.0 128.0 40919.0#40919.0#288_42783.0#42783.0#288_44423.0#44423.0#288_46096.0#46096.0#288_47709.0#47709.0#288_48983.0#48983.0#288 40954.0#40954.0#128_42920.0#42920.0#128_44669.0#44669.0#128_46175.0#46175.0#128_47737.0#47737.0#128
49000 56000 110.70987890620017 984.1843030133999 17.368394923875716 999.4949999999953 948.12109375 22743.868064842492 586753.6538091002 288.0 128.0 47709.0#47709.0#288_48983.0#48983.0#288_50060.0#50060.0#288_51376.0#51376.0#288_52993.0#52993.0#288_55023.0#55023.0#288 49109.0#49109.0#128_50161.0#50161.0#128_51520.0#51520.0#128_53005.0#53005.0#128_55162.0#55162.0#128
56000 63000 113.2411777342204 860.8448527832224 337.1792315812343 999.8240000000224 33.59590625000419 21689.733656230535 496305.62922596716 288.0 128.0 55023.0#55023.0#288_56588.0#56588.0#288_58741.0#58741.0#288_60340.0#60340.0#288_62215.0#62215.0#288 55162.0#55162.0#128_56697.0#56697.0#128_58749.0#58749.0#128_60664.0#60664.0#128_62231.0#62231.0#128
63000 70000 83.66299804690061 864.5421252441374 310.05104178386597 997.2520000000368 109.51908398442902 22380.108364941912 540656.9618814744 288.0 128.0 62215.0#62215.0#288_64202.0#64202.0#288_65799.0#65799.0#288_67364.0#67364.0#288_69158.0#69158.0#288 62231.0#62231.0#128_64361.0#64361.0#128_65844.0#65844.0#128_67604.0#67604.0#128_69162.0#69162.0#128
70000 77000 129.90484570310218 858.7618942871122 300.38852009827383 999.5009999999893 141.90508203126956 19804.22030161851 467102.4975909833 288.0 128.0 69158.0#69158.0#288_70488.0#70488.0#288_72024.0#72024.0#288_74171.0#74171.0#288_76549.0#76549.0#288 69162.0#69162.0#128_70666.0#70666.0#128_72034.0#72034.0#128_74169.0#74169.0#128_76164.0#76164.0#128
77000 84000 160.51397265610285 854.9357534179871 283.8437313555117 999.1610000000219 190.43092773441458 13320.754542667923 291615.0585646139 288.0 128.0 74171.0#74171.0#288_76549.0#76549.0#288_80384.0#80384.0#288_83040.0#83040.0#288 76164.0#76164.0#128_78165.0#78165.0#128_83046.0#83046.0#128
84000 91000 114.14082421862986 860.7323969726713 266.8183805210018 999.7810000000754 272.5849003906478 14955.58779829865 333497.2046695065 288.0 128.0 83040.0#83040.0#288_86144.0#86144.0#288_88940.0#88940.0#288 83046.0#83046.0#128_86153.0#86153.0#128_88950.0#88950.0#128
91000 98000 163.28202148451237 854.589747314436 253.76399895133812 997.3369999999995 322.6647246093489 21945.4909123135 453830.8947364947 288.0 128.0 88940.0#88940.0#288_91503.0#91503.0#288_93717.0#93717.0#288_95387.0#95387.0#288_97444.0#97444.0#288 91512.0#91512.0#128_93721.0#93721.0#128_95397.0#95397.0#128_97463.0#97463.0#128
98000 105000 129.3133164064493 858.8358354491938 250.84002506100487 998.7660000000033 388.85574609367177 25252.982881621298 559132.7978656436 288.0 128.0 97444.0#97444.0#288_98831.0#98831.0#288_100141.0#100141.0#288_101428.0#101428.0#288_103417.0#103417.0#288_104943.0#104943.0#288 97463.0#97463.0#128_98908.0#98908.0#128_100151.0#100151.0#128_101433.0#101433.0#128_103431.0#103431.0#128
105000 112000 72.96281640633242 865.8796479492084 239.36964402275655 999.2379999999539 472.3770624999888 20836.62595274025 478055.22538591456 288.0 128.0 103417.0#103417.0#288_104943.0#104943.0#288_106920.0#106920.0#288_109139.0#109139.0#288_110906.0#110906.0#288 105115.0#105115.0#128_107166.0#107166.0#128_109163.0#109163.0#128_110934.0#110934.0#128
112000 119000 243.59805078117643 844.550243652353 251.29140674377885 997.4370000000345 385.6220703125 22649.360482740274 593068.8316858561 288.0 128.0 110906.0#110906.0#288_112434.0#112434.0#288_114112.0#114112.0#288_115573.0#115573.0#288_116921.0#116921.0#288_118928.0#118928.0#288 112447.0#112447.0#128_114123.0#114123.0#128_115578.0#115578.0#128_117088.0#117088.0#128_118934.0#118934.0#128
119000 126000 325.3541757814237 834.330728027322 310.3179465403796 999.1479999999865 147.0668945311918 17719.732000497657 433302.4616891821 288.0 128.0 118928.0#118928.0#288_120154.0#120154.0#288_121971.0#121971.0#288_125405.0#125405.0#288 118934.0#118934.0#128_120162.0#120162.0#128_121981.0#121981.0#128_125418.0#125418.0#128
126000 133000 202.22189453121973 971.1111579241115 54.574234599873165 999.2149999999674 848.3361054687994 17808.139661677167 390598.46409549983 288.0 128.0 125405.0#125405.0#288_128299.0#128299.0#288_130225.0#130225.0#288_132009.0#132009.0#288 125418.0#125418.0#128_128586.0#128586.0#128_130664.0#130664.0#128_132163.0#132163.0#128
133000 140000 114.45992773439502 983.6485817522292 18.225639699223926 997.7569999999832 944.674072265625 20024.205196511608 431001.562667418 288.0 128.0 132009.0#132009.0#288_134046.0#134046.0#288_136169.0#136169.0#288_138116.0#138116.0#288_139955.0#139955.0#288 132163.0#132163.0#128_134166.0#134166.0#128_136366.0#136366.0#128_138162.0#138162.0#128
140000 147000 192.72598632820882 850.9092517089739 341.05697928427577 999.2490000000107 16.325927734375 20557.79143559809 501147.14750179095 288.0 128.0 139955.0#139955.0#288_142009.0#142009.0#288_143965.0#143965.0#288_145544.0#145544.0#288 140015.0#140015.0#128_142047.0#142047.0#128_144071.0#144071.0#128_145668.0#145668.0#128
147000 154000 105.78613085934194 861.7767336425823 295.2893923682623 995.6209999999846 150.0649140625028 25083.021069643353 599180.2776948283 288.0 128.0 145544.0#145544.0#288_147202.0#147202.0#288_148454.0#148454.0#288_149751.0#149751.0#288_151246.0#151246.0#288_152725.0#152725.0#288 147210.0#147210.0#128_148664.0#148664.0#128_149864.0#149864.0#128_151451.0#151451.0#128_152770.0#152770.0#128
154000 161000 108.31694921874441 861.460381347657 284.14649202330753 999.813000000082 188.6180449218955 21810.271751693494 503969.3796965153 288.0 128.0 152725.0#152725.0#288_154131.0#154131.0#288_155811.0#155811.0#288_157140.0#157140.0#288_158952.0#158952.0#288_160860.0#160860.0#288 154140.0#154140.0#128_156095.0#156095.0#128_157721.0#157721.0#128_159260.0#159260.0#128_160941.0#160941.0#128
161000 168000 1001.283107421943 856.9595560825795 278.7180500255307 998.2129999999888 233.6039941406343 19965.374838451688 474070.1619786813 288.0 128.0 160860.0#160860.0#288_163104.0#163104.0#288_164880.0#164880.0#288_166387.0#166387.0#288 160941.0#160941.0#128_163115.0#163115.0#128_164164.0#164164.0#128_166596.0#166596.0#128
168000 175000 224.54589062510058 846.9317636718624 307.6443856309105 999.7189999999828 106.57410156249534 21861.489237473103 442773.65352086554 288.0 128.0 166387.0#166387.0#288_168213.0#168213.0#288_170303.0#170303.0#288_172025.0#172025.0#288_173926.0#173926.0#288 166596.0#166596.0#128_168668.0#168668.0#128_170162.0#170162.0#128_172162.0#172162.0#128_174039.0#174039.0#128
175000 182000 91.28999218763784 863.5887509765453 280.2552762532912 999.7329999999492 205.9389921874972 21631.240730710197 485022.2587412894 288.0 128.0 173926.0#173926.0#288_176170.0#176170.0#288_178225.0#178225.0#288_180892.0#180892.0#288_181688.0#181688.0#288 174039.0#174039.0#128_176168.0#176168.0#128_178163.0#178163.0#128_179662.0#179662.0#128_181664.0#181664.0#128
182000 189000 1052.6000839846092 743.4249895019238 340.6344084531795 993.7979999999516 178.179931640625 21769.57458883801 492596.44372117065 288.0 128.0 181688.0#181688.0#288_183675.0#183675.0#288_186079.0#186079.0#288_187645.0#187645.0#288 181664.0#181664.0#128_183671.0#183671.0#128_185662.0#185662.0#128_187662.0#187662.0#128
189000 196000 1192.7746562500251 829.6036205357107 318.2965585568437 998.6670000000158 123.957275390625 25079.909230894955 491527.3987321347 336.0 128.0 189163.0#189163.0#288_191171.0#191171.0#288_193164.0#193164.0#288_195039.0#195039.0#480 189163.0#189163.0#128_191169.0#191169.0#128_193162.0#193162.0#128_195035.0#195035.0#128
196000 203000 1196.4989667967893 829.0715761718873 315.3320507164607 998.3390000000363 128.09130859375 23789.560156133597 494889.0798960787 480.0 128.0 197173.0#197173.0#480_198934.0#198934.0#480_201165.0#201165.0#480_202922.0#202922.0#480 197171.0#197171.0#128_198932.0#198932.0#128_201163.0#201163.0#128_202921.0#202921.0#128
203000 210000 3335.3213085937314 916.1696728515672 39.8255179888873 959.0189999999711 863.3646914062556 28164.56176405191 664886.6358492272 480.0 128.0 202922.0#202922.0#480_204670.0#204670.0#480_206666.0#206666.0#480_208665.0#208665.0#480 202921.0#202921.0#128_204667.0#204667.0#128_206663.0#206663.0#128_208664.0#208664.0#128
210000 217000 3340.7910136720166 914.8022465819959 60.18484149676295 949.1929999999702 825.010986328125 30045.361352546428 719559.1283132139 570.0 128.0 210672.0#210672.0#480_212672.0#212672.0#480_214172.0#214172.0#480_216182.0#216182.0#840 210669.0#210669.0#128_212669.0#212669.0#128_214169.0#214169.0#128_216177.0#216177.0#128
217000 224000 126.24567187507637 859.2192910156155 286.97512397681584 998.6829999999609 174.69901367183775 36761.621798464956 936066.9172610813 840.0 128.0 216182.0#216182.0#840_218173.0#218173.0#840_220169.0#220169.0#840_222172.0#222172.0#840 218169.0#218169.0#128_220167.0#220167.0#128_222169.0#222169.0#128
224000 231000 1180.6950683594914 831.3292759486441 283.6860641253656 999.75 225.59968554682564 39575.42417624839 1029675.2394125484 840.0 128.0 224170.0#224170.0#840_225677.0#225677.0#840_228170.0#228170.0#840_229851.0#229851.0#840 224167.0#224167.0#128_225672.0#225672.0#128_228167.0#228167.0#128_229662.0#229662.0#128
231000 238000 881.8072441405384 764.7740944824327 374.8350100243 999.841999999946 160.94075390626676 33045.06420300622 831766.456534337 840.0 128.0 229851.0#229851.0#840_231673.0#231673.0#840_233671.0#233671.0#840_235166.0#235166.0#840_237675.0#237675.0#840 231668.0#231668.0#128_233667.0#233667.0#128_235163.0#235163.0#128_237671.0#237671.0#128
238000 245000 102.98188085923903 862.1272648925951 313.6484408738447 999.4960000000428 100.59912109375 38017.17080514216 993012.8603170584 840.0 128.0 237675.0#237675.0#840_239172.0#239172.0#840_241171.0#241171.0#840_243727.0#243727.0#840 237671.0#237671.0#128_239172.0#239172.0#128_241168.0#241168.0#128_243725.0#243725.0#128
245000 252000 166.37206054700073 854.2034924316249 337.5280657246899 999.6350000000093 23.862060546875 39085.41491773723 1002925.1382721735 840.0 128.0 243727.0#243727.0#840_245419.0#245419.0#840_246929.0#246929.0#840_248923.0#248923.0#840_251006.0#251006.0#840 245163.0#245163.0#128_247084.0#247084.0#128_248922.0#248922.0#128_251005.0#251005.0#128
252000 259000 1378.7690898436122 803.0329871651983 315.82290213124406 999.4740000000456 326.469970703125 34490.50008161559 841587.730739047 840.0 128.0 251006.0#251006.0#840_252668.0#252668.0#840_254669.0#254669.0#840_256669.0#256669.0#840_258675.0#258675.0#840 252667.0#252667.0#128_254667.0#254667.0#128_256667.0#256667.0#128_258672.0#258672.0#128
259000 266000 640.3358828125056 908.5234453124992 124.16707790030891 996.8869999999879 669.9350292969029 42254.74534209318 1077793.3127098563 840.0 128.0 258675.0#258675.0#840_260668.0#260668.0#840_262252.0#262252.0#840_264175.0#264175.0#840_265909.0#265909.0#840 258672.0#258672.0#128_260667.0#260667.0#128_262165.0#262165.0#128_264173.0#264173.0#128_265922.0#265922.0#128
266000 273000 122.64208984386642 859.6697387695167 292.7338716016352 999.4599999999627 172.09791210934054 35410.48756317532 902126.2216128556 840.0 128.0 265909.0#265909.0#840_268168.0#268168.0#840_270172.0#270172.0#840_272170.0#272170.0#840 265922.0#265922.0#128_268166.0#268166.0#128_270168.0#270168.0#128_272167.0#272167.0#128
273000 280000 690.8466816407163 788.6441647949105 317.8052980743823 999.7029999999795 266.36600195313804 36992.106120340875 881238.2439569568 840.0 128.0 272170.0#272170.0#840_273671.0#273671.0#840_275665.0#275665.0#840_277667.0#277667.0#840_279670.0#279670.0#840 273669.0#273669.0#128_276162.0#276162.0#128_277665.0#277665.0#128_279668.0#279668.0#128
280000 287000 78.37835156265646 865.2027060546679 267.8854778906105 999.7889999999898 267.43896484375 36524.878732529454 923380.2670550577 840.0 128.0 279670.0#279670.0#840_281669.0#281669.0#840_283672.0#283672.0#840_285671.0#285671.0#840 279668.0#279668.0#128_281666.0#281666.0#128_283669.0#283669.0#128_285669.0#285669.0#128
287000 294000 380.25768164067995 827.467789794915 303.01193667288356 997.5990000000456 127.915283203125 41960.54045884408 1048398.8027177213 840.0 128.0 285671.0#285671.0#840_287667.0#287667.0#840_289081.0#289081.0#840_290941.0#290941.0#840_293022.0#293022.0#840 287665.0#287665.0#128_289096.0#289096.0#128_290939.0#290939.0#128_293020.0#293020.0#128
