ts te idle avg_span std_span max_span min_span c_ack_cnt c_ack_cnt_p c_bytes_all c_bytes_uniq s_ack_cnt s_ack_cnt_p s_bytes_all s_bytes_uniq avg_video_rate avg_audio_rate video_requests_sequence audio_requests_sequence
0 9000 6934.8289570312445 684.3720273437508 240.50922867391455 997.5270000000055 280.8159999999989 220.7165502781424 197.89601255232745 20361.760167339664 18691.76016733966 285.9042693616375 26.8205377258149 410545.58681187604 404342.98429876333 288.0 128.0 7031.0#7031.0#288_7033.0#7033.0#288_7522.0#7522.0#288_7856.0#7856.0#288_8310.0#8310.0#288_8878.0#8878.0#288 7025.0#7025.0#128_7029.0#7029.0#128_7537.0#7537.0#128_7909.0#7909.0#128_8313.0#8313.0#128_8889.0#8889.0#128
9000 18000 1869.355574218749 541.5761716086646 382.2739062932109 999.0760000000009 0.0 914.5306984755928 893.512190896697 17556.715979226872 17556.715979226872 1247.6067495721823 21.018507578895942 1832448.4934018522 1609882.0959149648 859.6363636363636 128.0 8310.0#8310.0#288_8878.0#8878.0#288_9349.0#9349.0#840_9350.0#9350.0#840_10860.0#10860.0#840_11580.0#11580.0#840_12124.0#12124.0#840_13133.0#13133.0#840_15152.0#15152.0#840_17163.0#17163.0#1500_17165.0#17165.0#1500 8889.0#8889.0#128_9379.0#9379.0#128_10880.0#10880.0#128_14363.0#14363.0#128_14498.0#14498.0#128_14627.0#14627.0#128_15224.0#15224.0#128_17161.0#17161.0#128
18000 27000 770.0377285156428 635.891002371651 435.76703195499385 999.1759999999995 27.39100000000326 991.7527512462648 978.5917965509756 10973.523853433468 10973.523853433468 1466.4889810661803 13.160954695289155 2039456.9197862716 2024056.9197862716 2000.0 128.0 17165.0#17165.0#1500_19166.0#19166.0#3000_19170.0#19170.0#3000_21268.0#21268.0#1500_23146.0#23146.0#1500_25175.0#25175.0#1500 19164.0#19164.0#128_21290.0#21290.0#128_23225.0#23225.0#128_25223.0#25223.0#128
27000 36000 90.71398437501921 750.5503512178286 365.6331180421575 999.8819999999978 29.99099999999453 1057.9783013822416 1040.129508931654 14894.683243394878 14894.683243394878 1666.1053579434088 17.84879245058774 2358046.429413241 2233642.429413241 1728.5714285714287 128.0 27129.0#27129.0#1500_29119.0#29119.0#1500_30209.0#30209.0#1500_31367.0#31367.0#1500_33149.0#33149.0#1500_35150.0#35150.0#2300_35151.0#35151.0#2300 27219.0#27219.0#128_29218.0#29218.0#128_30222.0#30222.0#128_31520.0#31520.0#128_33144.0#33144.0#128_35147.0#35147.0#128
36000 45000 190.83946484373882 682.2452805524559 388.79265820209974 999.5489999999991 90.97700000000623 1220.2737576242669 1206.737445270107 11284.953744545397 11284.953744545397 1861.3051967081992 13.536312354159579 2662825.9034243836 2602947.609971091 2300.0 128.0 35151.0#35151.0#2300_37149.0#37149.0#2300_39135.0#39135.0#2300_41130.0#41130.0#2300_43163.0#43163.0#2300 37145.0#37145.0#128_39133.0#39133.0#128_41128.0#41128.0#128_43160.0#43160.0#128
45000 54000 71.88383984375105 697.0562843191957 396.37797952248934 999.5470000000059 81.70699999999488 1035.9111338145478 1022.4446880327055 11235.368605968348 11235.368605968348 1851.1344380295825 13.466445781842495 2652436.1693797195 2587714.462833012 2300.0 128.0 45129.0#45129.0#2300_47140.0#47140.0#2300_49126.0#49126.0#2300_51179.0#51179.0#2300_53151.0#53151.0#2300 45127.0#45127.0#128_47135.0#47135.0#128_49124.0#49124.0#128_51175.0#51175.0#128_53145.0#53145.0#128
54000 63000 749.3197500000097 678.5258747395826 370.16755842765696 999.8870000000024 121.3640000000014 1108.8368071789437 1095.6883577655335 10132.994406091377 10132.994406091377 1810.4550073188095 13.148449413410187 2543130.497782656 2474530.497782656 2140.0 128.0 53151.0#53151.0#2300_55129.0#55129.0#2300_57338.0#57338.0#2300_59143.0#59143.0#2300_61138.0#61138.0#1500 55113.0#55113.0#128_57302.0#57302.0#128_59140.0#59140.0#128_61167.0#61167.0#128
63000 72000 184.20595898437023 672.0455029296884 429.38486005411596 999.8460000000196 110.97999999999593 784.0459044020458 769.1751783708504 12401.151318266528 12401.151318266528 1319.7648773656088 14.8707260311954 1870058.844755526 1783258.844755526 1500.0 128.0 63125.0#63125.0#1500_65133.0#65133.0#1500_67126.0#67126.0#1500_69127.0#69127.0#1500_71128.0#71128.0#1500 63219.0#63219.0#128_65220.0#65220.0#128_67218.0#67218.0#128_69217.0#69217.0#128_71218.0#71218.0#128
72000 81000 272.9298945312912 696.3060578124976 386.971920324154 999.3509999999951 107.46399999999267 932.354948650311 916.2326415064791 12613.135885255948 12613.135885255948 1557.1273974637488 14.1292739688046 2222468.5216642567 2163556.5216642567 1500.0 128.0 71128.0#71128.0#1500_73120.0#73120.0#1500_75130.0#75130.0#1500_76447.0#76447.0#1500_77720.0#77720.0#1500_79208.0#79208.0#1500 73220.0#73220.0#128_75221.0#75221.0#128_76532.0#76532.0#128_77791.0#77791.0#128_79224.0#79224.0#128
81000 90000 126.77291992187384 683.4509373697898 405.0233594245095 999.9349999999977 6.959091796874418 972.4248129162305 958.5446620707518 11588.93374174368 11588.93374174368 1748.7154735999643 14.87318402050612 2467650.8542673932 2443192.8542673932 2140.0 128.0 81150.0#81150.0#1500_83145.0#83145.0#2300_85160.0#85160.0#2300_87088.0#87088.0#2300_89126.0#89126.0#2300 81144.0#81144.0#128_83142.0#83142.0#128_85157.0#85157.0#128_87085.0#87085.0#128_89124.0#89124.0#128
90000 99000 186.18573242190178 725.8982378305271 365.58645784503636 999.8029999999999 126.74103124999965 1177.4696764924993 1164.4675999241488 10851.748470551292 10851.748470551292 1922.1969752306106 12.12681597949388 2752689.1147764055 2670260.8313568095 2300.0 128.0 89126.0#89126.0#2300_91129.0#91129.0#2300_93121.0#93121.0#2300_95115.0#95115.0#2300_97141.0#97141.0#2300 91126.0#91126.0#128_93118.0#93118.0#128_95114.0#95114.0#128_97140.0#97140.0#128
99000 108000 19.752992187510245 673.9262628906241 410.0993982769456 999.2899999999936 85.612999999983 1076.3202228031842 1062.2127888262376 11758.45940858901 11758.45940858901 1915.3398796976269 14.98269456580339 2709242.971197625 2679695.482225097 2300.0 128.0 97141.0#97141.0#2300_99118.0#99118.0#2300_101130.0#101130.0#2300_103155.0#103155.0#2300_105147.0#105147.0#2300_107125.0#107125.0#2300 99115.0#99115.0#128_101127.0#101127.0#128_103155.0#103155.0#128_105145.0#105145.0#128_107122.0#107122.0#128
108000 117000 152.85802148436778 687.4388508649572 411.13776606139453 999.9839999999967 17.22899609376327 901.2668620180708 888.2961221137766 10804.387441073566 10804.387441073566 1507.2034792238069 12.970739904294197 2155655.1383192497 2127630.910711374 1820.0 128.0 107125.0#107125.0#2300_109120.0#109120.0#2300_111167.0#111167.0#1500_113156.0#113156.0#1500_115140.0#115140.0#1500 109119.0#109119.0#128_111219.0#111219.0#128_113222.0#113222.0#128_115218.0#115218.0#128
117000 126000 2336.6413359375438 784.1374567307648 313.77256352508095 999.9400000000023 43.46808398436406 889.5746792848756 871.7443255539413 15429.29837698454 15429.29837698454 1450.5456244413986 17.830353730934444 2046391.2747282116 1956800.0520002272 1500.0 128.0 118457.0#118457.0#1500_119556.0#119556.0#1500_121125.0#121125.0#1500_123771.0#123771.0#1500_124859.0#124859.0#1500_125999.0#125999.0#1500 118715.0#118715.0#128_119648.0#119648.0#128_121217.0#121217.0#128_124215.0#124215.0#128_124997.0#124997.0#128
126000 135000 103.81013085937593 650.8541703559006 406.29637785002444 999.869000000006 0.5280917968775611 1089.3296521436582 1075.4263028980583 11590.209438240046 11590.209438240046 1747.6972129606484 14.903349245600022 2461066.6364880526 2377299.8781528245 1766.6666666666667 128.0 124859.0#124859.0#1500_125999.0#125999.0#1500_127295.0#127295.0#1500_129132.0#129132.0#1500_131147.0#131147.0#2300_133129.0#133129.0#2300 124997.0#124997.0#128_126177.0#126177.0#128_127456.0#127456.0#128_129130.0#129130.0#128_131143.0#131143.0#128_133128.0#133128.0#128
135000 144000 13.1265156250156 727.8252791666639 339.0233628182974 999.8640000000014 135.92499999998836 1154.8955217414082 1141.7258884851067 10989.076851165433 10989.076851165433 1913.633016703554 13.169633256301482 2736419.623278161 2656924.6043413733 2300.0 128.0 135136.0#135136.0#2300_137230.0#137230.0#2300_139507.0#139507.0#2300_141427.0#141427.0#2300_143289.0#143289.0#2300 135132.0#135132.0#128_137228.0#137228.0#128_139234.0#139234.0#128_141250.0#141250.0#128_143241.0#143241.0#128
144000 153000 819.9568105468643 668.9387609675491 385.50316429402886 998.8090000000084 122.6710000000021 862.3177195477158 850.1744902506493 10128.599068129963 10128.599068129963 1548.7760633130329 12.143229297066462 2213050.0205251183 2150769.0205251183 1820.0 128.0 143289.0#143289.0#2300_145144.0#145144.0#2300_147559.0#147559.0#1500_149148.0#149148.0#1500_151156.0#151156.0#1500 145141.0#145141.0#128_147129.0#147129.0#128_149219.0#149219.0#128_151220.0#151220.0#128
153000 162000 1107.2291191407421 610.4267772042347 410.1614867596862 998.6630000000005 119.58499999999185 708.7475833082909 693.7858470340757 12477.781942889187 12477.781942889187 1337.7681558266704 14.923472548430375 1884749.7400998753 1884749.7400998753 1500.0 128.0 153126.0#153126.0#1500_155111.0#155111.0#1500_157146.0#157146.0#1500_159133.0#159133.0#1500_161119.0#161119.0#1500 153215.0#153215.0#128_155217.0#155217.0#128_157217.0#157217.0#128_159219.0#159219.0#128_161218.0#161218.0#128
162000 171000 206.1466132811911 662.3317419084862 434.58875083921146 999.1780000000435 38.12811914063059 655.5950636772709 641.8545553732987 11454.783301584595 11454.783301584595 1197.234591760735 12.927649740663357 1675063.9068358687 1675063.9068358687 1500.0 128.0 161119.0#161119.0#1500_163129.0#163129.0#1500_165141.0#165141.0#1500_167129.0#167129.0#1500_169120.0#169120.0#1500 163214.0#163214.0#128_165221.0#165221.0#128_167217.0#167217.0#128_169219.0#169219.0#128
171000 180000 875.7595371094067 655.978688419122 381.2118620610742 999.0409999999974 118.53200000000652 936.8825204958027 918.7240481298415 14861.158422499375 14861.158422499375 1558.6869448673372 19.00959465505491 2187568.937388128 2085368.9373881281 1633.3333333333333 128.0 171148.0#171148.0#1500_173133.0#173133.0#1500_173803.0#173803.0#1500_175230.0#175230.0#1500_177154.0#177154.0#1500_179142.0#179142.0#2300 171214.0#171214.0#128_173217.0#173217.0#128_174030.0#174030.0#128_175250.0#175250.0#128_177152.0#177152.0#128_179136.0#179136.0#128
180000 189000 14.137056640611263 739.2894054687602 360.4503591314959 999.097000000038 79.72500000006403 1041.7685812047876 1026.8926205519322 11566.718738540167 11566.718738540167 1761.9090726269155 14.007621854353358 2577110.7681342517 2464276.024955224 2300.0 128.0 179142.0#179142.0#2300_181676.0#181676.0#2300_183364.0#183364.0#2300_185144.0#185144.0#2300_187139.0#187139.0#2300 181235.0#181235.0#128_183361.0#183361.0#128_185142.0#185142.0#128_187135.0#187135.0#128
189000 198000 258.0257070312218 673.4893464006703 408.07153303730644 999.9659999999858 98.0350000000326 977.5106834276947 964.3891930231603 10949.135051782068 10949.135051782068 1721.7081151644973 13.98982920303647 2515710.279886494 2487267.023065522 2300.0 128.0 189132.0#189132.0#2300_191153.0#191153.0#2300_193169.0#193169.0#2300_195279.0#195279.0#2300_197142.0#197142.0#2300 189129.0#189129.0#128_191150.0#191150.0#128_193167.0#193167.0#128_195275.0#195275.0#128_197138.0#197138.0#128
198000 207000 758.3005136718857 717.5778609095952 345.7396815260383 999.9770000000135 120.60999999998603 786.5953523869273 773.4907795159014 10916.87005820725 10916.87005820725 1392.8241669412878 13.104572871025727 2014868.1375995753 1992244.1375995753 1660.0 128.0 197142.0#197142.0#2300_200269.0#200269.0#1500_201577.0#201577.0#1500_203113.0#203113.0#1500_205150.0#205150.0#1500 200720.0#200720.0#128_201590.0#201590.0#128_203217.0#203217.0#128_205215.0#205215.0#128
207000 216000 191.30664453131612 626.8279570312492 443.3520813825408 999.5119999999588 36.86004492183565 675.398317086921 661.3610579594853 11720.552484497359 11720.552484497359 1251.441966722793 13.867136463391423 1800516.5908818273 1800516.5908818273 1500.0 128.0 207141.0#207141.0#1500_209126.0#209126.0#1500_211132.0#211132.0#1500_213132.0#213132.0#1500_215146.0#215146.0#1500 207215.0#207215.0#128_209221.0#209221.0#128_211216.0#211216.0#128_213217.0#213217.0#128_215214.0#215214.0#128
216000 225000 928.8844511717907 676.2585091145903 403.5635190563528 999.9660000000149 112.37700000000768 849.7566484380117 832.7671449165229 14702.39288762084 14702.39288762084 1452.1149262758672 17.170122664044378 2050895.6813402157 2032245.6813402157 1500.0 128.0 215146.0#215146.0#1500_217099.0#217099.0#1500_219120.0#219120.0#1500_221149.0#221149.0#1500_222069.0#222069.0#1500_223279.0#223279.0#1500 217220.0#217220.0#128_219215.0#219215.0#128_221219.0#221219.0#128_222216.0#222216.0#128_223350.0#223350.0#128
225000 234000 242.93858398444718 582.0395291819792 424.12781414922574 998.0469999999914 10.150052734388737 972.0089154441316 957.1302878929256 11587.573475588193 11587.573475588193 1732.5426675709436 15.868131072694814 2488250.410714903 2456050.410714903 2140.0 128.0 225142.0#225142.0#1500_227134.0#227134.0#2300_229231.0#229231.0#2300_231148.0#231148.0#2300_233134.0#233134.0#2300 225137.0#225137.0#128_227132.0#227132.0#128_229230.0#229230.0#128_231145.0#231145.0#128_233129.0#233129.0#128
234000 243000 45.759326171828434 673.7752929687558 426.90072800493425 999.75 86.05799999998999 1062.965331781298 1050.8334628539928 10119.033636790968 10119.033636790968 1710.7083111065895 12.131868927305186 2430977.6059599975 2328734.8605665886 2300.0 128.0 233134.0#233134.0#2300_235155.0#235155.0#2300_237132.0#237132.0#2300_239122.0#239122.0#2300_241162.0#241162.0#2300 235152.0#235152.0#128_237130.0#237130.0#128_239119.0#239119.0#128_241157.0#241157.0#128
243000 252000 2074.104693359288 610.586927594879 391.44318831231226 998.5679999999702 85.55099999997765 733.962401278546 719.1230252325624 12371.754630718258 12371.754630718258 1160.0813154367079 14.83937604598368 1649325.5455381342 1545424.3353908 1303.3333333333333 128.0 241162.0#241162.0#2300_244133.0#244133.0#840_245134.0#245134.0#840_247127.0#247127.0#840_249159.0#249159.0#1500_251162.0#251162.0#1500 244154.0#244154.0#128_245217.0#245217.0#128_247124.0#247124.0#128_249151.0#249151.0#128_251159.0#251159.0#128
252000 261000 292.24541015631985 656.3957784598127 413.5398157603849 999.6959999999963 50.20100000000093 660.9117160809656 647.1598240501654 11463.997873012268 11463.997873012268 1192.7693653084928 13.751892030800086 1667668.267773427 1644703.00973793 1500.0 128.0 251162.0#251162.0#1500_253150.0#253150.0#1500_255210.0#255210.0#1500_257150.0#257150.0#1500_259202.0#259202.0#1500 253149.0#253149.0#128_255206.0#255206.0#128_257147.0#257147.0#128_259200.0#259200.0#128
261000 270000 413.5517246093368 674.0520036621165 378.0821895410903 998.929999999993 122.30900000000838 1040.450288550022 1025.0655428703285 12851.099051710287 12851.099051710287 1678.4999548730816 15.384745679693392 2404719.066035356 2285250.6025753245 1633.3333333333333 128.0 261183.0#261183.0#1500_263201.0#263201.0#2300_265271.0#265271.0#1500_267145.0#267145.0#1500_268392.0#268392.0#1500_269764.0#269764.0#1500 261181.0#261181.0#128_263193.0#263193.0#128_265297.0#265297.0#128_267221.0#267221.0#128_268561.0#268561.0#128_269867.0#269867.0#128
270000 279000 199.8619687499595 690.8157194475477 396.59811749230323 999.2390000000014 14.919011718826368 968.7681794507033 956.7441932071805 10028.148444559189 10028.148444559189 1754.5088919356544 12.023986243522842 2504122.935651076 2492265.9943543565 1980.0 128.0 269764.0#269764.0#1500_271141.0#271141.0#1500_273206.0#273206.0#2300_275190.0#275190.0#2300_277144.0#277144.0#2300 269867.0#269867.0#128_271138.0#271138.0#128_273200.0#273200.0#128_275188.0#275188.0#128_277140.0#277140.0#128
279000 288000 70.70404882822186 650.3728554687385 414.59937245569637 999.8890000000247 105.7270000000135 976.7961164312768 961.9505273837353 12379.985978029867 12379.985978029867 1711.4222669038036 14.84558904754141 2517379.3388072113 2490414.9571402026 2300.0 128.0 277144.0#277144.0#2300_279159.0#279159.0#2300_281126.0#281126.0#2300_283148.0#283148.0#2300_285132.0#285132.0#2300_287154.0#287154.0#2300 279153.0#279153.0#128_281125.0#281125.0#128_283146.0#283146.0#128_285127.0#285127.0#128_287151.0#287151.0#128
288000 297000 58.74504101549974 681.8435032087187 412.00225338221924 998.5680000000284 94.27899999998044 1049.4559596564043 1035.5542616470373 11588.262279204215 11588.262279204215 1662.024270028025 13.028054480912857 2477937.33474696 2338644.930987616 2300.0 128.0 287154.0#287154.0#2300_289134.0#289134.0#2300_291148.0#291148.0#2300_293181.0#293181.0#2300_295143.0#295143.0#2300 289131.0#289131.0#128_291145.0#291145.0#128_293178.0#293178.0#128_295139.0#295139.0#128
