ts te idle avg_span std_span max_span min_span c_ack_cnt c_ack_cnt_p c_bytes_all c_bytes_uniq s_ack_cnt s_ack_cnt_p s_bytes_all s_bytes_uniq avg_video_rate avg_audio_rate video_requests_sequence audio_requests_sequence
0 9000 9000.0 0.0 0.0 0.0 0.0 0.0 0.0 0.0 0.0 0.0 0.0 0.0 0.0 0.0 0.0 - -
9000 18000 2560.7939062499936 635.3501875930053 335.4246914771531 997.3050000000003 0.0 362.8791728839336 334.3675927220488 25509.493968154224 21361.493968154224 552.5810841070345 33.2673702428272 734560.2621762456 495440.68711364013 500.57142857142856 128.0 12691.0#12691.0#840_12696.0#12696.0#840_14624.0#14624.0#480_14626.0#14626.0#480_16304.0#16304.0#288_16308.0#16308.0#288_17619.0#17619.0#288 12687.0#12687.0#128_12689.0#12689.0#128_14634.0#14634.0#128_16612.0#16612.0#128
18000 27000 0.0 758.4705183189641 314.76423964187745 999.7320000000036 104.52306640624738 542.8065128272217 521.4875539720598 17102.176030896477 17102.176030896477 767.1194796090268 21.56316877421955 1033547.6130798617 715938.7260825682 288.0 128.0 17619.0#17619.0#288_19434.0#19434.0#288_20703.0#20703.0#288_22587.0#22587.0#288_23699.0#23699.0#288_24734.0#24734.0#288_25700.0#25700.0#288_26165.0#26165.0#288_26883.0#26883.0#288 16612.0#16612.0#128_18725.0#18725.0#128_19835.0#19835.0#128_21103.0#21103.0#128_22594.0#22594.0#128_24011.0#24011.0#128_24856.0#24856.0#128_25884.0#25884.0#128_26559.0#26559.0#128
27000 36000 237.79498632812465 724.8641484374987 349.27838874087917 999.6429999999964 20.0400390625 430.2965723809677 414.02393195292893 13595.103914266214 13595.103914266214 546.8367972343489 16.27264042803876 724239.5718866434 576840.5972836586 336.0 128.0 26165.0#26165.0#288_26883.0#26883.0#288_28619.0#28619.0#288_29559.0#29559.0#288_30414.0#30414.0#288_31737.0#31737.0#288_33608.0#33608.0#480_35897.0#35897.0#480 26559.0#26559.0#128_28617.0#28617.0#128_29273.0#29273.0#128_30588.0#30588.0#128_31051.0#31051.0#128_32500.0#32500.0#128_35171.0#35171.0#128
36000 45000 0.0 884.5366106520428 184.20926638744203 998.0329999999958 137.2300000000032 544.9319179118035 528.2956590871484 13883.386934805048 13883.386934805048 711.6024051976535 16.63625882465505 955305.9036230012 711747.4182584537 425.14285714285717 128.0 33608.0#33608.0#480_35897.0#35897.0#480_38311.0#38311.0#480_39638.0#39638.0#480_41020.0#41020.0#480_42567.0#42567.0#288_44104.0#44104.0#288 35171.0#35171.0#128_37020.0#37020.0#128_38103.0#38103.0#128_39054.0#39054.0#128_40916.0#40916.0#128_42611.0#42611.0#128_44112.0#44112.0#128
45000 54000 444.06005664062104 706.0818248131799 362.8412717479339 999.1820000000007 103.52088281250326 340.57126038991964 327.1456195860039 11199.50557374937 11199.50557374937 423.84247212067316 13.425640803915789 558472.8750197627 435268.1637192277 288.0 128.0 44104.0#44104.0#288_46117.0#46117.0#288_47681.0#47681.0#288_49353.0#49353.0#288_51607.0#51607.0#288_53309.0#53309.0#288 46113.0#46113.0#128_47680.0#47680.0#128_49358.0#49358.0#128_52529.0#52529.0#128
54000 63000 8.095853515624185 791.3185033637152 326.4840523043138 998.9839999999967 48.68994140625 343.2508405237386 328.0951395306471 12635.109614263598 12635.109614263598 421.8865354376781 15.15570099309149 552080.409297923 482378.30138766626 288.0 128.0 53309.0#53309.0#288_54906.0#54906.0#288_56911.0#56911.0#288_58887.0#58887.0#288_60853.0#60853.0#288_62813.0#62813.0#288 52529.0#52529.0#128_54508.0#54508.0#128_55808.0#55808.0#128_56909.0#56909.0#128_58884.0#58884.0#128_60853.0#60853.0#128_62810.0#62810.0#128
63000 72000 1725.9391171875031 686.2445357572097 384.60834170037396 997.1520000000019 0.0 233.26372308241537 223.5845031491632 8055.22396386507 8055.22396386507 375.1312262935849 9.679219933252163 504675.3649165625 363698.1061547855 288.0 128.0 62813.0#62813.0#288_65745.0#65745.0#288_67148.0#67148.0#288_68832.0#68832.0#288_70803.0#70803.0#288 62810.0#62810.0#128_65743.0#65743.0#128
72000 81000 1291.8798066406453 820.3967668457035 272.73673935710684 999.6760000000068 145.94700000000012 323.49797595182184 305.81954909812026 13927.094288572294 13927.094288572294 452.2293236471804 17.67842685370156 595666.6878305135 508474.8010570115 288.0 128.0 73093.0#73093.0#288_74888.0#74888.0#288_76957.0#76957.0#288_78829.0#78829.0#288 65743.0#65743.0#128_73851.0#73851.0#128_74592.0#74592.0#128_76113.0#76113.0#128_76721.0#76721.0#128_77429.0#77429.0#128_78064.0#78064.0#128_78602.0#78602.0#128_78996.0#78996.0#128
81000 90000 66.76715429690375 728.7887240953952 355.7403123585212 999.8029999999999 33.203999999997905 344.4332174985827 328.8241260222999 12183.55634493745 12183.55634493745 470.463279838598 14.609091476282765 618938.1775686475 461778.8516025452 288.0 128.0 81151.0#81151.0#288_83180.0#83180.0#288_84889.0#84889.0#288_86804.0#86804.0#288_88857.0#88857.0#288_89929.0#89929.0#288 81150.0#81150.0#128_82886.0#82886.0#128_84887.0#84887.0#128_86801.0#86801.0#128_88852.0#88852.0#128
90000 99000 3944.7854023437394 511.42201953125283 323.19456110484975 999.6710000000021 84.44500000000698 326.89587005314866 307.0772233028487 16731.466383126186 16731.466383126186 448.34679017834327 21.818646750299926 572595.9021823362 557048.1149219406 320.0 128.0 88857.0#88857.0#288_89929.0#89929.0#288_92343.0#92343.0#288_93114.0#93114.0#288_95112.0#95112.0#288_97119.0#97119.0#480 88852.0#88852.0#128_90505.0#90505.0#128_92354.0#92354.0#128_93111.0#93111.0#128_95111.0#95111.0#128_97115.0#97115.0#128
99000 108000 4632.71773046875 523.8953679687504 221.0210841084161 789.8139999999839 263.7496796875057 438.1729364964468 424.2791015767311 11586.882983364068 11586.882983364068 773.9606063358783 13.893834919715745 1076263.2324185027 1076263.2324185027 768.0 128.0 99115.0#99115.0#480_101116.0#101116.0#840_102751.0#102751.0#840_104777.0#104777.0#840_106829.0#106829.0#840 99113.0#99113.0#128_101114.0#101114.0#128_102751.0#102751.0#128_104774.0#104774.0#128_106827.0#106827.0#128
108000 117000 2616.9399492187076 745.6522307692323 311.7912178160148 999.9960000000137 42.79300000000512 748.0 732.0 13340.0 13340.0 1211.0 16.0 1761049.0 1632968.0 1500.0 128.0 108870.0#108870.0#1500_108873.0#108873.0#1500_112780.0#112780.0#1500_113954.0#113954.0#1500_115490.0#115490.0#1500_116771.0#116771.0#1500 108867.0#108867.0#128_112778.0#112778.0#128_113109.0#113109.0#128_114915.0#114915.0#128_116768.0#116768.0#128
117000 126000 1136.6531328124693 722.9807597656278 331.6363674382326 999.4500000000116 136.12200000000303 875.7057840176112 864.0123682294152 9749.856093661117 9749.856093661117 1374.1132049552602 11.6934157881961 1967610.3974547372 1835356.4869373643 1500.0 128.0 116771.0#116771.0#1500_118759.0#118759.0#1500_120788.0#120788.0#1500_122745.0#122745.0#1500_125307.0#125307.0#1500 118755.0#118755.0#128_120786.0#120786.0#128_122745.0#122745.0#128_125305.0#125305.0#128
126000 135000 24.943097656185273 657.8500539062526 394.4792208751554 999.9290000000037 108.3640000000014 847.8624147387893 833.1089762261042 12301.978739077389 12301.978739077389 1321.4526699654962 13.961682814356374 1882964.7641858475 1795418.6747032201 1500.0 128.0 125307.0#125307.0#1500_126764.0#126764.0#1500_128761.0#128761.0#1500_130762.0#130762.0#1500_132765.0#132765.0#1500_134761.0#134761.0#1500 126762.0#126762.0#128_128759.0#128759.0#128_130759.0#130759.0#128_132763.0#132763.0#128_134760.0#134760.0#128
135000 144000 275.85071679687826 752.3946689453135 264.32650038657624 999.9990000000107 148.04199999998673 1333.276663761218 1318.0672539795976 12696.739524727756 12696.739524727756 2027.0302268569942 16.001165479949027 2924295.92027927 2715421.92027927 2071.4285714285716 128.0 134761.0#134761.0#1500_136101.0#136101.0#1500_137286.0#137286.0#2300_137288.0#137288.0#2300_139612.0#139612.0#2300_141590.0#141590.0#2300_143344.0#143344.0#2300 135605.0#135605.0#128_137373.0#137373.0#128_139610.0#139610.0#128_141110.0#141110.0#128_143151.0#143151.0#128
144000 153000 116.96391601563664 746.5995885799639 339.1445640731651 999.1849999999977 81.2840000000142 1336.3454448291432 1321.7639365647071 12157.62995865518 12157.62995865518 2103.420350875019 14.581508264436078 2975281.983936837 2861678.307936884 2300.0 128.0 143344.0#143344.0#2300_145236.0#145236.0#2300_147111.0#147111.0#2300_148870.0#148870.0#2300_150760.0#150760.0#2300_152762.0#152762.0#2300 145118.0#145118.0#128_147106.0#147106.0#128_148869.0#148869.0#128_150759.0#150759.0#128_152761.0#152761.0#128
153000 162000 52.70402929696138 683.1905026506678 401.9334997001531 999.6359999999986 120.41699999998673 1076.350071770929 1063.1728391294755 10994.249824242808 10994.249824242808 1918.6540362095157 13.177232641453084 2778543.566711514 2661310.7252521 2300.0 128.0 152762.0#152762.0#2300_154759.0#154759.0#2300_156777.0#156777.0#2300_158758.0#158758.0#2300_160791.0#160791.0#2300 154756.0#154756.0#128_156775.0#156775.0#128_158756.0#158756.0#128_160789.0#160789.0#128
162000 171000 143.51302539062453 651.345531770845 399.460853950337 999.429999999993 132.1149999999907 1210.7548273918503 1196.9542979006546 11505.025891447498 11505.025891447498 1934.6441999934877 13.800529491195736 2736049.162815506 2677084.197560664 2300.0 128.0 160791.0#160791.0#2300_162764.0#162764.0#2300_164832.0#164832.0#2300_166771.0#166771.0#2300_168763.0#168763.0#2300_170784.0#170784.0#2300 162763.0#162763.0#128_164830.0#164830.0#128_166769.0#166769.0#128_168761.0#168761.0#128_170782.0#170782.0#128
171000 180000 105.7794902343885 676.4537926897465 407.8490817306715 999.0750000000407 87.66500000000815 1163.177686964867 1149.9484643733063 11037.668337240542 11037.668337240542 1919.495289472403 13.006844055987271 2777924.7470534397 2643115.6307715867 2300.0 128.0 170784.0#170784.0#2300_172758.0#172758.0#2300_174764.0#174764.0#2300_176800.0#176800.0#2300_178777.0#178777.0#2300 172753.0#172753.0#128_174764.0#174764.0#128_176798.0#176798.0#128_178774.0#178774.0#128
180000 189000 7.086130859417608 823.627111436631 280.23371531436834 999.5789999999979 126.51300000000629 1438.3138224781858 1423.6625430536494 12221.117781435361 12221.117781435361 2208.3797246661143 14.873657960109895 3091000.3316234606 2896760.232579347 2300.0 128.0 178777.0#178777.0#2300_180778.0#180778.0#2300_182760.0#182760.0#2300_184611.0#184611.0#2300_186525.0#186525.0#2300_188205.0#188205.0#2300 180775.0#180775.0#128_182759.0#182759.0#128_183605.0#183605.0#128_185606.0#185606.0#128_187604.0#187604.0#128
189000 198000 0.0 832.0068043945314 272.5544063358952 999.2339999999967 201.32702929686639 1376.8101419111251 1363.3964353066237 11192.019713418722 11192.019713418722 2137.9126885845626 13.413706604501142 2996515.303675609 2782706.7748235445 2300.0 128.0 188205.0#188205.0#2300_189905.0#189905.0#2300_192244.0#192244.0#2300_194100.0#194100.0#2300_195941.0#195941.0#2300_197713.0#197713.0#2300 189105.0#189105.0#128_191607.0#191607.0#128_193108.0#193108.0#128_195204.0#195204.0#128_197110.0#197110.0#128
198000 207000 159.0957167969027 755.2376739501997 278.7993692276348 999.2719999999972 245.0329999999958 1300.8039809640404 1285.400989165791 12854.2369205752 12854.2369205752 2097.3786150144574 15.402991798249463 2968821.995670069 2884285.249415463 2300.0 128.0 197713.0#197713.0#2300_199524.0#199524.0#2300_201310.0#201310.0#2300_202887.0#202887.0#2300_204760.0#204760.0#2300_206776.0#206776.0#2300 197110.0#197110.0#128_199430.0#199430.0#128_201112.0#201112.0#128_202859.0#202859.0#128_204757.0#204757.0#128_206773.0#206773.0#128
207000 216000 104.41184374995646 681.5938659319218 405.1359474720639 999.5590000000084 86.94003906249418 1201.8479626307214 1189.40471670582 10376.941298887044 10376.941298887044 1965.0654017435513 12.443245924901511 2804289.192599468 2724313.4865592998 2300.0 128.0 206776.0#206776.0#2300_208772.0#208772.0#2300_210784.0#210784.0#2300_212735.0#212735.0#2300_214824.0#214824.0#2300 208769.0#208769.0#128_210776.0#210776.0#128_212734.0#212734.0#128_214821.0#214821.0#128
216000 225000 37.28627148436499 649.8352660156263 417.728652409857 999.6089999999967 0.0 1168.0824908255765 1153.4384716489121 12214.535916631381 12214.535916631381 1945.153487062071 13.85148134282816 2744570.8286506357 2661413.5078376504 2300.0 128.0 214824.0#214824.0#2300_216773.0#216773.0#2300_218752.0#218752.0#2300_220754.0#220754.0#2300_222783.0#222783.0#2300_224766.0#224766.0#2300 216771.0#216771.0#128_218749.0#218749.0#128_220753.0#220753.0#128_222779.0#222779.0#128_224763.0#224763.0#128
225000 234000 15.298119140585186 714.8538018229185 364.41525084515945 999.9519999999902 153.52900000003865 1165.6276378228706 1152.317090400194 11102.648886594885 11102.648886594885 1957.406332647111 13.792537833836153 2764285.22128444 2717995.0091601335 2300.0 128.0 224766.0#224766.0#2300_226773.0#226773.0#2300_228774.0#228774.0#2300_230769.0#230769.0#2300_232783.0#232783.0#2300 226772.0#226772.0#128_228772.0#228772.0#128_230767.0#230767.0#128_232780.0#232780.0#128_233605.0#233605.0#128
234000 243000 7.858943359402474 861.1278951171917 193.75087954370807 999.448000000004 325.23193359375 1439.3282795588138 1425.9644371104587 11155.094706361653 11155.094706361653 2281.6551802797217 13.674389871031973 3209256.0124251703 3042280.170760855 2300.0 128.0 232783.0#232783.0#2300_234416.0#234416.0#2300_236115.0#236115.0#2300_237749.0#237749.0#2300_239479.0#239479.0#2300_241158.0#241158.0#2300 233605.0#233605.0#128_235607.0#235607.0#128_237634.0#237634.0#128_239106.0#239106.0#128_240889.0#240889.0#128
243000 252000 15.974101562518626 719.6809008018126 337.4976564142813 999.9060000000172 157.956929687527 1274.0447066173924 1259.7190964884244 11950.256407043462 11950.256407043462 2126.4630458727456 14.325610128968027 2971247.512111711 2867743.5659003323 2300.0 128.0 241158.0#241158.0#2300_243162.0#243162.0#2300_245585.0#245585.0#2300_247170.0#247170.0#2300_248956.0#248956.0#2300_250777.0#250777.0#2300 243072.0#243072.0#128_245296.0#245296.0#128_246899.0#246899.0#128_248853.0#248853.0#128_250770.0#250770.0#128
252000 261000 202.02806445315946 632.9624648437486 410.64238495809985 999.2710000000079 56.03200000000652 1090.9558956786088 1076.7738979171595 11821.242115140325 11821.242115140325 1870.8991383852645 14.181997761449319 2643084.8860056 2613430.089139571 2300.0 128.0 250777.0#250777.0#2300_252903.0#252903.0#2300_254793.0#254793.0#2300_256769.0#256769.0#2300_258778.0#258778.0#2300_260846.0#260846.0#2300 252900.0#252900.0#128_254791.0#254791.0#128_256767.0#256767.0#128_258777.0#258777.0#128_260760.0#260760.0#128
261000 270000 100.76437499979511 730.2039218750165 377.97580530541273 999.6460000000079 132.09899999998743 1116.1322235917705 1103.3142213532196 10696.757884859675 10696.757884859675 1923.885012474358 12.818002238550681 2730260.552952959 2633444.3642828655 2300.0 128.0 260846.0#260846.0#2300_262764.0#262764.0#2300_264757.0#264757.0#2300_266759.0#266759.0#2300_268767.0#268767.0#2300 262763.0#262763.0#128_264754.0#264754.0#128_266756.0#266756.0#128_268764.0#268764.0#128
270000 279000 14.007546875043772 660.4991289062465 395.2839476117985 999.9699999999721 86.125 1228.9752703354393 1214.6114702656764 11974.012884200809 11974.012884200809 1947.9016672442294 14.363800069762638 2835043.965667396 2688085.4668484554 2300.0 128.0 268767.0#268767.0#2300_270791.0#270791.0#2300_272764.0#272764.0#2300_274755.0#274755.0#2300_276808.0#276808.0#2300_278789.0#278789.0#2300 270788.0#270788.0#128_272762.0#272762.0#128_274753.0#274753.0#128_276807.0#276807.0#128_278784.0#278784.0#128
279000 288000 3.3203222656156868 800.221046223962 231.020735275796 999.8910000000033 200.15400000003865 1558.9108889914103 1544.7362408925983 11837.360473739061 11837.360473739061 2352.7793614125703 14.174648098812032 3341043.62440525 3077273.8344002673 2300.0 128.0 278789.0#278789.0#2300_280670.0#280670.0#2300_282453.0#282453.0#2300_284245.0#284245.0#2300_285838.0#285838.0#2300_287462.0#287462.0#2300 279607.0#279607.0#128_281607.0#281607.0#128_283608.0#283608.0#128_285610.0#285610.0#128_287606.0#287606.0#128
288000 297000 129.1854999999632 751.0598900505574 298.50366236181003 998.6400000000722 185.218994140625 1280.2796456840538 1265.8121539664244 12063.78728726345 12063.78728726345 2082.7730812515033 14.467491717629528 2950826.583681813 2852737.8580418583 2300.0 128.0 287462.0#287462.0#2300_289207.0#289207.0#2300_291024.0#291024.0#2300_292884.0#292884.0#2300_294783.0#294783.0#2300_296814.0#296814.0#2300 289058.0#289058.0#128_290997.0#290997.0#128_292881.0#292881.0#128_294781.0#294781.0#128_296811.0#296811.0#128
