ts te idle avg_span std_span max_span min_span c_ack_cnt c_ack_cnt_p c_bytes_all c_bytes_uniq s_ack_cnt s_ack_cnt_p s_bytes_all s_bytes_uniq avg_video_rate avg_audio_rate video_requests_sequence audio_requests_sequence
0 7000 7000.0 0.0 0.0 0.0 0.0 0.0 0.0 0.0 0.0 0.0 0.0 0.0 0.0 0.0 0.0 - -
7000 14000 7000.0 0.0 0.0 0.0 0.0 0.0 0.0 0.0 0.0 0.0 0.0 0.0 0.0 0.0 0.0 - -
14000 21000 5878.150951171883 512.3044484374972 295.06917936857184 707.3000488281177 34.525000000001455 46.586645811072664 36.72561265075214 9178.959675540456 8413.00145599318 88.62895419388526 12.296226420232834 112036.77910876766 81405.4161534352 480.0 128.0 20295.0#20295.0#480_20296.0#20296.0#480 20291.0#20291.0#128_20294.0#20294.0#128
21000 28000 430.7759960937474 720.7188948102682 304.89260256349803 998.8890000000029 58.21395117187785 250.24920632118585 234.66352864849227 12985.72413502443 12922.682354571705 369.4275502975181 17.1504844127813 487082.8823776582 323772.44427926175 326.4 128.0 20296.0#20296.0#480_22166.0#22166.0#288_22168.0#22168.0#288_23317.0#23317.0#288_27201.0#27201.0#288 20291.0#20291.0#128_20294.0#20294.0#128_23345.0#23345.0#128_24413.0#24413.0#128_27214.0#27214.0#128
28000 35000 286.75012695312034 642.7428972656246 344.0777040106404 997.2589999999982 0.0 253.03238361941558 241.23568266484602 10355.782091005425 10355.782091005425 314.02879019818926 12.796700954569571 409883.09245614504 308831.7687909834 288.0 128.0 27201.0#27201.0#288_28506.0#28506.0#288_29912.0#29912.0#288_31414.0#31414.0#288_32301.0#32301.0#288_33979.0#33979.0#288_34915.0#34915.0#288 27214.0#27214.0#128
35000 42000 130.11701757810806 645.8582726779504 381.8720477707518 994.523000000001 0.0 176.53845316697817 167.0482131012927 7071.801655175778 7071.801655175778 244.39156461502034 9.49024006568545 324697.5187831548 241748.46419308538 288.0 128.0 34915.0#34915.0#288 27214.0#27214.0#128_35325.0#35325.0#128_35935.0#35935.0#128_36915.0#36915.0#128_37674.0#37674.0#128_40041.0#40041.0#128_41611.0#41611.0#128
42000 49000 138.98013867187547 757.2972923177076 304.0607117638839 999.1589999999997 0.0 249.08893084086762 227.71935835292481 16423.10623823345 16423.10623823345 355.4485448608397 22.034920849459944 465339.3308112795 316598.0543467961 288.0 128.0 34915.0#34915.0#288_43049.0#43049.0#288_44764.0#44764.0#288_46389.0#46389.0#288_48211.0#48211.0#288 41611.0#41611.0#128_42704.0#42704.0#128_44903.0#44903.0#128_46412.0#46412.0#128
49000 56000 0.0 727.874528872282 290.0145680428907 999.573000000004 45.35009765625 395.71672930318306 381.77457332344494 10815.745674618462 10815.745674618462 497.9033803956179 14.276807618220904 663790.9841437581 507117.7905183026 288.0 128.0 48211.0#48211.0#288_49305.0#49305.0#288_50134.0#50134.0#288_52043.0#52043.0#288_52850.0#52850.0#288_53851.0#53851.0#288 46412.0#46412.0#128_49488.0#49488.0#128_50367.0#50367.0#128_51414.0#51414.0#128_52162.0#52162.0#128_53165.0#53165.0#128_53987.0#53987.0#128
56000 63000 37.333808593743015 770.9938956473211 293.7482504174517 998.9550000000017 51.56298828125 297.0019186535305 282.3021788411177 12273.781442426693 11432.781442426693 438.12475683510894 14.646787895346842 579828.6211332883 435242.5269868475 288.0 128.0 53851.0#53851.0#288_56275.0#56275.0#288_57111.0#57111.0#288_58136.0#58136.0#288_59913.0#59913.0#288_61918.0#61918.0#288 53987.0#53987.0#128_56775.0#56775.0#128_58187.0#58187.0#128_58971.0#58971.0#128_60038.0#60038.0#128_62331.0#62331.0#128
63000 70000 692.5874414062564 682.0953598345599 286.9621125126713 996.9459999999963 162.94099999999162 284.0912029040827 273.0996871754662 9164.870972053784 9164.870972053784 351.713452128196 11.044467645682385 462545.3381688292 346277.5415905089 288.0 128.0 61918.0#61918.0#288_63924.0#63924.0#288_65789.0#65789.0#288_67420.0#67420.0#288_69425.0#69425.0#288 62331.0#62331.0#128_63921.0#63921.0#128_65796.0#65796.0#128_67418.0#67418.0#128_69421.0#69421.0#128
70000 77000 219.36666015622905 721.6554098115834 317.75930078816765 999.2669999999925 200.40499999999884 240.2436207986181 229.43464399020888 9015.0883717182 9015.0883717182 299.61016124650087 10.808976808409213 397204.202610587 299778.16951861524 288.0 128.0 69425.0#69425.0#288_71426.0#71426.0#288_73047.0#73047.0#288_75425.0#75425.0#288 69421.0#69421.0#128_71423.0#71423.0#128_73059.0#73059.0#128_75422.0#75422.0#128
77000 84000 81.52522656248766 798.1983622395821 280.20973086935544 999.4400000000023 75.811279296875 263.032184242434 251.84873312975404 9324.564885975835 9324.564885975835 329.3041208904918 11.107601605231336 436527.2580931335 343606.5742790373 288.0 128.0 75425.0#75425.0#288_77092.0#77092.0#288_78922.0#78922.0#288_80913.0#80913.0#288_82921.0#82921.0#288 77098.0#77098.0#128_78919.0#78919.0#128_80978.0#80978.0#128_82919.0#82919.0#128
84000 91000 0.0 755.6186989257825 322.0970391575738 998.8590000000113 0.0 296.77438388964435 281.20526597403494 9655.656213552156 9655.656213552156 392.45801917774435 12.644967423057999 516804.0859303336 386315.82169611834 288.0 128.0 82921.0#82921.0#288_87052.0#87052.0#288_87898.0#87898.0#288_88817.0#88817.0#288_90416.0#90416.0#288 82919.0#82919.0#128_84921.0#84921.0#128_86803.0#86803.0#128_88641.0#88641.0#128_90415.0#90415.0#128
91000 98000 967.3138027343521 758.0391944110563 325.29665258232683 998.6410000000033 65.90999999998894 221.95837033966254 211.6825493210062 8563.600872889283 8563.600872889283 268.404721464892 10.275821018656314 352582.2188093079 306763.1362689831 288.0 128.0 90416.0#90416.0#288_92921.0#92921.0#288_94434.0#94434.0#288_96418.0#96418.0#288 90415.0#90415.0#128_92919.0#92919.0#128_94432.0#94432.0#128_96778.0#96778.0#128
98000 105000 674.4048242187419 602.2203393229167 361.07852840261586 999.5320000000065 68.81591796876455 644.6809142707261 633.5711789854287 9194.717333600043 9194.717333600043 925.6643088930273 11.03480628482543 1311695.7500186672 1206039.145768141 4144.0 128.0 98427.0#98427.0#288_100077.0#100077.0#288_101924.0#101924.0#8000_101925.0#101925.0#8000 98424.0#98424.0#128_100084.0#100084.0#128_101923.0#101923.0#128_104414.0#104414.0#128
105000 112000 159.84793554688804 734.1749542968719 335.4099857614696 999.7749999999942 68.7041015625 1111.7764697299006 1089.5634222878125 17846.250709840257 17846.250709840257 1421.966008296539 23.287976442560257 2064507.232003165 1756595.0614350375 2100.0 128.0 101925.0#101925.0#8000_105845.0#105845.0#840_105846.0#105846.0#840_106715.0#106715.0#840_107419.0#107419.0#840_107888.0#107888.0#840_109925.0#109925.0#2300_109927.0#109927.0#2300 104414.0#104414.0#128_105918.0#105918.0#128_106914.0#106914.0#128_108014.0#108014.0#128_108272.0#108272.0#128_109922.0#109922.0#128_111415.0#111415.0#128
112000 119000 568.7614589843433 605.4215924862159 368.051758933744 999.8880000000063 0.125 961.9435611264703 947.2915801984415 11855.862247827285 11855.862247827285 1251.3872075111349 15.651980928028777 1766274.03780927 1673164.243221746 2300.0 128.0 109927.0#109927.0#2300_112175.0#112175.0#2300_115095.0#115095.0#2300_117539.0#117539.0#2300 111415.0#111415.0#128_113915.0#113915.0#128_115417.0#115417.0#128_117417.0#117417.0#128
119000 126000 1887.7308261718717 661.082016601564 327.338521504064 999.9899999999907 72.95900000000256 713.6097452427508 700.5729328375804 10875.66207841192 10875.66207841192 977.7830730797713 12.622391183089148 1373254.6347376308 1324305.3947859888 1331.4285714285713 128.0 117539.0#117539.0#2300_119159.0#119159.0#840_119720.0#119720.0#840_121425.0#121425.0#840_123428.0#123428.0#1500_123430.0#123430.0#1500_125415.0#125415.0#1500 119921.0#119921.0#128_121422.0#121422.0#128_123425.0#123425.0#128_125414.0#125414.0#128
126000 133000 1047.087476562505 579.8188757512006 368.4447780970484 999.6540000000095 68.077880859375 651.1016481062929 641.1634852574531 8285.9046084055 8285.9046084055 1001.7475313169188 10.35258407092095 1434939.8657383507 1355856.2789004378 1660.0 128.0 125415.0#125415.0#1500_126924.0#126924.0#1500_128927.0#128927.0#1500_130923.0#130923.0#1500_132931.0#132931.0#2300 126923.0#126923.0#128_128925.0#128925.0#128_130921.0#130921.0#128_132926.0#132926.0#128
133000 140000 735.7970624999725 698.5973490885459 366.61736107653746 999.8459999999905 9.495000000024447 623.5736316331844 605.0973732599431 14764.92079370104 14764.92079370104 975.0078545986042 19.476258373241343 1403689.1672666736 1239081.1672666736 1208.0 128.0 132931.0#132931.0#2300_135491.0#135491.0#2300_136524.0#136524.0#480_137017.0#137017.0#480_137292.0#137292.0#480 132926.0#132926.0#128_134915.0#134915.0#128_136685.0#136685.0#128_137053.0#137053.0#128_137915.0#137915.0#128
140000 147000 1598.5044218749972 570.9766245492837 365.8484512691167 999.1700000000128 127.51000000000931 500.871186664597 487.2768123383779 11345.463182676496 11345.463182676496 777.7904801371102 13.594374326219118 1128352.292475488 1019573.292475488 820.0 128.0 137017.0#137017.0#480_140888.0#140888.0#480_141111.0#141111.0#480_142425.0#142425.0#480_144431.0#144431.0#1500_146407.0#146407.0#1500 140897.0#140897.0#128_141412.0#141412.0#128_142420.0#142420.0#128_144425.0#144425.0#128_146406.0#146406.0#128
147000 154000 1339.2682285156334 533.7680914963936 371.39692636168166 998.9700000000012 6.826000000000931 702.8735056944164 692.1786350425873 8918.604405217418 8918.604405217418 1026.8925222530593 10.694870651828962 1446063.3133744746 1415263.3133744746 1500.0 128.0 146407.0#146407.0#1500_148422.0#148422.0#1500_149916.0#149916.0#1500_152422.0#152422.0#1500_153917.0#153917.0#1500 148420.0#148420.0#128_150415.0#150415.0#128_152419.0#152419.0#128_153916.0#153916.0#128
154000 161000 855.3566855468962 654.6626595552841 356.1814474804123 998.2839999999851 15.505000000004657 840.5475218060623 829.55928697132 9170.015454850025 9170.015454850025 1400.142717921396 10.988234834742322 2012182.6300820066 1961005.6866061934 2100.0 128.0 153917.0#153917.0#1500_155926.0#155926.0#2300_157804.0#157804.0#2300_159721.0#159721.0#2300 153916.0#153916.0#128_155920.0#155920.0#128_157869.0#157869.0#128_159761.0#159761.0#128
161000 168000 2.5859589843894355 805.2082112165206 279.456595395201 999.9420000000391 3.934000000008382 963.4138433571223 952.5459048132691 9064.877866690722 9064.877866690722 1576.7369011777298 10.867938543853171 2252475.241078669 2173859.184554483 2300.0 128.0 159721.0#159721.0#2300_161560.0#161560.0#2300_163696.0#163696.0#2300_165345.0#165345.0#2300_167421.0#167421.0#2300 161615.0#161615.0#128_163418.0#163418.0#128_165416.0#165416.0#128_167418.0#167418.0#128
168000 175000 245.27769531254307 744.2262158854186 301.57764602761233 1000.0 1.77392578125 950.2875301095411 939.8294428746973 8726.970029300624 8726.970029300624 1539.550678467706 10.45808723484367 2190580.029963632 2164062.7906357455 2300.0 128.0 167421.0#167421.0#2300_169423.0#169423.0#2300_171189.0#171189.0#2300_173082.0#173082.0#2300_174998.0#174998.0#2300 169422.0#169422.0#128_171309.0#171309.0#128_173157.0#173157.0#128_174916.0#174916.0#128
175000 182000 15.754783203010447 692.1912074497856 405.43289308190595 999.5299999999988 7.963999999978114 907.256464998174 896.8599705896612 8677.069061264716 8677.069061264716 1494.6621109068078 10.396494408512755 2151450.4240924153 2054021.2294649065 2300.0 128.0 173082.0#173082.0#2300_174998.0#174998.0#2300_176922.0#176922.0#2300_178926.0#178926.0#2300_180922.0#180922.0#2300 174916.0#174916.0#128_176918.0#176918.0#128_178924.0#178924.0#128_180920.0#180920.0#128
182000 189000 55.57078515613102 589.0150032552211 412.9335988090919 999.7209999999905 15.426999999996042 933.5119398180833 920.597570737921 11231.209820107098 11231.209820107098 1402.9075659185644 13.914369080162219 1999733.2402115867 1864343.6741669818 2300.0 128.0 180922.0#180922.0#2300_182763.0#182763.0#2300_184625.0#184625.0#2300_186376.0#186376.0#2300_188929.0#188929.0#2300 182817.0#182817.0#128_184622.0#184622.0#128_186416.0#186416.0#128_188927.0#188927.0#128
189000 196000 200.14205078105442 599.8217500000086 396.20721636723465 999.4940000000643 91.30400000000373 1020.1442610270536 1008.6625487304298 8753.290699146808 8753.290699146808 1618.8978807498318 11.481712296623893 2312327.367783577 2167891.2563635726 2300.0 128.0 188929.0#188929.0#2300_190724.0#190724.0#2300_192243.0#192243.0#2300_194238.0#194238.0#2300 188927.0#188927.0#128_190417.0#190417.0#128_192260.0#192260.0#128_194250.0#194250.0#128
196000 203000 20.731919921789085 736.1433076171937 331.06509296959103 999.1959999999963 65.6469726562791 903.5371041612893 891.8667024070807 9730.345310781724 9730.345310781724 1479.9927133310455 11.60391862321389 2138606.963488509 2003977.6929915496 2300.0 128.0 194238.0#194238.0#2300_196035.0#196035.0#2300_197917.0#197917.0#2300_200420.0#200420.0#2300_201931.0#201931.0#2300 196046.0#196046.0#128_198409.0#198409.0#128_200418.0#200418.0#128_201919.0#201919.0#128
203000 210000 18.690023437520722 713.9876801382231 353.9154928376549 998.2219999999797 68.764892578125 822.5077043710162 812.0818143177729 8702.086241326515 8702.086241326515 1191.3030263529356 10.492373184238012 1752163.158433577 1675552.091477171 2300.0 128.0 201931.0#201931.0#2300_203925.0#203925.0#2300_205925.0#205925.0#2300_207927.0#207927.0#2300_209631.0#209631.0#2300 203921.0#203921.0#128_205922.0#205922.0#128_207924.0#207924.0#128_209792.0#209792.0#128
210000 217000 1213.571603515651 730.2775432692343 293.2128276907957 999.4800000000105 89.05199999999604 653.4294686150347 641.8364144961046 9668.847004708145 9668.847004708145 1060.7852183921805 11.017697520211406 1516567.2757812813 1501619.2254164445 2300.0 128.0 209631.0#209631.0#2300_211921.0#211921.0#2300_213696.0#213696.0#2300_215425.0#215425.0#2300 209792.0#209792.0#128_211919.0#211919.0#128_213419.0#213419.0#128_215421.0#215421.0#128
217000 224000 454.9153437500354 792.8103912259618 234.72544711002791 999.4359999999579 360.3869628906541 860.1328647253415 850.2182920285098 8275.220923929712 8275.220923929712 1360.8791305038378 10.489929295550581 1994955.205375308 1917474.7046135142 2300.0 128.0 217425.0#217425.0#2300_219195.0#219195.0#2300_221099.0#221099.0#2300_223395.0#223395.0#2300 217422.0#217422.0#128_219306.0#219306.0#128_221108.0#221108.0#128_222918.0#222918.0#128
224000 231000 386.80489648433286 733.3799224759591 251.38159611602867 999.9990000000107 233.06200000000536 958.0786454421631 946.7149719736419 9479.212652341072 9479.212652341072 1552.5529313694867 11.363673468521146 2261676.1261260724 2172076.1261260724 2300.0 128.0 223395.0#223395.0#2300_224875.0#224875.0#2300_226926.0#226926.0#2300_228733.0#228733.0#2300_230608.0#230608.0#2300 224916.0#224916.0#128_226924.0#226924.0#128_228839.0#228839.0#128_230728.0#230728.0#128
231000 238000 54.966374999814434 712.9561024502935 339.2775980348557 999.6050000000396 203.48099999999977 820.4787949145768 809.6746211213568 9004.100574904121 9004.100574904121 1311.6625144106392 10.220250162349453 1872517.9442996231 1796447.971966748 2300.0 128.0 230608.0#230608.0#2300_232597.0#232597.0#2300_234469.0#234469.0#2300_236412.0#236412.0#2300 232607.0#232607.0#128_234467.0#234467.0#128_236412.0#236412.0#128
238000 245000 61.44915039060288 645.9393484933202 360.2809385850308 999.4170000000158 119.15800000002491 826.4187631748889 815.9997443594184 8690.82800976717 8690.82800976717 1311.8753415575432 11.002942446341233 1883879.0517878933 1740034.0241207685 2300.0 128.0 236412.0#236412.0#2300_238417.0#238417.0#2300_240434.0#240434.0#2300_242052.0#242052.0#2300_244413.0#244413.0#2300 238414.0#238414.0#128_240432.0#240432.0#128_242237.0#242237.0#128_244410.0#244410.0#128
245000 252000 94.4108378905803 648.5877608173088 404.2050933781374 999.6359999999986 0.09700000000884756 749.6905564425083 738.8176925405731 9078.247232189047 9078.247232189047 1238.3545024840464 10.872863901935157 1768292.3686231207 1748206.2157465331 2300.0 128.0 244413.0#244413.0#2300_246427.0#246427.0#2300_247921.0#247921.0#2300_249925.0#249925.0#2300_251663.0#251663.0#2300 246423.0#246423.0#128_247919.0#247919.0#128_249922.0#249922.0#128_251858.0#251858.0#128
252000 259000 395.1728652344318 697.1577886439669 316.0562833180007 997.2849999999744 76.63400000002002 879.8619605755183 868.7565583110786 9258.322615411424 9258.322615411424 1300.8394252840126 10.540270020853013 1858128.9332480694 1779741.3455605714 2100.0 128.0 251663.0#251663.0#2300_253926.0#253926.0#2300_255879.0#255879.0#2300_257438.0#257438.0#1500 251858.0#251858.0#128_253922.0#253922.0#128_255917.0#255917.0#128_257431.0#257431.0#128
259000 266000 1037.4299121093354 779.3128287760434 301.76197397550334 997.0929999999935 59.99499999999534 687.7849855301018 677.5657216180833 8519.290146442489 8519.290146442489 1121.6969653825056 10.78439615560522 1610687.246508855 1567540.9870729407 2300.0 128.0 259429.0#259429.0#2300_261427.0#261427.0#2300_263298.0#263298.0#2300_265420.0#265420.0#2300 259426.0#259426.0#128_261424.0#261424.0#128_263307.0#263307.0#128_265418.0#265418.0#128
266000 273000 995.8910722656292 770.0748539663484 256.2344470174002 999.710000000021 383.20608007814735 736.0931987712605 724.4822368005036 9693.24544320015 9693.24544320015 1123.4667197962233 11.610961970756895 1631778.154096113 1519166.8443344922 2300.0 128.0 265420.0#265420.0#2300_267421.0#267421.0#2300_268934.0#268934.0#2300_271425.0#271425.0#2300_272935.0#272935.0#2300 267417.0#267417.0#128_268932.0#268932.0#128_271422.0#271422.0#128_272933.0#272933.0#128
273000 280000 21.345556640648283 715.9107626953046 328.01847484792825 998.5970000000088 112.50097851559985 1008.8484540915487 998.5678847708766 8569.013832312557 8569.013832312557 1561.4368685398322 9.604641873637885 2269301.2997487043 2151324.7457158244 2300.0 128.0 272935.0#272935.0#2300_274929.0#274929.0#2300_276624.0#276624.0#2300_278458.0#278458.0#2300 272933.0#272933.0#128_274927.0#274927.0#128_276662.0#276662.0#128_278456.0#278456.0#128
280000 287000 38.775238281232305 673.8221017252654 332.2351260000494 998.7980000000098 86.28200000000652 913.7158635576066 902.3917910046407 9453.739493431971 9453.739493431971 1443.635892574444 12.0 2094528.139585325 1935453.8287765484 2300.0 128.0 278458.0#278458.0#2300_280921.0#280921.0#2300_282610.0#282610.0#2300_284414.0#284414.0#2300_286256.0#286256.0#2300 280919.0#280919.0#128_282499.0#282499.0#128_284413.0#284413.0#128_286265.0#286265.0#128
287000 294000 405.8460839843028 598.296083821624 401.9036239435415 999.7339999999967 55.943000000028405 856.1289052478656 846.540303463869 7988.653462877274 7988.653462877274 1312.3742120168383 9.588601783996676 1897536.825486821 1761479.830099717 2300.0 128.0 286256.0#286256.0#2300_288419.0#288419.0#2300_290232.0#290232.0#2300_292419.0#292419.0#2300 288416.0#288416.0#128_290306.0#290306.0#128_292417.0#292417.0#128
