ts te idle avg_span std_span max_span min_span c_bytes_all s_bytes_all avg_video_rate avg_audio_rate video_requests_sequence audio_requests_sequence
0 5000 5000.0 0.0 0.0 0.0 0.0 0.0 0.0 0.0 0.0 - -
5000 10000 4355.722900390625 644.277099609375  644.277099609375 644.277099609375 10181.851632696422 351314.04386786796 2300.0 128.0 9808.0#9808.0#2300 9800.0#9800.0#128
10000 15000 253.51300585939316 791.0811656901011 277.5567503649961 999.3470000000088 350.3109003906138 51906.1524897536 2969696.496360162 2300.0 128.0 9808.0#9808.0#2300_11441.0#11441.0#2300_12256.0#12256.0#2300_13461.0#13461.0#2300_14311.0#14311.0#2300 11573.0#11573.0#128_12357.0#12357.0#128_13488.0#13488.0#128_14351.0#14351.0#128
15000 20000 17.300171874987427 830.4499713541687 261.750093046288 999.3009999999776 449.21590624999953 48191.923065933035 3335582.9857334057 2300.0 128.0 14311.0#14311.0#2300_15140.0#15140.0#2300_16032.0#16032.0#2300_16992.0#16992.0#2300_17829.0#17829.0#2300_18735.0#18735.0#2300_19574.0#19574.0#2300 15237.0#15237.0#128_16072.0#16072.0#128_17053.0#17053.0#128_17853.0#17853.0#128_18830.0#18830.0#128_19615.0#19615.0#128
20000 25000 1430.6508007812663 713.8698398437467 269.7101399614934 999.6359999999986 458.12007812497905 33928.17860242046 2205154.950575374 3350.0 128.0 19574.0#19574.0#2300_20832.0#20832.0#2300_23363.0#23363.0#4400_24792.0#24792.0#4400 20854.0#20854.0#128_23359.0#23359.0#128_24853.0#24853.0#128
25000 30000 640.7279999998282 726.545333333362 380.36712979281117 999.7530000000843 140.84912109375 41999.49982819527 3011074.165674344 4400.0 128.0 24792.0#24792.0#4400_26633.0#26633.0#4400_28865.0#28865.0#4400 24853.0#24853.0#128_26744.0#26744.0#128_28858.0#28858.0#128
30000 35000 556.8882421874441 740.5186263020927 363.1780292491879 997.1770000000251 128.7758789063082 44657.65940523094 3021992.336150349 4400.0 128.0 28865.0#28865.0#4400_30519.0#30519.0#4400_32868.0#32868.0#4400_34625.0#34625.0#4400 30730.0#30730.0#128_32864.0#32864.0#128_34352.0#34352.0#128
35000 40000 192.24787890625885 961.5504242187483 56.87675773381769 999.8010000000359 870.1751210936927 44381.734975770276 3145925.021638497 4400.0 128.0 34625.0#34625.0#4400_36374.0#36374.0#4400_38085.0#38085.0#4400 36352.0#36352.0#128_38350.0#38350.0#128
40000 45000 1872.1966855468927 781.9508286132768 351.1823234251157 998.8539999999921 263.247314453125 29819.22975074684 2091716.5147752734 4400.0 128.0 40367.0#40367.0#4400_43827.0#43827.0#4400 40365.0#40365.0#128_43822.0#43822.0#128_44359.0#44359.0#128
45000 50000 12.140417968737893 831.3099303385437 302.1128057624992 999.8589999999967 253.493896484375 48890.8097945951 3631603.3035150315 4400.0 128.0 43827.0#43827.0#4400_45255.0#45255.0#4400_46907.0#46907.0#4400_48342.0#48342.0#4400_49932.0#49932.0#4400 45881.0#45881.0#128_47853.0#47853.0#128_49856.0#49856.0#128
50000 55000 69.10059960943181 821.8165667317613 318.921865037305 999.4770000000135 204.779296875 45179.97733975006 3076572.53812874 4400.0 128.0 48342.0#48342.0#4400_49932.0#49932.0#4400_51828.0#51828.0#4400_53816.0#53816.0#4400 49856.0#49856.0#128_51823.0#51823.0#128_53814.0#53814.0#128
55000 60000 31.89740234380588 828.0170996093657 318.69926325881937 999.804999999993 198.6918945311918 41590.99762438095 2889009.1142341746 4400.0 128.0 53816.0#53816.0#4400_55430.0#55430.0#4400_57827.0#57827.0#4400_59831.0#59831.0#4400 55532.0#55532.0#128_57824.0#57824.0#128_59828.0#59828.0#128
60000 65000 26.665806640754454 828.889032226541 325.05770820239843 999.8379999999888 185.215087890625 43343.27147244277 2949696.728557542 4400.0 128.0 59831.0#59831.0#4400_61277.0#61277.0#4400_63821.0#63821.0#4400 61316.0#61316.0#128_63817.0#63817.0#128
65000 70000 183.23117578116944 802.7948040364718 393.40139675224975 998.5079999999725 13.784912109375 51384.29301570471 3146609.7116113394 4400.0 128.0 63821.0#63821.0#4400_65481.0#65481.0#4400_67481.0#67481.0#4400_69054.0#69054.0#4400 65357.0#65357.0#128_67352.0#67352.0#128_69072.0#69072.0#128
70000 75000 789.8479160157149 842.030416796857 214.36739778117303 999.3250000000116 580.371087890584 41582.70330416498 2870666.108882964 4400.0 128.0 69054.0#69054.0#4400_71364.0#71364.0#4400_72878.0#72878.0#4400_74683.0#74683.0#4400 71358.0#71358.0#128_72850.0#72850.0#128_74844.0#74844.0#128
75000 80000 21.29006445320556 829.7849892577991 273.4058672362444 998.8849999999511 360.8070039062295 39605.63556400131 2819182.2272939435 4400.0 128.0 74683.0#74683.0#4400_76864.0#76864.0#4400_78865.0#78865.0#4400 74844.0#74844.0#128_76860.0#76860.0#128_78860.0#78860.0#128
80000 85000 48.33502929692622 825.277495117179 269.7756741704784 998.560999999987 370.5010683593573 48656.99306972916 3285839.1893348726 4400.0 128.0 78865.0#78865.0#4400_80571.0#80571.0#4400_82410.0#82410.0#4400_84344.0#84344.0#4400 80672.0#80672.0#128_82353.0#82353.0#128_84358.0#84358.0#128
85000 90000 91.12695117190015 818.1455081380167 262.45019528867573 999.6410000000033 385.81009765627095 55479.806814551535 2919351.144650087 4400.0 128.0 84344.0#84344.0#4400_86359.0#86359.0#4400_88363.0#88363.0#4400 86357.0#86357.0#128_88360.0#88360.0#128
90000 95000 13.275845703203231 831.1206923827995 265.2422535104312 998.9220000000205 402.541048828105 44275.006501597956 3137414.623180462 4400.0 128.0 88363.0#88363.0#4400_90092.0#90092.0#4400_92054.0#92054.0#4400_93993.0#93993.0#4400 90249.0#90249.0#128_92252.0#92252.0#128_93991.0#93991.0#128
95000 100000 23.13799804687733 829.4770003255204 265.9622106965943 999.5630000000237 405.1098945312551 39521.16039744554 2796498.8207454234 4400.0 128.0 93993.0#93993.0#4400_95822.0#95822.0#4400_97826.0#97826.0#4400_99860.0#99860.0#4400 95819.0#95819.0#128_97822.0#97822.0#128_99858.0#99858.0#128
100000 105000 400.3571308593964 766.6071448567673 334.81419472995816 998.2339999999967 264.8759765625 42357.00467918205 2920304.781030105 4400.0 128.0 99860.0#99860.0#4400_101637.0#101637.0#4400_103963.0#103963.0#4400 101770.0#101770.0#128_103960.0#103960.0#128
105000 110000 61.528859374986496 823.0785234375022 313.6173971646668 998.6469999999972 220.8701171875 43911.25198080193 3114653.9878989086 4400.0 128.0 103963.0#103963.0#4400_105425.0#105425.0#4400_107819.0#107819.0#4400_109261.0#109261.0#4400 105355.0#105355.0#128_107815.0#107815.0#128_109357.0#109357.0#128
110000 115000 21.752867187489755 829.7078554687517 316.3845072688306 999.8379999999888 209.53125 40963.564333538336 2883652.753339816 4400.0 128.0 109261.0#109261.0#4400_111038.0#111038.0#4400_113362.0#113362.0#4400 111056.0#111056.0#128_113359.0#113359.0#128
115000 120000 596.1062949218904 880.7787410156219 162.83687327979698 998.4389999999548 637.178955078125 46762.24887296486 3011494.020426219 4400.0 128.0 113362.0#113362.0#4400_115080.0#115080.0#4400_117361.0#117361.0#4400_118888.0#118888.0#4400 115092.0#115092.0#128_117358.0#117358.0#128_118851.0#118851.0#128
120000 125000 1781.830673828139 643.6338652343723 350.5174230970581 998.8009999999776 243.30999999999767 29570.638638084085 1983491.3783925916 4400.0 128.0 118888.0#118888.0#4400_120855.0#120855.0#4400_124434.0#124434.0#4400 120853.0#120853.0#128_124428.0#124428.0#128_124956.0#124956.0#128
125000 130000 15.242990234401077 830.7928349609332 270.3141757827751 999.9920000000275 382.4227187500219 50539.10684229616 3589982.9438605667 4400.0 128.0 124434.0#124434.0#4400_126151.0#126151.0#4400_127598.0#127598.0#4400_129151.0#129151.0#4400 124956.0#124956.0#128_126368.0#126368.0#128_128853.0#128853.0#128
130000 135000 72.21019921865081 821.2983001302249 270.07294383458805 999.7709999999497 389.4927089844132 44813.47840159561 3354497.4000857067 4400.0 128.0 129151.0#129151.0#4400_130817.0#130817.0#4400_132389.0#132389.0#4400_134269.0#134269.0#4400 130356.0#130356.0#128_132356.0#132356.0#128_134331.0#134331.0#128
135000 140000 60.27019726578146 823.288300455703 266.329866270387 999.7970000000205 426.8029082030989 38554.45659402413 2843262.9062299533 4400.0 128.0 134269.0#134269.0#4400_136026.0#136026.0#4400_138370.0#138370.0#4400 136366.0#136366.0#128_138366.0#138366.0#128
140000 145000 6.757896484341472 832.2070172526097 259.59345357690216 999.4459999999963 460.67610546882497 44363.45153307931 3239454.208992141 4400.0 128.0 138370.0#138370.0#4400_140069.0#140069.0#4400_141896.0#141896.0#4400_143898.0#143898.0#4400 140090.0#140090.0#128_141852.0#141852.0#128_143894.0#143894.0#128
145000 150000 409.6009355468559 765.0665107421906 324.50290195314204 999.679999999993 258.1640625 46153.88720728377 2932300.202589002 4400.0 128.0 143898.0#143898.0#4400_145866.0#145866.0#4400_147822.0#147822.0#4400_149525.0#149525.0#4400 145863.0#145863.0#128_147818.0#147818.0#128_149536.0#149536.0#128
150000 155000 54.88500195322558 824.1858330077957 312.60190842086405 998.3929999999818 221.362060546875 52476.28100592822 3095919.2857810045 4400.0 128.0 149525.0#149525.0#4400_151827.0#151827.0#4400_153467.0#153467.0#4400 149536.0#149536.0#128_151824.0#151824.0#128_153368.0#153368.0#128
155000 160000 19.49597656255355 830.084003906241 315.595097143111 999.7189999999828 211.861083984375 42998.97559278425 2732777.7538886345 4400.0 128.0 153467.0#153467.0#4400_155252.0#155252.0#4400_157358.0#157358.0#4400_159361.0#159361.0#4400 155275.0#155275.0#128_157357.0#157357.0#128_159357.0#159357.0#128
160000 165000 30.27714257815387 828.287142903641 317.3353469011589 997.6770000000251 203.06494140625 48526.73749128185 3080763.156642424 4400.0 128.0 159361.0#159361.0#4400_161830.0#161830.0#4400_163303.0#163303.0#4400_164898.0#164898.0#4400 161826.0#161826.0#128_163353.0#163353.0#128_164860.0#164860.0#128
165000 170000 25.41204296867363 829.0979928385544 324.482374812334 999.4590000000317 187.5458984375 48887.72450339662 3206134.5534813483 4400.0 128.0 163303.0#163303.0#4400_164898.0#164898.0#4400_167359.0#167359.0#4400_168852.0#168852.0#4400 164860.0#164860.0#128_167357.0#167357.0#128_168873.0#168873.0#128
170000 175000 1210.158826171828 757.9682347656344 343.6248694943472 999.5569999999716 256.924072265625 43038.384996068104 2775315.9993405114 4400.0 128.0 168852.0#168852.0#4400_171819.0#171819.0#4400_173193.0#173193.0#4400_174846.0#174846.0#4400 171815.0#171815.0#128_172855.0#172855.0#128_174862.0#174862.0#128
175000 180000 1138.6921503905323 772.2615699218935 303.6742015612837 999.9990000000689 264.169921875 42252.08523530747 2658899.1755502406 4400.0 128.0 174846.0#174846.0#4400_177827.0#177827.0#4400_179440.0#179440.0#4400 174862.0#174862.0#128_177822.0#177822.0#128_178860.0#178860.0#128
180000 185000 670.6869218750508 865.8626156249899 187.61873325632877 999.939000000013 599.9899999999325 44489.837443272336 3146325.4675609735 4400.0 128.0 179440.0#179440.0#4400_181123.0#181123.0#4400_182796.0#182796.0#4400 180360.0#180360.0#128_182357.0#182357.0#128
185000 190000 748.000955078227 850.3998089843546 332.4501522620917 999.9309999999823 255.696044921875 43689.81321684622 2931643.940191649 4400.0 128.0 185825.0#185825.0#4400_187466.0#187466.0#4400_189364.0#189364.0#4400 185821.0#185821.0#128_186357.0#186357.0#128_188356.0#188356.0#128_189884.0#189884.0#128
190000 195000 26.159050781279802 828.9734915364534 307.4418029681148 999.8209999999963 236.718994140625 49447.65961262704 3565460.9086897923 4400.0 128.0 189364.0#189364.0#4400_191005.0#191005.0#4400_192590.0#192590.0#4400_194141.0#194141.0#4400 189884.0#189884.0#128_191854.0#191854.0#128_193853.0#193853.0#128
195000 200000 65.12796679697931 822.4786722005034 318.58929652100005 999.4280000000726 206.47802734375 40702.18125553857 2744191.0795825957 4400.0 128.0 194141.0#194141.0#4400_195830.0#195830.0#4400_197824.0#197824.0#4400_199486.0#199486.0#4400 195826.0#195826.0#128_197821.0#197821.0#128_199498.0#199498.0#128
200000 205000 18.838082031346858 830.1936529947756 323.0819274630413 999.7310000000289 192.7939453125 47078.44878256253 3050914.673908871 4400.0 128.0 199486.0#199486.0#4400_201820.0#201820.0#4400_203473.0#203473.0#4400 201817.0#201817.0#128_203357.0#203357.0#128
205000 210000 21.979046874912456 829.6701588541813 326.8250924822412 999.6879999999655 180.9208984375 45783.516948069126 2847622.984915538 4400.0 128.0 203473.0#203473.0#4400_205362.0#205362.0#4400_207825.0#207825.0#4400_209486.0#209486.0#4400 205358.0#205358.0#128_207822.0#207822.0#128_209357.0#209357.0#128
210000 215000 356.9648984374944 928.6070203125012 95.32297115065353 998.7430000000168 818.6351015624823 48663.38018435651 3175842.412711554 4400.0 128.0 209486.0#209486.0#4400_211204.0#211204.0#4400_212855.0#212855.0#4400 211319.0#211319.0#128_213355.0#213355.0#128
215000 220000 1422.0048847657163 715.5990230468567 388.6416890308572 999.4399999999441 265.443115234375 38042.37356324923 2584504.9076246656 4400.0 128.0 215363.0#215363.0#4400_216901.0#216901.0#4400_219838.0#219838.0#4400 215359.0#215359.0#128_216854.0#216854.0#128_219826.0#219826.0#128
220000 225000 17.87712109379936 830.3538131510335 301.42774675618017 999.3449999999721 254.843994140625 55836.63571515263 3446068.014944874 4400.0 128.0 219838.0#219838.0#4400_221327.0#221327.0#4400_222742.0#222742.0#4400_224483.0#224483.0#4400 220853.0#220853.0#128_222859.0#222859.0#128_224502.0#224502.0#128
225000 230000 16.17771484365221 830.6370475260579 303.6884738729104 999.39300000004 246.811279296875 44686.611711347534 3134906.0842309836 4400.0 128.0 224483.0#224483.0#4400_226359.0#226359.0#4400_228361.0#228361.0#4400 226356.0#226356.0#128_228358.0#228358.0#128
230000 235000 1678.419220703072 664.3161558593856 360.00327051051335 999.6080000000075 261.06005859375 31049.29494556315 2119900.9623129754 4400.0 128.0 228361.0#228361.0#4400_230163.0#230163.0#4400_233828.0#233828.0#4400 230178.0#230178.0#128_233824.0#233824.0#128_234354.0#234354.0#128
235000 240000 21.19894921872765 829.8001751302121 300.51987969812495 998.3630000000121 254.162109375 50178.597709560396 3504528.4367839787 4400.0 128.0 233828.0#233828.0#4400_235202.0#235202.0#4400_236801.0#236801.0#4400_238543.0#238543.0#4400 236356.0#236356.0#128_237853.0#237853.0#128_239857.0#239857.0#128
240000 245000 173.99414062511642 804.3343098958139 320.5836104915099 999.6369999999879 182.41796875 50071.24575545467 3343393.861890696 4400.0 128.0 238543.0#238543.0#4400_240279.0#240279.0#4400_241896.0#241896.0#4400_243826.0#243826.0#4400 239857.0#239857.0#128_241855.0#241855.0#128_243859.0#243859.0#128
245000 250000 1943.4220019531203 611.3155996093759 348.2170723285068 996.48199999996 221.99499999999534 32316.661168672268 2012542.4596740045 3175.0 128.0 243826.0#243826.0#4400_245484.0#245484.0#2300_247370.0#247370.0#3000_249866.0#249866.0#3000 245795.0#245795.0#128_247362.0#247362.0#128_249861.0#249861.0#128
250000 255000 1222.5909667968517 755.4818066406297 308.2795347852896 998.2569999999832 245.3760000000475 32205.579431000122 2155930.2725378214 3000.0 128.0 249866.0#249866.0#3000_251362.0#251362.0#3000_253366.0#253366.0#3000 249861.0#249861.0#128_251360.0#251360.0#128_253363.0#253363.0#128
255000 260000 1635.9820507812547 841.0044873046863 187.15341903518367 999.1759999999776 632.02294921875 42452.66980411396 2118151.044066016 3466.6666666666665 128.0 256031.0#256031.0#3000_257307.0#257307.0#3000_259372.0#259372.0#4400 256025.0#256025.0#128_257353.0#257353.0#128_259368.0#259368.0#128
260000 265000 15.162863281206228 830.8061894531323 271.8151329709955 999.6620000000112 367.40405078127515 55687.83073139796 3309108.076887191 4400.0 128.0 259372.0#259372.0#4400_260937.0#260937.0#4400_262803.0#262803.0#4400_264861.0#264861.0#4400 261085.0#261085.0#128_262818.0#262818.0#128_264858.0#264858.0#128
265000 270000 20.395804687519558 829.9340325520801 271.335493482208 998.9309999999823 372.0989140624879 44668.8309342386 2759135.6227695122 4400.0 128.0 264861.0#264861.0#4400_266863.0#266863.0#4400_268859.0#268859.0#4400 264858.0#264858.0#128_266858.0#266858.0#128_268857.0#268857.0#128
270000 275000 1423.1042812499218 715.3791437500156 361.7852026154631 999.454000000027 264.125 37239.28112443843 2427586.987228248 4400.0 128.0 268859.0#268859.0#4400_270579.0#270579.0#4400_273833.0#273833.0#4400 270610.0#270610.0#128_273829.0#273829.0#128_274354.0#274354.0#128
275000 280000 12.601062500034459 831.2331562499943 299.220305209925 999.0990000000456 259.2109375 52672.635767182626 3582695.313683825 4400.0 128.0 273833.0#273833.0#4400_275335.0#275335.0#4400_277127.0#277127.0#4400_279000.0#279000.0#4400 276354.0#276354.0#128_278351.0#278351.0#128
280000 285000 1188.8569374998333 762.2286125000334 401.2009044351192 999.3760000000475 73.1480000000447 41483.751638628426 2567660.955365208 4400.0 128.0 279000.0#279000.0#4400_280376.0#280376.0#4400_282024.0#282024.0#4400 280352.0#280352.0#128_282034.0#282034.0#128
285000 290000 750.130091796862 849.9739816406276 332.1521524503274 999.5019999999786 255.805908203125 49263.43859272665 2988554.5963434624 4400.0 128.0 285899.0#285899.0#4400_287587.0#287587.0#4400_289253.0#289253.0#4400 285897.0#285897.0#128_286351.0#286351.0#128_287829.0#287829.0#128_289853.0#289853.0#128
290000 295000 19.128791015478782 830.1452014974202 303.7077268251048 999.9570000000531 246.3701171875 52394.98656944978 3563698.943952134 4400.0 128.0 289253.0#289253.0#4400_290823.0#290823.0#4400_292432.0#292432.0#4400_294132.0#294132.0#4400 289853.0#289853.0#128_291885.0#291885.0#128_293854.0#293854.0#128
295000 300000 12.627802734263241 831.2286995442895 306.6004103264337 999.6280000000261 238.747314453125 57106.226177813514 3302512.122793019 4400.0 128.0 294132.0#294132.0#4400_295796.0#295796.0#4400_297524.0#297524.0#4400_299339.0#299339.0#4400 295854.0#295854.0#128_297534.0#297534.0#128_299350.0#299350.0#128
