ts te idle avg_span std_span max_span min_span c_ack_cnt c_ack_cnt_p c_bytes_all c_bytes_uniq s_ack_cnt s_ack_cnt_p s_bytes_all s_bytes_uniq avg_video_rate avg_audio_rate video_requests_sequence audio_requests_sequence
0 6000 6000.0 0.0 0.0 0.0 0.0 0.0 0.0 0.0 0.0 0.0 0.0 0.0 0.0 0.0 0.0 - -
6000 12000 6000.0 0.0 0.0 0.0 0.0 0.0 0.0 0.0 0.0 0.0 0.0 0.0 0.0 0.0 0.0 - -
12000 18000 6000.0 0.0 0.0 0.0 0.0 0.0 0.0 0.0 0.0 0.0 0.0 0.0 0.0 0.0 0.0 - -
18000 24000 6000.0 0.0 0.0 0.0 0.0 0.0 0.0 0.0 0.0 0.0 0.0 0.0 0.0 0.0 0.0 - -
24000 30000 4225.997099609376 591.3343001302079 398.30679815606106 931.6010000000024 153.222900390625 10.491760499616337 6.163920166538779 3745.7796361212954 2789.8898180606475 14.655680666155115 5.163920166538779 10098.031992198825 7230.005123085231 0.0 0.0 - -
30000 36000 32.01790234375221 646.3046898970169 374.7361577156191 996.7569999999978 19.347999999998137 151.33947083842662 121.9308198380189 22874.609575339804 21352.499393400452 219.17555067188783 32.572571166946474 248966.03865203928 195304.0655211529 288.0 128.0 30162.0#30162.0#288_32259.0#32259.0#288_34493.0#34493.0#288 30158.0#30158.0#128_32255.0#32255.0#128_34541.0#34541.0#128
36000 42000 95.9617734374915 778.0355907226564 292.7775404084787 997.9349999999977 206.9829999999929 221.8200841442771 208.66760670062828 10152.687297506001 10152.687297506001 326.0647188656942 13.15247744364883 483748.6984892596 405682.3541182774 288.0 128.0 34493.0#34493.0#288_36064.0#36064.0#288_37101.0#37101.0#288_37915.0#37915.0#288_39234.0#39234.0#288_40393.0#40393.0#288_41658.0#41658.0#288 36068.0#36068.0#128_38323.0#38323.0#128_39900.0#39900.0#128_40906.0#40906.0#128_41744.0#41744.0#128
42000 48000 0.0 686.9777983186137 310.9291016609932 999.929999999993 72.97509765625 233.3528073619656 224.12706751879512 7690.507383060847 7690.507383060847 282.7974210680252 9.225739843170492 383122.0968787135 285764.7931853791 288.0 128.0 40393.0#40393.0#288_41658.0#41658.0#288_43154.0#43154.0#288_45165.0#45165.0#288_46701.0#46701.0#288_47516.0#47516.0#288 41744.0#41744.0#128_45155.0#45155.0#128
48000 54000 35.391132812495925 707.669669177828 328.1963458550921 998.9900000000052 0.0 274.7885050315927 263.7115085368621 9251.6401097166 9251.6401097166 345.316769134889 11.076996494730558 455157.9433960514 363949.33268882695 288.0 128.0 46701.0#46701.0#288_47516.0#47516.0#288_48462.0#48462.0#288_50054.0#50054.0#288_51988.0#51988.0#288_53808.0#53808.0#288 45155.0#45155.0#128_48201.0#48201.0#128_49758.0#49758.0#128_51226.0#51226.0#128_52218.0#52218.0#128_53792.0#53792.0#128
54000 60000 0.0 747.3461622121724 226.6871771777976 999.1710000000021 295.9959999999992 194.45417023175315 184.32759762816906 8429.98835110349 7609.9883511034905 250.43264881066827 10.126572603584124 325850.98117364396 271939.8992235205 288.0 128.0 51988.0#51988.0#288_53808.0#53808.0#288_55277.0#55277.0#288_57454.0#57454.0#288_59153.0#59153.0#288 53792.0#53792.0#128_55708.0#55708.0#128_57446.0#57446.0#128_59753.0#59753.0#128
60000 66000 0.0 707.3422975585934 315.59087677946917 999.7050000000017 138.85995507812186 220.60171678973995 210.0948257037321 8761.380036536291 8761.380036536291 273.61820188908024 10.506891086007863 354512.7192669759 292286.42163483537 288.0 128.0 57454.0#57454.0#288_59153.0#59153.0#288_62487.0#62487.0#288_64102.0#64102.0#288_65988.0#65988.0#288 59753.0#59753.0#128_60982.0#60982.0#128_61962.0#61962.0#128_63060.0#63060.0#128_64956.0#64956.0#128
66000 72000 0.0 851.8088753255239 190.0321144622508 999.994000000006 474.626746093767 266.46151823191815 255.63430488677292 9045.408616424447 9045.408616424447 315.9656548806508 10.827213345145235 418371.22022758715 330555.27059988957 288.0 128.0 65988.0#65988.0#288_67581.0#67581.0#288_69469.0#69469.0#288_71099.0#71099.0#288 64956.0#64956.0#128_66153.0#66153.0#128_67719.0#67719.0#128_69672.0#69672.0#128_71018.0#71018.0#128
72000 78000 124.09362500002317 733.6374129464301 348.28175849682054 999.3120000000199 0.0 200.11995406221803 189.60835055855338 8760.409917404415 8760.409917404415 260.9244215565924 10.511603503664658 340617.76396765566 318137.3269631794 288.0 128.0 71099.0#71099.0#288_72356.0#72356.0#288_74290.0#74290.0#288_76474.0#76474.0#288 71018.0#71018.0#128_72280.0#72280.0#128_73068.0#73068.0#128_74298.0#74298.0#128_76472.0#76472.0#128
78000 84000 17.75698242188082 782.6600781249987 230.32923746314324 993.1460000000079 333.53001953124476 166.7754329428499 159.9394185962869 5697.589076786807 5697.589076786807 224.13167082821758 6.836014346562988 297424.502322755 235675.28359278958 288.0 128.0 76474.0#76474.0#288_78179.0#78179.0#288_80323.0#80323.0#288_82375.0#82375.0#288 78189.0#78189.0#128_82003.0#82003.0#128
84000 90000 0.0 845.8511895751944 195.78360882691638 994.525999999998 389.6660292968736 215.0487593406487 204.1873170838291 9049.382650592072 9049.382650592072 261.6251705120241 10.0 341001.22263771197 296840.4663536564 288.0 128.0 82375.0#82375.0#288_84203.0#84203.0#288_86668.0#86668.0#288_88982.0#88982.0#288 82003.0#82003.0#128_85349.0#85349.0#128_86470.0#86470.0#128_87861.0#87861.0#128_88987.0#88987.0#128
90000 96000 17.20586523435486 751.3513051470594 333.56604663350527 999.7149999999965 0.0 198.41134871414152 190.27279097096113 6796.6173494079285 6796.6173494079285 273.66802749770676 9.0 362213.42246392043 306050.2965430418 288.0 128.0 88982.0#88982.0#288_90565.0#90565.0#288_92206.0#92206.0#288_93513.0#93513.0#288 90684.0#90684.0#128_92306.0#92306.0#128_93690.0#93690.0#128
96000 102000 0.0 743.2530549045138 323.9281767694898 998.81700000001 7.801999999996042 201.7745666134238 192.92799752256715 7359.390440699994 7359.390440699994 249.769258366004 8.846569090856645 328570.375723091 263537.2150101571 288.0 128.0 93513.0#93513.0#288_96585.0#96585.0#288_98961.0#98961.0#288_101188.0#101188.0#288 93690.0#93690.0#128_97311.0#97311.0#128_100494.0#100494.0#128
102000 108000 31.64345703125582 723.8133617393094 300.63360737298433 998.5050000000047 188.15112109374604 231.88684975478296 220.18204069515645 9774.861074651617 9774.861074651617 348.5354945292087 11.704809059626513 460880.07420174725 417760.08921729727 288.0 128.0 101188.0#101188.0#288_102730.0#102730.0#288_104118.0#104118.0#288_105621.0#105621.0#288_107234.0#107234.0#288 100494.0#100494.0#128_102113.0#102113.0#128_103305.0#103305.0#128_104357.0#104357.0#128_105705.0#105705.0#128_106965.0#106965.0#128
108000 114000 0.0 788.245224494487 296.4292955532567 997.9109999999928 212.64005078125047 216.03425193652123 207.5856300870044 7055.74848464839 7055.74848464839 269.29822593038386 8.448621849516844 353908.3898967121 286388.70179585594 288.0 128.0 107234.0#107234.0#288_108986.0#108986.0#288_110699.0#110699.0#288_113058.0#113058.0#288 106965.0#106965.0#128_108862.0#108862.0#128_110984.0#110984.0#128_112985.0#112985.0#128
114000 120000 0.0 779.0871142113118 275.741100851891 996.1849999999977 122.65110351561452 237.0307871164676 227.52696464901402 7910.836013702819 7910.836013702819 303.5569274497053 9.503822467453585 402147.0769765376 320338.4756999615 288.0 128.0 113058.0#113058.0#288_115114.0#115114.0#288_117070.0#117070.0#288_118268.0#118268.0#288 112985.0#112985.0#128_115628.0#115628.0#128_118513.0#118513.0#128_119994.0#119994.0#128
120000 126000 82.94225976560847 723.8979326171866 352.94210244871647 995.9379999999946 46.80402929687989 206.64636729727704 197.72751678401465 7450.20929009859 7450.20929009859 293.0667539658068 8.918850513262377 391325.71762845805 323115.76729590766 288.0 128.0 120487.0#120487.0#288_122353.0#122353.0#288_124336.0#124336.0#288 119994.0#119994.0#128_120723.0#120723.0#128_122812.0#122812.0#128_124550.0#124550.0#128_125987.0#125987.0#128
126000 132000 89.0989785156271 724.6916563585061 333.11155846819764 998.19200000001 12.47509765625 220.2706898520003 210.82279740376495 7880.087365898566 7880.087365898566 298.64019018850587 9.447892448235343 397403.0621056965 294044.15489610424 288.0 128.0 124336.0#124336.0#288_126063.0#126063.0#288_127987.0#127987.0#288_130583.0#130583.0#288_131880.0#131880.0#288 125987.0#125987.0#128_128487.0#128487.0#128_130491.0#130491.0#128_131987.0#131987.0#128
132000 138000 765.7449824218638 579.5535086805563 407.17413878009654 988.2410000000091 8.050048828125 187.0007941687242 178.8543483948498 6785.164792115337 6785.164792115337 267.35805520391705 8.14644577387439 354223.13705345173 299824.68079534196 288.0 128.0 130583.0#130583.0#288_131880.0#131880.0#288_133966.0#133966.0#288_135988.0#135988.0#288_137990.0#137990.0#288 131987.0#131987.0#128_133981.0#133981.0#128_135586.0#135586.0#128_137989.0#137989.0#128
138000 144000 36.788341796869645 809.3997499999995 271.11776729512775 996.4100000000035 0.0 177.63559461926457 169.0041293062204 7193.422811515353 7193.422811515353 262.5869701118357 8.631465313044142 347065.50527264574 239444.38006859284 288.0 128.0 137990.0#137990.0#288_140849.0#140849.0#288_142974.0#142974.0#288 137989.0#137989.0#128_140987.0#140987.0#128
144000 150000 1322.3503339843592 558.093219880756 386.7165839052633 994.9109999999928 0.0 205.16283174352446 196.72941996718112 7030.528806206227 7030.528806206227 294.64065185472873 8.433411776343354 390573.4195377417 289790.4195377417 288.0 128.0 142974.0#142974.0#288_145108.0#145108.0#288_148966.0#148966.0#288_149956.0#149956.0#288 140987.0#140987.0#128_144210.0#144210.0#128_145495.0#145495.0#128_149241.0#149241.0#128_149986.0#149986.0#128
150000 156000 2446.380917968723 555.9481738281399 281.83435825800524 994.31700000001 239.8680351562507 256.891738708866 244.9736270010792 9951.75092046311 9951.75092046311 367.17153601831257 11.918111707786807 490481.6001354056 490481.6001354056 288.0 128.0 148966.0#148966.0#288_149956.0#149956.0#288_150640.0#150640.0#288_151321.0#151321.0#288_153500.0#153500.0#288_154993.0#154993.0#288 149986.0#149986.0#128_150744.0#150744.0#128_151413.0#151413.0#128_153494.0#153494.0#128_154992.0#154992.0#128
156000 162000 1087.2873027344176 593.5049000000057 410.392557208191 999.0849999999919 57.8409999999858 233.0 223.0 8332.0 8332.0 344.0 10.0 460898.0 446898.0 480.0 128.0 156996.0#156996.0#480_156997.0#156997.0#480_158990.0#158990.0#480_160488.0#160488.0#480 156994.0#156994.0#128_158988.0#158988.0#128_160987.0#160987.0#128
162000 168000 442.7664921875112 707.5951935546997 351.00925227032553 999.5109999999986 41.279000000067754 304.51822004068737 293.5173725969344 9162.703378314907 9162.703378314907 466.5173725969344 11.0008474437529 640839.960641041 622582.5493298859 750.0 128.0 162990.0#162990.0#480_164490.0#164490.0#840_164491.0#164491.0#840_166492.0#166492.0#840 162989.0#162989.0#128_164488.0#164488.0#128_166490.0#166490.0#128
168000 174000 329.826490234409 679.0327156249987 368.8712713978217 995.3429999999935 102.92300000000978 380.72851712097014 371.95740170702715 7305.306164995654 7305.306164995654 522.8340331261984 8.771115413942908 723421.8070620636 694444.4943631551 840.0 128.0 168230.0#168230.0#840_170497.0#170497.0#840_172237.0#172237.0#840 168227.0#168227.0#128_170495.0#170495.0#128_172235.0#172235.0#128
174000 180000 72.48197656241246 688.1973388671953 371.74090602497665 999.3619999999937 9.10888671875 297.0907481333187 287.87561881511135 7699.157041390466 7699.157041390466 475.29498630212964 9.215129318207378 648303.2520859985 626858.9760960622 840.0 128.0 174241.0#174241.0#840_175995.0#175995.0#840_177987.0#177987.0#840_179989.0#179989.0#840 174240.0#174240.0#128_175992.0#175992.0#128_178233.0#178233.0#128_179989.0#179989.0#128
180000 186000 516.1217773436802 513.8869190104286 380.4381995844504 999.6979999999749 1.3740234375 387.4393568047744 377.0354594360261 8669.35473735975 8669.35473735975 524.9930763431164 10.403897368748353 716455.7279503258 710855.7279503258 840.0 128.0 179989.0#179989.0#840_181996.0#181996.0#840_183996.0#183996.0#840_185780.0#185780.0#840 179989.0#179989.0#128_181995.0#181995.0#128_183994.0#183994.0#128_185490.0#185490.0#128
186000 192000 557.9679492186697 740.1729094460262 335.05807600405245 999.4029999999912 149.6220703125 379.66486447133923 370.4907015091342 7213.0544282646 7213.0544282646 512.2931252819468 8.18742096443317 714033.0037412259 704233.0037412259 840.0 128.0 185780.0#185780.0#840_187495.0#187495.0#840_189497.0#189497.0#840_191495.0#191495.0#840 187491.0#187491.0#128_189493.0#189493.0#128_191492.0#191492.0#128
192000 198000 32.24795507808449 731.9770016526477 303.2959798078499 999.2049999999872 136.7079296874872 337.14165585338475 327.1495057924759 7935.412355242148 7935.412355242148 465.6453824110829 9.536194626445843 629516.8598982985 623916.8598982985 840.0 128.0 191495.0#191495.0#840_193495.0#193495.0#840_195489.0#195489.0#840_197495.0#197495.0#840 193492.0#193492.0#128_195487.0#195487.0#128_197492.0#197492.0#128
198000 204000 58.41415820311522 786.9908031250001 271.52213850809875 998.9979999999923 320.7129999999888 312.4166375755255 303.97394014329075 7046.011894432476 7046.011894432476 508.4220239385912 8.885394864469452 696832.3886210464 696832.3886210464 840.0 128.0 197495.0#197495.0#840_199493.0#199493.0#840_200993.0#200993.0#840_202991.0#202991.0#840 199491.0#199491.0#128_200990.0#200990.0#128_202989.0#202989.0#128
204000 210000 24.92489843739895 848.2614646662022 289.5467752833545 999.9200000000419 242.78599999999278 301.1923586560608 291.32798908283615 8211.783050044185 8211.783050044185 463.34680416156095 8.980744562964645 636009.0438359238 620905.5775662682 840.0 128.0 202991.0#202991.0#840_204988.0#204988.0#840_206992.0#206992.0#840_208990.0#208990.0#840 204987.0#204987.0#128_206990.0#206990.0#128_208990.0#208990.0#128
210000 216000 443.40796093750396 610.5256573893179 375.1453912058983 998.5469999999914 19.202908203122206 341.5352357665462 332.3827464936517 7638.209792234616 7638.209792234616 492.8723608379865 9.527684860094872 674595.670106553 658899.1363762085 840.0 128.0 208990.0#208990.0#840_210500.0#210500.0#840_212494.0#212494.0#840_214493.0#214493.0#840 210497.0#210497.0#128_212491.0#212491.0#128_214492.0#214492.0#128
216000 222000 26.36672070302302 717.1545253906312 325.4175058857599 999.935999999987 186.0229999999865 306.490831255698 297.74858903188766 7297.411157531806 7297.411157531806 509.99926067875754 9.25067164686986 699448.0132700459 696648.0132700459 840.0 128.0 216490.0#216490.0#840_218239.0#218239.0#840_220240.0#220240.0#840_221984.0#221984.0#840 216488.0#216488.0#128_218238.0#218238.0#128_220238.0#220238.0#128
222000 228000 1001.8947519531648 596.2173384233029 391.6492218870789 998.1020000000135 6.3759765625 254.2162661450757 244.96897468819066 7709.972115240324 7709.972115240324 438.56785511986897 8.247291456885046 596712.065904921 581303.1163673808 840.0 128.0 221984.0#221984.0#840_224239.0#224239.0#840_225991.0#225991.0#840_227993.0#227993.0#840 222243.0#222243.0#128_224236.0#224236.0#128_225990.0#225990.0#128_227991.0#227991.0#128
228000 234000 684.2426679687051 518.9253007812596 387.9507677314896 997.6020000000135 2.7758789063082077 340.2619696922699 332.2399770899756 6681.470187117164 6681.470187117164 490.1971316747674 9.021992602294274 670896.4610672788 666705.410604819 840.0 128.0 227993.0#227993.0#840_229992.0#229992.0#840_231989.0#231989.0#840_233996.0#233996.0#840 227991.0#227991.0#128_229990.0#229990.0#128_231989.0#231989.0#128_233991.0#233991.0#128
234000 240000 821.9189121092786 633.8797784830773 354.28919721343095 998.5630000000237 81.96899999998277 329.2155618938555 317.6695999296515 9620.82437518016 9184.365159352094 524.7111601885016 11.078229300579757 716013.25385298 713158.3042978363 840.0 128.0 233996.0#233996.0#840_235487.0#235487.0#840_237491.0#237491.0#840_239490.0#239490.0#840 233991.0#233991.0#128_235487.0#235487.0#128_237489.0#237489.0#128_239489.0#239489.0#128
240000 246000 105.89283203112427 675.2398815104243 299.0726888561492 999.9689999999828 266.8989999999758 307.254824542904 297.70281536626794 7955.524535978755 7571.983751806822 466.7743563867846 9.642142302160874 633037.8410754214 628892.7906305651 840.0 128.0 239490.0#239490.0#840_241495.0#241495.0#840_243495.0#243495.0#840_245496.0#245496.0#840 241493.0#241493.0#128_243492.0#243492.0#128_245494.0#245494.0#128
246000 252000 1275.9375781249255 668.4153896484407 371.8788418887321 996.1390000000829 8.104003906308208 337.0274635077466 328.14571513352223 7416.612687778478 7416.612687778478 511.87146600704676 9.251243268150674 697123.0033460129 690123.0033460129 840.0 128.0 245496.0#245496.0#840_246991.0#246991.0#840_249493.0#249493.0#840_250989.0#250989.0#840 246990.0#246990.0#128_249491.0#249491.0#128_250988.0#250988.0#128
252000 258000 39.608878906292375 802.1559996448923 331.4797564558356 999.658000000054 224.79899999999907 281.8054885398433 272.81359318401644 7496.192098894514 7496.192098894514 456.6596049447257 9.0 620675.6475408634 620675.6475408634 840.0 128.0 250989.0#250989.0#840_252992.0#252992.0#840_254992.0#254992.0#840_256989.0#256989.0#840 252991.0#252991.0#128_254990.0#254990.0#128_256988.0#256988.0#128
258000 264000 36.2239179686876 892.2915062500164 204.20128531584908 998.1280000000261 353.4310000000405 369.11017099921514 359.2781175701892 8185.283811801266 8185.283811801266 526.6096602793097 9.832053429025935 723221.0666323982 670280.6468913513 840.0 128.0 256989.0#256989.0#840_258995.0#258995.0#840_260492.0#260492.0#840_262489.0#262489.0#840 258991.0#258991.0#128_260491.0#260491.0#128_262488.0#262488.0#128
264000 270000 1610.9769570312928 623.6465937500004 384.7249716328047 999.5769999999902 0.5419160156161524 284.88982900078486 276.7218824298108 6820.716188198734 6820.716188198734 444.39033972069035 8.167946570974067 611752.9333676017 550616.3531086487 840.0 128.0 262489.0#262489.0#840_264275.0#264275.0#840_266221.0#266221.0#840_268216.0#268216.0#840 262488.0#262488.0#128_264275.0#264275.0#128_266219.0#266219.0#128_268215.0#268215.0#128
270000 276000 178.76166601566365 627.6247007211518 440.42460915147586 997.6809999999823 9.787109375 323.67825961970146 313.66842977014056 8351.26690348071 8351.26690348071 512.1599222481851 9.00982984956089 712928.1765156148 645686.8911474592 840.0 128.0 270250.0#270250.0#840_271999.0#271999.0#840_273993.0#273993.0#840_275989.0#275989.0#840 270247.0#270247.0#128_271995.0#271995.0#128_273991.0#273991.0#128_275988.0#275988.0#128
276000 282000 26.953193359426223 640.5256751802875 335.0844825767558 998.2139999999781 223.9899999999907 393.6223328832548 384.1208867820699 7924.716171096561 7924.716171096561 538.057880432368 10.501446101184973 743297.6768944979 727223.1759316095 840.0 128.0 275989.0#275989.0#840_277990.0#277990.0#840_279993.0#279993.0#840_281490.0#281490.0#840 275988.0#275988.0#128_277989.0#277989.0#128_279990.0#279990.0#128_281489.0#281489.0#128
282000 288000 63.37651367188664 742.081092773437 304.7381736342612 998.7420000000275 263.3279999999795 261.32328194974457 251.62963236947857 8071.7831711617855 8071.7831711617855 400.1580097365084 9.387750810835012 542618.3850587279 527332.1713897721 840.0 128.0 281490.0#281490.0#840_283487.0#283487.0#840_285496.0#285496.0#840_287493.0#287493.0#840 283986.0#283986.0#128_285485.0#285485.0#128_287490.0#287490.0#128
288000 294000 42.661009765579365 754.1617356178996 284.77135421880814 997.6639999999898 203.57410156249534 304.2721138040589 295.96730033227993 6932.924255608064 6932.924255608064 473.0850380015686 8.610712241209992 654897.4905328703 620752.1063765817 840.0 128.0 287493.0#287493.0#840_289490.0#289490.0#840_291495.0#291495.0#840_293490.0#293490.0#840 289487.0#289487.0#128_291493.0#291493.0#128_293487.0#293487.0#128
294000 300000 827.4246757812798 617.804601562496 360.49556243476087 999.4259999999776 0.034912109375 326.105575695638 316.61517252093813 7915.426084195258 7915.426084195258 520.5397182913327 9.490403174699837 711440.6855878519 674773.0697441405 840.0 128.0 293490.0#293490.0#840_295486.0#295486.0#840_296904.0#296904.0#840_298995.0#298995.0#840 293487.0#293487.0#128_295891.0#295891.0#128_296910.0#296910.0#128_298992.0#298992.0#128
