ts te idle avg_span std_span max_span min_span c_bytes_all s_bytes_all avg_video_rate avg_audio_rate video_requests_sequence audio_requests_sequence
0 7000 7000.0 0.0 0.0 0.0 0.0 0.0 0.0 0.0 0.0 - -
7000 14000 6443.13671875 556.86328125  556.86328125 556.86328125 5887.946689593091 209767.98833366402 0.0 0.0 - -
14000 21000 1286.5641777343699 816.2051174665186 245.3419891081451 999.8989999999758 442.81371875002515 76935.26326507531 5223140.648771002 3000.0 128.0 14189.0#14189.0#3000_16469.0#16469.0#3000_17041.0#17041.0#3000_17915.0#17915.0#3000_18720.0#18720.0#3000_19748.0#19748.0#3000_20600.0#20600.0#3000 14180.0#14180.0#128_16467.0#16467.0#128_16704.0#16704.0#128_17198.0#17198.0#128_18246.0#18246.0#128_19202.0#19202.0#128_20051.0#20051.0#128_20704.0#20704.0#128
21000 28000 1044.8050996092497 850.74212862725 205.15696242482622 999.7330000000075 470.46489648439456 67870.55154447514 5296040.247455636 3583.3333333333335 128.0 20600.0#20600.0#3000_21696.0#21696.0#3000_22480.0#22480.0#3000_23381.0#23381.0#3000_24166.0#24166.0#3000_26221.0#26221.0#6500 21704.0#21704.0#128_22615.0#22615.0#128_24202.0#24202.0#128_26217.0#26217.0#128_27702.0#27702.0#128
28000 35000 279.25189062504796 840.093513671869 274.22419327489007 999.8610000000335 219.73199609376024 77840.20971716147 6011515.467063769 6500.0 128.0 26221.0#26221.0#6500_28203.0#28203.0#6500_30089.0#30089.0#6500_32132.0#32132.0#6500_34235.0#34235.0#6500 29712.0#29712.0#128_31706.0#31706.0#128_33704.0#33704.0#128
35000 42000 89.0960253905505 863.8629968261812 246.7648395114529 999.4540000000852 329.63888671877794 75542.99172922906 6010878.685264828 6500.0 128.0 34235.0#34235.0#6500_36226.0#36226.0#6500_38201.0#38201.0#6500_40311.0#40311.0#6500 35705.0#35705.0#128_37708.0#37708.0#128_39708.0#39708.0#128_41203.0#41203.0#128
42000 49000 65.58311523433076 866.8021105957087 247.64689530309488 999.0929999999935 349.1799121093936 67419.40181158691 5647105.868127493 6500.0 128.0 40311.0#40311.0#6500_42115.0#42115.0#6500_44171.0#44171.0#6500_46253.0#46253.0#6500_48311.0#48311.0#6500 43205.0#43205.0#128_45227.0#45227.0#128_47215.0#47215.0#128
49000 56000 22.36304882814875 872.2046188964814 240.93200871836427 999.9839999999967 383.3740273437579 69873.05522306544 5934169.187524013 6500.0 128.0 48311.0#48311.0#6500_50512.0#50512.0#6500_52365.0#52365.0#6500_54063.0#54063.0#6500_55833.0#55833.0#6500 49213.0#49213.0#128_51205.0#51205.0#128_52713.0#52713.0#128_54705.0#54705.0#128
56000 63000 111.86386718746508 861.0170166015669 255.25394722018487 999.554999999993 395.3830761719146 71398.41523098598 6077516.183809852 5975.0 128.0 55833.0#55833.0#6500_58153.0#58153.0#6500_60298.0#60298.0#6500_62105.0#62105.0#4400 56700.0#56700.0#128_58709.0#58709.0#128_60498.0#60498.0#128_62342.0#62342.0#128
63000 70000 1272.871056640637 818.1612776227661 311.4517933229258 999.7569999999832 253.83500000002095 61327.164788827606 4950976.723649744 4400.0 128.0 62105.0#62105.0#4400_63508.0#63508.0#4400_64870.0#64870.0#4400_66230.0#66230.0#4400_68216.0#68216.0#4400 64203.0#64203.0#128_66226.0#66226.0#128_68212.0#68212.0#128
70000 77000 1387.8579999998328 935.3570000000278 125.63377692006488 999.9560000000056 681.5520000000251 49109.0 3852917.0 4400.0 128.0 70218.0#70218.0#4400_72211.0#72211.0#4400_74217.0#74217.0#4400_76219.0#76219.0#4400 70214.0#70214.0#128_72207.0#72207.0#128_74214.0#74214.0#128_76213.0#76213.0#128
77000 84000 1222.520093750034 962.9133177083277 89.54600444174008 999.810999999987 780.12890625 63056.531722438616 4979986.423320735 5660.0 128.0 78213.0#78213.0#4400_78768.0#78768.0#4400_79866.0#79866.0#6500_82104.0#82104.0#6500_83966.0#83966.0#6500 78207.0#78207.0#128_78280.0#78280.0#128_79716.0#79716.0#128_81709.0#81709.0#128_83706.0#83706.0#128
84000 91000 26.334998046979308 871.7081252441276 275.79569823103594 999.4699999999139 219.20709375001024 75189.07045900612 6218417.007223008 6500.0 128.0 82104.0#82104.0#6500_83966.0#83966.0#6500_85932.0#85932.0#6500_87766.0#87766.0#6500_89728.0#89728.0#6500 85705.0#85705.0#128_87725.0#87725.0#128_89713.0#89713.0#128
91000 98000 19.25481835944811 872.593147705069 271.92097998882787 999.7700000000186 232.93809179688105 70067.77457597326 6055154.3144392 6500.0 128.0 89728.0#89728.0#6500_91606.0#91606.0#6500_93497.0#93497.0#6500_95588.0#95588.0#6500_97407.0#97407.0#6500 91209.0#91209.0#128_93202.0#93202.0#128_95205.0#95205.0#128_97219.0#97219.0#128
98000 105000 25.052058593777474 871.8684926757778 269.2160391187296 998.7949999998673 241.5159101562458 71592.37924702889 5846269.395555539 6500.0 128.0 97407.0#97407.0#6500_99273.0#99273.0#6500_101459.0#101459.0#6500_103402.0#103402.0#6500 99205.0#99205.0#128_100703.0#100703.0#128_103209.0#103209.0#128_104706.0#104706.0#128
105000 112000 132.76907421881333 858.4038657226483 273.48113874320876 999.5019999999786 251.42696875002002 75789.45108390854 6086859.966798508 6500.0 128.0 103402.0#103402.0#6500_105471.0#105471.0#6500_107361.0#107361.0#6500_109161.0#109161.0#6500_111169.0#111169.0#6500 106603.0#106603.0#128_108708.0#108708.0#128_110207.0#110207.0#128
112000 119000 21.38799023424508 872.3265012207194 245.60471994332542 999.6350000000093 350.2910429688054 71651.0214502753 5948890.5849215705 6500.0 128.0 111169.0#111169.0#6500_113157.0#113157.0#6500_115077.0#115077.0#6500_117160.0#117160.0#6500 112465.0#112465.0#128_114203.0#114203.0#128_116599.0#116599.0#128_118213.0#118213.0#128
119000 126000 1886.783660156303 852.2027233072828 251.03643351338465 999.9319999999716 358.7230332031031 54405.66705570345 4214087.098477202 5975.0 128.0 117160.0#117160.0#6500_119037.0#119037.0#6500_121119.0#121119.0#6500_125175.0#125175.0#4400 120210.0#120210.0#128_122224.0#122224.0#128
126000 133000 2126.287388672121 696.2446587611256 349.34378003409665 999.8389999999781 173.13569335936336 55227.23747672791 3627690.2440220234 2733.3333333333335 128.0 125175.0#125175.0#4400_126953.0#126953.0#2300_127758.0#127758.0#1500_128216.0#128216.0#1500_129726.0#129726.0#2300_131724.0#131724.0#4400 126720.0#126720.0#128_127159.0#127159.0#128_127793.0#127793.0#128_129716.0#129716.0#128_131718.0#131718.0#128
133000 140000 1293.7349472655915 815.1807218192013 266.58327528544453 999.8560000000289 298.594970703125 52712.30869048923 3881801.7704552347 4400.0 128.0 133714.0#133714.0#4400_135701.0#135701.0#4400_137211.0#137211.0#4400_139703.0#139703.0#4400 133710.0#133710.0#128_135700.0#135700.0#128_137209.0#137209.0#128_139700.0#139700.0#128
140000 147000 1469.5019121094374 790.0711554129375 262.56861853574514 999.7380000000121 266.2750000000233 62750.647195256395 4344380.52676333 4400.0 128.0 139703.0#139703.0#4400_141140.0#141140.0#4400_143210.0#143210.0#4400_145219.0#145219.0#4400 141208.0#141208.0#128_143209.0#143209.0#128_145216.0#145216.0#128_146699.0#146699.0#128
147000 154000 306.9060488282121 836.6367438964735 280.88167168766665 999.0239999999758 209.4989414063166 57140.29164571972 4514188.471024653 4400.0 128.0 147207.0#147207.0#4400_149214.0#149214.0#4400_150710.0#150710.0#4400_152713.0#152713.0#4400 149213.0#149213.0#128_150707.0#150707.0#128_152710.0#152710.0#128
154000 161000 109.31111523444997 861.3361105956938 249.98903723450786 999.8260000000009 332.873990234395 58962.57140197014 4249270.2060121745 4925.0 128.0 154725.0#154725.0#4400_156408.0#156408.0#4400_158456.0#158456.0#4400_160222.0#160222.0#6500 154719.0#154719.0#128_156402.0#156402.0#128_158450.0#158450.0#128_160215.0#160215.0#128
161000 168000 16.058910156192724 872.9926362304759 241.06007533762212 999.8310000000056 380.9001054688124 72170.5807536684 5777450.160983404 6500.0 128.0 160222.0#160222.0#6500_162511.0#162511.0#6500_164481.0#164481.0#6500_166410.0#166410.0#6500 162219.0#162219.0#128_164215.0#164215.0#128_166211.0#166211.0#128
168000 175000 66.841064453125 866.6448669433594 245.5712160146737 999.8630000000121 390.0890156250098 81050.71425415839 6069835.378778723 6500.0 128.0 166410.0#166410.0#6500_168413.0#168413.0#6500_170240.0#170240.0#6500_172267.0#172267.0#6500_174215.0#174215.0#6500 168212.0#168212.0#128_170209.0#170209.0#128_172209.0#172209.0#128_173718.0#173718.0#128
175000 182000 23.28097460931167 872.089878173836 234.84641968055695 999.9820000000182 438.3370800780831 72584.08076339673 6017873.311441471 6500.0 128.0 174215.0#174215.0#6500_176044.0#176044.0#6500_178057.0#178057.0#6500_179988.0#179988.0#6500_181928.0#181928.0#6500 175704.0#175704.0#128_177713.0#177713.0#128_179717.0#179717.0#128_181717.0#181717.0#128
182000 189000 17.736027343780734 872.7829965820274 233.91225426107488 999.88400000002 446.5790546875214 76026.81611390917 6035051.991396567 6500.0 128.0 181928.0#181928.0#6500_183913.0#183913.0#6500_185781.0#185781.0#6500_187605.0#187605.0#6500 183716.0#183716.0#128_185700.0#185700.0#128_187205.0#187205.0#128
189000 196000 22.27102343767183 872.216122070291 234.08744989796327 999.6809999999241 453.879082031257 73827.0463648983 5509026.556086825 6500.0 128.0 187605.0#187605.0#6500_189822.0#189822.0#6500_191682.0#191682.0#6500_193468.0#193468.0#6500_193926.0#193926.0#6500_195205.0#195205.0#6500 189204.0#189204.0#128_191211.0#191211.0#128_193210.0#193210.0#128_193703.0#193703.0#128_194701.0#194701.0#128
196000 203000 18.68357812508475 872.6645527343644 234.23542456033763 999.6169999999693 464.2741054687649 74821.75767509686 5852719.610316424 6500.0 128.0 195205.0#195205.0#6500_197079.0#197079.0#6500_199140.0#199140.0#6500_201062.0#201062.0#6500 197202.0#197202.0#128_198703.0#198703.0#128_200701.0#200701.0#128_202729.0#202729.0#128
203000 210000 20.444302734336816 872.4444621582079 233.57441819591688 999.9780000000028 474.45568359375466 78038.93760188519 6372973.743293818 6500.0 128.0 201062.0#201062.0#6500_203186.0#203186.0#6500_204845.0#204845.0#6500_206853.0#206853.0#6500_208761.0#208761.0#6500 204440.0#204440.0#128_206457.0#206457.0#128_208478.0#208478.0#128
210000 217000 20.113716796971858 872.4857854003785 233.66742927063643 999.8170000000391 484.9389863280812 77454.57411748776 6263420.703926189 6500.0 128.0 208761.0#208761.0#6500_210841.0#210841.0#6500_212571.0#212571.0#6500_214573.0#214573.0#6500_216653.0#216653.0#6500 210205.0#210205.0#128_212214.0#212214.0#128_214207.0#214207.0#128_216218.0#216218.0#128
217000 224000 36.91999023419339 870.3850012207258 235.95181359442256 999.9170000000158 480.039306640625 71898.27624260481 5736777.48863307 6500.0 128.0 216653.0#216653.0#6500_218482.0#218482.0#6500_220211.0#220211.0#6500_222142.0#222142.0#6500_223816.0#223816.0#6500 218211.0#218211.0#128_219709.0#219709.0#128_221711.0#221711.0#128_223699.0#223699.0#128
224000 231000 1236.1453496094327 823.4078071986524 305.9129045883276 999.1289999999572 269.60595703125 59170.01992163104 4936492.818916426 6500.0 128.0 223816.0#223816.0#6500_225710.0#225710.0#6500_227562.0#227562.0#6500_229423.0#229423.0#6500 225708.0#225708.0#128_227707.0#227707.0#128_229716.0#229716.0#128
231000 238000 14.591896484489553 873.1760129394388 264.71050101481063 999.7719999999972 261.362060546875 83286.77869574941 6223325.995204472 6500.0 128.0 229423.0#229423.0#6500_231701.0#231701.0#6500_233260.0#233260.0#6500_235174.0#235174.0#6500_237176.0#237176.0#6500 231580.0#231580.0#128_233705.0#233705.0#128_235208.0#235208.0#128_237220.0#237220.0#128
238000 245000 1651.6188046875177 764.0544564732118 342.82332879963855 999.8510000000242 122.187255859375 57469.89287279355 4628054.62961427 5625.0 128.0 237176.0#237176.0#6500_239099.0#239099.0#6500_241156.0#241156.0#6500_244923.0#244923.0#3000 239234.0#239234.0#128_241252.0#241252.0#128_244913.0#244913.0#128
245000 252000 758.737310546916 891.6089556361549 145.40886125052677 999.6130000000121 660.6689453125 65564.76006564336 5163061.045208583 5000.0 128.0 244923.0#244923.0#3000_246142.0#246142.0#3000_246659.0#246659.0#3000_248776.0#248776.0#8000_250717.0#250717.0#8000 246140.0#246140.0#128_246529.0#246529.0#128_248755.0#248755.0#128_250713.0#250713.0#128
252000 259000 21.280066406354308 872.3399916992057 247.85055015974064 999.7219999999506 339.00705468747765 73205.95586886766 6219775.600653803 8000.0 128.0 250717.0#250717.0#8000_252492.0#252492.0#8000_255827.0#255827.0#8000_257745.0#257745.0#8000 252487.0#252487.0#128_254705.0#254705.0#128_256204.0#256204.0#128_258208.0#258208.0#128
259000 266000 27.16976953134872 871.6037788085814 246.51782146920675 999.9969999999739 349.6571210937109 68175.4426495978 5927229.6558540575 6875.0 128.0 257745.0#257745.0#8000_260101.0#260101.0#6500_262230.0#262230.0#6500_264069.0#264069.0#6500 260204.0#260204.0#128_262341.0#262341.0#128_264188.0#264188.0#128
266000 273000 413.0250117187388 823.3718735351576 310.7599240822647 999.8059999999823 278.85009765625 66101.3590036183 5670287.574448757 5100.0 128.0 264069.0#264069.0#6500_266358.0#266358.0#4400_267597.0#267597.0#4400_268782.0#268782.0#4400_270015.0#270015.0#4400_271734.0#271734.0#6500 266524.0#266524.0#128_268213.0#268213.0#128_269712.0#269712.0#128_271724.0#271724.0#128
273000 280000 180.07517773436848 852.4906027832039 269.8836295490204 999.1230000000214 231.867919921875 65764.9625302565 5394628.3080833405 6500.0 128.0 271734.0#271734.0#6500_273718.0#273718.0#6500_275848.0#275848.0#6500_278566.0#278566.0#6500 273716.0#273716.0#128_275703.0#275703.0#128_277704.0#277704.0#128_279706.0#279706.0#128
280000 287000 15.1926601564046 873.1009174804494 276.01490882871474 999.8580000000075 220.541259765625 75051.94728349464 6295941.915938572 6500.0 128.0 278566.0#278566.0#6500_280324.0#280324.0#6500_282003.0#282003.0#6500_283799.0#283799.0#6500_285470.0#285470.0#6500 281202.0#281202.0#128_283703.0#283703.0#128_285201.0#285201.0#128
287000 294000 33.16738085926045 870.8540773925924 281.3567271907621 999.2460000000428 200.77587890625 77902.40115462535 6195458.468780059 6500.0 128.0 285470.0#285470.0#6500_287258.0#287258.0#6500_289410.0#289410.0#6500_291192.0#291192.0#6500_293227.0#293227.0#6500 287205.0#287205.0#128_289195.0#289195.0#128_290698.0#290698.0#128_293195.0#293195.0#128
