ts te idle avg_span std_span max_span min_span c_ack_cnt c_ack_cnt_p c_bytes_all c_bytes_uniq s_ack_cnt s_ack_cnt_p s_bytes_all s_bytes_uniq avg_video_rate avg_audio_rate video_requests_sequence audio_requests_sequence
0 6000 6000.0 0.0 0.0 0.0 0.0 0.0 0.0 0.0 0.0 0.0 0.0 0.0 0.0 0.0 0.0 - -
6000 12000 6000.0 0.0 0.0 0.0 0.0 0.0 0.0 0.0 0.0 0.0 0.0 0.0 0.0 0.0 0.0 - -
12000 18000 1029.9519746094084 568.4312893229124 332.685483375743 999.8229999999894 65.26499999999214 244.68541084010664 221.29472204285267 19911.310633949754 19911.310633949754 384.9865172510947 27.390688797253944 531499.2398115942 462406.23453791486 692.0 128.0 13090.0#13090.0#1500_13091.0#13091.0#1500_14090.0#14090.0#288_14092.0#14092.0#288_16443.0#16443.0#288_17451.0#17451.0#288 13089.0#13089.0#128_13090.0#13090.0#128_14086.0#14086.0#128_16590.0#16590.0#128_17459.0#17459.0#128
18000 24000 1231.1979335937576 669.4462161458329 297.23999472709795 996.9619999999995 115.20899999999529 146.93133555662482 138.90621008455128 6683.489320224728 6683.489320224728 172.1970307413802 8.025125472073546 257573.65140180406 242408.6110561032 288.0 128.0 17451.0#17451.0#288_18067.0#18067.0#288_21749.0#21749.0#288_23955.0#23955.0#288 18104.0#18104.0#128_22091.0#22091.0#128_23963.0#23963.0#128
24000 30000 595.3199296875027 667.2595369466131 338.34496952733986 988.7769999999946 7.080999999998312 201.88340084344622 188.97881100699522 10784.999696732342 10784.999696732342 258.30998417756825 12.845665660681528 488079.42185533687 478040.4674747172 288.0 128.0 23955.0#23955.0#288_27258.0#27258.0#288_28041.0#28041.0#288_28543.0#28543.0#288_29275.0#29275.0#288_29846.0#29846.0#288 23963.0#23963.0#128_27280.0#27280.0#128_28052.0#28052.0#128_28552.0#28552.0#128_29288.0#29288.0#128_29867.0#29867.0#128
30000 36000 2412.196310546875 420.24987002840896 327.23130485970313 993.1840000000011 58.55672460937785 64.23408974269165 58.55449384847014 4712.200349093177 4712.200349093177 84.24070481282621 5.738520069990984 154864.61870728186 144036.6869312648 288.0 128.0 29846.0#29846.0#288_30464.0#30464.0#288 29867.0#29867.0#128_30481.0#30481.0#128
36000 42000 1428.5038808594109 568.4886710611954 347.07393924543646 999.6789999999964 77.53899999999703 250.26576301713067 235.26576301713067 12130.0 12130.0 333.26576301713067 15.0 479194.06822398293 469022.0 288.0 128.0 30464.0#30464.0#288_38568.0#38568.0#288_38922.0#38922.0#288_39598.0#39598.0#288_40199.0#40199.0#288_40819.0#40819.0#288 38982.0#38982.0#128_39605.0#39605.0#128_40215.0#40215.0#128_40830.0#40830.0#128
42000 48000 677.4769472656335 667.230083333332 255.8175967465383 997.2660000000033 213.3579999999929 275.0 260.0 12546.0 12546.0 419.0 15.0 605434.0 596415.0 288.0 128.0 40819.0#40819.0#288_42659.0#42659.0#288_44260.0#44260.0#288_44840.0#44840.0#288_45488.0#45488.0#288_46034.0#46034.0#288_47102.0#47102.0#288 43094.0#43094.0#128_44271.0#44271.0#128_44898.0#44898.0#128_45533.0#45533.0#128_46067.0#46067.0#128_47099.0#47099.0#128
48000 54000 2656.929320312498 573.9853333333319 370.6945200505407 997.4180000000051 53.9149999999936 291.0 278.0 11142.0 10469.0 332.0 14.0 469921.0 437935.0 480.0 128.0 49110.0#49110.0#480_49113.0#49113.0#480_50605.0#50605.0#480_52613.0#52613.0#480 49106.0#49106.0#128_50604.0#50604.0#128_52606.0#52606.0#128
54000 60000 200.66044531250373 674.50293795072 340.28196369100806 999.775999999998 78.5399999999936 361.163217655505 349.0592075018959 9252.619298104973 8432.619298104973 500.13010401284174 11.71393100729724 695759.2385531014 635519.2584166928 840.0 128.0 54609.0#54609.0#840_54612.0#54612.0#840_56604.0#56604.0#840_58606.0#58606.0#840 54607.0#54607.0#128_56600.0#56600.0#128_58600.0#58600.0#128
60000 66000 450.0627578124986 761.8665112680308 261.9064086676191 999.8290000000125 278.6389999999956 357.840660625333 347.9632451875481 8206.778198665932 7386.778198665932 522.1436986977701 10.267494584096696 719234.2944542272 679476.8555624066 840.0 128.0 60608.0#60608.0#840_62094.0#62094.0#840_64598.0#64598.0#840 60606.0#60606.0#128_62594.0#62594.0#128_65074.0#65074.0#128
66000 72000 0.0 765.8303431490383 359.9387199089961 998.5369999999966 17.954097656256636 365.2848464739617 354.3782578544772 9105.42245457785 9105.42245457785 566.8793199487836 10.90658861948449 776456.4806379166 761492.8996661458 840.0 128.0 64598.0#64598.0#840_66042.0#66042.0#840_68006.0#68006.0#840_70109.0#70109.0#840_71643.0#71643.0#840 65074.0#65074.0#128_66350.0#66350.0#128_68003.0#68003.0#128_70105.0#70105.0#128_71656.0#71656.0#128
72000 78000 68.92126367185847 844.6230861150569 279.96395156210514 998.6589999999997 111.87469921876618 313.1121161177511 304.3320273313412 7318.0546693707165 7318.0546693707165 529.9589111290929 8.780088786409888 733896.522051046 731096.522051046 840.0 128.0 71643.0#71643.0#840_74105.0#74105.0#840_76101.0#76101.0#840_77529.0#77529.0#840 74100.0#74100.0#128_76099.0#76099.0#128_77542.0#77542.0#128
78000 84000 462.2331230468553 612.6962746093762 335.7635106229888 999.849000000002 175.03600000000733 340.1658330503577 331.4345531972218 7277.006356487306 7277.006356487306 517.0243998052073 8.731279853135916 710499.7433160708 699299.7433160708 840.0 128.0 77529.0#77529.0#840_79600.0#79600.0#840_81608.0#81608.0#840_83602.0#83602.0#840 79598.0#79598.0#128_81605.0#81605.0#128_83600.0#83600.0#128
84000 90000 20.515251953198458 734.5172189670071 336.98057446894035 997.3249999999971 170.85199999999895 337.17399331068333 327.67077121233734 7926.209784708975 7926.209784708975 581.5657404636495 9.503222098345987 801215.1177396432 789662.1177396432 840.0 128.0 83602.0#83602.0#840_85603.0#85603.0#840_87160.0#87160.0#840_89101.0#89101.0#840 85600.0#85600.0#128_87155.0#87155.0#128_89098.0#89098.0#128
90000 96000 120.10303125002247 508.0082271634646 443.83863504632234 997.6260000000038 22.59900000001653 282.80186161447847 273.80743771705863 7498.31049773004 7498.31049773004 484.79476825403515 8.994423897419786 670073.1628685935 670073.1628685935 840.0 128.0 89101.0#89101.0#840_91095.0#91095.0#840_93101.0#93101.0#840_95104.0#95104.0#840 91091.0#91091.0#128_93098.0#93098.0#128_95101.0#95101.0#128
96000 102000 46.453718749966356 645.0299282226612 383.4284695796667 996.7920000000013 45.679999999993015 329.5573322035787 319.05793744078125 8742.594571903675 7922.594571903675 524.9456964840679 10.102971153809996 726991.1219460468 710191.1219460468 840.0 128.0 95104.0#95104.0#840_97097.0#97097.0#840_98606.0#98606.0#840_100603.0#100603.0#840 97093.0#97093.0#128_98601.0#98601.0#128_100600.0#100600.0#128
102000 108000 14.024988281264086 790.5801011718722 235.57900978638168 999.9839999999822 395.570068359375 343.61975345746623 334.619830952403 7502.934904253111 7502.934904253111 531.8988990293627 9.0 735389.3539020581 726989.3539020581 840.0 128.0 100603.0#100603.0#840_102601.0#102601.0#840_104600.0#104600.0#840_106601.0#106601.0#840 102599.0#102599.0#128_104597.0#104597.0#128_106599.0#106599.0#128
108000 114000 1173.6186816406553 637.3307242187468 278.33040094888247 997.7309999999998 257.74199999999837 310.03854981668627 300.9675758169001 7562.618159820399 7562.618159820399 508.6976690054018 9.46732011383688 696673.5566998554 696673.5566998554 840.0 128.0 108604.0#108604.0#840_110100.0#110100.0#840_112604.0#112604.0#840 108601.0#108601.0#128_110098.0#110098.0#128_112602.0#112602.0#128
114000 120000 705.9888574218494 785.8987369791648 282.64366968488366 999.7790000000095 279.52799999999115 320.3067782213472 309.2218105127497 9235.265363460647 8415.265363460647 514.4734478945015 10.192479469849367 716676.6616295401 715276.6616295401 840.0 128.0 114091.0#114091.0#840_116096.0#116096.0#840_118103.0#118103.0#840 114090.0#114090.0#128_116093.0#116093.0#128_118098.0#118098.0#128
120000 126000 0.45904882813920267 790.4032315204319 338.82681480432285 998.0679999999993 104.93792968749767 359.413428244073 350.1165996610023 7731.443521540645 6911.443521540645 545.1204175261939 10.189316821818839 747346.0337948852 665223.9115048918 840.0 128.0 120104.0#120104.0#840_122112.0#122112.0#840_124658.0#124658.0#840 120101.0#120101.0#128_122110.0#122110.0#128_124096.0#124096.0#128_125596.0#125596.0#128
126000 132000 453.6068242187612 643.0816048677908 331.2453384336006 997.5080000000016 120.28109179687453 387.0271980997435 376.4825789969301 8801.873781871509 7960.87378187151 613.796395272256 10.544619102813321 850860.4263627371 791582.5486527303 840.0 128.0 124658.0#124658.0#840_126316.0#126316.0#840_127467.0#127467.0#840_129596.0#129596.0#840_131605.0#131605.0#840 125596.0#125596.0#128_127390.0#127390.0#128_129593.0#129593.0#128_131601.0#131601.0#128
132000 138000 52.39389648436918 810.9025655381944 249.62912695780267 998.4590000000026 227.3990000000049 310.397536624282 300.8772969793991 7940.52154134652 7940.52154134652 558.7099732565707 9.520239644882903 771780.5031359075 765937.5031359075 840.0 128.0 131605.0#131605.0#840_133230.0#133230.0#840_135095.0#135095.0#840_137090.0#137090.0#840 133226.0#133226.0#128_135092.0#135092.0#128_137591.0#137591.0#128
138000 144000 87.1583554687968 511.57667578124585 446.47607901906395 998.6719999999914 7.60999999998603 330.7011414405823 321.71503794645344 7491.313038562375 7491.313038562375 499.1689744845938 8.986103494128866 689413.4541721691 679613.4541721691 840.0 128.0 137090.0#137090.0#840_139095.0#139095.0#840_141096.0#141096.0#840_143102.0#143102.0#840 139093.0#139093.0#128_141092.0#141092.0#128_143097.0#143097.0#128
144000 150000 81.60011523438152 533.672848557693 440.2166370061358 998.1810000000114 22.49100000000908 320.2759558737473 310.7808264078944 7919.0086726691015 7919.0086726691015 532.7334524707126 9.099921352669824 725872.6209707442 725872.6209707442 840.0 128.0 143102.0#143102.0#840_145104.0#145104.0#840_147094.0#147094.0#840_148605.0#148605.0#840 145100.0#145100.0#128_147092.0#147092.0#128_148604.0#148604.0#128
150000 156000 25.335671874985565 770.7984328124992 245.2271009924466 999.6639999999898 393.34326171875 314.4734297303796 305.47042120664133 7505.527159940197 7505.527159940197 510.49749792028626 9.0 701476.58825242 701476.58825242 840.0 128.0 150600.0#150600.0#840_152599.0#152599.0#840_154605.0#154605.0#840 150596.0#150596.0#128_152595.0#152595.0#128_154599.0#154599.0#128
156000 162000 714.9825488281203 696.973881640617 269.20651953299694 998.9679999999935 299.19700000001467 324.05806081832566 314.55602325137136 7924.71155624161 7924.71155624161 503.0718193152031 9.0 693278.2657031368 685576.4862760069 840.0 128.0 156596.0#156596.0#840_158604.0#158604.0#840_160105.0#160105.0#840 156593.0#156593.0#128_158599.0#158599.0#128_160101.0#160101.0#128
162000 168000 19.791800781269558 857.1406024639325 258.4007512753318 996.3979999999574 98.95092187498813 335.7223515128744 325.0803687869891 8863.142514291301 8043.142514291301 530.107961296761 11.542236929761067 728022.6662591767 718924.4456863066 840.0 128.0 162100.0#162100.0#840_164099.0#164099.0#840_166104.0#166104.0#840 162098.0#162098.0#128_164095.0#164095.0#128_166101.0#166101.0#128
168000 174000 31.36197656247532 644.8554181315121 371.09781541881296 999.119000000006 119.35911328124348 302.1894530144968 293.8725584755393 6928.314388176731 6928.314388176731 483.2947740137385 8.316894538957524 663883.8918879605 657672.7556631364 840.0 128.0 168095.0#168095.0#840_170106.0#170106.0#840_171600.0#171600.0#840 168093.0#168093.0#128_170102.0#170102.0#128_171596.0#171596.0#128
174000 180000 112.6989414061245 707.9921063565442 341.3541502396986 998.8239999999932 140.14207226558938 351.73654165103846 342.1983138828383 7955.508684525019 7955.508684525019 557.9272849370036 9.538227768200121 777366.2858996971 758377.4221245213 840.0 128.0 174102.0#174102.0#840_175504.0#175504.0#840_177604.0#177604.0#840_179602.0#179602.0#840 174100.0#174100.0#128_175512.0#175512.0#128_177600.0#177600.0#128_179598.0#179598.0#128
180000 186000 147.28117773431586 754.5282437066037 274.327639113324 998.1820000000007 251.4869999999937 332.8584152021539 323.4852752327771 7816.81071424591 7816.81071424591 549.9777011248398 9.373139969376826 765947.4786430893 757547.4786430893 840.0 128.0 179602.0#179602.0#840_181178.0#181178.0#840_183090.0#183090.0#840_185217.0#185217.0#840 181172.0#181172.0#128_183589.0#183589.0#128_185215.0#185215.0#128
186000 192000 87.8835351561138 556.2117285156322 423.81717174506906 999.743999999977 22.614999999990687 292.42835266026407 283.2980306837682 7612.600782233019 7612.600782233019 505.6755296781374 9.13032197649586 705670.8912053003 705670.8912053003 840.0 128.0 185217.0#185217.0#840_187099.0#187099.0#840_189095.0#189095.0#840_191100.0#191100.0#840 187096.0#187096.0#128_189093.0#189093.0#128_191096.0#191096.0#128
192000 198000 25.378660156275146 693.3239964192713 348.88958426178624 998.8070000000007 98.88296679686755 364.2038265832724 355.10464776606386 7586.409385272434 7586.409385272434 534.7256532623248 9.099178817208601 736925.1227219041 724325.1227219041 840.0 128.0 191100.0#191100.0#840_192593.0#192593.0#840_195098.0#195098.0#840_196585.0#196585.0#840 193091.0#193091.0#128_195094.0#195094.0#128_196594.0#196594.0#128
198000 204000 549.1798417968967 733.6744815340949 369.174322188323 998.2770000000019 70.19100976563641 346.18361250846374 336.7942426480299 7830.070682764421 7830.070682764421 552.5822668088117 9.0 767671.1120537247 685071.1120537247 840.0 128.0 196585.0#196585.0#840_198599.0#198599.0#840_200604.0#200604.0#840_202610.0#202610.0#840 198597.0#198597.0#128_200599.0#200599.0#128_202605.0#202605.0#128
204000 210000 182.97824609372765 790.811003728693 217.73611711884686 999.6790000000037 370.59600000001956 352.0466143732718 341.66939596591095 8660.733936459357 8660.733936459357 539.4629607579592 9.870474276297383 741876.9110644271 692876.9110644271 840.0 128.0 204601.0#204601.0#840_206867.0#206867.0#840_208100.0#208100.0#840 204599.0#204599.0#128_206595.0#206595.0#128_208090.0#208090.0#128
210000 216000 0.0 789.9451316731793 332.9920304902939 991.8830000000016 103.55274218748673 307.6538432910328 298.8599820527203 7329.868303746647 7329.868303746647 487.8438261532724 8.794637389366928 672544.0855533523 671290.6125767323 840.0 128.0 210103.0#210103.0#840_212103.0#212103.0#840_214104.0#214104.0#840 210102.0#210102.0#128_212100.0#212100.0#128_214099.0#214099.0#128
216000 222000 79.84282031253679 621.039014423069 399.3597538413419 997.7300000000396 0.0 305.8988495898938 297.3528469134756 7121.641943272068 7121.641943272068 554.9877878740231 8.441340516860974 762053.1298844116 757706.6028610315 840.0 128.0 216101.0#216101.0#840_217980.0#217980.0#840_219625.0#219625.0#840_221821.0#221821.0#840 216099.0#216099.0#128_217977.0#217977.0#128_219594.0#219594.0#128_221819.0#221819.0#128
222000 228000 23.418124999967404 661.6933194987045 400.4516829607594 999.6700000000419 0.0 280.32592703041587 270.43237921294116 8253.685133757508 8253.685133757508 512.165282049727 9.261116120766442 708033.5679840548 708033.5679840548 840.0 128.0 221821.0#221821.0#840_223598.0#223598.0#840_225606.0#225606.0#840_227601.0#227601.0#840 221819.0#221819.0#128_223597.0#223597.0#128_225599.0#225599.0#128_227598.0#227598.0#128
228000 234000 477.5308164062153 720.0346749131988 289.23723793447664 994.1760000000068 166.54699999999139 309.0099559579446 300.10514458734804 7422.946362671666 7422.946362671666 573.1670378384871 9.537243067304784 795651.6617246651 795651.6617246651 840.0 128.0 227601.0#227601.0#840_229207.0#229207.0#840_231595.0#231595.0#840_233101.0#233101.0#840 229213.0#229213.0#128_231593.0#231593.0#128_233098.0#233098.0#128
234000 240000 105.83115039070253 507.7610187800467 446.6816360089072 998.2150000000256 19.195999999996275 308.4226163404318 299.42928886458276 7497.3884071889615 7497.3884071889615 502.24741080783826 8.993327475848943 700551.7695159973 700551.7695159973 840.0 128.0 233101.0#233101.0#840_235093.0#235093.0#840_237106.0#237106.0#840_239104.0#239104.0#840 235091.0#235091.0#128_237103.0#237103.0#128_239100.0#239100.0#128
240000 246000 263.1282246094197 651.8940457589217 375.04867347000936 998.4629999999888 0.0 385.55785036276365 376.5515266474841 7508.318244550099 7508.318244550099 546.5231453397455 9.006323715279546 750004.50426345 666628.50426345 840.0 128.0 239104.0#239104.0#840_240596.0#240596.0#840_242897.0#242897.0#840_245097.0#245097.0#840 241090.0#241090.0#128_243175.0#243175.0#128_245095.0#245095.0#128
246000 252000 46.46575195307378 712.5866544744403 369.35403155313287 998.6520000000019 73.0910000000149 323.2990923105326 313.8111610611324 7912.95778693447 7912.95778693447 535.332856931555 9.095537438274999 728665.0623827524 721718.3057048757 840.0 128.0 245097.0#245097.0#840_246595.0#246595.0#840_248602.0#248602.0#840_250607.0#250607.0#840 246593.0#246593.0#128_248598.0#248598.0#128_250602.0#250602.0#128
252000 258000 13.528025390638504 751.4402021484333 269.9193319663322 997.1919999999809 205.96299999998882 314.5712933812908 305.0590606867075 7933.275463450026 7933.275463450026 504.64776987788014 9.0 686069.9816648063 681816.7383426828 840.0 128.0 252600.0#252600.0#840_254595.0#254595.0#840_256100.0#256100.0#840 252598.0#252598.0#128_254592.0#254592.0#128_256097.0#256097.0#128
258000 264000 135.10590039065573 811.8051619466132 308.63234040339256 993.945000000007 94.24389062501723 318.09505060670836 309.3353434871837 7301.153980400724 7301.153980400724 494.66357328296317 9.664333625233269 680366.1253940741 670566.1253940741 840.0 128.0 258097.0#258097.0#840_260098.0#260098.0#840_262101.0#262101.0#840 258094.0#258094.0#128_260096.0#260096.0#128_262098.0#262098.0#128
264000 270000 852.0383671875461 769.0499941406306 332.4194623469278 998.3979999999865 118.06100000004517 282.3846602448681 274.04899387010136 6944.959754804055 6944.959754804055 488.05599299440155 8.335666374766731 679286.6057070573 679286.6057070573 840.0 128.0 264101.0#264101.0#840_265654.0#265654.0#840_267592.0#267592.0#840 264097.0#264097.0#128_265665.0#265665.0#128_267591.0#267591.0#128
270000 276000 554.926257812418 826.0144103515719 251.51792734578112 999.6199999999953 356.0009999999893 353.69840201938507 343.28980888111977 8686.626829281082 8686.626829281082 575.6225834535659 10.408593138265259 792459.7080157063 789659.7080157063 840.0 128.0 270099.0#270099.0#840_271670.0#271670.0#840_273592.0#273592.0#840_275592.0#275592.0#840 270097.0#270097.0#128_271594.0#271594.0#128_273590.0#273590.0#128_275591.0#275591.0#128
276000 282000 109.31307226570789 628.6449873934563 330.3020499641795 999.1819999999716 122.31699999998091 364.15437063860605 354.56296377687136 8000.373170718917 8000.373170718917 580.2665182371378 9.59140686173474 813058.51618476 770688.51618476 840.0 128.0 275592.0#275592.0#840_277106.0#277106.0#840_279597.0#279597.0#840_281278.0#281278.0#840 277103.0#277103.0#128_279594.0#279594.0#128_281091.0#281091.0#128
282000 288000 696.2663789062062 533.7455963541724 400.2124463627584 999.7619999999879 23.022999999986496 319.85469787800463 310.9522553658229 7420.954152744829 7420.954152744829 484.30629928383416 8.902442512181722 661531.3371638868 654531.3371638868 840.0 128.0 281278.0#281278.0#840_283100.0#283100.0#840_285104.0#285104.0#840_287097.0#287097.0#840 283096.0#283096.0#128_285100.0#285100.0#128_287095.0#287095.0#128
288000 294000 90.76986523432424 537.0371518930277 437.73736388751337 999.6819999999716 31.40799999999581 325.36644923258075 315.87339461017046 7917.263440312468 7917.263440312468 528.8334901399589 9.097557487818278 734187.3308879797 734187.3308879797 840.0 128.0 287097.0#287097.0#840_289098.0#289098.0#840_291099.0#291099.0#840_292600.0#292600.0#840 289096.0#289096.0#128_291097.0#291097.0#128_292596.0#292596.0#128
294000 300000 66.47609570308123 767.0109904296929 250.79530172154756 999.5250000000233 356.81199999997625 321.9260802314234 313.32157736601545 7170.782406942702 7170.782406942702 514.9711088855032 9.0 710329.1077476674 710329.1077476674 840.0 128.0 292600.0#292600.0#840_294600.0#294600.0#840_296594.0#296594.0#840_298594.0#298594.0#840 294598.0#294598.0#128_296593.0#296593.0#128_298591.0#298591.0#128
