ts te idle avg_span std_span max_span min_span c_ack_cnt c_ack_cnt_p c_bytes_all c_bytes_uniq s_ack_cnt s_ack_cnt_p s_bytes_all s_bytes_uniq avg_video_rate avg_audio_rate video_requests_sequence audio_requests_sequence
0.0 7000.0 7000.0 0.0 0.0 0.0 0.0 0.0 0.0 0.0 0.0 0.0 0.0 0.0 0.0 0.0 0.0 - -
7000.0 14000.0 5703.783693359375 221.51046623884082 351.00743215349615 999.8420000000006 11.093994140628638 464.24858440206935 450.97395399555694 12461.950029234526 12461.950029234526 531.2385981046214 13.27463040651242 798951.5568267587 770788.4085530462 3000.0 128.0 12748.0#12748.0#3000_12755.0#12755.0#3000_13963.0#13963.0#3000 12734.0#12734.0#128_12738.0#12738.0#128_13987.0#13987.0#128
14000.0 21000.0 117.52725390625346 719.5591788330082 343.32184663587253 999.4800000000032 30.514999999999418 2034.429048737617 2014.9984955423727 16272.875110523084 16272.875110523084 2681.1916992639217 18.430553195244414 5937910.383026354 5934605.531300067 3000.0 128.0 13963.0#13963.0#3000_14832.0#14832.0#3000_15859.0#15859.0#3000_16715.0#16715.0#3000_17784.0#17784.0#3000_18597.0#18597.0#3000_19506.0#19506.0#3000_20358.0#20358.0#3000 13987.0#13987.0#128_14919.0#14919.0#128_16090.0#16090.0#128_16885.0#16885.0#128_17991.0#17991.0#128_18734.0#18734.0#128_19587.0#19587.0#128_20549.0#20549.0#128
21000.0 28000.0 47.32682421874779 639.5529859619128 325.82280509038304 999.898000000001 40.01900000000023 1798.4531890647663 1782.7587220493288 13097.680679919911 13097.680679919911 2357.251960625904 11.694467015437368 4957316.899854887 4925372.899854887 3700.0 128.0 20358.0#20358.0#3000_21219.0#21219.0#3000_22105.0#22105.0#3000_22904.0#22904.0#3000_24600.0#24600.0#4400_24605.0#24605.0#4400_26085.0#26085.0#4400_27599.0#27599.0#4400 21339.0#21339.0#128_22178.0#22178.0#128_22928.0#22928.0#128_24591.0#24591.0#128_24596.0#24596.0#128_26096.0#26096.0#128
28000.0 35000.0 619.7879316406179 615.5105760323661 429.4455161600732 999.9820000000036 33.521999999997206 1481.7756577529083 1469.0669334985812 10602.74582214362 10602.74582214362 1953.8449593720252 12.70872425432734 4214327.072078087 4214327.072078087 4400.0 128.0 27599.0#27599.0#4400_29602.0#29602.0#4400_31597.0#31597.0#4400_33160.0#33160.0#4400_34888.0#34888.0#4400 28091.0#28091.0#128_29600.0#29600.0#128_31595.0#31595.0#128_32922.0#32922.0#128_34876.0#34876.0#128
35000.0 42000.0 5.674203124995984 738.1028613281251 342.07118027140683 999.7010000000009 74.70300000000134 1486.5676575662596 1473.348613300093 11031.435272112536 11031.435272112536 1997.150141186294 13.219044266166907 4555125.54734998 4555125.54734998 5100.0 128.0 34888.0#34888.0#4400_36658.0#36658.0#4400_38246.0#38246.0#4400_40101.0#40101.0#4400_41669.0#41669.0#6500_41672.0#41672.0#6500 36654.0#36654.0#128_38600.0#38600.0#128_40095.0#40095.0#128_41666.0#41666.0#128_41667.0#41667.0#128
42000.0 49000.0 59.06493749999936 758.3321809430812 364.0152867145066 999.974000000002 51.044999999998254 1869.9855113893695 1859.850136231801 8456.43235112959 8456.43235112959 2421.7837071317003 10.135375157568495 5463678.142624717 5463678.142624717 6500.0 128.0 41672.0#41672.0#6500_43781.0#43781.0#6500_45748.0#45748.0#6500_47933.0#47933.0#6500 43589.0#43589.0#128_45932.0#45932.0#128_47592.0#47592.0#128
49000.0 56000.0 4.470375000004424 834.9378865792407 269.31246626160276 999.9309999999969 107.18700000000536 2020.0429600457637 2009.1352879366627 9093.813447406146 9093.813447406146 2559.2280729352988 10.907672109101025 5852127.561938115 5852127.561938115 6500.0 128.0 47933.0#47933.0#6500_49811.0#49811.0#6500_51730.0#51730.0#6500_53707.0#53707.0#6500_55629.0#55629.0#6500 49589.0#49589.0#128_51594.0#51594.0#128_53595.0#53595.0#128_55617.0#55617.0#128
56000.0 63000.0 190.48716015623359 671.8944238281266 377.9180176825828 999.823000000004 38.570000000006985 1983.133232388306 1972.8308755258738 8597.201892033589 8597.201892033589 2314.905593678129 9.302356862432196 5795587.15409283 5795587.15409283 6500.0 128.0 55629.0#55629.0#6500_57489.0#57489.0#6500_59498.0#59498.0#6500_61344.0#61344.0#6500 57092.0#57092.0#128_59604.0#59604.0#128_61100.0#61100.0#128_62918.0#62918.0#128
63000.0 70000.0 7.523634765617317 694.9010575420677 336.1328734472472 999.9980000000069 19.200927734375 2017.9725232774945 2006.6453465442848 9446.865395497 9446.865395497 2529.32093997732 11.327176733209832 5903462.009061806 5903462.009061806 6500.0 128.0 61344.0#61344.0#6500_63309.0#63309.0#6500_65184.0#65184.0#6500_67160.0#67160.0#6500_68979.0#68979.0#6500 62918.0#62918.0#128_64916.0#64916.0#128_66601.0#66601.0#128_68908.0#68908.0#128
70000.0 77000.0 8.170972656240338 550.591190185547 419.52141719769594 999.0280000000057 22.745999999999185 2038.1620365360031 2026.7247616634868 9534.185442658765 9534.185442658765 2828.227477610506 11.437274872516348 6005090.847190682 6005090.847190682 6500.0 128.0 68979.0#68979.0#6500_70840.0#70840.0#6500_72931.0#72931.0#6500_74733.0#74733.0#6500_76559.0#76559.0#6500 70590.0#70590.0#128_72589.0#72589.0#128_74586.0#74586.0#128_76617.0#76617.0#128
77000.0 84000.0 17.514089843738475 662.9988233309665 408.4558725261503 999.8539999999921 39.0679999999993 1741.6839804863098 1732.1212553588261 7979.814557341235 7979.814557341235 2131.147645249231 9.562725127483652 5108443.175404513 5108443.175404513 6500.0 128.0 76559.0#76559.0#6500_78902.0#78902.0#6500_80904.0#80904.0#6500_83092.0#83092.0#6500 78898.0#78898.0#128_80897.0#80897.0#128_82917.0#82917.0#128
84000.0 91000.0 20.59908398440166 706.2430206473188 337.12213113830217 999.1579999999958 130.3739999999816 2022.3961284992313 2010.2093472004522 9323.269853572187 9323.269853572187 2813.548215791616 11.18678129877932 5940761.174753843 5940761.174753843 6500.0 128.0 83092.0#83092.0#6500_85088.0#85088.0#6500_87062.0#87062.0#6500_89091.0#89091.0#6500_90812.0#90812.0#6500 84926.0#84926.0#128_86909.0#86909.0#128_88097.0#88097.0#128_90099.0#90099.0#128
91000.0 98000.0 2.048013671883382 700.0007334635399 364.67630091956954 999.4679999999935 108.76399999999558 1943.771686588528 1932.9584678873073 9030.730146427813 9030.730146427813 2044.8072965480253 10.81321870122068 5660248.189386563 5660248.189386563 6500.0 128.0 90812.0#90812.0#6500_92807.0#92807.0#6500_94778.0#94778.0#6500_96611.0#96611.0#6500 91593.0#91593.0#128_94092.0#94092.0#128_95590.0#95590.0#128_97591.0#97591.0#128
98000.0 105000.0 7.08717578118376 734.0074631911053 323.9219283988211 999.9440000000031 213.20500000000175 1865.1273522730517 1854.8743526846426 8539.724660437285 8539.724660437285 2518.9246002818627 10.25299958840883 5418583.8634647885 5418583.8634647885 6500.0 128.0 96611.0#96611.0#6500_98656.0#98656.0#6500_101082.0#101082.0#6500_103275.0#103275.0#6500 99597.0#99597.0#128_101322.0#101322.0#128_103095.0#103095.0#128
105000.0 112000.0 8.090025390614755 589.704539794925 422.984456470301 999.8420000000042 7.216000000000349 1931.5655170787809 1913.8185166671897 15271.275339562715 15271.275339562715 2487.214011024218 17.74700041159117 5230768.896097765 5230768.896097765 5187.5 128.0 103275.0#103275.0#6500_105030.0#105030.0#4400_105033.0#105033.0#4400_106171.0#106171.0#4400_107760.0#107760.0#4400_109331.0#109331.0#4400_110942.0#110942.0#6500_110944.0#110944.0#6500 106385.0#106385.0#128_106386.0#106386.0#128_107975.0#107975.0#128_109543.0#109543.0#128_110936.0#110936.0#128_110939.0#110939.0#128
112000.0 119000.0 8.773042968779919 651.1264000901451 391.55818318227875 999.7170000000042 120.14000000001397 1914.9756242268654 1904.5931955262222 8663.798250234482 8663.798250234482 2745.5750499294763 10.382428700643178 5592564.508397865 5592564.508397865 6500.0 128.0 110944.0#110944.0#6500_113100.0#113100.0#6500_115107.0#115107.0#6500_117197.0#117197.0#6500 112919.0#112919.0#128_114925.0#114925.0#128_116846.0#116846.0#128_118709.0#118709.0#128
119000.0 126000.0 2450.94860156253 458.2609789663424 351.99558605276974 999.5789999999979 14.230000000010477 1240.96115994017 1230.501315576545 8700.053833513055 8700.053833513055 1696.9472606218935 10.45984436362514 3675219.879970241 3660699.879970241 4820.0 128.0 117197.0#117197.0#6500_119069.0#119069.0#6500_121188.0#121188.0#6500_125606.0#125606.0#2300_125610.0#125610.0#2300 120595.0#120595.0#128_124376.0#124376.0#128_125848.0#125848.0#128_125854.0#125854.0#128
126000.0 133000.0 2150.537869140622 498.2573737792991 398.1381424943821 998.8040000000037 0.0 1231.6980986718686 1216.4211241745204 12734.554363133682 12734.554363133682 1762.6699281408025 13.27697449734833 3412554.5058886064 3260591.5058886064 3200.0 128.0 125610.0#125610.0#2300_126781.0#126781.0#2300_127140.0#127140.0#2300_128135.0#128135.0#2300_130104.0#130104.0#4400_130110.0#130110.0#4400_132880.0#132880.0#4400 127600.0#127600.0#128_128152.0#128152.0#128_130098.0#130098.0#128_130100.0#130100.0#128_132873.0#132873.0#128
133000.0 140000.0 35.557976562471595 665.9711484375002 401.992907992245 999.2170000000042 44.60599999999977 1521.8946811509365 1508.2233157174928 11412.289694959658 11412.289694959658 2071.0442890650393 13.671365433443775 4382605.936004508 4375345.936004508 5100.0 128.0 132880.0#132880.0#4400_134882.0#134882.0#4400_136889.0#136889.0#4400_138206.0#138206.0#4400_139699.0#139699.0#6500_139700.0#139700.0#6500 134877.0#134877.0#128_136886.0#136886.0#128_138090.0#138090.0#128_139710.0#139710.0#128_139711.0#139711.0#128
140000.0 147000.0 100.1798671874858 675.9187407226582 346.0368542387151 999.8030000000144 145.742919921875 2052.746690267897 2042.0863586235364 8881.69373746413 8881.69373746413 3092.632907330685 10.66033164436076 5957941.68148873 5957941.68148873 6500.0 128.0 139700.0#139700.0#6500_141568.0#141568.0#6500_143468.0#143468.0#6500_145468.0#145468.0#6500 141586.0#141586.0#128_143591.0#143591.0#128_145624.0#145624.0#128
147000.0 154000.0 522.0175917968736 659.1606035156271 303.42171439849574 999.8530000000028 79.35399999999208 1857.8419139574194 1847.2928585968405 8808.610120694995 8808.610120694995 2727.5424743811595 10.549055360578818 5372665.802255385 5372665.802255385 6500.0 128.0 145468.0#145468.0#6500_147525.0#147525.0#6500_149386.0#149386.0#6500_151515.0#151515.0#6500_153538.0#153538.0#6500 147545.0#147545.0#128_149593.0#149593.0#128_151595.0#151595.0#128_153091.0#153091.0#128
154000.0 161000.0 243.48384765625815 769.775801595053 284.61875714689995 999.9489999999932 219.125 2036.0633616130137 2026.3979043592137 8060.991349669226 8060.991349669226 3449.464198635474 9.665457253800032 6039991.314185271 6037401.314185271 6500.0 128.0 153538.0#153538.0#6500_155501.0#155501.0#6500_157352.0#157352.0#6500_159349.0#159349.0#6500 154910.0#154910.0#128_157107.0#157107.0#128_158945.0#158945.0#128_160921.0#160921.0#128
161000.0 168000.0 1071.349613281258 664.9265898437492 306.51079653050294 999.5340000000142 185.0849609375 1764.1518761499058 1753.6320700341435 8767.000407502303 8767.000407502303 2918.3727487657475 10.519806115762355 5224693.0557049215 5224693.0557049215 6500.0 128.0 159349.0#159349.0#6500_161244.0#161244.0#6500_163168.0#163168.0#6500_165689.0#165689.0#6500_167814.0#167814.0#6500 160921.0#160921.0#128_162918.0#162918.0#128_164928.0#164928.0#128_166913.0#166913.0#128
168000.0 175000.0 333.9671601562004 822.5377672776522 214.4196496028375 999.7790000000095 205.033935546875 1908.5119676493662 1896.6972310189285 9852.00824282847 9852.00824282847 3231.4231351452286 11.814736630437613 5774310.72747755 5774310.72747755 6500.0 128.0 167814.0#167814.0#6500_169594.0#169594.0#6500_171522.0#171522.0#6500_173479.0#173479.0#6500 168910.0#168910.0#128_170593.0#170593.0#128_172601.0#172601.0#128_174090.0#174090.0#128
175000.0 182000.0 7.568402343807975 864.7959954427157 155.707813395644 999.9490000000224 593.5410644531657 2190.87968482827 2181.129456847917 8137.691959457433 8137.691959457433 3289.859431486616 9.750227980353246 5847113.7380237365 5725415.7380237365 6500.0 128.0 173479.0#173479.0#6500_175511.0#175511.0#6500_177544.0#177544.0#6500_179299.0#179299.0#6500_181249.0#181249.0#6500 176592.0#176592.0#128_178089.0#178089.0#128_180092.0#180092.0#128
182000.0 189000.0 9.04377734370064 789.0404748698018 278.05654858425953 999.8380000000179 219.1040039062791 1977.5641721365112 1965.3144001168644 9376.308040542566 9376.308040542566 3218.804617964959 11.249772019646754 5749467.815679076 5748015.815679076 6500.0 128.0 181249.0#181249.0#6500_183383.0#183383.0#6500_185303.0#185303.0#6500_187180.0#187180.0#6500 182085.0#182085.0#128_184089.0#184089.0#128_186099.0#186099.0#128_188098.0#188098.0#128
189000.0 196000.0 9.169949218747206 651.0583074951246 349.68497558013553 999.9519999999902 61.79000000000815 1913.4613391712187 1896.085650955154 14927.329477926414 14927.329477926414 2703.4414898455852 16.375688216064624 5564181.744541269 5564178.744541269 5450.0 128.0 187180.0#187180.0#6500_189239.0#189239.0#6500_191233.0#191233.0#4400_191240.0#191240.0#4400_192820.0#192820.0#4400_194057.0#194057.0#4400_195619.0#195619.0#6500_195623.0#195623.0#6500 191488.0#191488.0#128_191495.0#191495.0#128_192903.0#192903.0#128_194092.0#194092.0#128_195583.0#195583.0#128_195586.0#195586.0#128
196000.0 203000.0 6.32331445303862 738.9805368089023 356.4379495097812 999.8459999999905 73.23600000006263 2028.9744105242419 2017.6692568309236 8599.492674498839 8599.492674498839 3272.155186256557 11.305153693318173 5969363.7447488895 5969354.7447488895 6500.0 128.0 195623.0#195623.0#6500_197274.0#197274.0#6500_199259.0#199259.0#6500_201322.0#201322.0#6500 197576.0#197576.0#128_199545.0#199545.0#128_201093.0#201093.0#128_202910.0#202910.0#128
203000.0 210000.0 14.928974609414581 568.3024134114618 400.3511329161659 999.3969999999972 2.131103515595896 1930.583599766521 1919.2644416759038 9440.177847574747 9440.177847574747 2856.367337072902 11.319158090617202 5664068.1013714345 5664068.1013714345 6500.0 128.0 201322.0#201322.0#6500_203164.0#203164.0#6500_205004.0#205004.0#6500_206965.0#206965.0#6500_208994.0#208994.0#6500 202910.0#202910.0#128_204917.0#204917.0#128_206909.0#206909.0#128_208924.0#208924.0#128
210000.0 217000.0 7.0654101562686265 535.6495534667993 433.1884415493645 999.9789999999921 4.7960000000020955 2051.4933411054653 2040.6849283784368 9005.875103431143 9005.875103431143 2734.5134447126557 10.808412727028706 5972546.563840717 5972546.563840717 6500.0 128.0 208994.0#208994.0#6500_210880.0#210880.0#6500_212842.0#212842.0#6500_214730.0#214730.0#6500_216771.0#216771.0#6500 210934.0#210934.0#128_212606.0#212606.0#128_214594.0#214594.0#128_216594.0#216594.0#128
217000.0 224000.0 463.2752343750035 675.8964531250028 380.15621899417835 999.9310000000405 78.6169433593459 1784.6245499804916 1774.4329627075206 8508.124896568857 8508.124896568857 2886.858231414274 10.191587272971294 5227501.00176051 5227501.00176051 6500.0 128.0 216771.0#216771.0#6500_218438.0#218438.0#6500_220361.0#220361.0#6500_222918.0#222918.0#6500 218636.0#218636.0#128_220626.0#220626.0#128_222911.0#222911.0#128
224000.0 231000.0 5.9423203124897555 665.3210241887047 398.4350698366997 999.9679999999935 37.094000000011874 1998.2347920473605 1988.5597656379437 8068.972025453652 8068.972025453652 2597.9453223533965 9.67502640941685 5785525.855830742 5785523.155725105 6500.0 128.0 222918.0#222918.0#6500_224967.0#224967.0#6500_226847.0#226847.0#6500_228899.0#228899.0#6500 224592.0#224592.0#128_226086.0#226086.0#128_228894.0#228894.0#128_230928.0#230928.0#128
231000.0 238000.0 9.436699218698777 714.0982910156331 358.6493436120667 999.8520000000426 160.1810000000405 1808.6806423056635 1797.3556687150804 9445.027974546349 9445.027974546349 2632.2956936619807 11.32497359058315 5365276.883458367 5365267.583564004 6500.0 128.0 231032.0#231032.0#6500_232885.0#232885.0#6500_234945.0#234945.0#6500_237007.0#237007.0#6500 232089.0#232089.0#128_234921.0#234921.0#128_235600.0#235600.0#128
238000.0 245000.0 465.0190839842835 715.2992196514589 326.8778905636295 999.9919999999984 93.20199999999022 1592.9199955049166 1579.089208671092 12047.245203736169 12047.245203736169 2365.879301519456 13.830786833824597 4745773.207243956 4731612.207243956 5240.0 128.0 237007.0#237007.0#6500_238965.0#238965.0#6500_240652.0#240652.0#4400_240654.0#240654.0#4400_242039.0#242039.0#4400 238106.0#238106.0#128_240909.0#240909.0#128_240913.0#240913.0#128_242093.0#242093.0#128
245000.0 252000.0 85.28994921868434 571.4887510986409 403.0551296232332 999.4319999999716 70.54200000001583 1898.2388454746447 1880.3608220725332 14486.709384698566 14486.709384698566 2885.453378541816 16.87802340211168 5137903.408383718 5137903.408383718 5100.0 128.0 245074.0#245074.0#4400_246302.0#246302.0#4400_247801.0#247801.0#4400_249077.0#249077.0#4400_251093.0#251093.0#6500_251096.0#251096.0#6500 245168.0#245168.0#128_246500.0#246500.0#128_248051.0#248051.0#128_249090.0#249090.0#128_251091.0#251091.0#128_251092.0#251092.0#128
252000.0 259000.0 12.477095703128725 540.6653589843811 436.4622855705963 999.9469999999856 15.941999999980908 2029.8892233564657 2019.3326500016306 8843.304563645499 8843.304563645499 3404.0884037527653 10.556573354834926 5845323.259843022 5845323.259843022 6500.0 128.0 251096.0#251096.0#6500_252941.0#252941.0#6500_254930.0#254930.0#6500_256886.0#256886.0#6500_258916.0#258916.0#6500 252916.0#252916.0#128_254956.0#254956.0#128_256883.0#256883.0#128_258903.0#258903.0#128
259000.0 266000.0 12.709851562511176 680.178549316411 388.4485768802551 999.8020000000251 72.21199999999953 1847.4153300926582 1836.6807136834293 8956.740847919764 8956.740847919764 2479.942482476957 10.734616409228797 5450990.701390074 5450990.701390074 6500.0 128.0 258916.0#258916.0#6500_261032.0#261032.0#6500_262984.0#262984.0#6500_264906.0#264906.0#6500 258903.0#258903.0#128_260929.0#260929.0#128_262980.0#262980.0#128_264597.0#264597.0#128
266000.0 273000.0 8.827798828075174 609.6622367788491 387.65401950388593 999.9110000000219 0.0 2015.004082992462 2003.8458344752166 9299.245251520526 9299.245251520526 3341.019430075824 10.158248517245282 5849827.908369163 5847176.908369163 6500.0 128.0 264906.0#264906.0#6500_266976.0#266976.0#6500_268916.0#268916.0#6500_270921.0#270921.0#6500_272839.0#272839.0#6500 266907.0#266907.0#128_268912.0#268912.0#128_270917.0#270917.0#128_272598.0#272598.0#128
273000.0 280000.0 7.610111328132916 780.4498261718885 343.46656272767854 999.2820000000065 59.161000000021886 2050.0486394596883 2040.2068879769338 8214.754748479474 8214.754748479474 2834.3689327417037 9.84175148275472 6007373.738327142 6007373.738327142 6500.0 128.0 272839.0#272839.0#6500_274849.0#274849.0#6500_276717.0#276717.0#6500_278493.0#278493.0#6500 274089.0#274089.0#128_276090.0#276090.0#128_278091.0#278091.0#128
280000.0 287000.0 16.683134765655268 695.3338106863874 379.7151337888999 999.5009999999893 93.78511718747905 2000.5604702191233 1989.0817382873622 9585.347503361865 9585.347503361865 2661.454546932263 11.478731931761283 5838583.120237448 5838583.120237448 6500.0 128.0 278493.0#278493.0#6500_280446.0#280446.0#6500_282020.0#282020.0#6500_284011.0#284011.0#6500_285779.0#285779.0#6500 280090.0#280090.0#128_281591.0#281591.0#128_283595.0#283595.0#128_285903.0#285903.0#128
287000.0 294000.0 259.2750136718387 910.629980631517 101.4795890287425 999.6369999999879 719.9127304687281 1946.266441320396 1934.7451732521577 9610.652496638137 9610.652496638137 2601.095858394109 11.521268068238717 5729270.32242597 5729270.32242597 6500.0 128.0 285779.0#285779.0#6500_288014.0#288014.0#6500_289865.0#289865.0#6500_291461.0#291461.0#6500_293695.0#293695.0#6500 287588.0#287588.0#128_289586.0#289586.0#128_291611.0#291611.0#128_293694.0#293694.0#128
