ts te idle avg_span std_span max_span min_span c_bytes_all s_bytes_all avg_video_rate avg_audio_rate video_requests_sequence audio_requests_sequence
0.0 4000.0 4000.0 0.0 0.0 0.0 0.0 0.0 0.0 0.0 0.0 - -
4000.0 8000.0 4000.0 0.0 0.0 0.0 0.0 0.0 0.0 0.0 0.0 - -
8000.0 12000.0 854.7839570312644 786.3040107421839 416.7861673117715 999.3040000000037 161.14404296875 30322.502043932574 1153638.332456026 480.0 128.0 9207.0#9207.0#480_9209.0#9209.0#480_9995.0#9995.0#480_10381.0#10381.0#480_10980.0#10980.0#480_11438.0#11438.0#480 9202.0#9202.0#128_9204.0#9204.0#128_9714.0#9714.0#128_10019.0#10019.0#128_10512.0#10512.0#128_10987.0#10987.0#128_11535.0#11535.0#128
12000.0 16000.0 1149.1687890624744 712.7078027343814 314.35910657043166 993.3719999999739 265.1049999999814 26439.29220025441 965482.0965184105 771.4285714285714 128.0 11438.0#11438.0#480_12035.0#12035.0#480_12497.0#12497.0#480_13094.0#13094.0#480_13538.0#13538.0#480_15454.0#15454.0#1500_15456.0#15456.0#1500 12040.0#12040.0#128_12594.0#12594.0#128_13597.0#13597.0#128_15451.0#15451.0#128_15453.0#15453.0#128
16000.0 20000.0 983.8773457031348 603.2245308593731 365.4285496888412 998.4569999999949 244.9007460937719 21202.15360933221 859997.8774041929 1500.0 128.0 15456.0#15456.0#1500_17611.0#17611.0#1500_19359.0#19359.0#1500 17609.0#17609.0#128_19357.0#19357.0#128
20000.0 24000.0 1830.1996484374977 542.4500878906256 335.1819452674418 995.6149999999907 210.00699999998324 16843.143728936648 764824.7186754391 1500.0 128.0 19359.0#19359.0#1500_21099.0#21099.0#1500_23603.0#23603.0#1500 21097.0#21097.0#128_23600.0#23600.0#128
24000.0 28000.0 820.8951464843703 794.7762133789074 183.31625594734274 993.6379999999772 594.8817402343848 22489.379281016794 1039942.7273244881 1500.0 128.0 23603.0#23603.0#1500_25104.0#25104.0#1500_27102.0#27102.0#1500 25102.0#25102.0#128_27100.0#27100.0#128
28000.0 32000.0 18.850800781219732 796.229839843756 392.70217983699916 999.7210000000196 98.76888671872439 19117.06327441614 802780.1772673728 1900.0 128.0 27102.0#27102.0#1500_29108.0#29108.0#1500_31114.0#31114.0#2300_31117.0#31117.0#2300 29104.0#29104.0#128_31102.0#31102.0#128_31109.0#31109.0#128
32000.0 36000.0 21.58037890616106 795.6839242187677 389.68962592463663 999.722000000067 104.45768749999115 29762.76721565445 1442794.7706012875 2300.0 128.0 31117.0#31117.0#2300_32796.0#32796.0#2300_34523.0#34523.0#2300 33098.0#33098.0#128_34597.0#34597.0#128
36000.0 40000.0 18.32602343749022 796.3347953125019 382.85109291960225 999.9340000000084 118.60606640623882 24547.99301865306 1197772.1358019467 2300.0 128.0 34523.0#34523.0#2300_36602.0#36602.0#2300_38601.0#38601.0#2300 36599.0#36599.0#128_38599.0#38599.0#128
40000.0 44000.0 22.58999414072605 795.4820011718548 378.55349631516026 998.7559999998775 126.54908984375652 28083.348694621505 1282089.9526250658 2300.0 128.0 38601.0#38601.0#2300_40600.0#40600.0#2300_42335.0#42335.0#2300 40599.0#40599.0#128_42602.0#42602.0#128
44000.0 48000.0 531.6506542969146 693.669869140617 426.5673258641227 996.939000000013 92.89208398439223 25391.311510018884 1200422.1901053975 2300.0 128.0 42335.0#42335.0#2300_44603.0#44603.0#2300_46308.0#46308.0#2300 44602.0#44602.0#128_46094.0#46094.0#128
48000.0 52000.0 53.820263671921566 789.2359472656157 299.8156980632537 999.9270000000251 351.197998046875 27276.924569104467 1322580.4308204458 2300.0 128.0 46308.0#46308.0#2300_48598.0#48598.0#2300_50239.0#50239.0#2300_51895.0#51895.0#2300 48597.0#48597.0#128_50095.0#50095.0#128
52000.0 56000.0 110.0390996094211 777.9921800781158 322.39906341021475 994.5 266.1708984375 28223.775957582762 1308293.6740137537 2300.0 128.0 51895.0#51895.0#2300_53753.0#53753.0#2300_55602.0#55602.0#2300 52096.0#52096.0#128_54094.0#54094.0#128_55600.0#55600.0#128
56000.0 60000.0 713.2849472657545 821.6787631835614 150.30346822034508 998.6479999999283 666.8299999999581 24371.556661615847 1210534.0478678076 2300.0 128.0 55602.0#55602.0#2300_58106.0#58106.0#2300_59716.0#59716.0#2300 58103.0#58103.0#128_59597.0#59597.0#128
60000.0 64000.0 203.28202734375373 759.3435945312492 375.45603687410915 998.9349999999977 111.06304882810218 26834.411575201895 1349817.2255845997 2300.0 128.0 59716.0#59716.0#2300_61417.0#61417.0#2300_63365.0#63365.0#2300 61533.0#61533.0#128_63363.0#63363.0#128
64000.0 68000.0 621.7018437500228 675.6596312499954 348.7253623014566 997.1620000000112 237.44607617188012 25384.364978021174 1177645.0811260128 2300.0 128.0 63365.0#63365.0#2300_65603.0#65603.0#2300_67359.0#67359.0#2300 65601.0#65601.0#128_67451.0#67451.0#128
68000.0 72000.0 27.209962890541647 794.5580074218917 290.5263365656299 999.7839999999851 374.6201171875 28503.028342145946 1346368.5695824246 2300.0 128.0 67359.0#67359.0#2300_69122.0#69122.0#2300_71104.0#71104.0#2300 69600.0#69600.0#128_71099.0#71099.0#128
72000.0 76000.0 27.746804687485565 794.4506390625029 291.09406413140454 997.7480000000214 362.4453125 24089.245062943806 1073338.7691113658 2300.0 128.0 71104.0#71104.0#2300_72078.0#72078.0#2300_72081.0#72081.0#2300_73103.0#73103.0#2300_75101.0#75101.0#2300 72095.0#72095.0#128_72096.0#72096.0#128_73101.0#73101.0#128_75099.0#75099.0#128
76000.0 80000.0 22.478066406270955 795.5043867187458 292.97588490895595 997.0200000000186 352.9272460936918 29885.51698409835 1441946.7241249436 2300.0 128.0 75101.0#75101.0#2300_77186.0#77186.0#2300_78807.0#78807.0#2300 77103.0#77103.0#128_78849.0#78849.0#128
80000.0 84000.0 805.6752753905603 798.5811811523599 145.79099420191685 995.9190000000526 646.0957539062365 22734.97236082862 1097260.653549777 2300.0 128.0 78807.0#78807.0#2300_80680.0#80680.0#2300_83458.0#83458.0#2300 80601.0#80601.0#128_83455.0#83455.0#128
84000.0 88000.0 22.594999999913853 795.4810000000173 331.63289741041126 999.219000000041 235.12802929687314 31421.110988733977 1463887.004454277 2300.0 128.0 83458.0#83458.0#2300_85360.0#85360.0#2300_87019.0#87019.0#2300 84597.0#84597.0#128_86597.0#86597.0#128
88000.0 92000.0 21.655689453182276 795.6688621093635 324.5633991987834 998.0549999999348 249.30002929689363 37389.420473568134 1385044.2600301614 2300.0 128.0 87019.0#87019.0#2300_88469.0#88469.0#2300_90254.0#90254.0#2300 88603.0#88603.0#128_90262.0#90262.0#128
92000.0 96000.0 731.4999628906371 653.7000074218726 341.7842533219302 998.9339999999502 255.79271875001723 26139.254543175368 1147575.642725328 2300.0 128.0 92097.0#92097.0#2300_94604.0#94604.0#2300 92096.0#92096.0#128_94603.0#94603.0#128
96000.0 100000.0 17.294341796892695 796.5411316406214 287.48686539677243 999.0610000000452 378.6259765625 31410.99270185577 1489107.4889238332 2300.0 128.0 94604.0#94604.0#2300_96469.0#96469.0#2300_98065.0#98065.0#2300_99765.0#99765.0#2300 96093.0#96093.0#128_98093.0#98093.0#128_99854.0#99854.0#128
100000.0 104000.0 23.272015624970663 795.3455968750059 292.00801967214886 999.5400000000373 363.3349609375 28300.22462925084 1294466.9732805837 2300.0 128.0 99765.0#99765.0#2300_102099.0#102099.0#2300_103732.0#103732.0#2300 99854.0#99854.0#128_102096.0#102096.0#128_103738.0#103738.0#128
104000.0 108000.0 61.5610214843764 787.6877957031247 294.47369545209585 990.4400000000023 340.637939453125 27730.615096062073 1243912.0675909207 2300.0 128.0 103732.0#103732.0#2300_105693.0#105693.0#2300_107601.0#107601.0#2300 105596.0#105596.0#128_107599.0#107599.0#128
108000.0 112000.0 15.978623046947177 796.8042753906105 298.27230568800803 999.3389999999781 333.29931640625 26561.700285230174 1222648.9683137988 2300.0 128.0 107601.0#107601.0#2300_109465.0#109465.0#2300_111603.0#111603.0#2300 109465.0#109465.0#128_111602.0#111602.0#128
112000.0 116000.0 19.26906250003958 796.146187499992 300.9376454839921 999.4089999999269 322.88525390625 29812.90940723804 1417188.755836001 2300.0 128.0 111603.0#111603.0#2300_113366.0#113366.0#2300_115226.0#115226.0#2300 113365.0#113365.0#128_115238.0#115238.0#128
116000.0 120000.0 20.480269531253725 795.9039460937493 302.5333640153875 998.1390000000247 314.708984375 26823.92366587029 1258898.38279835 2300.0 128.0 115226.0#115226.0#2300_117104.0#117104.0#2300_119104.0#119104.0#2300 117099.0#117099.0#128_119101.0#119101.0#128
120000.0 124000.0 25.4979824218899 794.900403515622 308.0858184872524 998.8030000000144 300.052001953125 27733.131784142715 1248655.0762731056 2300.0 128.0 119104.0#119104.0#2300_121104.0#121104.0#2300_122950.0#122950.0#2300 121100.0#121100.0#128_122980.0#122980.0#128
124000.0 128000.0 42.44193945307052 791.5116121093859 318.1343003803248 996.8890000000247 270.6640625 29246.173910705467 1427788.1995605018 2300.0 128.0 122950.0#122950.0#2300_124966.0#124966.0#2300_126682.0#126682.0#2300 125099.0#125099.0#128_126692.0#126692.0#128
128000.0 132000.0 838.7599414063152 790.3100146484212 202.96062664541202 999.064000000013 537.5650000000023 24652.960438706436 1100598.4518329713 2300.0 128.0 126682.0#126682.0#2300_128605.0#128605.0#2300_131101.0#131101.0#2300 128603.0#128603.0#128_131100.0#131100.0#128
132000.0 136000.0 77.00217187497765 784.5995656250045 388.2202429741589 997.4900000000489 99.95587890624302 31325.285898406728 1430164.4132363223 2300.0 128.0 131101.0#131101.0#2300_133014.0#133014.0#2300_134607.0#134607.0#2300 132599.0#132599.0#128_134599.0#134599.0#128
136000.0 140000.0 605.2929511719267 678.9414097656147 385.0834443602899 999.7549999999464 152.45005078130635 27904.531810912875 1228962.3315132463 2300.0 128.0 134607.0#134607.0#2300_136261.0#136261.0#2300_138602.0#138602.0#2300 136273.0#136273.0#128_138601.0#138601.0#128
140000.0 144000.0 19.496980468800757 796.1006039062398 288.50970897313925 999.8880000000354 380.718017578125 28750.549284754263 1391888.8856415134 2300.0 128.0 138602.0#138602.0#2300_140268.0#140268.0#2300_142120.0#142120.0#2300 140372.0#140372.0#128_142198.0#142198.0#128
144000.0 148000.0 19.888060546887573 796.0223878906224 289.5797419400662 999.9560000000056 369.2309570311918 27100.387967019746 1275006.6521064837 2300.0 128.0 144106.0#144106.0#2300_145891.0#145891.0#2300 144102.0#144102.0#128_145933.0#145933.0#128
148000.0 152000.0 424.6389570311876 893.8402607422031 178.40622276672119 999.695000000007 628.3560429688077 26316.076045987553 1163245.2913218439 2300.0 128.0 148102.0#148102.0#2300_149848.0#149848.0#2300 148100.0#148100.0#128_149856.0#149856.0#128
152000.0 156000.0 119.90075390640413 970.024811523399 55.803579858382705 999.9369999999763 886.4272460936918 31364.691755255517 1419345.177341372 2300.0 128.0 152106.0#152106.0#2300_153776.0#153776.0#2300_155489.0#155489.0#2300 152104.0#152104.0#128_153593.0#153593.0#128_155438.0#155438.0#128
156000.0 160000.0 25.728166015585884 794.8543667968828 384.7326536349482 999.4430000000284 113.17475390632171 25452.303344959044 1212551.3924794123 2300.0 128.0 155489.0#155489.0#2300_157600.0#157600.0#2300_159607.0#159607.0#2300 157596.0#157596.0#128_159605.0#159605.0#128
160000.0 164000.0 519.0631992187118 696.1873601562577 409.067770140963 994.8790000000154 124.04791992186802 26038.400114325494 1232951.7206739238 2300.0 128.0 159607.0#159607.0#2300_161343.0#161343.0#2300_163604.0#163604.0#2300 161355.0#161355.0#128_163601.0#163601.0#128
164000.0 168000.0 31.334775390685536 793.7330449218629 291.2262686986148 999.2519999999786 372.5581054686918 27884.405700634692 1280724.6384146118 2300.0 128.0 163604.0#163604.0#2300_165122.0#165122.0#2300_167362.0#167362.0#2300 165095.0#165095.0#128_167361.0#167361.0#128
168000.0 172000.0 26.14410937507637 794.7711781249848 290.83803369282504 999.6959999999963 363.2709960936918 26971.25333599122 1322446.2476040802 2300.0 128.0 167362.0#167362.0#2300_169002.0#169002.0#2300_171108.0#171108.0#2300 169097.0#169097.0#128_171107.0#171107.0#128
172000.0 176000.0 698.4856855468825 825.3785786132794 157.05201441217073 995.8759999999893 633.3230039062328 26338.170288929054 1190594.530908846 2300.0 128.0 171108.0#171108.0#2300_172820.0#172820.0#2300_175102.0#175102.0#2300 172921.0#172921.0#128_175100.0#175100.0#128
176000.0 180000.0 20.34837695315946 795.9303246093681 391.33097848847945 999.8530000000028 101.00868945312686 28360.935604241196 1419641.8966801125 2300.0 128.0 175102.0#175102.0#2300_176874.0#176874.0#2300_178653.0#178653.0#2300 176942.0#176942.0#128_178599.0#178599.0#128
180000.0 184000.0 20.69594140618574 795.8608117187629 385.7764325173746 998.11599999998 111.75606640632031 26211.441516387313 1273540.8727777423 2300.0 128.0 178653.0#178653.0#2300_180484.0#180484.0#2300_182606.0#182606.0#2300 180492.0#180492.0#128_182604.0#182604.0#128
184000.0 188000.0 20.293074218789116 795.9413851562422 385.3436725790236 999.2060000000056 112.87500781251583 28689.413995401814 1289096.6004909924 2300.0 128.0 182606.0#182606.0#2300_184605.0#184605.0#2300_186333.0#186333.0#2300 184602.0#184602.0#128_186342.0#186342.0#128
188000.0 192000.0 593.1148242186755 681.3770351562649 453.55024245647587 999.6749999999884 19.51008203125093 24800.488207696006 1212731.1557819508 2300.0 128.0 186333.0#186333.0#2300_188601.0#188601.0#2300_190528.0#190528.0#2300 188599.0#188599.0#128_190093.0#190093.0#128
192000.0 196000.0 24.689062499790452 795.0621875000419 285.8797909578186 997.3980000000447 383.33203125 26702.54052577451 1288953.501279404 2300.0 128.0 190528.0#190528.0#2300_192181.0#192181.0#2300_194099.0#194099.0#2300 192193.0#192193.0#128_194096.0#194096.0#128
196000.0 200000.0 35.1270039062947 792.9745992187411 293.14574917738605 997.6999999999534 359.97802734375 25796.318643459446 1248558.4904835566 2300.0 128.0 194099.0#194099.0#2300_196019.0#196019.0#2300_198100.0#198100.0#2300_199818.0#199818.0#2300 196093.0#196093.0#128_198097.0#198097.0#128_199828.0#199828.0#128
200000.0 204000.0 569.5201347655966 857.6199663086009 152.35222434223368 995.6030000000028 639.9299726562458 25519.691146309746 1178003.7399515111 2300.0 128.0 199818.0#199818.0#2300_202096.0#202096.0#2300_203924.0#203924.0#2300 199828.0#199828.0#128_202095.0#202095.0#128_203598.0#203598.0#128
204000.0 208000.0 21.212966796942055 795.7574066406116 394.38214029650635 999.8889999999665 95.67110742186196 27794.95877468241 1430920.3041249802 2300.0 128.0 202096.0#202096.0#2300_203924.0#203924.0#2300_205609.0#205609.0#2300_207298.0#207298.0#2300 205535.0#205535.0#128_207314.0#207314.0#128
208000.0 212000.0 146.4580273438478 770.7083945312304 384.15959990077243 998.4429999999702 110.89707421872299 25982.090691224053 1195139.9786305216 2300.0 128.0 207298.0#207298.0#2300_209479.0#209479.0#2300_211462.0#211462.0#2300 209473.0#209473.0#128_211461.0#211461.0#128
212000.0 216000.0 18.383953124983236 796.3232093750033 325.50012940557735 999.0540000000037 250.16110156255309 26532.285696523744 1247324.5023954008 2300.0 128.0 211462.0#211462.0#2300_213155.0#213155.0#2300_215104.0#215104.0#2300 213166.0#213166.0#128_215100.0#215100.0#128
216000.0 220000.0 20.909066406311467 795.8181867187377 322.9420559194212 999.6949999999488 256.8750546874944 25593.837407902494 1202259.4282971527 2300.0 128.0 215104.0#215104.0#2300_216850.0#216850.0#2300_219102.0#219102.0#2300 216943.0#216943.0#128_219099.0#219099.0#128
220000.0 224000.0 18.374998046900146 796.32500039062 318.6902030996471 999.530999999959 268.45712109375745 26012.680903918736 1235812.4711577138 2300.0 128.0 219102.0#219102.0#2300_221073.0#221073.0#2300_223096.0#223096.0#2300 221092.0#221092.0#128_223094.0#223094.0#128
224000.0 228000.0 28.519974609371275 794.2960050781257 316.9194626659353 999.2249999999767 277.4771191406762 27981.806348259837 1324900.8162140748 2300.0 128.0 223096.0#223096.0#2300_224990.0#224990.0#2300_226610.0#226610.0#2300 224598.0#224598.0#128_226605.0#226605.0#128
228000.0 232000.0 319.14863476553 736.170273046894 357.1477418140358 997.9640000000363 298.5870937500149 26184.885592143055 1232350.5809671276 2300.0 128.0 226610.0#226610.0#2300_228605.0#228605.0#2300_230606.0#230606.0#2300 228602.0#228602.0#128_230604.0#230604.0#128
232000.0 236000.0 54.15629101567902 789.1687417968642 299.3734188764811 998.3059999999823 349.22998046875 25067.96172000102 1220968.9483171653 2300.0 128.0 230606.0#230606.0#2300_232340.0#232340.0#2300_234605.0#234605.0#2300 232347.0#232347.0#128_234602.0#234602.0#128
236000.0 240000.0 17.50301953125745 796.4993960937485 296.08380505816024 998.1459999999497 340.7099609375 28980.818631009257 1409804.3261990994 2300.0 128.0 234605.0#234605.0#2300_236539.0#236539.0#2300_238274.0#238274.0#2300 236094.0#236094.0#128_238339.0#238339.0#128
240000.0 244000.0 27.77293750003446 794.4454124999932 303.20829296553865 998.4479999999749 319.8740234375 25640.266787357526 1136341.9081299973 2300.0 128.0 240096.0#240096.0#2300_242404.0#242404.0#2300_243928.0#243928.0#2300 240095.0#240095.0#128_242402.0#242402.0#128_244000.0#244000.0#128
244000.0 248000.0 554.4520234374795 861.3869941406301 161.8445179518862 998.1520000000019 676.485976562486 25502.353267612823 1210755.7706992498 2300.0 128.0 243928.0#243928.0#2300_245791.0#245791.0#2300 244000.0#244000.0#128_245897.0#245897.0#128
248000.0 252000.0 116.18993359373417 970.9525166015665 56.46286298634383 999.8889999999665 886.26806640625 30602.10253914242 1358142.076527528 2300.0 128.0 248105.0#248105.0#2300_249782.0#249782.0#2300_251610.0#251610.0#2300 248101.0#248101.0#128_249792.0#249792.0#128_251607.0#251607.0#128
252000.0 256000.0 19.064021484344266 796.1871957031311 385.6215788226175 999.6450000000186 113.33793359377887 26952.404894739157 1325495.5082825825 2300.0 128.0 251610.0#251610.0#2300_253604.0#253604.0#2300_255451.0#255451.0#2300 253602.0#253602.0#128_255442.0#255442.0#128
256000.0 260000.0 199.4139980468899 760.117200390622 367.888423999061 996.7929999999469 127.02595507807564 26290.96424132054 1255368.9950857025 2300.0 128.0 255451.0#255451.0#2300_257603.0#257603.0#2300_259256.0#259256.0#2300 257601.0#257601.0#128_259264.0#259264.0#128
260000.0 264000.0 782.2030683594057 643.5593863281189 347.7684460835359 999.39300000004 244.06695312494412 25037.869146948455 1126256.1217306876 2300.0 128.0 259256.0#259256.0#2300_261600.0#261600.0#2300_263514.0#263514.0#2300 261597.0#261597.0#128_263094.0#263094.0#128
264000.0 268000.0 20.196041015558876 795.9607917968882 298.0051881193781 999.7780000000494 336.2109375 29215.72374201525 1377916.160454109 2300.0 128.0 263514.0#263514.0#2300_265195.0#265195.0#2300_267096.0#267096.0#2300 265092.0#265092.0#128_267095.0#267095.0#128
268000.0 272000.0 27.699824218754657 794.4600351562491 295.4456027324843 997.9980000000214 331.39111328125 26646.476416043028 1192369.9190652212 2300.0 128.0 267096.0#267096.0#2300_268888.0#268888.0#2300_271332.0#271332.0#2300 268894.0#268894.0#128_271330.0#271330.0#128
272000.0 276000.0 47.344128906261176 790.5311742187478 313.7716582683073 999.2909999999683 291.583984375 31007.583931747366 1397943.5655078543 2300.0 128.0 271332.0#271332.0#2300_273014.0#273014.0#2300_274664.0#274664.0#2300 272596.0#272596.0#128_274671.0#274671.0#128
276000.0 280000.0 22.716923828120343 795.4566152343759 314.92621543765176 999.2110000000102 278.862060546875 26615.93282072965 1250177.1928779697 2300.0 128.0 274664.0#274664.0#2300_276608.0#276608.0#2300_278602.0#278602.0#2300 276604.0#276604.0#128_278599.0#278599.0#128
280000.0 284000.0 26.985148437554017 794.6029703124892 321.45438401832763 999.0579999999609 262.159912109375 26349.53025978028 1268339.8075132873 2300.0 128.0 278602.0#278602.0#2300_280387.0#280387.0#2300_282601.0#282601.0#2300 280498.0#280498.0#128_282599.0#282599.0#128
284000.0 288000.0 476.4539121094858 880.8865219726285 136.38024197924295 998.8329999999842 737.3100878905971 26112.412007533858 1236041.6529550576 2300.0 128.0 282601.0#282601.0#2300_284254.0#284254.0#2300_286110.0#286110.0#2300 284344.0#284344.0#128_286095.0#286095.0#128
288000.0 292000.0 152.15670703130309 961.9608232421742 70.88934287560203 999.1539999999804 855.67529296875 27392.61856374698 1204409.2987651262 2300.0 128.0 288106.0#288106.0#2300_290099.0#290099.0#2300 288103.0#288103.0#128_290097.0#290097.0#128
292000.0 296000.0 61.167328124982305 787.7665343750035 386.18379631483344 998.2739999999758 107.53070703125559 26386.15729288728 1244841.064321076 2300.0 128.0 292107.0#292107.0#2300_293816.0#293816.0#2300 292104.0#292104.0#128_293907.0#293907.0#128
296000.0 300000.0 37.13705078116618 792.5725898437668 368.40716711718744 999.9170000000158 146.7080351562472 25953.530310396865 1224152.5485798959 2300.0 128.0 296103.0#296103.0#2300_297717.0#297717.0#2300 296101.0#296101.0#128_297556.0#297556.0#128
