ts te idle avg_span std_span max_span min_span c_bytes_all s_bytes_all avg_video_rate avg_audio_rate video_requests_sequence audio_requests_sequence
0.0 4000.0 4000.0 0.0 0.0 0.0 0.0 0.0 0.0 0.0 0.0 - -
4000.0 8000.0 4000.0 0.0 0.0 0.0 0.0 0.0 0.0 0.0 0.0 - -
8000.0 12000.0 1673.006974609394 775.6643417968686 379.75486694818886 998.0320000000065 337.176025390625 25164.697856680843 802270.425712593 480.0 128.0 10066.0#10066.0#480_10068.0#10068.0#480_10590.0#10590.0#480_11041.0#11041.0#480_11724.0#11724.0#480 10061.0#10061.0#128_10064.0#10064.0#128_10603.0#10603.0#128_10806.0#10806.0#128_11253.0#11253.0#128_11732.0#11732.0#128
12000.0 16000.0 1320.70102539059 669.8247436523525 457.53690990423223 997.5270000000019 25.23399999999674 19902.302143319157 708236.574287407 480.0 128.0 11724.0#11724.0#480_12205.0#12205.0#480_12778.0#12778.0#480_13244.0#13244.0#480_14134.0#14134.0#480 12283.0#12283.0#128_12878.0#12878.0#128_14132.0#14132.0#128
16000.0 20000.0 2380.0439999999944 809.9780000000028 216.54155224346727 963.0960000000196 656.859999999986 14209.0 483877.0 480.0 128.0 16135.0#16135.0#480_16495.0#16495.0#480_18151.0#18151.0#480 16133.0#16133.0#128_16297.0#16297.0#128_18148.0#18148.0#128
20000.0 24000.0 1967.7670390625135 677.4109869791622 513.3000011377209 999.5489999999991 85.47399999998743 18327.9775856497 720132.9384772894 1500.0 128.0 22141.0#22141.0#1500_22143.0#22143.0#1500_23362.0#23362.0#1500 22136.0#22136.0#128_22138.0#22138.0#128_22266.0#22266.0#128
24000.0 28000.0 49.25468945305329 790.1490621093893 414.83327788172085 999.3740000000107 51.048039062472526 29101.809444515027 1301358.694189348 1500.0 128.0 23362.0#23362.0#1500_24541.0#24541.0#1500_26173.0#26173.0#1500_27268.0#27268.0#1500 24278.0#24278.0#128_26170.0#26170.0#128_27198.0#27198.0#128
28000.0 32000.0 1582.1472558593377 604.4631860351656 443.280920847115 998.3369999999995 85.1127285156399 15854.381980902832 618909.2788774455 1500.0 128.0 27268.0#27268.0#1500_30170.0#30170.0#1500 30167.0#30167.0#128
32000.0 36000.0 1958.355996093771 510.41100097655726 537.5615870421893 999.9959999999846 43.73999999999069 15708.903610124995 709716.6519542632 1500.0 128.0 34142.0#34142.0#1500_35211.0#35211.0#1500 34139.0#34139.0#128_34258.0#34258.0#128
36000.0 40000.0 1918.2890195312211 520.4277451171947 549.7857937555947 999.8150000000023 42.852000000013504 12960.927378807444 560489.4365016537 1500.0 128.0 35211.0#35211.0#1500_36498.0#36498.0#1500 36243.0#36243.0#128
40000.0 44000.0 59.775035156228114 985.056241210943 23.56850640665851 998.579000000027 949.81396484375 30386.112455121292 1260475.2285037756 1500.0 128.0 40145.0#40145.0#1500_41514.0#41514.0#1500_42784.0#42784.0#1500 40142.0#40142.0#128_40270.0#40270.0#128_42261.0#42261.0#128
44000.0 48000.0 1956.0909355468466 510.97726611328835 536.9201480104906 998.1060000000289 45.226035156229045 16471.45319211229 712685.6137846671 1500.0 128.0 46139.0#46139.0#1500_47287.0#47287.0#1500 46136.0#46136.0#128_46294.0#46294.0#128
48000.0 52000.0 1515.4049316405435 621.1487670898641 445.6899212352945 996.0879999999888 46.39797070319764 20253.078875602558 842595.1853338296 1500.0 128.0 47287.0#47287.0#1500_50140.0#50140.0#1500_51357.0#51357.0#1500 50138.0#50138.0#128_50299.0#50299.0#128_51362.0#51362.0#128
52000.0 56000.0 1211.1200976563268 697.2199755859183 449.0598528677241 999.5540000000037 47.41690234368434 22128.35547716386 950369.9723777279 1500.0 128.0 51357.0#51357.0#1500_52438.0#52438.0#1500_53632.0#53632.0#1500 52552.0#52552.0#128
56000.0 60000.0 1537.5439999999944 820.8186666666685 306.9820020918647 998.6269999999786 466.34700000000885 21118.0 873381.0 1500.0 128.0 56135.0#56135.0#1500_57260.0#57260.0#1500 56131.0#56131.0#128_56250.0#56250.0#128
60000.0 64000.0 102.5870566405938 974.3532358398515 42.65310008676943 999.2820000000065 910.491943359375 28452.424677437586 1123132.1304389923 1820.0 128.0 60133.0#60133.0#1500_62137.0#62137.0#2300_62140.0#62140.0#2300_63812.0#63812.0#1500_63813.0#63813.0#1500 60130.0#60130.0#128_62134.0#62134.0#128_62135.0#62135.0#128_62330.0#62330.0#128
64000.0 68000.0 1145.3879999999772 713.6530000000057 425.09842266236546 998.9720000000088 85.74105664063245 21259.692983472483 907391.2163057314 1500.0 128.0 63813.0#63813.0#1500_66140.0#66140.0#1500_67491.0#67491.0#1500 66137.0#66137.0#128_66138.0#66138.0#128_66260.0#66260.0#128
68000.0 72000.0 1135.0049101562472 716.2487724609382 446.22135251725257 997.0970000000088 52.156056640611496 17737.77469736417 783449.427889394 1500.0 128.0 67491.0#67491.0#1500_70139.0#70139.0#1500 70137.0#70137.0#128
72000.0 76000.0 68.8831074218615 786.2233785156277 415.2228615575145 996.5800000000163 46.58796679688385 28074.150168377193 1216482.0678212992 1500.0 128.0 72138.0#72138.0#1500_73296.0#73296.0#1500_74534.0#74534.0#1500 72135.0#72135.0#128_72251.0#72251.0#128_74174.0#74174.0#128
76000.0 80000.0 1565.2599257812253 608.6850185546937 458.3612011473056 994.2679999999818 86.88707421877189 18038.957473348564 811865.1575445831 1500.0 128.0 76252.0#76252.0#1500_77519.0#77519.0#1500 76250.0#76250.0#128_77197.0#77197.0#128
80000.0 84000.0 63.8180742188124 984.0454814452969 27.217406238338846 998.9660000000149 943.2739257811918 31126.886117941962 1388994.048267832 2300.0 128.0 80257.0#80257.0#2300_80259.0#80259.0#2300_81965.0#81965.0#2300_83655.0#83655.0#2300 80252.0#80252.0#128_80254.0#80254.0#128_81196.0#81196.0#128_82721.0#82721.0#128
84000.0 88000.0 54.64191796875093 789.0716164062499 411.7042181311652 999.8510000000242 55.70607421873137 26417.30480073011 1129373.3149716486 2300.0 128.0 83655.0#83655.0#2300_86267.0#86267.0#2300 86265.0#86265.0#128_86417.0#86417.0#128
88000.0 92000.0 133.8770175782265 773.2245964843547 395.0696073585486 999.3080000000191 86.0989921874716 30081.2246564409 1471475.100403376 2300.0 128.0 86267.0#86267.0#2300_88050.0#88050.0#2300_89704.0#89704.0#2300_91487.0#91487.0#2300 88735.0#88735.0#128_90358.0#90358.0#128
92000.0 96000.0 24.62387500004843 795.0752249999903 339.580891190571 999.5829999999842 214.6450097655761 29651.47765678513 1448063.4132240685 2300.0 128.0 91487.0#91487.0#2300_93136.0#93136.0#2300_94821.0#94821.0#2300 92370.0#92370.0#128_94272.0#94272.0#128
96000.0 100000.0 3084.9421152343857 305.01929492187145 266.4888814251995 601.6969999999856 85.94799999997485 6347.106768101899 245290.1231330749 2300.0 0.0 94821.0#94821.0#2300 -
100000.0 104000.0 63.98787890636595 984.0030302734085 28.186658466781516 998.3389999999781 941.7241210936918 29534.388049823345 1247323.3444725506 1500.0 128.0 100262.0#100262.0#1500_100265.0#100265.0#1500_101367.0#101367.0#1500_102728.0#102728.0#1500 100260.0#100260.0#128_100261.0#100261.0#128_100393.0#100393.0#128_101567.0#101567.0#128
104000.0 108000.0 58.04220117186196 788.3915597656276 415.15740379081393 997.2330000000075 49.44287890632404 29674.47526625911 1267945.0804419199 1500.0 128.0 104271.0#104271.0#1500_105535.0#105535.0#1500_106860.0#106860.0#1500_107907.0#107907.0#1500 104268.0#104268.0#128_104438.0#104438.0#128_106200.0#106200.0#128_107703.0#107703.0#128
108000.0 112000.0 167.4196542968275 766.5160691406345 388.7726584250547 999.6550000000279 94.75208007812034 24562.699570894838 1063606.8340660613 1980.0 128.0 106860.0#106860.0#1500_107907.0#107907.0#1500_110266.0#110266.0#2300_110269.0#110269.0#2300_111928.0#111928.0#2300 107703.0#107703.0#128_110262.0#110262.0#128_110263.0#110263.0#128_111704.0#111704.0#128
112000.0 116000.0 22.409949218737893 795.5180101562524 330.2500394617111 999.2399999999907 238.63473437499488 26078.43733029316 1115539.5949523516 2300.0 128.0 110269.0#110269.0#2300_111928.0#111928.0#2300_114175.0#114175.0#2300 111704.0#111704.0#128_114173.0#114173.0#128
116000.0 120000.0 53.83042968757218 789.2339140624856 331.3013438943608 998.4770000000135 237.83968359377468 31986.316776393556 1449820.0337555679 2300.0 128.0 116235.0#116235.0#2300_118012.0#118012.0#2300_119836.0#119836.0#2300 116232.0#116232.0#128_117201.0#117201.0#128_119197.0#119197.0#128
120000.0 124000.0 66.69676953117596 786.6606460937649 313.988006623768 997.7480000000214 278.9501132812584 25771.36186428211 1166338.5939495654 2300.0 128.0 119836.0#119836.0#2300_121415.0#121415.0#2300 121196.0#121196.0#128
124000.0 128000.0 25.676216796855442 794.8647566406289 305.25496893428164 998.380999999994 312.46488281252095 32163.986225866294 1361874.1846247127 2300.0 128.0 124343.0#124343.0#2300_125836.0#125836.0#2300_127602.0#127602.0#2300 124341.0#124341.0#128_125205.0#125205.0#128_127198.0#127198.0#128
128000.0 132000.0 27.436867187556345 794.5126265624888 300.98731143052703 999.734999999986 328.768099609355 26791.017748825696 1202690.5226693228 2300.0 128.0 127602.0#127602.0#2300_130093.0#130093.0#2300_131666.0#131666.0#2300 130092.0#130092.0#128_131200.0#131200.0#128
132000.0 136000.0 23.923132812429685 795.215373437514 294.5081730117609 999.3950000000186 350.4689667968778 30188.150491431108 1431836.4191307984 2300.0 128.0 131666.0#131666.0#2300_133457.0#133457.0#2300_135040.0#135040.0#2300 132736.0#132736.0#128_134726.0#134726.0#128
136000.0 140000.0 1407.8139589843922 648.0465102539019 375.786706912674 995.1439999999711 284.51600000000326 20294.871335846314 845543.2835767504 2300.0 128.0 135040.0#135040.0#2300_138253.0#138253.0#2300 138251.0#138251.0#128_138409.0#138409.0#128
140000.0 144000.0 58.06502929684939 788.3869941406301 413.74470430572575 997.2229999999981 51.2410585936741 29796.074469078078 1244338.8231914195 2300.0 128.0 138253.0#138253.0#2300_140022.0#140022.0#2300_142135.0#142135.0#2300 142133.0#142133.0#128
144000.0 148000.0 172.51496484375093 765.4970070312498 393.1610102373592 998.7839999999851 89.49708789057331 29230.179146154114 1208935.6515870467 2300.0 128.0 144268.0#144268.0#2300_145960.0#145960.0#2300 144266.0#144266.0#128_144542.0#144542.0#128
148000.0 152000.0 55.03695703129051 788.9926085937419 327.7859613089297 997.9519999999902 247.71905273437733 27821.698909822233 1222219.145744003 2300.0 128.0 148142.0#148142.0#2300_150249.0#150249.0#2300_151985.0#151985.0#2300 148139.0#148139.0#128_150248.0#150248.0#128_150489.0#150489.0#128
152000.0 156000.0 19.732041015697177 796.0535917968606 311.92517364802575 999.8240000000224 288.49200976558495 32110.062871388483 1350557.8479391797 1820.0 128.0 150249.0#150249.0#2300_151985.0#151985.0#2300_153643.0#153643.0#1500_153645.0#153645.0#1500_154866.0#154866.0#1500 152369.0#152369.0#128_152372.0#152372.0#128_154275.0#154275.0#128
156000.0 160000.0 1918.3359335938003 693.8880221353999 488.11304676519615 997.6489999999758 130.84905078122392 16464.69495554231 673764.5689437682 1500.0 128.0 158135.0#158135.0#1500_159324.0#159324.0#1500 158132.0#158132.0#128_158250.0#158250.0#128
160000.0 164000.0 20.828033203142695 795.8343933593715 419.73571489883165 999.039999999979 46.156984374974854 31536.76379482965 1421285.4837106308 2100.0 128.0 159324.0#159324.0#1500_160528.0#160528.0#2300_160530.0#160530.0#2300_162263.0#162263.0#2300 160252.0#160252.0#128_160254.0#160254.0#128_161701.0#161701.0#128
164000.0 168000.0 22.593080078077037 795.4813839843846 415.4723862890708 998.2170000000042 53.710017578152474 25731.82335571652 1156578.7763186367 2300.0 128.0 162263.0#162263.0#2300_164258.0#164258.0#2300_165805.0#165805.0#2300 164257.0#164257.0#128_165703.0#165703.0#128
168000.0 172000.0 106.4399511719239 778.7120097656152 412.6616136390246 998.4079999999958 48.112097656179685 27807.377163896745 1221616.294244082 2300.0 128.0 168170.0#168170.0#2300_170167.0#170167.0#2300_171886.0#171886.0#2300 168169.0#168169.0#128_170166.0#170166.0#128_171197.0#171197.0#128
172000.0 176000.0 20.204667968733702 795.9590664062532 373.0140498542103 999.1589999999851 139.02904882811708 27131.38524874509 1248095.7973486914 2300.0 128.0 170167.0#170167.0#2300_171886.0#171886.0#2300_173753.0#173753.0#2300 173203.0#173203.0#128
176000.0 180000.0 211.16317578119924 757.7673648437601 361.2712380475628 999.7110000000685 137.98571679688757 26300.358899857194 1211989.5664290062 2300.0 128.0 176135.0#176135.0#2300_178281.0#178281.0#2300 176133.0#176133.0#128_178277.0#178277.0#128_178731.0#178731.0#128
180000.0 184000.0 54.92101562523749 789.0157968749525 330.73323375300026 999.7529999999679 241.22189257811988 30653.448158653227 1439603.1181490298 2300.0 128.0 178281.0#178281.0#2300_180115.0#180115.0#2300_181656.0#181656.0#2300_183428.0#183428.0#2300 180700.0#180700.0#128_182731.0#182731.0#128
184000.0 188000.0 885.541177734267 778.6147055664333 332.49582008554927 995.8020000000251 284.5439082031953 22815.242867292156 1031314.6251901865 2300.0 128.0 183428.0#183428.0#2300_186139.0#186139.0#2300 186136.0#186136.0#128
188000.0 192000.0 59.50280664063757 788.0994386718725 415.6748234545062 997.61599999998 48.203085937479045 26336.376967238637 1175568.0581023542 2300.0 128.0 188173.0#188173.0#2300_189681.0#189681.0#2300 188170.0#188170.0#128_188317.0#188317.0#128
192000.0 196000.0 35.36820703127887 792.9263585937442 397.10665336711435 998.5300000000279 87.7988925781101 31644.71701240262 1439303.3253430054 2300.0 128.0 192134.0#192134.0#2300_193825.0#193825.0#2300_195490.0#195490.0#2300 192131.0#192131.0#128_192283.0#192283.0#128_194276.0#194276.0#128
196000.0 200000.0 28.406597656256054 794.3186804687488 387.9276777896839 999.6489999999758 107.08509960939409 22085.20052604458 980287.0079570222 2300.0 128.0 195490.0#195490.0#2300_198141.0#198141.0#2300 198139.0#198139.0#128
200000.0 204000.0 86.31122656253865 782.7377546874923 392.68822868004486 995.0119999999879 90.02169726561988 37719.83604740484 1393352.7973755735 1700.0 128.0 200176.0#200176.0#2300_201777.0#201777.0#1500_201778.0#201778.0#1500_203085.0#203085.0#1500 200174.0#200174.0#128_200409.0#200409.0#128_202344.0#202344.0#128_202344.0#202344.0#128_203703.0#203703.0#128
204000.0 208000.0 1250.5530761718983 687.3617309570254 400.7050308277408 994.094000000041 150.89592382812407 20769.054946018015 897760.2207867638 1500.0 128.0 203085.0#203085.0#1500_204339.0#204339.0#1500_205514.0#205514.0#1500 203703.0#203703.0#128_205556.0#205556.0#128_205558.0#205558.0#128
208000.0 212000.0 62.728025390650146 984.3179936523375 24.535153425666287 999.140000000014 947.948974609375 30583.683793758348 1344564.7995821927 2300.0 128.0 208266.0#208266.0#2300_208268.0#208268.0#2300_209886.0#209886.0#2300_211716.0#211716.0#2300 208263.0#208263.0#128_209710.0#209710.0#128_211702.0#211702.0#128
212000.0 216000.0 57.46365820313804 788.5072683593723 414.27266163862885 999.7480000000214 50.66302539058961 23163.609766125563 1087364.4923980986 2300.0 128.0 211716.0#211716.0#2300_214220.0#214220.0#2300 211702.0#211702.0#128_214218.0#214218.0#128
216000.0 220000.0 150.3434375000652 769.9313124999869 392.67230926466164 999.7049999999581 90.6666835937649 25998.477534351972 1204234.5172323275 2300.0 128.0 216249.0#216249.0#2300_218054.0#218054.0#2300 216247.0#216247.0#128_217197.0#217197.0#128
220000.0 224000.0 1913.4967656249646 695.5010781250118 480.0856949975783 994.8580000000075 141.75412109377794 17665.352847385653 656342.7710925314 1766.6666666666667 128.0 222265.0#222265.0#2300_223815.0#223815.0#1500_223816.0#223816.0#1500 222263.0#222263.0#128_222495.0#222495.0#128
224000.0 228000.0 14.416015625 797.116796875 418.50195497793214 999.6019999999553 49.75888671877328 24958.400532967746 1171816.3091818886 1500.0 128.0 223816.0#223816.0#1500_225042.0#225042.0#1500_226180.0#226180.0#1500 224030.0#224030.0#128_224034.0#224034.0#128_225201.0#225201.0#128
228000.0 232000.0 251.5061816405505 749.6987636718899 412.759398638564 999.7920000000158 47.032902343780734 25423.52855995767 1031206.9233916845 2100.0 128.0 228217.0#228217.0#1500_230353.0#230353.0#2300_230354.0#230354.0#2300_231855.0#231855.0#2300 228216.0#228216.0#128_230346.0#230346.0#128_230351.0#230351.0#128_230513.0#230513.0#128
232000.0 236000.0 21.57893359370064 795.6842132812599 311.213802158361 999.3510000000242 291.7700839843601 30231.120105131788 1446995.443920429 2300.0 128.0 230354.0#230354.0#2300_231855.0#231855.0#2300_233716.0#233716.0#2300_235265.0#235265.0#2300 232738.0#232738.0#128_234746.0#234746.0#128
236000.0 240000.0 1128.268906250014 717.9327734374965 321.94732299893434 995.0139999999665 305.46401757816784 20198.949406508134 885990.8852537669 2300.0 128.0 235265.0#235265.0#2300_238168.0#238168.0#2300 238166.0#238166.0#128
240000.0 244000.0 67.49075585929677 786.5018488281406 415.30043229950076 999.7020000000484 46.727923828177154 28174.375589821368 1269040.0163920196 2300.0 128.0 240260.0#240260.0#2300_242098.0#242098.0#2300 240258.0#240258.0#128_240501.0#240501.0#128_242373.0#242373.0#128_242374.0#242374.0#128
244000.0 248000.0 28.57626562495716 794.2847468750085 396.2076326276046 997.6700000000419 90.33767968753818 21009.90292515086 887630.7787843934 1700.0 128.0 242098.0#242098.0#2300_244379.0#244379.0#1500_244380.0#244380.0#1500_246141.0#246141.0#1500 246138.0#246138.0#128
248000.0 252000.0 43.140974609414116 791.3718050781172 395.30915356861124 999.8669999999693 90.56294531247113 33498.927518202254 1393184.699869574 1500.0 128.0 248139.0#248139.0#1500_249346.0#249346.0#1500_250414.0#250414.0#1500_251582.0#251582.0#1500 248136.0#248136.0#128_248260.0#248260.0#128_250360.0#250360.0#128_251732.0#251732.0#128_251734.0#251734.0#128
252000.0 256000.0 1271.3770800781203 682.1557299804699 389.68856946436773 998.8989999999758 120.98591992189176 20474.671420638646 892320.3629010939 2033.3333333333333 128.0 251582.0#251582.0#1500_253713.0#253713.0#2300_253717.0#253717.0#2300 251734.0#251734.0#128_253710.0#253710.0#128
256000.0 260000.0 64.82104687509127 983.7947382812272 26.14155307173647 999.3719999999739 944.751953125 32588.995311852806 1406574.8032638272 2300.0 128.0 256273.0#256273.0#2300_257938.0#257938.0#2300_259703.0#259703.0#2300 256270.0#256270.0#128_257702.0#257702.0#128_259708.0#259708.0#128
260000.0 264000.0 9.368994140531868 798.1262011718936 416.3107428199871 999.9910000000382 54.910046875011176 25787.602284574168 1169820.9912405491 2300.0 128.0 259703.0#259703.0#2300_261291.0#261291.0#2300 261195.0#261195.0#128
264000.0 268000.0 57.487964843865484 788.5024070312269 415.94577577408626 998.9939999999478 48.116041015600786 30282.385912287962 1176211.1262284021 2300.0 128.0 264281.0#264281.0#2300_265868.0#265868.0#2300 264278.0#264278.0#128_265194.0#265194.0#128
268000.0 272000.0 84.97010156256147 783.0059796874878 390.45859362006 999.814000000013 92.95500585937407 27249.606464005305 1229885.5733234151 2300.0 128.0 268139.0#268139.0#2300_270169.0#270169.0#2300 268136.0#268136.0#128_270167.0#270167.0#128
272000.0 276000.0 150.622802734375 769.875439453125 393.5204270955331 997.9679999999935 88.18110742187127 29249.522168358093 1390115.8884900087 2300.0 128.0 272246.0#272246.0#2300_273967.0#273967.0#2300_275656.0#275656.0#2300 272245.0#272245.0#128_273193.0#273193.0#128_274721.0#274721.0#128
276000.0 280000.0 19.562189453281462 796.0875621093437 332.94286384144584 998.1659999999683 229.42791015619878 32184.98049299553 1454228.790289308 2300.0 128.0 275656.0#275656.0#2300_277246.0#277246.0#2300_278841.0#278841.0#2300 276720.0#276720.0#128_278538.0#278538.0#128
280000.0 284000.0 23.53500195313245 795.2929996093735 330.2536570201553 999.5679999999702 238.79509960941505 30224.786673359147 1410459.732513131 2300.0 128.0 278841.0#278841.0#2300_280567.0#280567.0#2300_282583.0#282583.0#2300 280717.0#280717.0#128_282357.0#282357.0#128
284000.0 288000.0 53.640810546814464 789.2718378906371 324.02375969473195 999.7210000000196 253.93810156255495 31011.221918194868 1307420.5147775405 2300.0 128.0 282583.0#282583.0#2300_284312.0#284312.0#2300_286249.0#286249.0#2300 284311.0#284311.0#128_286248.0#286248.0#128
288000.0 292000.0 1915.167087890557 694.944304036481 390.6792369996651 995.5370000000112 253.33491210942157 13556.898774372123 635887.5798738182 2300.0 128.0 286249.0#286249.0#2300_288253.0#288253.0#2300 288250.0#288250.0#128
292000.0 296000.0 63.34499218757264 984.1637519531068 25.49388185286388 998.2439999999478 945.9580078125 30541.87944905273 1296919.1227109877 2300.0 128.0 292132.0#292132.0#2300_293776.0#293776.0#2300 292129.0#292129.0#128_292251.0#292251.0#128
296000.0 300000.0 55.07691992179025 788.9846160156419 417.1545512957817 999.984000000055 46.438992187497206 33696.32087599837 1481710.4547296062 1900.0 128.0 296137.0#296137.0#2300_297659.0#297659.0#2300_299393.0#299393.0#1500_299397.0#299397.0#1500 296135.0#296135.0#128_296260.0#296260.0#128_298451.0#298451.0#128_298453.0#298453.0#128_299704.0#299704.0#128
