ts te idle avg_span std_span max_span min_span c_bytes_all s_bytes_all avg_video_rate avg_audio_rate video_requests_sequence audio_requests_sequence
0 5000 5000.0 0.0 0.0 0.0 0.0 0.0 0.0 0.0 0.0 0 0
5000 10000 2921.9850722655538 692.6716425781487 527.7096387703205 998.2459999999846 83.325927734375 14862.029420961946 434551.64008252614    
10000 15000 48.85883007803932 825.1901949869934 374.1496387897182 999.75900000002 64.22509765630821 42826.477779287474 1462191.4923359274    
15000 20000 772.0091679687612 845.5981664062477 292.823757678094 999.7569999999832 323.7529296875 25200.219466217706 839882.3360039527    
20000 25000 275.37782031245297 787.4370299479245 325.94576999755117 999.6620000000694 183.287109375 26351.45669527937 1126513.052808767    
25000 30000 1075.488138671848 784.9023722656304 345.23157256438066 999.5200000000186 181.844970703125 27318.736988975037 1107643.4378673804    
30000 35000 86.15600781259127 818.9739986979015 348.7601640861637 999.8399999999674 121.886962890625 28507.962701575027 1176811.2571556964    
35000 40000 85.52585742203519 819.0790237629941 367.70940484368833 999.5579999999609 74.43310546869179 27406.590040725576 1136239.41635618    
40000 45000 45.55217773444019 825.7413037109267 384.4038817967094 999.1259999999893 43.450927734375 27888.61624287464 1498230.688719852    
45000 50000 1877.016007812519 780.7459980468702 402.15394911516256 999.0289999999804 178.242919921875 22841.309925876692 1244975.0844724625    
50000 55000 100.74891992198536 816.5418466796691 361.4440056155125 999.9529999999795 93.25 45286.25422887034 2290947.8402153845    
55000 60000 37.486884765618015 827.0855192057303 371.49341166691465 999.8470000000088 72.693115234375 36517.73181340508 2064373.070525107    
60000 65000 22.074199218768626 829.6543001302052 379.3995768262796 999.5109999999986 57.388916015625 36049.340803906125 1976412.016032447    
65000 70000 71.59693359374069 821.4005110677099 385.45345890956366 999.2060000000056 39.031982421875 33447.488335952694 2214655.567978162    
70000 75000 85.09471093746834 819.150881510422 397.4958522066629 999.8240000000806 9.103271484375 30905.121916736753 1721257.3188576677    
75000 80000 64.583279296814 987.0833441406372 11.31946915396066 998.4710000000196 970.8189999999595 36695.165473550514 2036869.1603056155    
80000 85000 22.325113281258382 829.6124811197902 400.2951468991373 999.4610000000685 12.785007812490221 38227.854472867664 1903575.0398121104    
85000 90000 84.04081250005402 819.326531249991 390.1604100492011 998.8919999999925 25.05012109375093 40093.37438111021 2305199.2421270376    
90000 95000 49.01504296873463 825.1641595052109 380.69452251672726 999.7860000000219 51.068933593749534 39037.11360057011 2472859.9936813326    
95000 100000 289.21805078117177 785.1303248698047 353.574929804482 997.4859999999753 83.43397656251909 31352.51077100255 1838265.3491055344    
100000 105000 44.37788867187919 825.9370185546868 331.74739615254543 999.6439999999711 169.73002734372858 37797.03571312535 2115679.568454859    
105000 110000 26.649146484502126 828.8918089192497 318.13678268539206 999.189000000013 204.32891601562733 33054.554673040424 2015079.444651705    
110000 115000 28.080023437563796 828.6533294270727 312.5588978636162 999.8829999999143 218.5610624999972 37086.75816450537 2083614.143778159    
115000 120000 660.1656152343494 723.3057307942751 362.5418837818394 998.9000000000233 229.93708593747579 34028.55047152413 1892075.5517246097    
120000 125000 699.4461914061685 716.7589680989719 383.03196820269216 998.9050000000861 98.485107421875 35159.52600596626 1652032.5386253083    
125000 130000 39.381144531362224 826.769809244773 369.3166029638377 999.7289999998757 76.886962890625 37317.471430517115 2232828.3479818697    
130000 135000 132.61096289061243 973.4778074218775 34.95372469362066 999.2480000000214 922.6150371093536 39583.748481575836 2283136.400340345    
135000 140000 33.73810937505914 993.2523781249881 6.934927001732004 998.8479999999981 982.212890625 29598.0241879884 1664493.9918876314    
140000 145000 24.60489062499255 829.2325182291679 398.3864363947027 999.3059999999823 16.418109374993946 39509.22427320012 2441458.596357901    
145000 150000 26.748044921841938 828.8753258463597 391.3246343861027 998.9399999999441 30.99800000002142 37594.045507159484 2104146.2954687662    
150000 155000 36.36684570310172 827.2721923828163 383.2523544996318 998.7770000000019 46.34104492189363 37375.66617398919 2145233.2625576924    
155000 160000 17.578095703036524 830.4036507161605 379.9136833306366 998.8479999999981 56.780890625028405 36634.32252984092 2160756.5606417987    
160000 165000 1112.3679199219332 647.9386800130111 401.44716924738157 997.1749999999884 66.29398632812081 28405.52456645251 1353290.884949293    
165000 170000 70.81216992193367 821.5313050130111 295.23830692154866 998.9749999999185 265.596923828125 42015.088085247706 2392998.426564098    
170000 175000 438.34392773441505 760.2760120442641 381.649140200916 999.6479999999865 123.52099609369179 38259.7166585561 2189030.2624058602    
175000 180000 108.41103515616851 815.2648274739719 354.2152297829556 998.9380000000237 101.2099609375 32864.52324518072 1908352.8573966161    
180000 185000 1560.4420527344337 687.9115894531133 385.2472172951937 999.6999999999534 183.305908203125 30010.468565520074 1717656.7017882976    
185000 190000 153.58789062511642 807.7353515624806 327.2096748961166 999.9959999999846 167.468017578125 43096.72709177018 2456160.48057703    
190000 195000 19.89701367187081 830.0171643880216 335.45916072381743 999.5699999999488 159.10400390625 38728.24012741761 2233435.0842034654    
195000 200000 110.74305664061103 814.8761572265648 361.16775524927897 999.1539999999804 88.220947265625 40950.86107925019 2295464.179480734    
200000 205000 55.88193359377328 824.0196777343712 377.39667543405653 999.7299999999814 57.114013671875 36443.94317955479 1825031.8998222444    
205000 210000 21.808078125002794 829.6986536458329 384.4980515216996 999.9579999999842 46.408935546875 38904.87634821577 2264682.836685736    
210000 215000 34.01396289060358 827.6643395182327 389.4341600216667 999.5860000000102 33.64697265625 35744.307576386214 1799201.740094482    
215000 220000 36.8566562498454 827.1905572916925 399.04783806107963 999.7900000000373 13.04931640625 35696.49806554924 2097728.5761124576    
220000 225000 538.2043652344728 892.3591269531055 149.73160726234318 999.7299999999814 659.8029999999562 40787.6863883979 2354613.3563179183    
225000 230000 327.8939511718927 778.6843414713512 354.414477585985 998.5289999999804 177.40604882815387 33851.25635032287 1906214.0066879783    
230000 235000 831.1399433593033 833.7720113281393 367.8421884080785 999.8639999999432 175.758056640625 36972.127639201935 2072813.7312153743    
235000 240000 131.3807480467949 811.4365419922009 335.62033019663 998.219000000041 138.84130859375 35617.640470064274 1991848.339010149    
240000 245000 16.762429687427357 830.5395950520955 346.15310635920696 999.9969999999739 132.77587890625 42092.72474678513 2360429.4489734    
245000 250000 60.483919921913184 823.2526800130145 356.09834177874495 999.9300000000512 103.782958984375 35531.95912833042 2136322.792044742    
250000 255000 56.470962890656665 823.9215061848905 371.5271994510331 999.8299999999581 70.64599609375 33943.41379320955 1942735.1007632632    
255000 260000 18.83073242183309 830.1948779296945 378.25015061536806 998.2970000000205 60.145263671875 31483.600038621702 1874783.8938365686    
260000 265000 56.30718164064456 823.9488030598926 382.5711854061102 998.5579999999609 44.55908203125 39202.59730420762 2087494.5928429258    
265000 270000 545.9050820311531 890.8189835937694 128.1171933945072 998.6700000000419 725.4170000000158 39569.93687957937 2246874.1013135775    
270000 275000 247.59373437496834 950.4812531250063 103.6082565612275 998.5520000000251 765.197265625 36423.3364634716 2050622.4380793644    
275000 280000 1077.220978515572 653.796503580738 393.46032549209997 998.2269999999553 180.269287109375 32894.90612558259 1710723.798618822    
280000 285000 74.96930078126024 820.83844986979 351.39790411302016 998.6450000000186 118.760986328125 38100.334950182565 2065238.050905515    
285000 290000 36.34508203121368 827.2758196614644 359.89048590316384 998.9599999999627 98.951904296875 38163.993749158944 2148970.4425587202    
290000 295000 169.43190429673996 966.113619140652 62.57565359809832 997.01800000004 854.517095703166 35247.42871160431 1981237.269837578    
295000 300000 194.2280000000028 961.1543999999994 84.70824465953673 999.5509999999776 809.625 41051.062492738434 2252909.097767323    
