ts te idle avg_span std_span max_span min_span c_bytes_all s_bytes_all avg_video_rate avg_audio_rate video_requests_sequence audio_requests_sequence
0.0 10000.0 8034.934113281255 491.2664716796862 492.70282100829934 999.9610000000102 57.505999999993946 60675.010313920204 8519265.243477814 2406.4 0.0 5930.0#5930.0#128_5935.0#5935.0#4400_7160.000244140625#7160.000244140625#4400_7249.0#7249.0#128_7334.0#7334.0#4400_7361.0#7361.0#128_7488.000244140625#7488.000244140625#4400_7515.999755859375#7515.999755859375#128_7638.0#7638.0#4400_7695.0#7695.0#128_7782.0#7782.0#4400_7798.0#7798.0#128_8010.0#8010.0#4400_8062.0#8062.0#128_9987.0#9987.0#4400 -
10000.0 20000.0 6381.123789062491 516.9823158482156 333.92172682863594 999.5339999999851 79.97509765630821 55782.899616727205 10074178.494176665 3464.0 0.0 9987.0#9987.0#4400_10027.999755859375#10027.999755859375#128_10219.999755859375#10219.999755859375#4400_10243.0#10243.0#128_12008.000244140625#12008.000244140625#128_12013.0#12013.0#8000_14033.0#14033.0#128_14035.0#14035.0#8000_16033.0#16033.0#128_16035.999755859375#16035.999755859375#8000_17534.0#17534.0#128_17536.000244140625#17536.000244140625#8000 -
20000.0 30000.0 6314.929841796868 614.178359700522 337.02611194651007 963.687255859375 54.923902343725786 68792.52488312504 11836599.122201005 4064.0 0.0 22008.000244140625#22008.000244140625#128_22010.0#22010.0#8000_22029.0#22029.0#128_22029.0#22029.0#8000_24001.0#24001.0#128_24003.0#24003.0#8000_25534.0#25534.0#128_25536.000244140625#25536.000244140625#8000_27035.0#27035.0#128_27037.0#27037.0#8000_29035.0#29035.0#128_29035.999755859375#29035.999755859375#8000 -
30000.0 40000.0 5166.363318359363 604.2045852050796 433.0324733286306 999.9000000000815 14.93674414063571 55276.13037999933 10208351.673263337 4064.0 0.0 31038.0#31038.0#128_31039.0#31039.0#8000_34006.0#34006.0#128_34008.000244140625#34008.000244140625#8000_35035.0#35035.0#128_35038.0#35038.0#8000_36535.0#36535.0#128_36536.000244140625#36536.000244140625#8000_38531.0#38531.0#128_38531.999755859375#38531.999755859375#8000 -
40000.0 50000.0 4415.4300156249665 797.7957120535763 325.0655467370679 999.2910000000265 81.419921875 53474.15628905004 10134482.530005302 4064.0 0.0 40534.0#40534.0#128_40535.0#40535.0#8000_42536.000244140625#42536.000244140625#128_42539.0#42539.0#8000_44537.0#44537.0#128_44539.999755859375#44539.999755859375#8000_46536.000244140625#46536.000244140625#128_46537.0#46537.0#8000_48017.0#48017.0#128_48018.0#48018.0#8000 -
50000.0 60000.0 6881.963917968795 519.6726803385342 277.8443892242896 880.5550781249767 79.85400390625 55326.30792268642 10205860.251689108 4064.0 0.0 50537.0#50537.0#128_50539.999755859375#50539.999755859375#8000_52007.0#52007.0#128_52010.0#52010.0#8000_54035.999755859375#54035.999755859375#128_54038.0#54038.0#8000_55993.0#55993.0#128_55995.0#55995.0#8000_58013.0#58013.0#128_58015.0#58015.0#8000 -
60000.0 70000.0 6625.289003906306 562.4518326822823 118.90789439391037 778.3209999999963 452.7129999999888 60321.97059449176 11662618.685186764 4064.0 0.0 60034.0#60034.0#128_60035.0#60035.0#8000_62011.0#62011.0#128_62015.0#62015.0#8000_63535.0#63535.0#128_63535.0#63535.0#8000_65534.0#65534.0#128_65535.0#65535.0#8000_67537.0#67537.0#128_67538.0#67538.0#8000_69539.0#69539.0#128_69542.0#69542.0#8000 -
70000.0 80000.0 6524.968031250057 695.0063937499887 269.03845940233185 983.4340000000084 378.4979999999632 45007.53518748158 9551089.900238175 4064.0 0.0 71995.99975585938#71995.99975585938#128_72000.00024414062#72000.00024414062#8000_74035.0#74035.0#128_74037.0#74037.0#8000_75031.0#75031.0#128_75033.0#75033.0#8000_78007.0#78007.0#128_78009.0#78009.0#8000_79030.0#79030.0#128_79031.0#79031.0#8000 -
80000.0 90000.0 6825.989683593798 453.430045200886 496.70969708447114 998.3790000000154 7.275031250028405 42144.37553631423 8647072.301487122 4064.0 0.0 81030.0#81030.0#128_81031.0#81031.0#8000_83034.0#83034.0#128_83038.0#83038.0#8000_85992.00024414062#85992.00024414062#128_85995.0#85995.0#8000_86531.99975585938#86531.99975585938#128_86534.0#86534.0#8000_89985.0#89985.0#128_89987.99975585938#89987.99975585938#8000 -
90000.0 100000.0 6544.465386718919 493.64780189729726 426.5384923844554 984.0619999999763 25.435999999870546 56239.484351278385 12000557.41120029 4064.0 0.0 89985.0#89985.0#128_89987.99975585938#89987.99975585938#8000_90531.0#90531.0#128_90531.99975585938#90531.99975585938#8000_93999.0#93999.0#128_94000.00024414062#94000.00024414062#8000_94203.0#94203.0#8000_94359.0#94359.0#128_98003.0#98003.0#128_98005.0#98005.0#8000_98190.0#98190.0#8000_98265.0#98265.0#128 -
100000.0 110000.0 7642.234951171791 392.96084147136816 176.8859899403153 620.3701015625265 78.720947265625 47510.72915200301 9839327.185120972 4064.0 0.0 100071.0#100071.0#128_100075.99975585938#100075.99975585938#8000_102037.0#102037.0#128_102041.0#102041.0#8000_103994.0#103994.0#128_103999.0#103999.0#8000_105989.0#105989.0#128_105991.0#105991.0#8000_108033.0#108033.0#128_108034.0#108034.0#8000 -
110000.0 120000.0 7958.904912109429 340.1825146484286 241.12335402971553 557.6779999999562 3.0860527344048023 55464.346580922334 11911599.817390667 4064.0 0.0 111978.0#111978.0#128_111979.99975585938#111979.99975585938#8000_112033.0#112033.0#128_112039.0#112039.0#8000_115991.0#115991.0#128_115992.00024414062#115992.00024414062#8000_116039.0#116039.0#128_116039.0#116039.0#8000_117983.0#117983.0#128_117986.0#117986.0#8000_119537.0#119537.0#128_119539.0#119539.0#8000 -
120000.0 130000.0 7400.114085937559 371.41227343749154 344.95740808851076 965.7729492186918 43.64296484377701 53855.815498953496 10283908.47443508 4064.0 0.0 121035.99975585938#121035.99975585938#128_121041.0#121041.0#8000_124034.0#124034.0#128_124037.0#124037.0#8000_127983.0#127983.0#128_127985.0#127985.0#8000_128032.00024414062#128032.00024414062#128_128033.0#128033.0#8000_129033.0#129033.0#128_129035.0#129035.0#8000 -
130000.0 140000.0 6680.121949218621 414.9847563476724 466.3086495813129 999.8410000000149 5.138050781271886 46641.71369304696 9898244.910127696 4064.0 0.0 131035.0#131035.0#128_131037.0#131037.0#8000_132535.0#132535.0#128_132536.00024414062#132536.00024414062#8000_135993.0#135993.0#128_135994.0#135994.0#8000_136535.0#136535.0#128_136537.0#136537.0#8000_138537.0#138537.0#128_138538.0#138538.0#8000 -
140000.0 150000.0 6436.429000000062 593.9284999999896 422.91279080148246 999.7710000000079 72.57600000000093 49531.882848581256 10384401.843023157 4064.0 0.0 141991.0#141991.0#128_141993.0#141993.0#8000_142240.00024414062#142240.00024414062#8000_142385.0#142385.0#128_146011.0#146011.0#128_146013.0#146013.0#8000_146283.0#146283.0#8000_146456.00024414062#146456.00024414062#128_148033.0#148033.0#128_148034.0#148034.0#8000 -
150000.0 160000.0 6847.262999999977 525.4561666666705 80.02358364737162 667.5470000000205 454.9770000000135 54329.117151418744 11233615.156976843 4064.0 0.0 150000.00024414062#150000.00024414062#128_150003.0#150003.0#8000_152019.99975585938#152019.99975585938#128_152023.0#152023.0#8000_153995.0#153995.0#128_153997.0#153997.0#8000_156003.99975585938#156003.99975585938#128_156006.0#156006.0#8000_157534.0#157534.0#128_157536.00024414062#157536.00024414062#8000_159530.0#159530.0#128_159533.0#159533.0#8000 -
160000.0 170000.0 6531.606000000029 693.6787999999942 170.17327634706902 958.2139999999781 518.7910000000265 49672.0 10103259.0 4064.0 0.0 161995.99975585938#161995.99975585938#128_161998.0#161998.0#8000_163530.0#163530.0#128_163531.99975585938#163531.99975585938#8000_165985.0#165985.0#128_165987.0#165987.0#8000_167982.0#167982.0#128_167982.0#167982.0#8000_169035.99975585938#169035.99975585938#128_169045.0#169045.0#8000 -
170000.0 180000.0 6891.547960937605 621.690407812479 368.0277177288279 963.2900390625 70.40299999993294 48327.70577854606 10376176.636823831 4064.0 0.0 172005.0#172005.0#128_172007.0#172007.0#8000_175991.0#175991.0#128_175995.0#175995.0#8000_176029.0#176029.0#128_176034.0#176034.0#8000_177034.0#177034.0#128_177035.99975585938#177035.99975585938#8000_179035.99975585938#179035.99975585938#128_179037.0#179037.0#8000 -
180000.0 190000.0 3963.5750390625326 670.7138845486074 490.3764774369838 999.9509999999427 0.23599999997531995 48569.29422145394 9787717.363176169 4064.0 0.0 181987.0#181987.0#128_181993.0#181993.0#8000_182537.0#182537.0#128_182539.0#182539.0#8000_186011.0#186011.0#128_186011.99975585938#186011.99975585938#8000_186531.0#186531.0#128_186534.0#186534.0#8000_188535.0#188535.0#128_188537.0#188537.0#8000 -
190000.0 200000.0 6706.415031249984 548.9308281250027 423.6969241841149 994.4529999999795 71.90500000002794 40990.4303059283 8571835.256548148 4064.0 0.0 191979.99975585938#191979.99975585938#128_191983.0#191983.0#8000_192035.0#192035.0#128_192035.0#192035.0#8000_194531.0#194531.0#128_194531.99975585938#194531.99975585938#8000_195997.0#195997.0#128_195998.0#195998.0#8000_199987.0#199987.0#128_199991.0#199991.0#8000 -
200000.0 210000.0 7482.112046874827 419.64799218752887 270.22894482939665 681.2460000000428 71.08200000005309 49376.64954426465 10149332.210787613 3706.181818181818 0.0 199987.0#199987.0#128_199991.0#199991.0#8000_200035.0#200035.0#128_200037.0#200037.0#8000_201995.0#201995.0#128_201995.99975585938#201995.99975585938#8000_204010.0#204010.0#128_204010.0#204010.0#8000_206035.0#206035.0#128_206035.99975585938#206035.99975585938#8000_209999.0#209999.0#128 -
210000.0 220000.0 6852.169921875116 524.6383463541473 214.59920076584297 956.4479999999749 370.5350781249581 61342.920149807054 13133038.53266424 4064.0 0.0 209999.0#209999.0#128_210001.0#210001.0#8000_210027.99975585938#210027.99975585938#128_210031.0#210031.0#8000_211530.0#211530.0#128_211531.0#211531.0#8000_213530.0#213530.0#128_213533.0#213533.0#8000_216005.0#216005.0#128_216006.0#216006.0#8000_217994.0#217994.0#128_217995.99975585938#217995.99975585938#8000_219039.0#219039.0#128_219042.0#219042.0#8000 -
220000.0 230000.0 6249.59300000011 625.067833333315 459.42441208905933 999.9899999999907 29.09699999995064 48782.0 9983828.0 4064.0 0.0 224006.0#224006.0#128_224007.0#224007.0#8000_224034.0#224034.0#128_224035.99975585938#224035.99975585938#8000_225034.0#225034.0#128_225035.99975585938#225035.99975585938#8000_227979.0#227979.0#128_227979.99975585938#227979.99975585938#8000_228536.00024414062#228536.00024414062#128_228539.0#228539.0#8000 -
230000.0 240000.0 5961.485908203176 673.0856819661373 459.1181594698077 998.0520000000251 81.319091796875 41351.725844205306 8767371.652761733 4064.0 0.0 232031.0#232031.0#128_232034.0#232034.0#8000_232467.99975585938#232467.99975585938#8000_232480.00024414062#232480.00024414062#128_234534.0#234534.0#128_234535.0#234535.0#8000_236529.0#236529.0#128_236531.99975585938#236531.99975585938#8000_239984.00024414062#239984.00024414062#128_239987.99975585938#239987.99975585938#8000 -
240000.0 250000.0 7565.8931445311755 405.68447591147077 181.49244059115657 583.1589082031278 68.40500000002794 64650.156998063816 12932738.534035012 4366.7692307692305 0.0 239984.00024414062#239984.00024414062#128_239987.99975585938#239987.99975585938#8000_240200.00024414062#240200.00024414062#8000_240299.99975585938#240299.99975585938#128_243994.0#243994.0#128_243995.99975585938#243995.99975585938#8000_244035.99975585938#244035.99975585938#128_244038.0#244038.0#8000_245981.0#245981.0#128_245982.0#245982.0#8000_248015.0#248015.0#128_248019.0#248019.0#8000_249533.0#249533.0#8000 -
250000.0 260000.0 7470.139009765699 421.6434983723836 145.17927372569585 537.2439999999478 131.44305273436476 49786.89425954184 10543503.005374001 3706.181818181818 0.0 250031.0#250031.0#128_251986.0#251986.0#128_251987.99975585938#251987.99975585938#8000_253535.0#253535.0#128_253537.0#253537.0#8000_255531.0#255531.0#128_255533.0#255533.0#8000_257979.99975585938#257979.99975585938#128_257981.0#257981.0#8000_259531.0#259531.0#128_259533.0#259533.0#8000 -
260000.0 270000.0 6150.397832031245 641.6003613281258 380.3113000007991 966.704000000027 41.38606249995064 48070.64550423128 9817948.52455928 4421.818181818182 0.0 259533.0#259533.0#8000_261536.00024414062#261536.00024414062#128_261538.0#261538.0#8000_263535.0#263535.0#128_263539.0#263539.0#8000_265039.0#265039.0#128_265041.0#265041.0#8000_267035.9997558594#267035.9997558594#128_267038.0#267038.0#8000_269037.0#269037.0#128_269039.0#269039.0#8000 -
270000.0 280000.0 5100.488105468801 699.9302706473142 458.55937624284667 990.3009999999776 4.587894531199709 48933.57739395775 10085283.283269975 4064.0 0.0 271035.9997558594#271035.9997558594#128_271038.0#271038.0#8000_273035.0#273035.0#128_273037.0#273037.0#8000_275995.9997558594#275995.9997558594#128_275998.0#275998.0#8000_276531.9997558594#276531.9997558594#128_276534.0#276534.0#8000_279035.9997558594#279035.9997558594#128_279038.0#279038.0#8000 -
280000.0 290000.0 5503.528919921839 642.3530114397373 413.9507438348666 998.5670000000391 79.507080078125 41148.911122758516 8629448.956831487 4064.0 0.0 280538.0#280538.0#128_280541.0#280541.0#8000_282533.0#282533.0#128_282534.0#282534.0#8000_284533.0#284533.0#128_284536.0002441406#284536.0002441406#8000_286535.0#286535.0#128_286538.0#286538.0#8000_289975.0#289975.0#128_289978.0#289978.0#8000 -
