ts te idle avg_span std_span max_span min_span c_bytes_all s_bytes_all avg_video_rate avg_audio_rate video_requests_sequence audio_requests_sequence
0 10000 9656.701000000001 343.29899999999907  343.29899999999907 343.29899999999907 3800.0 10930.0 0.0 0.0 - -
10000 20000 6526.478000000003 578.9203333333329 237.14113550514037 996.369000000006 279.97299999999814 93078.0 15046872.0 5381.818181818182 128.0 10490.0#10490.0#4400_11095.0#11095.0#4400_11238.0#11238.0#4400_11400.0#11400.0#4400_11564.0#11564.0#4400_11679.0#11679.0#4400_11804.0#11804.0#4400_12656.0#12656.0#4400_14542.0#14542.0#8000_16532.0#16532.0#8000_18039.0#18039.0#8000 10481.0#10481.0#128_10671.0#10671.0#128_11484.0#11484.0#128_11617.0#11617.0#128_11724.0#11724.0#128_11869.0#11869.0#128_11979.0#11979.0#128_12654.0#12654.0#128_14534.0#14534.0#128_16531.0#16531.0#128_18037.0#18037.0#128
20000 30000 7032.766999999993 593.4466000000015 44.45696265828203 672.0869999999995 562.9349999999977 54217.0 10202912.0 8000.0 128.0 20037.0#20037.0#8000_22031.0#22031.0#8000_24036.0#24036.0#8000_26037.0#26037.0#8000_28032.0#28032.0#8000 20035.0#20035.0#128_22029.0#22029.0#128_24035.0#24035.0#128_26034.0#26034.0#128_28031.0#28031.0#128
30000 40000 2123.8211132813594 875.1309874131823 207.1829028821519 999.4839999999967 462.8588867186918 61301.9430109175 11349820.90136698 8000.0 128.0 30034.0#30034.0#8000_31530.0#31530.0#8000_33535.0#33535.0#8000_35533.0#35533.0#8000_37537.0#37537.0#8000_39538.0#39538.0#8000 30031.0#30031.0#128_31529.0#31529.0#128_33533.0#33533.0#128_35531.0#35531.0#128_37535.0#37535.0#128_39536.0#39536.0#128
40000 50000 5226.848886718857 795.5251855468572 152.59641227969968 925.8709999998682 500.10311328130774 59307.0569890825 11214969.098633021 8000.0 128.0 41041.0#41041.0#8000_43037.0#43037.0#8000_45033.0#45033.0#8000_47037.0#47037.0#8000_49029.0#49029.0#8000 41039.0#41039.0#128_43035.0#43035.0#128_45032.0#45032.0#128_47033.0#47033.0#128_49028.0#49028.0#128
50000 60000 7312.703999999969 537.4592000000063 203.95430834551914 832.4670000000042 357.07400000002235 51794.0 9498732.0 8000.0 128.0 50599.0#50599.0#8000_53034.0#53034.0#8000_54617.0#54617.0#8000_56538.0#56538.0#8000_58533.0#58533.0#8000 50597.0#50597.0#128_53032.0#53032.0#128_54613.0#54613.0#128_56535.0#56535.0#128_58531.0#58531.0#128
60000 70000 7532.447999999975 493.510400000005 65.58257392630081 539.5819999999949 395.1730000000098 54704.0 10221090.0 8000.0 128.0 60536.0#60536.0#8000_62548.0#62548.0#8000_64535.0#64535.0#8000_66538.0#66538.0#8000_68034.0#68034.0#8000 60533.0#60533.0#128_62545.0#62545.0#128_64533.0#64533.0#128_66535.0#66535.0#128_68033.0#68033.0#128
70000 80000 5882.7149082032265 588.1835845423963 196.25488941569776 999.9699999999721 377.40500000002794 56242.46097809271 11251921.008720387 8000.0 128.0 70032.0#70032.0#8000_72034.0#72034.0#8000_74038.0#74038.0#8000_76033.0#76033.0#8000_78040.0#78040.0#8000_79533.0#79533.0#8000 70031.0#70031.0#128_72030.0#72030.0#128_74033.0#74033.0#128_76032.0#76032.0#128_78036.0#78036.0#128_79531.0#79531.0#128
80000 90000 1224.0790917968843 877.5920908203116 238.75130106011045 999.3180000000284 360.8489999999874 53367.53902190729 10857210.991279613 8000.0 128.0 81533.0#81533.0#8000_83538.0#83538.0#8000_85533.0#85533.0#8000_87534.0#87534.0#8000_89038.0#89038.0#8000 81530.0#81530.0#128_83535.0#83535.0#128_85531.0#85531.0#128_87532.0#87532.0#128_89035.0#89035.0#128
90000 100000 3545.7149999999674 806.7856250000041 318.20668664829765 999.954000000027 112.73600000003353 51621.0 10204500.0 8000.0 128.0 91536.0#91536.0#8000_93036.0#93036.0#8000_95038.0#95038.0#8000_97048.0#97048.0#8000_98654.0#98654.0#8000 91534.0#91534.0#128_93033.0#93033.0#128_95034.0#95034.0#128_97045.0#97045.0#128_98650.0#98650.0#128
100000 110000 7378.956999999937 524.2086000000127 129.96778561165743 706.9579999999842 356.0370000000112 49266.0 9782555.0 8000.0 128.0 100537.0#100537.0#8000_102685.0#102685.0#8000_104539.0#104539.0#8000_106535.0#106535.0#8000_108532.0#108532.0#8000 100536.0#100536.0#128_102679.0#102679.0#128_104536.0#104536.0#128_106532.0#106532.0#128_108530.0#108530.0#128
110000 120000 7323.800999999919 535.2398000000161 187.13903242163067 839.189000000013 361.24599999998463 51107.0 10169762.0 8000.0 128.0 110535.0#110535.0#8000_112534.0#112534.0#8000_114539.0#114539.0#8000_116044.0#116044.0#8000_118035.0#118035.0#8000 110533.0#110533.0#128_112532.0#112532.0#128_114536.0#114536.0#128_116040.0#116040.0#128_118034.0#118034.0#128
120000 130000 4455.153007812507 792.1209988839275 236.19787628419775 994.3520000000135 423.1669921875 56075.80008681867 10814554.575612176 8000.0 128.0 120031.0#120031.0#8000_122035.0#122035.0#8000_124657.0#124657.0#8000_125532.0#125532.0#8000_127539.0#127539.0#8000_129538.0#129538.0#8000 120031.0#120031.0#128_122034.0#122034.0#128_124654.0#124654.0#128_125531.0#125531.0#128_127537.0#127537.0#128_129536.0#129536.0#128
130000 140000 90.99700585927349 900.8184540127933 213.91262894942022 999.7739999999758 392.635986328125 48555.6560555357 9841639.574425092 8000.0 128.0 129538.0#129538.0#8000_131535.0#131535.0#8000_133540.0#133540.0#8000_135539.0#135539.0#8000_137541.0#137541.0#8000_139539.0#139539.0#8000 131534.0#131534.0#128_133538.0#133538.0#128_135538.0#135538.0#128_137539.0#137539.0#128_139538.0#139538.0#128
140000 150000 3179.080986328132 852.6148767089835 218.51268349730444 998.0599999999977 426.55300000001444 53602.54385764563 11181975.849962732 8000.0 128.0 141034.0#141034.0#8000_143036.0#143036.0#8000_145033.0#145033.0#8000_147035.0#147035.0#8000_149032.0#149032.0#8000 141032.0#141032.0#128_143034.0#143034.0#128_145032.0#145032.0#128_147034.0#147034.0#128_149030.0#149030.0#128
150000 160000 7695.925000000047 460.8149999999907 128.9730183468701 620.7889999999898 351.71100000001024 49327.0 10080659.0 8000.0 128.0 150592.0#150592.0#8000_152540.0#152540.0#8000_154535.0#154535.0#8000_156536.0#156536.0#8000_158536.0#158536.0#8000 150586.0#150586.0#128_152537.0#152537.0#128_154532.0#154532.0#128_156534.0#156534.0#128_158534.0#158534.0#128
160000 170000 7171.978000000177 565.6043999999645 81.0885765771108 680.7019999999902 452.1019999999553 47449.0 9631888.0 8000.0 128.0 160537.0#160537.0#8000_162040.0#162040.0#8000_164538.0#164538.0#8000_166041.0#166041.0#8000_168036.0#168036.0#8000 160531.0#160531.0#128_162036.0#162036.0#128_164536.0#164536.0#128_166035.0#166035.0#128_168035.0#168035.0#128
170000 180000 3513.0609218748286 720.7710086805746 339.8111860294255 996.4270000000251 49.737000000081025 53632.66719231648 11234616.479496012 8000.0 128.0 170035.0#170035.0#8000_171539.0#171539.0#8000_174034.0#174034.0#8000_175542.0#175542.0#8000_177537.0#177537.0#8000_179541.0#179541.0#8000 170033.0#170033.0#128_171534.0#171534.0#128_174032.0#174032.0#128_175540.0#175540.0#128_177534.0#177534.0#128_179538.0#179538.0#128
180000 190000 3606.8650781249744 799.1418652343782 298.8654845698198 999.5779999999795 169.0810000000056 39347.33280768352 7843074.5205039885 8000.0 128.0 181540.0#181540.0#8000_183537.0#183537.0#8000_185541.0#185541.0#8000_187040.0#187040.0#8000_189036.0#189036.0#8000 181533.0#181533.0#128_183534.0#183534.0#128_185539.0#185539.0#128_187037.0#187037.0#128_189036.0#189036.0#128
190000 200000 4540.410994140606 779.941286551342 271.5714857263314 999.9109999999637 319.0019999999786 42309.41738723308 8195593.440284213 8000.0 128.0 191035.0#191035.0#8000_193034.0#193034.0#8000_195031.0#195031.0#8000_196539.0#196539.0#8000_199036.0#199036.0#8000 191033.0#191033.0#128_193033.0#193033.0#128_195029.0#195029.0#128_196537.0#196537.0#128_199034.0#199034.0#128
200000 210000 6510.217005859362 581.6304990234397 86.69193319280221 683.5239999999758 480.2380000000121 51079.58261276692 10183761.559715787 8000.0 128.0 200539.0#200539.0#8000_202537.0#202537.0#8000_204538.0#204538.0#8000_206539.0#206539.0#8000_208536.0#208536.0#8000 200536.0#200536.0#128_202535.0#202535.0#128_204536.0#204536.0#128_206536.0#206536.0#128_208532.0#208532.0#128
210000 220000 6978.945999999996 604.2108000000007 50.84123700502902 692.939000000013 565.7269999999553 49827.0 10137392.0 8000.0 128.0 210578.0#210578.0#8000_212039.0#212039.0#8000_214038.0#214038.0#8000_216038.0#216038.0#8000_218039.0#218039.0#8000 210576.0#210576.0#128_212037.0#212037.0#128_214035.0#214035.0#128_216036.0#216036.0#128_218037.0#218037.0#128
220000 230000 2194.28506054671 867.3016599392545 220.692941830092 995.783000000054 407.137939453125 47773.14067204012 8785549.785436913 8000.0 128.0 220043.0#220043.0#8000_221542.0#221542.0#8000_223534.0#223534.0#8000_225535.0#225535.0#8000_227541.0#227541.0#8000_229538.0#229538.0#8000_229786.0#229786.0#8000 220041.0#220041.0#128_221542.0#221542.0#128_223533.0#223533.0#128_225534.0#225534.0#128_227538.0#227538.0#128_229535.0#229535.0#128_229793.0#229793.0#128
230000 240000 1063.5838925781427 893.6416107421858 208.15391041869916 999.7260000000242 429.748046875 58815.262236532224 11426830.849349406 8000.0 128.0 229786.0#229786.0#8000_231540.0#231540.0#8000_233541.0#233541.0#8000_235540.0#235540.0#8000_237034.0#237034.0#8000_239036.0#239036.0#8000 231538.0#231538.0#128_233536.0#233536.0#128_235535.0#235535.0#128_237031.0#237031.0#128_239034.0#239034.0#128
240000 250000 3779.755046874867 777.5306191406416 201.90237525562046 999.9590000000317 548.2489531249739 58009.59709142765 10443539.365213681 8000.0 128.0 241032.0#241032.0#8000_243828.0#243828.0#8000_245039.0#245039.0#8000_246539.0#246539.0#8000_248537.0#248537.0#8000 241030.0#241030.0#128_243826.0#243826.0#128_245036.0#245036.0#128_246538.0#246538.0#128_248533.0#248533.0#128
250000 260000 6201.974000000046 759.6051999999909 126.98057523182003 871.4009999999544 546.8299999999581 50990.0 9871989.0 8000.0 128.0 250537.0#250537.0#8000_252543.0#252543.0#8000_254546.0#254546.0#8000_256536.0#256536.0#8000_258537.0#258537.0#8000 250535.0#250535.0#128_252541.0#252541.0#128_254546.0#254546.0#128_256533.0#256533.0#128_258535.0#258535.0#128
260000 270000 7130.460999999894 573.9078000000212 8.84038328920452 585.4810000000289 564.6530000000494 47863.0 10137539.0 8000.0 128.0 260032.0#260032.0#8000_262038.0#262038.0#8000_264037.0#264037.0#8000_266036.0#266036.0#8000_268036.0#268036.0#8000 260030.0#260030.0#128_262037.0#262037.0#128_264031.0#264031.0#128_266030.0#266030.0#128_268033.0#268033.0#128
270000 280000 2114.4037187497597 876.17736458336 222.35272782135215 999.7780000000494 402.86328125 53050.46395572218 10805852.723466786 8000.0 128.0 270046.0#270046.0#8000_271540.0#271540.0#8000_273539.0#273539.0#8000_275537.0#275537.0#8000_277544.0#277544.0#8000_279543.0#279543.0#8000 270044.0#270044.0#128_271537.0#271537.0#128_273536.0#273536.0#128_275535.0#275535.0#128_277542.0#277542.0#128_279539.0#279539.0#128
280000 290000 4516.337169921957 685.4578537597554 325.4017357762088 999.3719999999739 159.42399999999907 54738.30403281763 11049239.092885658 8000.0 128.0 281080.0#281080.0#8000_283033.0#283033.0#8000_285032.0#285032.0#8000_287034.0#287034.0#8000_289033.0#289033.0#8000 281078.0#281078.0#128_283030.0#283030.0#128_285031.0#285031.0#128_287031.0#287031.0#128_289031.0#289031.0#128
290000 300000 6742.042111328221 542.9929814452966 211.6153657088271 938.8580000000075 331.9000000000233 48107.23201146019 10143970.183647554 8000.0 128.0 290593.0#290593.0#8000_293038.0#293038.0#8000_294589.0#294589.0#8000_296541.0#296541.0#8000_298538.0#298538.0#8000 290589.0#290589.0#128_293036.0#293036.0#128_294587.0#294587.0#128_296536.0#296536.0#128_298537.0#298537.0#128
