ts te idle avg_span std_span max_span min_span c_ack_cnt c_ack_cnt_p c_bytes_all c_bytes_uniq s_ack_cnt s_ack_cnt_p s_bytes_all s_bytes_uniq avg_video_rate avg_audio_rate video_requests_sequence audio_requests_sequence
0 4000 4000.0 0.0 0.0 0.0 0.0 0.0 0.0 0.0 0.0 0.0 0.0 0.0 0.0 0.0 0.0 - -
4000 8000 4000.0 0.0 0.0 0.0 0.0 0.0 0.0 0.0 0.0 0.0 0.0 0.0 0.0 0.0 0.0 - -
8000 12000 1271.91796875 506.944598721591 412.9398403587875 992.5619999999981 14.061279296875 52.19415438056538 36.074467309209346 14152.75163328718 13323.75163328718 119.49085849626417 20.119687071356033 124057.43650845649 110539.95379952001 288.0 128.0 9917.0#9917.0#288 9905.0#9905.0#128_9909.0#9909.0#128
12000 16000 0.0 646.8484768415173 345.73909419864714 998.2379999999976 65.73799999999756 166.20414848862458 157.3238355599806 7902.24836671282 7902.24836671282 235.68974037244342 9.880312928643967 341536.0000751992 280767.8087537218 288.0 128.0 12046.0#12046.0#288_12581.0#12581.0#288_13452.0#13452.0#288_14061.0#14061.0#288_15441.0#15441.0#288 9909.0#9909.0#128
16000 20000 0.0 665.2234545572899 310.9920527438685 999.2900000000009 0.0 102.03453958599471 95.03453958599471 5522.0 5522.0 128.25224358647708 8.0 178763.54285360288 126725.23744675817 288.0 128.0 15441.0#15441.0#288_16746.0#16746.0#288 9909.0#9909.0#128_18014.0#18014.0#128
20000 24000 290.687072265624 650.8497407226556 388.5718629416777 993.5529999999999 15.464999999996508 105.22729201509155 99.16321649194887 5054.823439439851 5054.823439439851 219.31252994647164 6.06407552314268 316600.2788800178 175782.77799256105 288.0 128.0 15441.0#15441.0#288_21439.0#21439.0#288 18014.0#18014.0#128_20898.0#20898.0#128_21873.0#21873.0#128_23141.0#23141.0#128
24000 28000 0.0 627.9109217122381 384.03615265217906 987.0599999999977 0.0 115.8118202898919 110.72566386364363 4253.603623943527 4253.603623943527 204.45773319197107 5.086156426248245 279347.76478465454 183669.3886267343 288.0 128.0 21439.0#21439.0#288_25441.0#25441.0#288_27769.0#27769.0#288 24004.0#24004.0#128_26072.0#26072.0#128_27759.0#27759.0#128
28000 32000 0.0 699.2074918619752 322.4250462761553 998.6209999999919 81.50091601562599 180.96486336584402 173.37141350263374 6320.265659201641 6320.265659201641 269.977394344986 7.593449863210289 360264.1471876619 210299.84913265583 288.0 128.0 27769.0#27769.0#288_30299.0#30299.0#288 27759.0#27759.0#128_29356.0#29356.0#128_30202.0#30202.0#128_31843.0#31843.0#128
32000 36000 0.0 767.4388164062489 292.4283723714389 994.6059999999998 245.1909999999989 187.35852174915357 178.96410049443432 7014.313853964148 6536.310565689564 263.7363037394943 8.394421254719223 397964.01056550915 325238.44363190787 288.0 128.0 30299.0#30299.0#288_32398.0#32398.0#288_33484.0#33484.0#288_34983.0#34983.0#288 31843.0#31843.0#128_32728.0#32728.0#128_33768.0#33768.0#128_35439.0#35439.0#128
36000 40000 0.0 660.7179926382204 385.10807900066794 998.3220000000001 0.0 135.1737735487434 129.2751252060852 4936.901359242871 4574.904647517455 195.69436635161296 5.898648342658205 265529.10144937935 194783.60961083212 288.0 128.0 33484.0#33484.0#288_36853.0#36853.0#288_38818.0#38818.0#288 35439.0#35439.0#128_36863.0#36863.0#128_38948.0#38948.0#128
40000 44000 0.0 794.9946985677083 334.0286359657558 999.1039999999921 69.7719999999972 181.23485214891002 175.0043574511039 5193.039956723186 5193.039956723186 250.13166230042674 6.230494697806095 353067.4023849696 246676.2263095028 288.0 128.0 38818.0#38818.0#288_40512.0#40512.0#288_42627.0#42627.0#288 40886.0#40886.0#128_42884.0#42884.0#128
44000 48000 17.433929687496857 583.0112617187502 418.3558608806889 991.6999999999971 85.65087890625 171.98632284876064 165.85706547462595 5110.586148466905 5110.586148466905 201.29899423707042 6.129257374134656 267189.6178841409 218606.75820334713 288.0 128.0 42627.0#42627.0#288_44220.0#44220.0#288_46563.0#46563.0#288_47869.0#47869.0#288 42884.0#42884.0#128_45369.0#45369.0#128_46929.0#46929.0#128
48000 52000 34.236894531248254 668.5819026442298 328.05397206248114 990.375 82.60693359375 171.78491103022282 163.90128753416224 6567.417609509862 6567.417609509862 213.29054758561244 7.883623496060596 281374.73590655543 262929.8701878009 288.0 128.0 46563.0#46563.0#288_47869.0#47869.0#288_49666.0#49666.0#288_51354.0#51354.0#288 46929.0#46929.0#128_48190.0#48190.0#128_49826.0#49826.0#128_51440.0#51440.0#128
52000 56000 0.0 722.1524023437523 323.7888136137397 993.7400000000052 18.673095703125 188.35655973926896 181.63668671724895 5607.04834950801 5607.04834950801 257.0241902879212 6.7198730220200105 340863.7274915822 260211.5963653127 288.0 128.0 51354.0#51354.0#288_52710.0#52710.0#288_54055.0#54055.0#288 51440.0#51440.0#128_52937.0#52937.0#128_54116.0#54116.0#128
56000 60000 0.0 737.1367270507799 297.9443988752744 987.5929999999935 59.452005859377095 159.99960240391377 154.0327780566882 4984.947620370849 4984.947620370849 203.15246131707545 5.966824347225586 271096.098184367 184999.53310178398 288.0 128.0 54055.0#54055.0#288_56500.0#56500.0#288_58259.0#58259.0#288 56576.0#56576.0#128_58441.0#58441.0#128
60000 64000 37.593355468750815 638.260036132813 351.2896691310503 999.6000000000058 35.22998046875 188.59747111330523 180.5759845002765 6690.467367037683 6690.467367037683 245.63459189734743 8.021486613028722 328288.6700792924 292818.15759353014 288.0 128.0 58259.0#58259.0#288_60429.0#60429.0#288_61691.0#61691.0#288_62936.0#62936.0#288 60444.0#60444.0#128_61943.0#61943.0#128_63323.0#63323.0#128
64000 68000 231.1799589843722 550.9020600585945 393.58160516425943 997.5280000000057 11.600939453128376 175.95521424113878 169.50652192638205 5397.0042648658755 5397.0042648658755 220.09999051679475 6.359699406095238 290333.13594988675 230416.18255548275 288.0 128.0 62936.0#62936.0#288_64863.0#64863.0#288_66858.0#66858.0#288_67657.0#67657.0#288 63323.0#63323.0#128_64888.0#64888.0#128_66868.0#66868.0#128_67940.0#67940.0#128
68000 72000 33.20021679686033 779.6997166341195 295.6661455838554 998.2920000000158 74.202880859375 191.8692381991395 182.30624147415054 7978.580747725592 7978.580747725592 265.8109910360272 9.651989633650453 351530.7687059189 323853.12573814404 288.0 128.0 67657.0#67657.0#288_68766.0#68766.0#288_69634.0#69634.0#288_70917.0#70917.0#288 67940.0#67940.0#128_68901.0#68901.0#128_69937.0#69937.0#128_71286.0#71286.0#128
72000 76000 0.0 786.711006184898 265.17029896863954 996.3139999999985 39.19091796876455 99.32274730129025 95.84692390410446 2919.285609359095 2919.285609359095 154.1321320702692 3.475823397185813 208360.16394737785 144767.52677170583 288.0 128.0 70917.0#70917.0#288_74164.0#74164.0#288 74444.0#74444.0#128
76000 80000 16.019933593765018 677.5718469050514 306.74417716510845 998.3120000000054 131.5458984375 157.08535700950955 150.6242086109176 5369.016945067107 5369.016945067107 193.43393316055685 6.4611483985919635 255034.13203270882 194350.1556721252 288.0 128.0 74164.0#74164.0#288_76132.0#76132.0#288_77793.0#77793.0#288_79076.0#79076.0#288 74444.0#74444.0#128_76289.0#76289.0#128
80000 84000 75.36441015625314 634.2010701904301 412.10222009983613 987.8010000000068 0.0 162.66144088077496 156.0325987065827 5527.544185575879 5423.768819073759 246.45787707003325 6.628842174192245 330162.2224089992 260221.09920221337 288.0 128.0 79076.0#79076.0#288_81248.0#81248.0#288_83409.0#83409.0#288 76289.0#76289.0#128_80074.0#80074.0#128_81298.0#81298.0#128_82941.0#82941.0#128_83777.0#83777.0#128
84000 88000 0.0 685.9816887207026 374.5616091885177 994.1820000000007 26.4169921875 156.48989953292772 147.63278882477823 7359.646276078491 5823.421642580612 224.8674708955414 8.857110708149499 294243.5907652979 228955.3290463157 288.0 128.0 83409.0#83409.0#288_84879.0#84879.0#288_86871.0#86871.0#288 83777.0#83777.0#128_85444.0#85444.0#128_86937.0#86937.0#128
88000 92000 0.0 604.3088105468804 365.72731108352326 999.3680000000022 50.72607421876455 177.41380181550826 171.38375399422355 5027.0291505775895 5027.0291505775895 207.88092830166207 6.03004782128475 277060.0414422938 215886.61310566583 288.0 128.0 84879.0#84879.0#288_86871.0#86871.0#288_88749.0#88749.0#288_90738.0#90738.0#288 86937.0#86937.0#128_88938.0#88938.0#128_90941.0#90941.0#128
92000 96000 0.0 674.5765020926358 393.37622581570895 999.7370000000083 33.478000000002794 155.8278563476688 149.28082884707308 5449.477833341838 5449.477833341838 191.4182864574109 6.547027500595729 251265.35929440625 227209.7059346571 288.0 128.0 88749.0#88749.0#288_90738.0#90738.0#288_92734.0#92734.0#288_94226.0#94226.0#288 90941.0#90941.0#128_92939.0#92939.0#128_94444.0#94444.0#128
96000 100000 1175.7648886718816 806.6409130859374 245.93380585362607 991.412109375 384.53800000000047 154.23899666231972 146.36582560478962 6576.587482481784 6576.587482481784 229.30593003808056 7.873171057530118 306351.1894980967 282551.1894980967 288.0 128.0 94226.0#94226.0#288_96081.0#96081.0#288_99021.0#99021.0#288_99537.0#99537.0#288 96189.0#96189.0#128_99078.0#99078.0#128_99739.0#99739.0#128
100000 104000 152.79895117187698 680.29088902699 397.3159667080325 992.9940000000206 6.501890625004307 217.20661530143184 207.07978635896197 8470.412517518216 8470.412517518216 328.4488427984495 9.126828942469881 440215.86171962466 438815.86171962466 288.0 128.0 99537.0#99537.0#288_100129.0#100129.0#288_100828.0#100828.0#288_101540.0#101540.0#288_102480.0#102480.0#288 99739.0#99739.0#128_100358.0#100358.0#128_100940.0#100940.0#128_101580.0#101580.0#128_102489.0#102489.0#128
104000 108000 299.71186718747776 680.7729335937523 376.82276193421427 994.085000000021 52.67529296875 145.73924583644646 136.60990691280867 7599.69758784721 5939.69758784721 240.66155686030433 9.1293389236378 319502.99306311295 316702.99306311295 480.0 128.0 104340.0#104340.0#480_104341.0#104341.0#480_105947.0#105947.0#480_107946.0#107946.0#480 104338.0#104338.0#128_105945.0#105945.0#128_107944.0#107944.0#128
108000 112000 961.957416015648 601.3139711914046 378.8854303182673 989.1600000000035 61.57399999999325 165.11584666231877 157.71550696682118 6179.090081921568 6179.090081921568 294.0224863788922 8.40033969549757 393789.184743529 393789.184743529 480.0 128.0 107946.0#107946.0#480_109445.0#109445.0#480_111453.0#111453.0#480 107944.0#107944.0#128_109443.0#109443.0#128_111448.0#111448.0#128
112000 116000 1564.0048906249867 516.840696428574 452.5095122864904 997.0219999999972 8.343910156254424 170.50026384480591 164.01302073329504 5411.426583974067 5411.426583974067 256.68823483502086 6.487243111510875 354529.9717927774 354529.9717927774 480.0 128.0 111453.0#111453.0#480_112951.0#112951.0#480_114947.0#114947.0#480 112946.0#112946.0#128_114944.0#114944.0#128
116000 120000 2618.500949218753 401.4142382812497 430.2512720802616 855.3330000000133 24.73399999999674 74.64464365642888 70.66156538707511 3306.785746257155 3306.785746257155 107.62772192578264 3.983078269353756 148198.85040058056 148198.85040058056 480.0 128.0 116457.0#116457.0#480 116451.0#116451.0#128
120000 124000 3544.031982421875 285.6667988281212 200.5014520769293 403.89111328125 54.165283203125 27.04768401465124 24.53001196065216 2075.3077531029357 2075.3077531029357 47.324574626131714 2.517672053999083 58708.62127196278 58708.62127196278 480.0 128.0 123595.0#123595.0#480 123943.0#123943.0#128
124000 128000 0.0 786.3957356770859 189.78918656809907 995.6559999999881 445.423095703125 267.7503316200723 255.51995801279753 10243.496005421217 10243.496005421217 468.9597712426252 12.230373607274778 634580.7618002851 634580.7618002851 480.0 128.0 123595.0#123595.0#480_124536.0#124536.0#480_125472.0#125472.0#480_126424.0#126424.0#480_127307.0#127307.0#480 123943.0#123943.0#128_124703.0#124703.0#128_125571.0#125571.0#128_126436.0#126436.0#128_127432.0#127432.0#128
128000 132000 1163.3379765624995 406.6618715277776 333.1315294987326 995.122000000003 10.679931640625 165.33370995068915 160.35700246366994 4149.860893705693 4149.860893705693 276.9907120393843 4.976707487019182 381312.32811017614 375649.32811017614 480.0 128.0 127307.0#127307.0#480_128188.0#128188.0#480_129987.0#129987.0#480_131988.0#131988.0#480 128344.0#128344.0#128_130440.0#130440.0#128_131987.0#131987.0#128
132000 136000 903.0547265624919 411.36706228298783 447.8850912331402 999.9729999999981 8.946044921875 162.7902282062875 154.4755973543376 6922.457291974479 6922.457291974479 280.0709597306672 7.340531762275412 381089.88949429296 381089.88949429296 750.0 128.0 131988.0#131988.0#480_133962.0#133962.0#840_133964.0#133964.0#840_135960.0#135960.0#840 131987.0#131987.0#128_133960.0#133960.0#128_135959.0#135959.0#128
136000 140000 837.68115234375 466.16474435763666 426.02776906870196 993.7639999999956 0.0 167.92269032780396 163.6985537395463 3527.7319045454215 3527.7319045454215 300.21151030594973 5.1982356779321455 412335.9611645205 396935.9611645205 660.0 128.0 135960.0#135960.0#840_137983.0#137983.0#480 135959.0#135959.0#128_138451.0#138451.0#128
140000 144000 78.29111328127328 649.8651266741051 402.3327155905151 997.948000000004 77.2080078125 135.25008227663582 128.43623470523295 5668.212773729097 5668.212773729097 233.8640293272325 6.813847571402902 315081.11693468824 308081.11693468824 480.0 128.0 140432.0#140432.0#480_141979.0#141979.0#480_143995.0#143995.0#480 140437.0#140437.0#128_142444.0#142444.0#128
144000 148000 17.714123046869645 640.0843361545153 383.437647955724 996.6320000000123 23.253999999986263 226.0373455328833 218.8267438037817 6034.876957739336 6034.876957739336 347.1994327151456 7.210601729101601 478596.1682601678 462940.4409025137 480.0 128.0 143995.0#143995.0#480_145962.0#145962.0#480_146743.0#146743.0#480 144438.0#144438.0#128_146437.0#146437.0#128_147773.0#147773.0#128
148000 152000 338.84305273438804 634.0669850260407 353.2859271529144 999.2690000000002 8.4208984375 136.14733237011984 129.42683546218117 5592.176996011499 5592.176996011499 227.1240881439123 6.72049690793863 308932.5035971897 285454.2309548438 480.0 128.0 148045.0#148045.0#480_150176.0#150176.0#480 148440.0#148440.0#128_150985.0#150985.0#128
152000 156000 62.10554296875489 815.5410169270812 265.15153901291757 994.875 387.74299999998766 142.72059570085685 135.72906249780058 5835.879423770321 5835.879423770321 229.25492186895158 6.991533203056268 304499.64936671697 304499.64936671697 480.0 128.0 152034.0#152034.0#480_153963.0#153963.0#480_155955.0#155955.0#480 152441.0#152441.0#128_154444.0#154444.0#128
156000 160000 1493.2699570312398 613.4341666666636 325.0444621385924 993.8859999999986 23.904999999998836 139.0 134.0 4161.0 4161.0 221.0 5.0 301763.0 300650.0 480.0 128.0 155955.0#155955.0#480_158025.0#158025.0#480 156445.0#156445.0#128_158438.0#158438.0#128
160000 164000 3960.024000000005 39.97599999999511  39.97599999999511 39.97599999999511 2.0 1.0 820.0 820.0 4.0 1.0 2913.0 2913.0 0.0 0.0 - -
164000 168000 1968.5510390624986 890.1505292968795 100.28159945826104 990.6140000000014 762.9929999999877 163.9237307026609 157.0719754448699 5697.439972397367 5697.439972397367 211.8522343689221 6.851755257790969 279391.3545466985 279391.3545466985 480.0 128.0 166050.0#166050.0#480_167137.0#167137.0#480 166438.0#166438.0#128_167372.0#167372.0#128
168000 172000 24.19967187498696 735.8072596028724 339.7776622622463 998.1639999999898 4.916966796881752 331.8936200748579 320.3029888642376 9703.357368614075 9703.357368614075 511.87181585208486 11.5906312106203 690861.3981576217 624897.3981576217 480.0 128.0 167137.0#167137.0#480_168164.0#168164.0#480_169091.0#169091.0#480_169993.0#169993.0#480_171107.0#171107.0#480 168298.0#168298.0#128_169555.0#169555.0#128_170233.0#170233.0#128_171148.0#171148.0#128
172000 176000 936.1800566406164 507.39223632812667 384.2222275050632 999.4839999999967 97.33371093749884 174.92231340985145 170.26362787319866 3872.2042152474332 3872.2042152474332 272.27135822969444 3.7597575417168496 374930.8618524095 330057.8618524095 480.0 128.0 171107.0#171107.0#480_172072.0#172072.0#480_174029.0#174029.0#480 172081.0#172081.0#128_174441.0#174441.0#128
176000 180000 124.89977929682937 774.7243152901855 274.4839039036912 999.3250000000116 379.62109375 148.71840519866527 142.43524727194762 5239.751586437771 5239.751586437771 246.3787997074051 7.1820859216536 329779.27610978374 307463.28859343135 480.0 128.0 176022.0#176022.0#480_178039.0#178039.0#480 176439.0#176439.0#128_178448.0#178448.0#128
180000 184000 39.48234570308705 766.6717137276844 305.56170464358297 998.5010000000184 188.32399999999325 141.501215953278 134.8917096790115 5515.04477642641 5515.04477642641 235.5944728721347 6.60950627426651 315018.82296486496 299496.95797446324 480.0 128.0 180017.0#180017.0#480_182003.0#182003.0#480_183972.0#183972.0#480 178448.0#178448.0#128_180436.0#180436.0#128_182437.0#182437.0#128
184000 188000 1084.7037324218545 608.4244550781316 405.79689941845214 999.3880000000063 3.005910156236496 161.47183774779998 156.37528124102943 4242.138252357536 4242.138252357536 253.15766312344863 4.186849219589321 345667.2033974673 311546.05590422143 480.0 128.0 183972.0#183972.0#480_186039.0#186039.0#480 184441.0#184441.0#128_186440.0#186440.0#128
188000 192000 101.64002929686103 881.4511207682275 130.3134793712491 993.4020000000019 698.4750000000058 151.56887691288654 144.65916962570532 5767.06382851941 5767.06382851941 237.8736558463102 6.819414574362449 321711.0829711542 303532.0829711542 480.0 128.0 188014.0#188014.0#480_189997.0#189997.0#480_191973.0#191973.0#480 188441.0#188441.0#128_190442.0#190442.0#128
192000 196000 976.8752226562647 701.3870179036458 330.15990276887436 993.8089999999793 129.9851074219332 134.17196841929655 129.9112203930905 3557.5512357641105 3557.5512357641105 234.69066907444736 5.260748026206033 319058.62173101853 319058.62173101853 480.0 128.0 191973.0#191973.0#480_193965.0#193965.0#480 192438.0#192438.0#128_194439.0#194439.0#128
196000 200000 736.0729082031467 606.5171448102586 369.49110002928893 996.6609999999928 107.59912109375 136.7301260224391 129.88193861660656 5697.063462580326 5697.063462580326 225.331390673101 5.957122837871106 302847.21680415206 302847.21680415206 480.0 128.0 196023.0#196023.0#480_198056.0#198056.0#480_199960.0#199960.0#480 196439.0#196439.0#128_198443.0#198443.0#128
200000 204000 844.5839589843526 670.5046467014051 392.77021960512843 998.3060000000405 0.0 179.96425883634572 172.81014814524474 5989.845106922944 5989.845106922944 337.81501579373054 8.045175259062393 459521.8548347171 459521.8548347171 480.0 128.0 199960.0#199960.0#480_200503.0#200503.0#480_201958.0#201958.0#480_203951.0#203951.0#480 200441.0#200441.0#128_200936.0#200936.0#128_202437.0#202437.0#128
204000 208000 832.6230976562074 581.4827170759048 388.1290826083816 997.9759999999951 90.3349609375 125.7582002658412 118.93074454263856 5679.652247506372 5679.652247506372 233.85558139780434 5.917957569544781 316216.75738186116 299416.75738186116 480.0 128.0 203951.0#203951.0#480_205989.0#205989.0#480 204437.0#204437.0#128_206447.0#206447.0#128
208000 212000 119.10096093744505 801.1806731770921 266.5359795166999 997.5570000000007 404.09500000000116 126.37544645607747 119.46594830241963 5766.887947226247 5766.887947226247 228.30734306091674 6.818996307315688 309943.54924825113 300143.54924825113 480.0 128.0 208028.0#208028.0#480_210020.0#210020.0#480_211972.0#211972.0#480 208443.0#208443.0#128_210442.0#210442.0#128
212000 216000 1026.6700566406362 613.0574889322888 383.8099449620036 995.6990000000224 91.60693359375 116.39821524249432 111.30597619470608 4238.573039189912 4238.573039189912 230.2868847752712 5.184478095576486 312116.6576970691 312116.6576970691 480.0 128.0 211972.0#211972.0#480_214031.0#214031.0#480 212443.0#212443.0#128_214443.0#214443.0#128
216000 220000 126.14593359379796 778.4275110677069 296.6237891081337 998.25 385.41500000003725 118.60178475750568 111.69402380529392 5765.426960810088 5765.426960810088 226.7131152247288 6.815521904423514 301796.3423029309 301796.3423029309 480.0 128.0 216026.0#216026.0#480_218030.0#218030.0#480_219979.0#219979.0#480 216439.0#216439.0#128_218440.0#218440.0#128
220000 224000 2969.067869140592 283.7868203125021 340.8835919854694 790.6570000000065 23.60498046875 58.6007272641349 56.43571259309509 1797.2247178602788 1797.2247178602788 113.38255160013603 3.165014671039806 156661.78147047944 156661.78147047944 480.0 128.0 219979.0#219979.0#480_223975.0#223975.0#480 220443.0#220443.0#128
224000 228000 752.7458632811904 593.9519904513986 395.5043331312904 996.3130000000237 0.0 198.6706197953196 190.5686752751435 6767.48489044453 6767.48489044453 354.6306120045797 8.1019445201761 476471.1181372285 463871.1181372285 480.0 128.0 223975.0#223975.0#480_224819.0#224819.0#480_225957.0#225957.0#480 224439.0#224439.0#128_225133.0#225133.0#128_226438.0#226438.0#128
228000 232000 591.127398437442 637.5699810267917 378.6197086616975 996.6480000000156 102.5048828125 128.90474420875708 122.06808000624862 5687.437665817378 5687.437665817378 229.03322716854078 5.940287596232815 308938.8495348809 293538.8495348809 480.0 128.0 228036.0#228036.0#480_230046.0#230046.0#480_231952.0#231952.0#480 228438.0#228438.0#128_230439.0#230439.0#128
232000 236000 137.83841015628423 679.7518741629485 382.85587308051606 995.9429999999993 0.552001953125 112.8427965849595 106.94586445359059 4915.319922481251 4915.319922481251 220.00027333457788 6.793308737644546 293518.68237913563 293518.68237913563 480.0 128.0 231952.0#231952.0#480_233965.0#233965.0#480 232444.0#232444.0#128_234451.0#234451.0#128
236000 240000 472.6398320313019 631.3697561383805 303.84670125864955 993.1059980468708 130.227294921875 123.28401920982029 118.00933247966427 4409.983875253465 4409.983875253465 226.94434859328018 5.274686730156013 307364.60537945747 303164.60537945747 480.0 128.0 236021.0#236021.0#480_238022.0#238022.0#480 236440.0#236440.0#128_238439.0#238439.0#128
240000 244000 251.96316992182983 834.6309420572943 133.3603521256896 988.4029999999912 639.845947265625 164.52075912618855 156.96341167457786 6295.514679690323 6295.514679690323 239.08823068661542 7.557347451610713 316790.9118217913 292287.9118217913 480.0 128.0 238022.0#238022.0#480_240346.0#240346.0#480_242352.0#242352.0#480 240376.0#240376.0#128_242643.0#242643.0#128
244000 248000 1073.0170097656082 563.9422843191923 398.3592572059218 997.5810000000056 58.45105273439549 142.84207887299866 137.57213992362102 4386.260848348628 4386.260848348628 231.123049111281 4.372467605615281 312128.2261575989 297825.2261575989 480.0 128.0 244029.0#244029.0#480_246050.0#246050.0#480 244449.0#244449.0#128_246443.0#246443.0#128
248000 252000 49.710035156225786 727.1983679199184 348.1264724582064 995.640000000014 91.202880859375 205.3638636240755 197.37458595648724 6673.982518441712 6673.982518441712 344.32582605471123 7.978555335176486 465385.48571189644 446931.48571189644 480.0 128.0 248031.0#248031.0#480_248886.0#248886.0#480_250111.0#250111.0#480 248438.0#248438.0#128_248937.0#248937.0#128_250133.0#250133.0#128
252000 256000 786.5471425781143 600.3540092075958 384.6506639671284 998.2090000000317 107.1689453125 135.11837399124101 129.10162918825674 5016.082379309792 5016.082379309792 232.1559715910918 6.033489605968589 313556.84253087925 291156.84253087925 480.0 128.0 252021.0#252021.0#480_253956.0#253956.0#480_255949.0#255949.0#480 252444.0#252444.0#128_254440.0#254440.0#128
256000 260000 135.57500390626956 692.3808755580269 376.97654137913025 999.1869999999763 12.47607421875 123.3013186414574 117.39738917607446 4921.204680387061 4921.204680387061 226.2769154540566 6.795378338572775 303643.6330089087 275643.6330089087 480.0 128.0 255949.0#255949.0#480_258029.0#258029.0#480 256442.0#256442.0#128_258439.0#258439.0#128
260000 264000 594.1082539061899 614.6621336495571 440.591196242991 996.960000000021 65.79200000001583 126.06628359005094 119.9753646260969 5078.4628486853435 5078.4628486853435 229.6211575613437 5.194318520101195 311033.7033404243 309633.7033404243 480.0 128.0 260016.0#260016.0#480_262044.0#262044.0#480_263958.0#263958.0#480 260440.0#260440.0#128_262447.0#262447.0#128
264000 268000 697.485343749926 601.8362806919696 401.4333385034244 994.908000000054 92.573974609375 138.45939022310648 132.46982180637522 4993.227038471003 4993.227038471003 231.15682629035865 5.979136833462551 312383.7516364143 296343.35517814604 480.0 128.0 263958.0#263958.0#480_266024.0#266024.0#480 264440.0#264440.0#128_266441.0#266441.0#128
268000 272000 2056.39627148438 637.5512563476514 427.56380990292917 990.2170000000042 43.48999999999069 88.02502486789008 84.11799284076852 3242.8139348092363 3242.8139348092363 150.2610105494271 4.81406405424313 203819.40889090492 143390.80534917317 480.0 128.0 268043.0#268043.0#480 268442.0#268442.0#128
272000 276000 3961.6290000000154 38.37099999998463  38.37099999998463 38.37099999998463 2.0 1.0 820.0 820.0 4.0 1.0 2911.0 2911.0 0.0 0.0 - -
276000 280000 47.06529296876397 827.3795257161497 326.80857544183084 996.6300000000047 110.638916015625 307.01439154103923 292.71363738509297 12382.750482726884 12382.750482726884 487.2269626946608 15.26358520646968 650179.303215971 618391.303215971 480.0 128.0 276063.0#276063.0#480_276985.0#276985.0#480_277828.0#277828.0#480_278843.0#278843.0#480_279675.0#279675.0#480 276441.0#276441.0#128_277191.0#277191.0#128_277937.0#277937.0#128_278939.0#278939.0#128_279861.0#279861.0#128
280000 284000 191.38817187497625 588.7798691406381 399.0029264218562 982.1120000000228 4.271083984349389 181.98560845896077 173.28636261490698 6430.249517273116 6430.249517273116 340.77303730533924 8.73641479353032 454036.69678402896 445018.69678402896 480.0 128.0 279675.0#279675.0#480_280647.0#280647.0#480_281958.0#281958.0#480_283960.0#283960.0#480 279861.0#279861.0#128_280818.0#280818.0#128_282442.0#282442.0#128
284000 288000 1088.8708339844015 659.8310192057301 346.622288311607 993.3989999999758 91.068115234375 134.2632079327279 129.16997342036424 4239.410224897833 4239.410224897833 233.29787160036526 4.186469024727309 315945.1835588789 315945.1835588789 480.0 128.0 283960.0#283960.0#480_286012.0#286012.0#480 284440.0#284440.0#128_286442.0#286442.0#128
288000 292000 583.3259296874749 617.5831409040339 410.81273641627837 997.5 92.3291015625 133.16536310940185 127.16593353954579 5001.520268248954 5001.520268248954 233.20791905943236 5.998859139712138 315686.7264878148 300286.7264878148 480.0 128.0 288025.0#288025.0#480_290019.0#290019.0#480_291966.0#291966.0#480 288444.0#288444.0#128_290442.0#290442.0#128
292000 296000 118.27010156249162 773.4638164062538 307.7866259623047 998.685999999987 346.6730000000098 108.57142895787024 102.66409304008997 4924.069506853213 4924.069506853213 208.49420934020242 6.814671835560553 279562.0899533063 279562.0899533063 480.0 128.0 291966.0#291966.0#480_294016.0#294016.0#480 292441.0#292441.0#128_294450.0#294450.0#128
