ts te idle avg_span std_span max_span min_span c_ack_cnt c_ack_cnt_p c_bytes_all c_bytes_uniq s_ack_cnt s_ack_cnt_p s_bytes_all s_bytes_uniq avg_video_rate avg_audio_rate video_requests_sequence audio_requests_sequence
0 4000 4000.0 0.0 0.0 0.0 0.0 0.0 0.0 0.0 0.0 0.0 0.0 0.0 0.0 0.0 0.0 - -
4000 8000 2433.801115234375 446.36616341145844 298.47324315235886 999.1419999999998 149.4130859375 378.5176883790878 364.5779704344138 13021.029361752167 13021.029361752167 593.4532123484973 22.87943588934798 897977.5534570805 733517.2661517683 2300.0 128.0 6667.0#6667.0#2300_6668.0#6668.0#2300_7834.0#7834.0#2300 6664.0#6664.0#128_6665.0#6665.0#128_7850.0#7850.0#128
8000 12000 38.82881445312523 670.2919051846591 339.33053594429697 997.7129999999997 96.90991406250032 1149.4516052852637 1136.2270070192103 10314.963562371262 10314.963562371262 1619.1525337075675 22.84477994309447 2555143.77307902 2093164.6301519398 1633.3333333333333 128.0 7834.0#7834.0#2300_8981.0#8981.0#1500_8983.0#8983.0#1500_9743.0#9743.0#1500_10586.0#10586.0#1500_11419.0#11419.0#1500 9051.0#9051.0#128_9849.0#9849.0#128_10648.0#10648.0#128_11426.0#11426.0#128
12000 16000 0.0 628.2297414772726 376.377796741802 963.900999999998 25.45307226562727 1007.1968362801107 994.778087518607 10308.951002828366 10308.951002828366 1541.1434488606285 22.441914112019703 2515264.1324479175 1900083.5626803096 1500.0 128.0 11419.0#11419.0#1500_12011.0#12011.0#1500_12805.0#12805.0#1500_13557.0#13557.0#1500_14372.0#14372.0#1500_15066.0#15066.0#1500 12133.0#12133.0#128_12858.0#12858.0#128_13659.0#13659.0#128_14422.0#14422.0#128_15177.0#15177.0#128
16000 20000 3.2957851562605356 595.034444010414 353.89534577076444 999.3329999999914 0.0 821.9086947832493 814.3959263091142 6271.085859091133 6271.085859091133 1002.2336136702544 15.025536948269963 1638824.9813289244 1633272.9813289244 3000.0 128.0 16360.0#16360.0#3000_16361.0#16361.0#3000_18360.0#18360.0#3000_19734.0#19734.0#3000 16358.0#16358.0#128_18360.0#18360.0#128_19866.0#19866.0#128
20000 24000 794.7050058593741 573.2318710937478 364.68298330306436 998.2180000000008 86.5029296875 609.0198749345568 602.1157083809229 5764.970213957074 5764.970213957074 928.5414564520485 13.808333107267883 1696983.9181425353 1695115.0864955669 3000.0 128.0 19734.0#19734.0#3000_21867.0#21867.0#3000_23362.0#23362.0#3000 21865.0#21865.0#128_23360.0#23360.0#128
24000 28000 4.333974609384313 799.5440618489569 217.79719904872132 999.6399999999921 519.885000000002 684.3674907688244 678.3674907688244 5004.0 5004.0 985.0275264920912 12.0 1898279.0722030008 1890431.9038499694 3000.0 128.0 23362.0#23362.0#3000_25365.0#25365.0#3000_26914.0#26914.0#3000 25362.0#25362.0#128_26921.0#26921.0#128
28000 32000 634.4101835937472 512.6137229003898 408.80887273458177 999.6580000000031 28.125699218748196 638.5822469661197 630.9949878008235 6321.425107195817 6321.425107195817 968.6422729117696 12.293629582648082 1851911.469336186 1849135.469336186 4050.0 128.0 26914.0#26914.0#3000_28707.0#28707.0#4400_28708.0#28708.0#4400_30702.0#30702.0#4400 28706.0#28706.0#128_30700.0#30700.0#128
32000 36000 15.185101562507043 639.9552712053555 367.8630198317799 996.1299999999974 237.73599999999715 903.401542521086 897.6880754181317 4763.17043276938 4763.17043276938 1260.8136482767118 10.007096685602157 2233180.4145799074 2162534.4145799074 4400.0 128.0 30702.0#30702.0#4400_32707.0#32707.0#4400_34704.0#34704.0#4400 32705.0#32705.0#128_34702.0#34702.0#128
36000 40000 36.15096484374226 637.6821453683048 363.22033247207685 999.362000000001 246.65000000000146 754.3660690904006 748.3559778908622 5012.27478362154 5012.27478362154 1133.8048289054943 10.010091199538463 2248085.201055033 2243152.1278285794 4400.0 128.0 34704.0#34704.0#4400_36707.0#36707.0#4400_38694.0#38694.0#4400 36707.0#36707.0#128_38692.0#38692.0#128
40000 44000 31.49628125000163 598.6937397460933 360.71083837827314 999.7359999999899 183.44091796875 739.7474964256884 733.6908812760462 5054.098748881016 5054.098748881016 1071.0372162244535 10.056615149642324 2113523.1239768127 2088410.197203266 4400.0 128.0 38694.0#38694.0#4400_40700.0#40700.0#4400_42813.0#42813.0#4400 40698.0#40698.0#128_42747.0#42747.0#128
44000 48000 3.0361777343787253 644.773306640626 390.8548009373322 999.9349999999977 199.0500000000029 746.2535790192186 740.021867553363 5196.320516660256 5196.320516660256 1090.3385450194057 9.93213942421235 2261484.3698431794 2259821.1458679754 4400.0 128.0 42813.0#42813.0#4400_44755.0#44755.0#4400_46701.0#46701.0#4400 44752.0#44752.0#128_46701.0#46701.0#128
48000 52000 7.373462890624069 653.981411272321 353.67644824406193 999.2859999999928 233.81200000000536 751.5198557583738 745.5159727488242 5007.222897926019 5007.222897926019 1105.6930048920303 10.00194150477471 2141182.3015269306 2120909.5255021346 4400.0 128.0 46701.0#46701.0#4400_48694.0#48694.0#4400_50790.0#50790.0#4400 48693.0#48693.0#128_50721.0#50721.0#128
52000 56000 54.27799414061883 631.6458710937524 362.96052957715307 996.7869999999966 228.00100000000384 779.2683957550352 773.3011523251326 4976.81204681902 4976.81204681902 1128.1052128087604 9.983621714951216 2236287.9251457443 2216911.9251457443 4400.0 128.0 50790.0#50790.0#4400_52693.0#52693.0#4400_54720.0#54720.0#4400 52692.0#52692.0#128_54717.0#54717.0#128
56000 60000 6.305791015620343 649.8321219308044 351.4228850332765 999.948000000004 246.69100000000617 874.6518150120148 868.640472998132 5013.413871522684 5013.413871522684 1250.3679468009286 10.005671006941377 2325788.5684479107 2275975.9293474955 4400.0 128.0 54720.0#54720.0#4400_56699.0#56699.0#4400_58711.0#58711.0#4400 56698.0#56698.0#128_58710.0#58710.0#128
60000 64000 40.35769726561557 664.3218588169651 339.74545043987524 999.4780000000028 230.69800000000396 794.7383547443968 788.3199672810182 5361.261594604269 5361.261594604269 1138.9858114098272 10.709193731689318 2174389.0735826516 2154963.367183216 4400.0 128.0 58711.0#58711.0#4400_60699.0#60699.0#4400_62712.0#62712.0#4400 60698.0#60698.0#128_62709.0#62709.0#128_62853.0#62853.0#128
64000 68000 5.8831445312389405 630.7054418402791 356.1019927862181 999.3849999999948 28.970000000001164 877.2371581712382 869.8882026596854 6132.143519473322 6132.143519473322 1297.1747113189188 14.0 2468191.0030149133 2439440.3485147646 3350.0 128.0 62712.0#62712.0#4400_64558.0#64558.0#3000_65886.0#65886.0#3000_66954.0#66954.0#3000 66076.0#66076.0#128_67163.0#67163.0#128
68000 72000 35.35475390621286 637.3138683035775 362.32070994646386 999.5599999999977 248.73099999999977 726.0565120065781 719.8047965267826 5216.413403345822 5216.413403345822 1088.0873360812388 10.300335495674183 2099629.2380616325 2091287.270981309 3933.3333333333335 128.0 66954.0#66954.0#3000_68696.0#68696.0#4400_70701.0#70701.0#4400 68694.0#68694.0#128_70696.0#70696.0#128
72000 76000 13.385011718739406 638.1049983258937 368.0665650237326 997.5599999999977 226.0789999999979 743.4601888733613 738.0608598647096 4505.443077180855 4505.443077180855 1081.4544711533595 9.699664504325817 2100867.83030146 2066422.7973817834 4400.0 128.0 70701.0#70701.0#4400_72695.0#72695.0#4400_74691.0#74691.0#4400 72694.0#72694.0#128_74689.0#74689.0#128
76000 80000 7.444999999977881 664.842308035717 335.8817318911283 997.2580000000016 287.05810546876455 929.3604864078961 922.7718382396287 5492.577979662062 5492.577979662062 1308.3574556537446 10.294324084133772 2372003.925963719 2335225.22950472 4400.0 128.0 74691.0#74691.0#4400_76833.0#76833.0#4400_78712.0#78712.0#4400 76754.0#76754.0#128_78709.0#78709.0#128
80000 84000 7.864039062536904 669.7705591517796 338.8154489667582 999.8139999999985 231.44600000001083 696.7343756432002 691.3230238114677 4515.422020337938 4515.422020337938 1002.4151915091629 9.705675915866227 2021600.7723081359 1993759.468767135 4400.0 128.0 78712.0#78712.0#4400_80690.0#80690.0#4400_82986.0#82986.0#4400 80687.0#80687.0#128_82855.0#82855.0#128
84000 88000 7.913070312497439 700.7331328125064 297.29877074447 999.7020000000193 351.27294921876455 911.5634459652516 905.5634459652516 5004.0 5004.0 1267.6223482038752 10.0 2454401.7111004437 2410301.172208277 4400.0 128.0 82986.0#82986.0#4400_84963.0#84963.0#4400_86770.0#86770.0#4400 84758.0#84758.0#128_86768.0#86768.0#128
88000 92000 31.50893554688082 632.4544394531196 347.84844958853176 999.6319999999978 220.676025390625 790.452184583429 784.452184583429 5004.0 5004.0 1105.7118656105195 10.0 2086903.952645164 2034495.4915373307 4400.0 128.0 86770.0#86770.0#4400_88698.0#88698.0#4400_90941.0#90941.0#4400 88698.0#88698.0#128_90700.0#90700.0#128
92000 96000 5.350015625008382 642.7065786830333 372.29590855975965 999.7299999999959 129.08799999998882 831.4970265625601 824.9024164745115 5497.5263730804045 5497.5263730804045 1205.7033136633327 10.29730504402434 2417631.685668811 2388933.7510588593 4400.0 128.0 90941.0#90941.0#4400_92843.0#92843.0#4400_94707.0#94707.0#4400 92747.0#92747.0#128_94705.0#94705.0#128
96000 100000 31.22280078123731 638.1208532366082 366.30222008894543 999.9140000000043 231.64999999999418 850.1008314517832 844.1024643166888 5002.644722128235 5002.644722128235 1172.7480090009637 9.99918356754713 2226155.2050262247 2168186.205811849 4400.0 128.0 94707.0#94707.0#4400_96691.0#96691.0#4400_98702.0#98702.0#4400 96687.0#96687.0#128_98701.0#98701.0#128
100000 104000 8.972031249970314 746.9541529017921 325.10284079530646 999.747000000003 248.72000000001572 707.8258845584686 702.0697727979367 4798.081871404719 4798.081871404719 961.7808454696928 10.703511388428531 1934297.834201286 1900221.7680256139 3933.3333333333335 128.0 98702.0#98702.0#4400_100701.0#100701.0#4400_103012.0#103012.0#3000 100699.0#100699.0#128_103361.0#103361.0#128
104000 108000 73.6052109375305 636.5396841517816 355.19302798153393 997.9719999999797 255.66599999999744 600.3307321653774 594.3681330215516 4973.331297937248 4973.331297937248 897.695060727311 10.311688127500739 1753527.3829027156 1747975.3829027156 3000.0 128.0 103012.0#103012.0#3000_104693.0#104693.0#3000_106708.0#106708.0#3000 104855.0#104855.0#128_106854.0#106854.0#128
108000 112000 49.01090234372532 703.6557724609374 298.9147494273926 999.073000000004 268.53899999998976 599.1964622104739 591.2142388031222 5829.423194028358 4989.423194028358 883.1246201732421 10.982223407351658 1633963.0484543238 1561164.0484543238 3000.0 128.0 106708.0#106708.0#3000_108702.0#108702.0#3000_110691.0#110691.0#3000 108857.0#108857.0#128_110859.0#110859.0#128
112000 116000 1972.502126953128 527.080372395833 429.21745378202513 999.2790000000095 0.0 346.90104462582366 341.5294846674923 4560.015128271254 4560.015128271254 471.3992400462676 7.704295704923345 862530.4148974862 840066.1747198894 3000.0 128.0 110691.0#110691.0#3000_114690.0#114690.0#3000_115827.0#115827.0#3000 114854.0#114854.0#128_115856.0#115856.0#128
116000 120000 147.54966992189293 593.8800796440951 389.27458011839764 999.1669999999867 37.0400390625 965.4131898707576 957.0039234426331 7438.084625757025 7438.084625757025 1539.2821076636026 16.113899642186794 2778079.2999805063 2296874.540158103 3000.0 128.0 114690.0#114690.0#3000_115827.0#115827.0#3000_116998.0#116998.0#3000_118695.0#118695.0#3000 115856.0#115856.0#128_117187.0#117187.0#128_118860.0#118860.0#128
120000 124000 1311.1840917968657 494.2702975260424 426.80351156261656 998.0100000000093 0.0 410.12036924939105 405.6630866726112 3715.8678721793167 3715.8678721793167 610.5734867792888 7.32922640893003 1152599.3814972015 1131940.3352385557 3000.0 128.0 118695.0#118695.0#3000_120697.0#120697.0#3000_123520.0#123520.0#3000 120858.0#120858.0#128_123860.0#123860.0#128
124000 128000 3.740125000011176 598.0901889204529 358.02071561189825 998.8379999999888 6.64990234375 830.7750841669267 821.2999460577196 7917.894973195645 7917.894973195645 1270.8611591219505 17.57298392369818 2480873.374315824 2463333.4205744695 3000.0 128.0 123520.0#123520.0#3000_124536.0#124536.0#3000_125836.0#125836.0#3000_126989.0#126989.0#3000 123860.0#123860.0#128_124726.0#124726.0#128_125858.0#125858.0#128_127107.0#127107.0#128
128000 132000 1728.223492187506 635.6190888671845 377.12174968912944 999.6929999999993 300.2392578125 303.33473327846724 299.03654602375383 3566.513548864952 3566.513548864952 445.49302524742717 7.291028647417982 895615.4617747092 895615.4617747092 3000.0 128.0 126989.0#126989.0#3000_130697.0#130697.0#3000 130695.0#130695.0#128
132000 136000 49.30420898433658 567.2627175293019 391.8173170985217 999.9040000000095 55.52294921875 590.6695677862153 584.3141681834402 5302.7017249468245 5302.7017249468245 825.5727019042462 10.713547169471857 1519730.6255760249 1487959.8557427363 3000.0 128.0 132701.0#132701.0#3000_134707.0#134707.0#3000_135943.0#135943.0#3000 132857.0#132857.0#128_134856.0#134856.0#128
136000 140000 36.36591406248044 782.2273823242213 263.0408744009258 999.9800000000105 257.758056640625 925.2058787331576 917.3418056763653 6572.514041114255 6572.514041114255 1327.0776591409326 14.243516229307508 2320401.5290061855 2222155.4026235784 3000.0 128.0 134707.0#134707.0#3000_135943.0#135943.0#3000_137157.0#137157.0#3000_138706.0#138706.0#3000 136107.0#136107.0#128_137279.0#137279.0#128_138855.0#138855.0#128
140000 144000 10.321128906245576 645.5568387276768 361.78586559653473 999.3910000000033 234.22099999999045 604.0814324870287 598.309546242755 4811.698535088658 4811.698535088658 851.8882569686612 10.03429550506178 1648096.3465700503 1633010.0725409726 3466.6666666666665 128.0 138706.0#138706.0#3000_140726.0#140726.0#3000_142707.0#142707.0#4400 140724.0#140724.0#128_142703.0#142703.0#128
144000 148000 32.856335937511176 640.9634754464288 358.66804600260417 999.0929999999935 254.30100000000675 943.0817812320108 937.0657181232834 5017.171749156441 5017.171749156441 1314.039629514324 10.016063108727367 2292423.1472464367 2242264.490342712 4400.0 128.0 142707.0#142707.0#4400_144711.0#144711.0#4400_146690.0#146690.0#4400 144710.0#144710.0#128_146687.0#146687.0#128
148000 152000 29.888042968756054 665.7785474330345 335.78478771766305 999.9510000000009 293.215087890625 871.136030740567 864.859432808279 5236.703962544815 5236.703962544815 1240.2775614839798 9.981915028855381 2295481.7903253036 2237180.438644321 4400.0 128.0 146690.0#146690.0#4400_148695.0#148695.0#4400_150753.0#150753.0#4400 148693.0#148693.0#128_150752.0#150752.0#128
152000 156000 23.929339843714843 652.0266883370558 352.3565610809798 998.2460000000137 251.38099999999395 824.1365129757505 818.7258787826157 4514.826380301846 4514.826380301846 1161.4699408898168 9.705317096567377 2128108.9019877096 2086968.2041990943 4400.0 128.0 150753.0#150753.0#4400_152704.0#152704.0#4400_154710.0#154710.0#4400 152701.0#152701.0#128_154708.0#154708.0#128
156000 160000 470.0789902343531 595.2992993861636 314.03754579593925 999.994000000006 273.4990000000107 738.381095587838 732.0311581601004 5290.948690744877 5290.948690744877 1032.5420900776667 10.0 1856615.1713514738 1804647.9085206701 3466.6666666666665 128.0 154710.0#154710.0#4400_156741.0#156741.0#3000_158687.0#158687.0#3000 156761.0#156761.0#128_158853.0#158853.0#128
160000 164000 84.38204882811988 634.2557073102756 358.8229940594642 999.5040000000445 252.46400000000722 594.8621929506459 588.6199373485296 5209.163717063753 5209.163717063753 841.4314086370969 10.296096514926974 1591615.2330298855 1573360.4446281104 3000.0 128.0 158687.0#158687.0#3000_160691.0#160691.0#3000_162716.0#162716.0#3000 160858.0#160858.0#128_162856.0#162856.0#128
164000 168000 169.6953027343552 607.6954302455373 412.9462722406996 999.2390000000014 38.06396484375 473.12613543509576 467.6407922448974 4576.32019105484 4576.32019105484 693.8773113722832 9.820207815151491 1426770.5540666946 1422700.05150742 3000.0 128.0 162716.0#162716.0#3000_164701.0#164701.0#3000_166701.0#166701.0#3000 164855.0#164855.0#128_166857.0#166857.0#128
168000 172000 14.666503906220896 641.8162907366101 398.24100698922445 999.86599999998 83.02700000000186 830.9681165572799 825.0456527773322 4939.56740113653 4939.56740113653 1043.998913806626 9.883695669921535 1796442.3005728438 1746252.7309829926 3000.0 128.0 166701.0#166701.0#3000_168685.0#168685.0#3000_170700.0#170700.0#3000 168854.0#168854.0#128_170860.0#170860.0#128
172000 176000 680.9908945312491 549.1911579241153 431.5249709510306 998.8420000000042 0.0 516.19360474584 509.8582546964042 5278.987040537384 5278.987040537384 761.9006057345567 10.0 1405140.8737214974 1374364.8737214974 3000.0 128.0 172694.0#172694.0#3000_174690.0#174690.0#3000 172856.0#172856.0#128_174854.0#174854.0#128
176000 180000 51.04520703124581 638.7281132812537 361.089279589898 999.8349999999919 253.4660000000149 545.2834206262454 539.0030731934169 5240.6575672242925 5240.6575672242925 807.1197306126262 10.307848741132176 1544860.386860475 1527070.386860475 3000.0 128.0 174690.0#174690.0#3000_176698.0#176698.0#3000_178688.0#178688.0#3000 176857.0#176857.0#128_178854.0#178854.0#128
180000 184000 177.80322265625 618.7690585937609 402.03253343820154 999.4640000000072 40.34130859375 615.5333739965376 610.0432609857166 4580.283911992315 4580.283911992315 895.4610105560132 9.797961751953252 1702052.2349170954 1675952.2349170954 3000.0 128.0 178688.0#178688.0#3000_180689.0#180689.0#3000_182686.0#182686.0#3000 180855.0#180855.0#128_182858.0#182858.0#128
184000 188000 141.70802734376048 718.6913105468751 293.9687004851881 994.7159999999858 342.07300000003306 831.1556233064464 821.2614337995317 8767.07148024601 8767.07148024601 1219.1245223791088 19.713508191317533 2156161.652779215 2107742.652779215 3000.0 128.0 182686.0#182686.0#3000_184698.0#184698.0#3000_185761.0#185761.0#3000_186933.0#186933.0#3000 184857.0#184857.0#128_185854.0#185854.0#128_187125.0#187125.0#128
188000 192000 23.395462890533963 564.1971069336105 413.9157363542612 999.725000000064 18.364990234404104 601.0758700894326 594.746099899546 5252.787069790474 5252.787069790474 849.480741805263 10.510451505483523 1631704.1983979042 1613740.1983979042 3466.6666666666665 128.0 186933.0#186933.0#3000_188691.0#188691.0#3000_190699.0#190699.0#4400 188688.0#188688.0#128_190697.0#190697.0#128
192000 196000 1963.1537539062556 599.9603310546809 382.69009212546564 998.9519999999902 0.0 442.61657654339524 436.6397200537311 4164.646807441116 4164.646807441116 653.8351259821404 7.976856489664234 1195586.6236051405 1144590.6236051405 4400.0 128.0 190699.0#190699.0#4400_194696.0#194696.0#4400 194694.0#194694.0#128_194856.0#194856.0#128
196000 200000 853.9091640624683 484.77550659181 367.148353315076 999.9800000000396 17.85888671875 602.0856766480808 596.6744138399793 4508.629310429733 4508.629310429733 920.5427971136723 9.429172217263538 1752708.9013661242 1752407.5934663827 3350.0 128.0 194696.0#194696.0#4400_196457.0#196457.0#3000_198688.0#198688.0#3000_199981.0#199981.0#3000 198859.0#198859.0#128
200000 204000 69.17200195300393 720.6368645019684 315.96216172607274 999.4979999999923 270.31200000003446 804.6774721427947 796.8153201407348 6571.951290289451 6571.951290289451 1206.377457322801 14.554221848041802 2263438.375693553 2215383.6835932946 3000.0 128.0 198688.0#198688.0#3000_199981.0#199981.0#3000_201067.0#201067.0#3000_202727.0#202727.0#3000 200124.0#200124.0#128_201179.0#201179.0#128_202856.0#202856.0#128
204000 208000 59.16196093746112 637.5440055803629 362.45501528126334 998.8060000000405 252.9539999999979 681.7985668588568 675.8181037246283 4987.764864543982 4987.764864543982 905.8584457634181 9.990231567114309 1581036.6893054491 1538127.7088874194 3000.0 128.0 202727.0#202727.0#3000_204696.0#204696.0#3000_206691.0#206691.0#3000 204857.0#204857.0#128_206857.0#206857.0#128
208000 212000 27.850054687442025 719.4572509765712 322.53361187983575 999.9250000000466 254.3349609375 752.7543477400303 744.805466245213 6643.0111360743595 6643.0111360743595 1091.5385304064519 15.229133806787598 2084450.2200338135 2059515.1166533353 3000.0 128.0 206691.0#206691.0#3000_208710.0#208710.0#3000_209977.0#209977.0#3000_211095.0#211095.0#3000 208857.0#208857.0#128_210172.0#210172.0#128_211304.0#211304.0#128
212000 216000 10.08378710935358 639.314879185279 372.6661227989711 998.5589999999793 227.15200000000186 625.8911233465599 620.4005094653178 4581.2095214308865 4581.2095214308865 923.866343362574 9.490613881242032 1733729.4428240384 1711773.3919855983 3466.6666666666665 128.0 211095.0#211095.0#3000_212723.0#212723.0#3000_214705.0#214705.0#4400 212720.0#212720.0#128_214703.0#214703.0#128
216000 220000 11.815675781224854 658.8403080357156 351.2111271048765 999.2939999999944 227.6590000000433 849.2449178534363 842.9388638882102 5254.964251485312 5254.964251485312 1221.1200690507817 10.0 2338038.896190201 2318817.0480847596 4400.0 128.0 214705.0#214705.0#4400_216796.0#216796.0#4400_218709.0#218709.0#4400 216774.0#216774.0#128_218707.0#218707.0#128
220000 224000 88.89015820308123 635.6708116629577 364.3887972080568 998.0109999999986 236.72600000002421 844.6424000998798 838.3818952147315 5223.279594325353 5223.279594325353 1168.6082857422987 10.283279425187148 2243915.5621589324 2198112.0275759865 4400.0 128.0 218709.0#218709.0#4400_220744.0#220744.0#4400_222721.0#222721.0#4400 220742.0#220742.0#128_222718.0#222718.0#128
224000 228000 16.243994140590075 640.0145722656287 366.1590159819121 998.3349999999919 241.1149999999907 807.3061525737504 801.5695878119946 4782.317516136007 4782.317516136007 1186.7659788735969 10.019844186942942 2265118.310728138 2244494.8280534735 4400.0 128.0 222721.0#222721.0#4400_224702.0#224702.0#4400_226699.0#226699.0#4400 224700.0#224700.0#128_226696.0#226696.0#128
228000 232000 30.47642578126397 642.1629015066968 362.8879671426843 998.6970000000147 253.34899999998743 794.6846006318702 788.395652695823 5246.858023040546 5246.858023040546 1195.6656923318442 9.992912161958596 2232228.134161314 2196303.587103328 4400.0 128.0 226699.0#226699.0#4400_228709.0#228709.0#4400_230707.0#230707.0#4400 228708.0#228708.0#128_230704.0#230704.0#128
232000 236000 1309.219269531226 583.6499460937514 454.21073600781284 999.8100000000268 0.0 533.0562727968438 529.6483443450211 2830.580615012781 2830.580615012781 739.7346629628529 5.703964225911314 1457631.4972571095 1440608.044315095 4400.0 128.0 230707.0#230707.0#4400_232692.0#232692.0#4400 232690.0#232690.0#128
236000 240000 895.6568593749835 644.0619879557344 273.14132426701906 999.9059999999881 317.70000000001164 674.7998127740636 668.4618386830065 5281.138754666874 5281.138754666874 824.5871391415499 11.0 1375280.0634311105 1341320.7254570194 3350.0 128.0 236713.0#236713.0#4400_239026.0#239026.0#2300 236710.0#236710.0#128_239250.0#239250.0#128
240000 244000 821.0810644531157 628.7578840332135 320.73826976412215 999.0960000000196 273.09600000001956 622.2001872259364 613.5381613169935 7676.861245333126 6927.861245333126 890.4128608584501 16.0 1603228.9365688895 1572456.2745429806 2300.0 128.0 239026.0#239026.0#2300_240572.0#240572.0#2300_241671.0#241671.0#2300 240684.0#240684.0#128_241719.0#241719.0#128
244000 248000 3157.9133417968987 432.06649999998626 210.01707797344946 580.5709999999963 283.56199999997625 5.0 3.0 820.0 820.0 6.0 3.0 2939.0 2939.0 0.0 0.0 - -
248000 252000 1650.20703125 732.6185195312428 319.8762103185496 999.9959999999846 310.1369999999879 522.1933543541188 509.2305992930648 10886.63976140747 10886.63976140747 710.6663118573329 22.925510122108005 1093880.2740098904 1045680.5274743016 2300.0 128.0 250031.0#250031.0#2300_251036.0#251036.0#2300 250356.0#250356.0#128_251256.0#251256.0#128
252000 256000 5.727458984358236 736.5783787109307 314.62781968950367 998.640000000014 37.23488281248137 1222.6497308200574 1213.174846222782 7925.852830906029 7925.852830906029 1386.2536581247894 18.949769194551138 2161398.665212032 2159638.4117476204 2300.0 128.0 251036.0#251036.0#2300_252038.0#252038.0#2300_253156.0#253156.0#2300_254275.0#254275.0#2300_255562.0#255562.0#2300 252183.0#252183.0#128_253270.0#253270.0#128_254356.0#254356.0#128_255647.0#255647.0#128
256000 260000 9.000607421912719 596.884544726566 336.5359647317853 998.5879999999888 100.090087890625 748.8468652222895 739.6419252550204 7699.474523823139 7699.474523823139 1160.1900996595432 17.40987993453785 2057576.8363435932 2057576.8363435932 2300.0 128.0 255562.0#255562.0#2300_256557.0#256557.0#2300_257503.0#257503.0#2300_258642.0#258642.0#2300_259899.0#259899.0#2300 256646.0#256646.0#128_257665.0#257665.0#128_258733.0#258733.0#128
260000 264000 35.08922265621368 664.8524416504079 339.5790254393029 999.2540000000154 282.306884765625 670.544641036794 662.6106405491919 6624.594377819852 6624.594377819852 977.0525964894189 14.0031308054033 1919151.202397379 1899707.202397379 3000.0 128.0 259899.0#259899.0#2300_261006.0#261006.0#2300_262716.0#262716.0#4400 260021.0#260021.0#128_261155.0#261155.0#128_262711.0#262711.0#128
264000 268000 39.730851562460884 636.4993099888504 369.62269961972737 998.4060000000172 230.79800000000978 760.0621046607254 754.3536502579776 4759.166809121178 4759.166809121178 1162.3524470417901 9.996744459348081 2286809.1789277713 2281257.1789277713 4400.0 128.0 262716.0#262716.0#4400_264699.0#264699.0#4400_266722.0#266722.0#4400 264696.0#264696.0#128_266718.0#266718.0#128
268000 272000 1965.7711054687388 459.7677675781306 386.7169091384241 996.4020000000019 0.0 381.2610834625182 376.9576391839901 3577.2975751322383 3577.2975751322383 578.933663587542 6.009204881289834 1113144.962303897 1094806.1109034973 4400.0 128.0 266722.0#266722.0#4400_270704.0#270704.0#4400 270702.0#270702.0#128
272000 276000 177.38358007807983 544.5287692871207 419.0606985364169 999.0970000000088 51.2880859375 755.816911579936 750.1956637901731 4690.283272347106 4690.283272347106 1086.5173566222384 10.125213771240572 2005433.2228162587 1957150.2925721603 3350.0 128.0 270704.0#270704.0#4400_272704.0#272704.0#3000_274692.0#274692.0#3000_275896.0#275896.0#3000 272860.0#272860.0#128_274860.0#274860.0#128_275989.0#275989.0#128
276000 280000 1098.4289570312249 720.7234921874964 318.58434545146997 999.9170000000158 257.7600000000093 562.6253088635608 556.8350354478002 4828.690849442988 4828.690849442988 825.0338666173454 11.580546831521216 1509473.6579891788 1493908.4396336768 3000.0 128.0 275896.0#275896.0#3000_277492.0#277492.0#3000 275989.0#275989.0#128_277517.0#277517.0#128
280000 284000 660.4150527343736 666.109261718746 362.87480859730977 1000.0 248.6809999999823 703.4139019584718 695.0792420162973 6960.421152583163 6960.421152583163 1037.4934984889474 15.0 1855957.5905508774 1839396.9547958374 3000.0 128.0 280753.0#280753.0#3000_281881.0#281881.0#3000_283247.0#283247.0#3000 280855.0#280855.0#128_282113.0#282113.0#128_283354.0#283354.0#128
284000 288000 72.74987890623743 636.6779966517851 359.4022102440661 998.8339999999735 251.8630000000121 784.5575625329993 778.2994430358009 5221.585782096419 5221.585782096419 1017.9238117978213 10.296389719686495 1768993.4928848322 1727100.1286398722 3000.0 128.0 283247.0#283247.0#3000_284708.0#284708.0#3000_286703.0#286703.0#3000 284858.0#284858.0#128_286702.0#286702.0#128
288000 292000 11.131634765653871 695.1311760602651 327.22147897820116 999.890000000014 248.14399999997113 743.137496425922 737.730275865295 4511.993065320417 4511.993065320417 1051.2262502685564 10.703610280313505 1900769.2029125309 1751989.4705762086 3933.3333333333335 128.0 286703.0#286703.0#3000_288705.0#288705.0#4400_291029.0#291029.0#4400 288701.0#288701.0#128_291027.0#291027.0#128
292000 296000 6.2568867187947035 658.0499633789077 303.22433068694124 997.9699999999721 335.46899999998277 867.051495403069 861.051495403069 5004.0 5004.0 1237.1007084843886 10.0 2181681.7825799435 2070847.5149162658 3933.3333333333335 128.0 291029.0#291029.0#4400_292850.0#292850.0#4400_295169.0#295169.0#3000 292756.0#292756.0#128_294759.0#294759.0#128
