ts te idle avg_span std_span max_span min_span c_bytes_all s_bytes_all avg_video_rate avg_audio_rate video_requests_sequence audio_requests_sequence
0 3000 3000.0 0.0 0.0 0.0 0.0 0.0 0.0 0.0 0.0 - -
3000 6000 3000.0 0.0 0.0 0.0 0.0 0.0 0.0 0.0 0.0 - -
6000 9000 3000.0 0.0 0.0 0.0 0.0 0.0 0.0 0.0 0.0 - -
9000 12000 147.968017578125 950.6773274739584 83.91389982340064 999.2330000000075 853.781982421875 23443.709102192483 613954.7970213118 352.0 128.0 9571.0#9571.0#480_10642.0#10642.0#288_11452.0#11452.0#288 9568.0#9568.0#128_10577.0#10577.0#128_11344.0#11344.0#128_11722.0#11722.0#128
12000 15000 36.83403124997858 740.7914921875054 408.9997657096588 998.4910000000382 135.60001757810824 17151.148278306366 542161.7611008096 288.0 128.0 11452.0#11452.0#288_12520.0#12520.0#288_13056.0#13056.0#288_13808.0#13808.0#288_14269.0#14269.0#288_14925.0#14925.0#288 11722.0#11722.0#128_12528.0#12528.0#128_13185.0#13185.0#128_13839.0#13839.0#128_14403.0#14403.0#128
15000 18000 863.392050781229 534.1519873046927 340.2224272198124 973.515000000014 151.6280488281045 12280.117054613047 363196.45579889836 426.0 128.0 14925.0#14925.0#288_15570.0#15570.0#288_16005.0#16005.0#288_17722.0#17722.0#840 15015.0#15015.0#128_16250.0#16250.0#128_17717.0#17717.0#128
18000 21000 21.602912109345198 744.5992719726637 294.4053395534534 999.2150000000256 442.06298828125 14236.245378062016 432856.7884114938 840.0 128.0 17722.0#17722.0#840_19979.0#19979.0#840 17717.0#17717.0#128_19882.0#19882.0#128
21000 24000 59.25796679686755 735.1855083007831 295.95693507273944 993.1969999999856 417.072021484375 12019.200435732368 377579.38209678885 840.0 128.0 19979.0#19979.0#840_21709.0#21709.0#840 21681.0#21681.0#128
24000 27000 25.412003906269092 743.6469990234327 301.58431051951965 998.7540000000154 403.218017578125 11953.259311452077 404310.6034324755 840.0 128.0 24062.0#24062.0#840_25955.0#25955.0#840 24059.0#24059.0#128_25789.0#25789.0#128
27000 30000 43.13911132811336 739.2152221679717 305.30173739931155 993.795999999973 376.87890625 12522.770862595633 443150.2418319769 840.0 128.0 25955.0#25955.0#840_28008.0#28008.0#840 27792.0#27792.0#128_29760.0#29760.0#128
30000 33000 70.28361718752421 732.429095703119 331.90345134009226 998.3829999999725 311.5712890625 11459.93200091086 392001.81606189196 840.0 128.0 28008.0#28008.0#840_30021.0#30021.0#840_32040.0#32040.0#840 29760.0#29760.0#128_32038.0#32038.0#128
33000 36000 98.17020703136222 725.4574482421594 340.99202313375764 996.3159999999916 260.3090820311918 13904.896467649585 466983.2845755898 840.0 128.0 32040.0#32040.0#840_33826.0#33826.0#840_35608.0#35608.0#840 33792.0#33792.0#128_35607.0#35607.0#128
36000 39000 1347.3950820312602 826.3024589843699 132.3301423564696 919.8740000000107 732.730917968729 6618.721108485566 239016.8696687635 840.0 0.0 35608.0#35608.0#840 -
39000 42000 569.5571015625028 810.1476328124991 318.5765950572503 996.2810000000172 442.2958984375 11899.84106439659 317574.6854357621 660.0 128.0 40312.0#40312.0#840_41726.0#41726.0#480 40310.0#40310.0#128_40646.0#40646.0#128_41751.0#41751.0#128
42000 45000 44.645599609357305 738.8386000976607 292.57447136482983 989.320000000007 423.581298828125 14076.741144135385 386561.1444519442 480.0 128.0 41726.0#41726.0#480_42634.0#42634.0#480_43992.0#43992.0#480 41751.0#41751.0#128_43790.0#43790.0#128
45000 48000 87.64434960938524 728.0889125976537 312.4991731039243 992.3910000000033 381.2729492186918 10328.056293151427 280491.07554636296 480.0 128.0 43992.0#43992.0#480_45649.0#45649.0#480_47790.0#47790.0#480 45647.0#45647.0#128_47777.0#47777.0#128
48000 51000 54.66683984379051 736.3332900390524 309.7919776104524 996.0169999999925 364.162109375 10083.223328170705 276573.24479512544 480.0 128.0 47790.0#47790.0#480_49635.0#49635.0#480 47777.0#47777.0#128_49632.0#49632.0#128
51000 54000 166.08220898441505 708.4794477538962 360.4414393688806 997.5380000000005 250.972900390625 11047.210914145868 266204.5938790554 480.0 128.0 49635.0#49635.0#480_52040.0#52040.0#480_53780.0#53780.0#480 52038.0#52038.0#128_52883.0#52883.0#128
54000 57000 61.46992968750419 734.632517578124 371.6000921527924 998.6849999999977 205.094970703125 10429.886982584285 253382.57836390892 480.0 128.0 53780.0#53780.0#480_55736.0#55736.0#480 55734.0#55734.0#128_56420.0#56420.0#128
57000 60000 23.982933593681082 744.0042666015797 380.11074106405334 999.1140000000014 191.988037109375 13363.386733834155 337750.32148624 480.0 128.0 55736.0#55736.0#480_57325.0#57325.0#480_58390.0#58390.0#480 56420.0#56420.0#128_58252.0#58252.0#128
60000 63000 35.62504687503679 741.0937382812408 378.7272846092216 995.835000000021 188.364990234375 10413.584879461425 273416.3158858042 480.0 128.0 58390.0#58390.0#480_60055.0#60055.0#480_62254.0#62254.0#480 60248.0#60248.0#128_62253.0#62253.0#128
63000 66000 543.8140507812495 818.7286497395835 151.54792702646327 993.6300000000047 726.387939453125 10608.279743503237 297237.43019055284 480.0 128.0 62254.0#62254.0#480_64256.0#64256.0#480_65922.0#65922.0#480 62253.0#62253.0#128_64253.0#64253.0#128
66000 69000 438.67205273447325 640.3319868163817 346.2622815841287 992.6869999999763 258.25406054686755 11590.813509083255 327739.0819931565 480.0 128.0 65922.0#65922.0#480_67756.0#67756.0#480 66249.0#66249.0#128_67755.0#67755.0#128
69000 72000 129.48563085932983 717.6285922851675 323.6789454504476 992.5819999999949 345.437255859375 10989.541661842877 258264.94704533115 480.0 128.0 67756.0#67756.0#480_70523.0#70523.0#480_71829.0#71829.0#480 70518.0#70518.0#128_71795.0#71795.0#128
72000 75000 1131.361332031258 622.8795559895807 49.50367848123299 652.0650000000023 565.721923828125 8533.776949516625 246856.19828476763 480.0 128.0 71829.0#71829.0#480_74508.0#74508.0#480 71795.0#71795.0#128_74507.0#74507.0#128
75000 78000 503.69483203126583 624.0762919921835 433.96462195487163 995.3109999999288 114.7790761719225 13188.409261953764 438422.6665815519 720.0 128.0 74508.0#74508.0#480_75615.0#75615.0#840_77614.0#77614.0#840 75610.0#75610.0#128_77613.0#77613.0#128
78000 81000 1620.697091796901 689.6514541015495 285.2575470425777 891.3589999999967 487.9439082031022 9484.247534220402 378136.7160604367 840.0 128.0 77614.0#77614.0#840_79623.0#79623.0#840 79620.0#79620.0#128
81000 84000 1798.142119140597 600.9289404297015 213.15883764741073 751.6550000000279 450.202880859375 10268.027788148742 381072.2374598501 1170.0 128.0 81606.0#81606.0#840_83636.0#83636.0#1500 81604.0#81604.0#128_83631.0#83631.0#128
84000 87000 42.52594921877608 739.368512695306 302.7510942447561 997.4839999999967 415.554931640625 16783.557752116747 689772.6775923342 1500.0 128.0 83636.0#83636.0#1500_85600.0#85600.0#1500 85598.0#85598.0#128
87000 90000 461.46893164067296 634.6327670898318 472.0766460111928 994.5839999999735 0.0 11711.414459734511 462648.08494781575 1500.0 128.0 85600.0#85600.0#1500_87607.0#87607.0#1500 87605.0#87605.0#128
90000 93000 1552.3551054688287 723.8224472655857 387.85592223310937 998.0779999999795 449.5668945311918 12929.779090172025 546289.9699592779 1500.0 128.0 91634.0#91634.0#1500_92886.0#92886.0#1500 91632.0#91632.0#128_91804.0#91804.0#128
93000 96000 1400.2287812499562 533.2570729166813 75.82963585018547 601.0900000000256 451.3911132811918 13357.64877128536 528342.0266726005 1500.0 128.0 92886.0#92886.0#1500_95611.0#95611.0#1500 95609.0#95609.0#128_95744.0#95744.0#128
96000 99000 16.404208984284196 745.898947753929 292.1797782273706 996.6319999999832 445.951904296875 24136.543712774437 1027517.8001087493 1500.0 128.0 95611.0#95611.0#1500_96796.0#96796.0#1500_97961.0#97961.0#1500 95744.0#95744.0#128_96836.0#96836.0#128
99000 102000 78.39292382827261 730.4017690429318 314.64384730164977 999.1520000000019 381.2299804686918 16995.625317241902 727668.2613747916 1766.6666666666667 128.0 97961.0#97961.0#1500_99617.0#99617.0#1500_101625.0#101625.0#2300 99616.0#99616.0#128_101620.0#101620.0#128
102000 105000 8.122677734296303 747.9693305664259 307.15062567228 999.9160000000265 375.185302734375 21497.192141760614 1006160.4016668053 2300.0 128.0 101625.0#101625.0#2300_103642.0#103642.0#2300 102250.0#102250.0#128
105000 108000 59.089996093767695 735.2275009765581 320.95974407999427 997.1290000000154 341.539306640625 21448.341236299555 980534.6675968741 2300.0 128.0 103642.0#103642.0#2300_105597.0#105597.0#2300_107353.0#107353.0#2300 105596.0#105596.0#128_106250.0#106250.0#128
108000 111000 53.71338671876583 736.5716533203085 313.21483605072507 999.4799999999814 326.367919921875 19543.363268017136 925263.3627192276 2300.0 128.0 107353.0#107353.0#2300_109611.0#109611.0#2300 109609.0#109609.0#128
111000 114000 12.791898437601048 746.8020253905997 325.1737189097979 999.2829999999958 317.072021484375 22368.737880561475 1049056.8305190995 2300.0 128.0 109611.0#109611.0#2300_111602.0#111602.0#2300_113077.0#113077.0#2300 111601.0#111601.0#128_112249.0#112249.0#128_113729.0#113729.0#128
114000 117000 16.405712890671566 745.8985717773321 327.37803101530096 998.4290000000037 309.0913085936918 22815.036212972856 1068621.6841306414 2300.0 128.0 113077.0#113077.0#2300_114936.0#114936.0#2300_116175.0#116175.0#2300 113729.0#113729.0#128_116251.0#116251.0#128
117000 120000 15.8924042970757 746.0268989257311 329.9022896935257 998.6819999999134 301.451904296875 21570.560711917125 1096700.327140239 2300.0 128.0 116175.0#116175.0#2300_117975.0#117975.0#2300_119797.0#119797.0#2300 117743.0#117743.0#128_119730.0#119730.0#128
120000 123000 132.09199609380448 716.9770009765489 332.80096652585524 991.2170000000042 255.555908203125 21733.186853966297 1004129.4241932312 2300.0 128.0 119797.0#119797.0#2300_121601.0#121601.0#2300 119730.0#119730.0#128_121599.0#121599.0#128
123000 126000 96.8920019530924 725.7769995117269 366.83131389019525 999.2970000000205 201.87890625 14478.101061103192 697899.4979608238 2300.0 128.0 121601.0#121601.0#2300_124650.0#124650.0#2300 124648.0#124648.0#128
126000 129000 1004.0639003905817 665.3120332031394 294.1976653517995 999.7370000000228 446.406005859375 14593.949760815507 664705.3169382075 2300.0 128.0 124650.0#124650.0#2300_127621.0#127621.0#2300 127619.0#127619.0#128_127811.0#127811.0#128
129000 132000 43.577058593858965 739.1057353515353 302.46179321792516 999.457999999926 414.970947265625 17057.508741930193 835402.1765847297 2033.3333333333333 128.0 127621.0#127621.0#2300_129329.0#129329.0#2300_131626.0#131626.0#1500 131621.0#131621.0#128_131794.0#131794.0#128
132000 135000 20.733972656249534 744.8165068359376 296.1017746158346 994.7079999999842 408.698974609375 22497.83882583066 956343.9178536051 1500.0 128.0 131626.0#131626.0#1500_132604.0#132604.0#1500_133800.0#133800.0#1500 131794.0#131794.0#128_133681.0#133681.0#128
135000 138000 102.25908593751956 724.4352285156201 296.19087418497577 995.5439999999944 399.785888671875 19115.040154941373 781030.0512257052 2300.0 128.0 135627.0#135627.0#2300_137627.0#137627.0#2300 135622.0#135622.0#128_137624.0#137624.0#128
138000 141000 1415.8978886718396 528.0340371093868 496.97455407313504 986.6500000000233 0.0 10675.546258410293 493137.2833553909 2300.0 0.0 137627.0#137627.0#2300 -
141000 144000 564.9050253906171 811.6983248697943 319.0330853212398 998.5989999999874 443.323974609375 21734.284231709906 873760.6274884007 1900.0 128.0 141619.0#141619.0#2300_143438.0#143438.0#1500 141618.0#141618.0#128_141800.0#141800.0#128_143616.0#143616.0#128
144000 147000 15.819722656277008 746.0450693359307 293.99133591384464 998.7170000000042 436.583251953125 20796.18293826012 969440.7507058488 1500.0 128.0 143438.0#143438.0#1500_144645.0#144645.0#1500_145798.0#145798.0#1500 144754.0#144754.0#128
147000 150000 69.60713476565434 732.5982163085864 312.41979089609777 998.060999999987 387.3701171875 14965.44906876317 576380.7256537813 1766.6666666666667 128.0 145798.0#145798.0#1500_147634.0#147634.0#1500_149645.0#149645.0#2300 147632.0#147632.0#128_149638.0#149638.0#128
150000 153000 31.646224609401543 742.0884438476496 309.98533073964927 997.4529999999795 365.639892578125 22825.45638306949 976324.6266142746 2300.0 128.0 149645.0#149645.0#2300_151635.0#151635.0#2300 151630.0#151630.0#128_152253.0#152253.0#128
153000 156000 14.254992187547032 746.4362519531132 311.33367491863896 998.375 356.597900390625 22846.2276839785 1034628.4762560765 2300.0 128.0 151635.0#151635.0#2300_153755.0#153755.0#2300_155509.0#155509.0#2300 154248.0#154248.0#128
156000 159000 11.533851562591735 747.1165371093521 313.05293909019537 998.4319999999716 350.550048828125 22332.270658893012 1110727.078403746 2300.0 128.0 155509.0#155509.0#2300_157386.0#157386.0#2300_158890.0#158890.0#2300 156251.0#156251.0#128_158252.0#158252.0#128
159000 162000 1030.0537812499679 656.6487395833441 210.96377234749815 873.6149999999907 452.249267578125 13909.86857045799 641822.1971696666 2300.0 128.0 157386.0#157386.0#2300_158890.0#158890.0#2300_161630.0#161630.0#2300 161628.0#161628.0#128_161810.0#161810.0#128
162000 165000 56.50516601558775 735.8737084961031 305.4203922015843 996.6320000000414 405.5791015625 20172.23053066713 978896.4353510648 2300.0 128.0 161630.0#161630.0#2300_163458.0#163458.0#2300 161810.0#161810.0#128
165000 168000 66.92399999999907 733.2690000000002 310.96227104721703 998.255999999994 391.0791015625 21055.064410964093 966041.941895507 2300.0 128.0 163458.0#163458.0#2300_165633.0#165633.0#2300_167171.0#167171.0#2300 165631.0#165631.0#128_165802.0#165802.0#128_167720.0#167720.0#128
168000 171000 11.156005859549623 747.2109985351126 303.28048899162474 998.6319999998668 386.548095703125 22467.793777896775 1088796.397018897 2300.0 128.0 167171.0#167171.0#2300_168900.0#168900.0#2300_170673.0#170673.0#2300 167720.0#167720.0#128_169731.0#169731.0#128
171000 174000 19.493986328074243 745.1265034179814 306.4779007734467 998.6630000000005 376.662109375 22783.599578028945 1069339.5662251678 2300.0 128.0 170673.0#170673.0#2300_172417.0#172417.0#2300_173997.0#173997.0#2300 171726.0#171726.0#128_173738.0#173738.0#128
174000 177000 22.79120507807238 744.3021987304819 307.69524362360704 996.2690000000293 365.451904296875 21793.547517658328 1026097.6680990772 2300.0 128.0 172417.0#172417.0#2300_173997.0#173997.0#2300_175872.0#175872.0#2300 173738.0#173738.0#128_175728.0#175728.0#128
177000 180000 169.56391992181307 707.6090200195467 360.30083548571486 999.9519999999902 234.833984375 19905.00704402116 884818.896071121 2300.0 128.0 175872.0#175872.0#2300_177614.0#177614.0#2300_179612.0#179612.0#2300 177613.0#177613.0#128_179611.0#179611.0#128
180000 183000 125.75673632824328 718.5608159179392 359.48651372012733 997.1520000000019 200.229248046875 18080.688458313576 910349.110556516 2300.0 128.0 179612.0#179612.0#2300_181635.0#181635.0#2300 181632.0#181632.0#128
183000 186000 1930.6869589843554 534.6565205078223 119.62158148644195 619.2417519531446 450.0712890625 8522.206050297307 362138.73928774754 2300.0 128.0 181635.0#181635.0#2300_185630.0#185630.0#2300 185627.0#185627.0#128_185799.0#185799.0#128
186000 189000 19.77533789066365 745.0561655273341 293.9998975267807 997.7249999999767 440.699951171875 24852.086372683032 1035260.8880183112 1766.6666666666667 128.0 185630.0#185630.0#2300_187277.0#187277.0#1500_188398.0#188398.0#1500 185799.0#185799.0#128_187660.0#187660.0#128
189000 192000 76.98564843751956 730.7535878906201 315.2270777075291 998.5449999999837 380.935302734375 17710.53350622562 806711.775203903 1766.6666666666667 128.0 188398.0#188398.0#1500_189615.0#189615.0#1500_191631.0#191631.0#2300 189615.0#189615.0#128_191628.0#191628.0#128
192000 195000 12.855357421794906 746.7861606445513 302.16891969743136 995.8390000000363 380.1689453125 22410.332222363562 1015699.3970241147 2300.0 128.0 191631.0#191631.0#2300_193459.0#193459.0#2300 192752.0#192752.0#128
195000 198000 34.072999999974854 741.4817500000063 308.6013146001815 999.2090000000317 371.7939453125 18216.700797565834 801172.198293257 2300.0 128.0 193459.0#193459.0#2300_195631.0#195631.0#2300_197880.0#197880.0#2300 195629.0#195629.0#128_196751.0#196751.0#128
198000 201000 55.908017578185536 736.0229956054536 320.3962323922006 999.6539999999804 331.825927734375 23303.54396061666 1054587.661661039 2300.0 128.0 195631.0#195631.0#2300_197880.0#197880.0#2300_199612.0#199612.0#2300 199610.0#199610.0#128_200250.0#200250.0#128
201000 204000 14.908935546875 746.2727661132812 323.66938951974254 999.2859999999637 321.5419921875 22321.504765626145 1071901.1319945408 2300.0 128.0 199612.0#199612.0#2300_201475.0#201475.0#2300_203135.0#203135.0#2300 202249.0#202249.0#128
204000 207000 17.05892968759872 745.7352675781003 325.51093663407215 999.4309999999823 314.4140625 22003.965130110613 1059270.8693454743 2300.0 128.0 203135.0#203135.0#2300_204497.0#204497.0#2300_206092.0#206092.0#2300 204250.0#204250.0#128_206256.0#206256.0#128
207000 210000 181.835062499973 704.5412343750068 400.62846186949355 997.9860000000335 144.69999999995343 20860.456341829038 1002822.8416624663 2300.0 128.0 206092.0#206092.0#2300_207806.0#207806.0#2300 208251.0#208251.0#128
210000 213000 1552.9870527343592 723.5064736328204 388.2518647417242 998.0420000000158 448.970947265625 11988.080119829141 490393.3313174051 2300.0 128.0 211636.0#211636.0#2300 211633.0#211633.0#128_211822.0#211822.0#128
213000 216000 14.231675781309605 746.4420810546726 295.98249363270173 999.9379999999655 437.353271484375 23154.81459665888 1085715.4341098065 2300.0 128.0 211636.0#211636.0#2300_213341.0#213341.0#2300_214987.0#214987.0#2300 213741.0#213741.0#128_215707.0#215707.0#128
216000 219000 16.081343750003725 745.9796640624991 297.1152258294243 999.1439999999711 426.825927734375 21912.442293084503 1007845.672904785 2300.0 128.0 214987.0#214987.0#2300_216720.0#216720.0#2300_218610.0#218610.0#2300 215707.0#215707.0#128_217678.0#217678.0#128
219000 222000 18.561812500003725 745.3595468749991 294.625334673085 996.560999999987 423.068115234375 22263.11660027817 1075299.8235332808 2300.0 128.0 218610.0#218610.0#2300_220053.0#220053.0#2300_221861.0#221861.0#2300 219726.0#219726.0#128_221716.0#221716.0#128
222000 225000 16.644099609344266 745.8389750976639 297.07106721152377 999.7049999999581 418.416015625 19676.72269726793 957349.7223320911 2300.0 128.0 221861.0#221861.0#2300_223758.0#223758.0#2300 223718.0#223718.0#128
225000 228000 1974.185052734334 341.938315755222 277.080960077287 546.9659843749832 26.712000000057742 6980.484411663931 299604.61559190357 2300.0 128.0 223758.0#223758.0#2300_227644.0#227644.0#2300 227643.0#227643.0#128_227794.0#227794.0#128
228000 231000 22.1416660156101 744.4645834960975 295.1987822475497 999.8270000000484 436.279296875 24810.005732843543 1047744.6005024263 1766.6666666666667 128.0 227644.0#227644.0#2300_229525.0#229525.0#1500_230776.0#230776.0#1500 227794.0#227794.0#128_229620.0#229620.0#128
231000 234000 61.39536132814828 734.6511596679629 299.4438719900128 992.9520000000484 402.408935546875 21585.32403250261 863681.2491819935 1500.0 128.0 230776.0#230776.0#1500_231891.0#231891.0#1500_233629.0#233629.0#1500 231754.0#231754.0#128_233628.0#233628.0#128
234000 237000 68.19395507813897 732.9515112304653 288.02322091284594 994.6720000000205 397.85498046875 18061.95388789106 790435.6610423445 1900.0 128.0 233629.0#233629.0#1500_235640.0#235640.0#2300 233628.0#233628.0#128_235637.0#235637.0#128
237000 240000 1831.083097656141 389.638967447953 247.51666193199515 600.7000195313012 117.21200000005774 8803.220770893977 369688.0540698209 2300.0 128.0 235640.0#235640.0#2300_239642.0#239642.0#2300 239640.0#239640.0#128_239815.0#239815.0#128
240000 243000 19.682841796893626 745.0792895507766 294.2125641760873 997.1369999999879 440.092041015625 21474.30575867136 862262.0314061955 1900.0 128.0 239642.0#239642.0#2300_241312.0#241312.0#1500 239815.0#239815.0#128_241642.0#241642.0#128
243000 246000 77.6629570312798 730.58426074218 320.17497801437656 999.8959999999497 364.611083984375 20370.456854597214 900117.7695128222 1500.0 128.0 243501.0#243501.0#1500_244513.0#244513.0#1500_245584.0#245584.0#1500 243516.0#243516.0#128_244628.0#244628.0#128
246000 249000 21.83611523429863 744.5409711914253 316.0471847693328 999.3170000000391 346.54296875 16596.474568023656 762179.4537683466 1500.0 128.0 245584.0#245584.0#1500_247636.0#247636.0#1500_248930.0#248930.0#1500 247635.0#247635.0#128_248253.0#248253.0#128
249000 252000 9.691009765607305 747.5772475585982 316.9255764041613 999.9220000000205 341.657958984375 24765.191846847487 1078053.3359962155 1766.6666666666667 128.0 247636.0#247636.0#1500_248930.0#248930.0#1500_250309.0#250309.0#2300 250253.0#250253.0#128
252000 255000 18.23283789062407 745.441790527344 319.31596063512785 998.8360000000102 332.09912109375 21285.5690859066 961873.012722688 2300.0 128.0 250309.0#250309.0#2300_252196.0#252196.0#2300_253949.0#253949.0#2300 252249.0#252249.0#128_254253.0#254253.0#128
255000 258000 168.647121093818 707.8382197265455 392.37698466174106 999.2550000000047 168.42799999995623 19497.836743039938 907870.2320078753 2300.0 128.0 253949.0#253949.0#2300_255935.0#255935.0#2300 256253.0#256253.0#128
258000 261000 1557.682718749973 721.1586406250135 387.20511054295963 994.954000000027 447.36328125 11645.164003799628 465692.4115216174 2300.0 128.0 259628.0#259628.0#2300 259627.0#259627.0#128_259966.0#259966.0#128
261000 264000 78.54833203111775 730.3629169922206 302.6531022222049 993.2730000000447 400.02294921875 17808.227269259816 813480.7448983626 2300.0 128.0 259628.0#259628.0#2300_261303.0#261303.0#2300_263624.0#263624.0#2300 263621.0#263621.0#128_263801.0#263801.0#128
264000 267000 11.122964843758382 747.2192587890604 301.06705171242294 999.3349999999627 394.458984375 20339.746364992832 1006688.2491878947 2300.0 128.0 263624.0#263624.0#2300_265619.0#265619.0#2300 263801.0#263801.0#128
267000 270000 15.060865234350786 746.2347836914123 304.1499745241178 999.9459999999963 388.297119140625 20125.136465304528 803106.2785794622 1766.6666666666667 128.0 265619.0#265619.0#2300_267632.0#267632.0#1500_269168.0#269168.0#1500 267629.0#267629.0#128_267924.0#267924.0#128
270000 273000 1276.3670253906166 574.5443248697944 373.97776566818504 995.2600000000093 279.87688085937407 14220.162958504687 591140.4910407793 1500.0 128.0 269168.0#269168.0#1500_271613.0#271613.0#1500_272880.0#272880.0#1500 271611.0#271611.0#128_271801.0#271801.0#128
273000 276000 52.986142578185536 736.7534643554536 300.75797133294117 996.8530000000028 412.199951171875 18862.572503603962 879368.2912954107 1500.0 128.0 271613.0#271613.0#1500_272880.0#272880.0#1500_274043.0#274043.0#1500_275619.0#275619.0#1500 273662.0#273662.0#128_275616.0#275616.0#128
276000 279000 51.86098632821813 737.0347534179455 287.2372831010332 994.2970000000205 406.43896484375 18435.496480923975 747944.9363661438 1900.0 128.0 275619.0#275619.0#1500_277620.0#277620.0#2300 277617.0#277617.0#128
279000 282000 68.41502539056819 732.896243652358 313.0259191092085 999.8880000000354 386.762939453125 19411.404557503774 831522.9212007273 2300.0 128.0 277620.0#277620.0#2300_279614.0#279614.0#2300_281614.0#281614.0#2300 279613.0#279613.0#128_281612.0#281612.0#128
282000 285000 20.765666015679017 744.8085834960802 309.9131368935696 999.9449999999488 369.9052734375 17805.425818406173 726048.8829409443 2300.0 128.0 281614.0#281614.0#2300_283629.0#283629.0#2300 283623.0#283623.0#128
285000 288000 197.26027343748137 700.6849316406297 384.0936438800401 997.0860000000102 186.43900000001304 19259.663577700623 811643.7929686578 2300.0 128.0 283629.0#283629.0#2300_285625.0#285625.0#2300_286009.0#286009.0#2300 285624.0#285624.0#128_285681.0#285681.0#128
288000 291000 1550.459021484363 724.7704892578186 387.09501595061346 998.4880000000121 451.052978515625 11937.886801195125 489832.992269068 2300.0 128.0 289643.0#289643.0#2300 289641.0#289641.0#128_289799.0#289799.0#128
291000 294000 18.55593945318833 745.3610151367029 291.69373459277443 998.515000000014 442.2900390625 23146.757262787287 1061179.0624248856 1700.0 128.0 289643.0#289643.0#2300_291455.0#291455.0#1500_292709.0#292709.0#1500_293920.0#293920.0#1500 291592.0#291592.0#128_292750.0#292750.0#128
294000 297000 856.4910390623845 714.5029869792052 242.17713723012903 993.4030000000494 557.4219609375577 16309.355936017586 736310.9453060464 1500.0 128.0 292709.0#292709.0#1500_293920.0#293920.0#1500_295044.0#295044.0#1500 294249.0#294249.0#128
297000 300000 554.1796875 815.2734375 318.98194439460326 999.9620000000577 446.9453125 21533.156980508036 890328.7390974107 2300.0 128.0 297641.0#297641.0#2300_299343.0#299343.0#2300 297636.0#297636.0#128_298251.0#298251.0#128
