ts te idle avg_span std_span max_span min_span c_ack_cnt c_ack_cnt_p c_bytes_all c_bytes_uniq s_ack_cnt s_ack_cnt_p s_bytes_all s_bytes_uniq avg_video_rate avg_audio_rate video_requests_sequence audio_requests_sequence
0 2000 2000.0 0.0 0.0 0.0 0.0 0.0 0.0 0.0 0.0 0.0 0.0 0.0 0.0 0.0 0.0 - -
2000 4000 2000.0 0.0 0.0 0.0 0.0 0.0 0.0 0.0 0.0 0.0 0.0 0.0 0.0 0.0 0.0 - -
4000 6000 2000.0 0.0 0.0 0.0 0.0 0.0 0.0 0.0 0.0 0.0 0.0 0.0 0.0 0.0 0.0 - -
6000 8000 1237.27587890625 360.43725634765815 303.1778632345546 762.72412109375 34.0480000000025 45.325844037707355 37.37824881980354 7368.172328743716 7368.172328743716 82.17750195660862 10.08539796681331 104200.25914729689 85963.61535948352 2300.0 128.0 7628.0#7628.0#2300_7630.0#7630.0#2300 7624.0#7624.0#128
8000 10000 0.0 447.2541263671883 324.8608780356463 988.4150000000045 19.36200000000099 238.94145023618006 224.26330427091727 12242.305513125888 12242.305513125888 418.09967475950015 17.415590277408825 621704.0976551347 417414.6731076601 1086.6666666666667 128.0 7630.0#7630.0#2300_9152.0#9152.0#480_9155.0#9155.0#480 9151.0#9151.0#128
10000 12000 406.56140429687366 544.9301420898437 333.26006662098877 991.8289999999979 119.88171093750134 118.04048414703593 112.83076134100278 4412.375001160777 4412.375001160777 216.02161929477273 5.334475744977599 305947.7667983629 163378.7263249573 336.0 128.0 9155.0#9155.0#480_10641.0#10641.0#288_10643.0#10643.0#288_11420.0#11420.0#288 10763.0#10763.0#128
12000 14000 161.9659160156225 430.97190104166737 298.19482197148056 954.961000000003 118.81570898437349 177.49021585158943 172.02322447093755 4562.512123014836 4562.512123014836 280.5490506080969 5.466991380651889 419747.2299484789 274233.10441580106 288.0 128.0 10643.0#10643.0#288_11420.0#11420.0#288_12523.0#12523.0#288_13291.0#13291.0#288_13734.0#13734.0#288 10763.0#10763.0#128_13056.0#13056.0#128_13444.0#13444.0#128
14000 16000 0.0 747.2672317708324 226.11353270715406 998.1019999999917 393.02294921875 198.99250942157622 193.47143523706058 4631.266621875478 4631.266621875478 267.2067744173436 5.521074184515621 361543.8230065517 254615.82301355156 288.0 128.0 13291.0#13291.0#288_13734.0#13734.0#288_15196.0#15196.0#288_15903.0#15903.0#288 13444.0#13444.0#128_14089.0#14089.0#128_14863.0#14863.0#128_15207.0#15207.0#128
16000 18000 276.07898242187366 557.7671790364572 416.01159396642845 993.25 29.435023437501513 188.20949630591105 181.0330258602783 5999.368412079304 5999.368412079304 273.9453789636781 7.176470445632753 370493.8234441749 290145.0577785464 288.0 128.0 15196.0#15196.0#288_15903.0#15903.0#288_16425.0#16425.0#288_17090.0#17090.0#288 16362.0#16362.0#128_16749.0#16749.0#128_17179.0#17179.0#128
18000 20000 876.6277460937417 521.6507250976556 498.85316515682194 999.487000000001 64.73199999999633 122.02628273588877 117.90824916624335 3429.266232071801 3429.266232071801 150.32465200198843 4.118033569645423 202731.42714515032 171303.45116512157 840.0 128.0 18878.0#18878.0#840_18880.0#18880.0#840 18874.0#18874.0#128
20000 22000 5.477623046877852 554.2919910156227 373.7841937887176 999.2149999999965 105.263916015625 178.88495592064166 176.10548914895713 2328.1176893485135 2328.1176893485135 229.45827352783147 2.779466771684504 318027.0050033961 290456.02743133996 840.0 128.0 18880.0#18880.0#840_20405.0#20405.0#840 20361.0#20361.0#128
22000 24000 0.0 491.37523772321373 345.7964991534626 999.122000000003 138.533935546875 187.85594958621425 184.37574111002334 2892.0604593319526 2892.0604593319526 215.62752219273608 3.4802084761908887 293221.46709830343 244845.0768748629 840.0 128.0 20405.0#20405.0#840_22367.0#22367.0#840_23830.0#23830.0#840 22365.0#22365.0#128_23861.0#23861.0#128
24000 26000 4.551376953124418 480.36856087239477 369.43488250566634 999.6370000000024 107.97372460937186 161.6242799325508 157.74225577619939 3241.99105027426 3241.99105027426 231.70208340874652 3.882024156351393 320520.95846830803 242767.74889627018 840.0 128.0 22367.0#22367.0#840_23830.0#23830.0#840_25741.0#25741.0#840 23861.0#23861.0#128_25739.0#25739.0#128
26000 28000 13.38401171874284 479.7257203776062 360.77184626421126 995.497000000003 127.22200000000157 129.478457940625 126.45765077864723 2518.8585531553485 2518.8585531553485 154.35239078094855 3.020807161977733 209949.8519854489 169131.12551949566 840.0 128.0 25741.0#25741.0#840 25739.0#25739.0#128_27362.0#27362.0#128
28000 30000 0.0 577.3255837053564 359.49617115325947 994.4270000000033 137.111083984375 210.92478058793253 208.7446921774764 1811.8162081621845 1811.8162081621845 252.94793634239466 2.180088410456153 349086.0145281306 276624.2238863008 656.0 128.0 25741.0#25741.0#840_28126.0#28126.0#840_29817.0#29817.0#288 29862.0#29862.0#128
30000 32000 0.0 532.1165737304691 358.4896769749426 998.6189999999915 143.42700000000332 170.70568408468537 166.16631263099146 3794.88980765594 3794.88980765594 196.08737621847723 4.539371453693906 263246.52353119594 218841.91539618024 472.0 128.0 28126.0#28126.0#840_29817.0#29817.0#288_30757.0#30757.0#288 29862.0#29862.0#128_31362.0#31362.0#128
32000 34000 705.5867812500073 544.8205292968723 460.21479188951065 995.6330000000016 125.0 85.33046712953849 82.2027718656026 2608.264021706152 2608.264021706152 105.0967950285692 3.1276952639358955 139889.0532688819 108958.9981641414 288.0 128.0 32871.0#32871.0#288 31362.0#31362.0#128_32869.0#32869.0#128
34000 36000 372.2161445312522 527.960229492186 415.19443060726394 865.3819999999978 0.0 84.90618521141289 82.24128716599705 2231.588425055788 2231.588425055788 99.1029801745562 2.6648980454158395 131570.44438692697 110958.17808202951 288.0 128.0 34369.0#34369.0#288 34366.0#34366.0#128
36000 38000 303.5307656250079 494.8340624999968 295.53116368459894 929.6039999999921 128.013916015625 87.06599359382986 83.93053177863827 2614.8649413583667 2614.8649413583667 108.21612632772224 3.13546181519161 143942.3722594069 115314.3111537968 288.0 128.0 36371.0#36371.0#288_37867.0#37867.0#288 36369.0#36369.0#128_37863.0#37863.0#128
38000 40000 23.425925781251863 455.20639160156253 412.3082205243324 981.5489999999918 9.707000000002154 86.78162997530771 82.43019937606378 3624.3301055847933 3624.3301055847933 119.31496551235877 4.3514305992439315 156780.37864838587 116808.43975399596 288.0 128.0 37867.0#37867.0#288_39812.0#39812.0#288 37863.0#37863.0#128_39811.0#39811.0#128
40000 42000 1031.3603671874953 366.10968398437547 167.27268437065734 482.0017148437473 87.70700000000215 83.41533330137268 79.69481902515996 3106.9525062949 3106.9525062949 131.76889848367057 3.7205142762127235 180248.50367646504 180248.50367646504 288.0 128.0 39812.0#39812.0#288_41415.0#41415.0#288 39811.0#39811.0#128_41426.0#41426.0#128
42000 44000 1434.6142910156195 331.8003333333327 243.14638641225076 559.2590000000055 75.53299999999581 94.0 91.0 2501.0 2501.0 161.0 3.0 239043.0 239043.0 840.0 128.0 43379.0#43379.0#840 43373.0#43373.0#128
44000 46000 1112.7299355468713 592.8610000000044 476.2026272953545 883.1790000000037 43.28200000000652 269.0 265.0 3332.0 3332.0 273.0 4.0 404240.0 404240.0 1500.0 128.0 44874.0#44874.0#1500_44876.0#44876.0#1500 44872.0#44872.0#128
46000 48000 1203.2290410156274 465.0199999999968 466.11489066323657 794.6129999999976 135.42699999999604 171.0 168.0 2502.0 2502.0 245.0 3.0 386704.0 381104.0 1500.0 128.0 46867.0#46867.0#1500 46864.0#46864.0#128
48000 50000 1059.2395957031258 375.45601367187436 180.04438002853635 545.7459999999992 187.02999999999884 241.84382111043413 238.93275794809304 2438.1824247431023 2438.1824247431023 255.84382111043413 2.911063162341087 399092.34949568816 378092.34949568816 1500.0 128.0 48370.0#48370.0#1500 48368.0#48368.0#128
50000 52000 349.1423652343801 469.47696289062515 311.100895794401 882.2069999999949 131.4169921875 305.3776562641718 301.7264152603382 3044.144798372102 3044.144798372102 387.7390662347717 3.6512410038335883 633132.0420494631 619482.9815109578 2300.0 128.0 50373.0#50373.0#2300_51868.0#51868.0#2300 50370.0#50370.0#128_51865.0#51865.0#128
52000 54000 761.1359765624948 402.92725683593744 302.8799004990967 845.1980078125052 157.86009960937372 338.2828776342868 334.53321562785584 3126.348294218812 3126.348294218812 447.6779157872875 3.749662006431045 720080.6968138278 699088.7256525572 2300.0 128.0 51868.0#51868.0#2300_53688.0#53688.0#2300 51865.0#51865.0#128_53686.0#53686.0#128
54000 56000 29.252927734385594 432.2770140624983 394.75358292346453 986.3399999999965 34.10099999999511 205.76384929731285 201.78313404099987 3315.762245815562 3315.762245815562 292.6902426220804 3.9807152563130193 496695.1777037449 485136.20940352103 2766.6666666666665 128.0 53688.0#53688.0#2300_55704.0#55704.0#3000_55706.0#55706.0#3000 55702.0#55702.0#128
56000 58000 0.35468554687395226 506.6653344726583 435.9159860563184 999.6420000000071 7.623291015625 353.3188243893088 350.29915377262154 2518.5626592506924 2518.5626592506924 539.1596076810062 3.0196706166872835 889638.3811474344 864230.700535662 3000.0 128.0 55706.0#55706.0#3000_57687.0#57687.0#3000 57684.0#57684.0#128
58000 60000 2.6362773437431315 614.6051054687501 294.15302313832245 979.2480000000069 301.431884765625 359.5223730321455 356.50763161661365 2514.412271877841 2514.412271877841 493.4725731041045 2.7370557514171496 822497.4392098323 801407.2295359885 3000.0 128.0 57687.0#57687.0#3000_59673.0#59673.0#3000 57684.0#57684.0#128_59670.0#59670.0#128
60000 62000 3.5488750000076834 449.9078480468743 379.2924636079724 998.8969999999972 115.88211523437349 391.9952837005474 388.9966555334596 2500.8449166879545 2500.8449166879545 485.2306324030329 3.27631383120256 838805.9739888391 819046.7923178428 3000.0 128.0 59673.0#59673.0#3000_61674.0#61674.0#3000 59670.0#59670.0#128_61672.0#61672.0#128
62000 64000 4.1601093750068685 573.4199946289045 332.1524754049819 999.650999999998 297.840087890625 351.776918557506 348.96125357698503 2347.103369684122 2347.103369684122 480.445851507452 2.815664980520957 804246.45743373 787326.0401729293 3000.0 128.0 61674.0#61674.0#3000_63702.0#63702.0#3000 63701.0#63701.0#128
64000 66000 2.8301523437548894 453.00897226562375 380.60481186097354 985.0219999999972 59.84801367187174 319.8778682490198 316.7080334559322 2644.6874396943067 2644.6874396943067 499.15755140651606 3.1698347930876274 799207.5668103378 758370.146813822 3000.0 128.0 63702.0#63702.0#3000_65688.0#65688.0#3000 63701.0#63701.0#128_65687.0#65687.0#128
66000 68000 21.254837890635827 545.6882421875016 358.66719992660495 983.9330000000045 205.28100000000268 290.24428948260424 287.2493692430236 2497.722841726924 2497.722841726924 423.4050719062053 2.9949202395806696 697304.4396455516 668253.9726877467 3000.0 128.0 65688.0#65688.0#3000_67694.0#67694.0#3000 67693.0#67693.0#128
68000 70000 1.6458808593743015 542.4298749999992 393.0969789285327 996.1820000000007 36.91400000000431 308.68525788354344 303.6851493576593 3332.091378794414 3332.091378794414 475.5474748152731 3.9917208262993347 819546.1966256473 798745.3211578499 3933.3333333333335 128.0 67694.0#67694.0#3000_69692.0#69692.0#4400_69693.0#69693.0#4400 69691.0#69691.0#128
70000 72000 31.349931640608702 421.3492160156282 405.11708372100344 978.1220000000176 2.3467441406246508 460.1515626782078 457.2699009180833 2403.983378169956 2403.983378169956 687.6481297646737 2.1877918246486723 1160075.1071924248 1101343.3241584706 3700.0 128.0 69693.0#69693.0#4400_71672.0#71672.0#3000 69691.0#69691.0#128_71864.0#71864.0#128
72000 74000 29.492031250018044 538.7817335937464 334.41082934081885 980.1489999999903 136.740966796875 327.4380936763263 324.2182630016081 2686.6577667633305 2686.6577667633305 485.2560278038213 3.211446320976559 834765.3731504927 765047.3956672098 3000.0 128.0 71672.0#71672.0#3000_73686.0#73686.0#3000 71864.0#71864.0#128_73862.0#73862.0#128
74000 76000 126.70797851565294 441.41800664061736 391.61420172381384 999.2259999999951 135.177978515625 283.43295242316776 280.69704118277684 2280.165441928383 2280.165441928383 429.688531031769 3.446553229193188 753726.7188280164 717972.5675550362 3000.0 128.0 73686.0#73686.0#3000_75686.0#75686.0#3000 73862.0#73862.0#128_75863.0#75863.0#128
76000 78000 1.9220410156121943 726.7196500000078 349.9746758487988 981.8432617187646 112.346923828125 363.4947190403624 359.6559981564493 3206.525542486944 3206.525542486944 498.5597094327925 3.8387208839130285 827710.6187554348 749280.4814234388 3000.0 128.0 75686.0#75686.0#3000_77710.0#77710.0#3000 75863.0#75863.0#128_77862.0#77862.0#128
78000 80000 780.749634765627 281.0510773437476 339.64343577424154 825.679076171873 17.61573828123801 316.4177462193545 315.3943983602347 852.5130243836097 852.5130243836097 471.39089067359765 1.0233478591198357 824410.323571074 805752.8721537712 3000.0 128.0 77710.0#77710.0#3000_79698.0#79698.0#3000 77862.0#77862.0#128_79863.0#79863.0#128
80000 82000 888.4893124999799 346.8103359375062 216.92219178248152 604.3307109375019 114.05400000001828 250.28208515333722 246.95705922025886 2775.0312656015512 2775.0312656015512 364.4338043693944 3.3250259330783662 620482.3893618827 603909.8792666203 3000.0 128.0 79698.0#79698.0#3000_81692.0#81692.0#3000 79863.0#79863.0#128_81865.0#81865.0#128
82000 84000 638.9828925781185 322.0767445312522 203.05692384987887 604.9800234374998 112.52872460937942 286.5587143804101 283.5207120167598 2533.9484397755123 2533.9484397755123 428.4028328143511 3.038002363650266 741014.2077609249 735172.2908309499 3000.0 128.0 81692.0#81692.0#3000_83683.0#83683.0#3000 81865.0#81865.0#128_83862.0#83862.0#128
84000 86000 39.06311132812698 439.40021796874936 372.62832827912564 998.505999999994 97.49510937499872 312.20822543532967 308.99539748467896 2668.5487884405093 2668.5487884405093 475.34421353256096 2.567862321608457 792649.1552819911 777780.7354541527 3000.0 128.0 83683.0#83683.0#3000_85697.0#85697.0#3000 83862.0#83862.0#128_85861.0#85861.0#128
86000 88000 46.49089257810556 513.1074242187548 311.565162042833 962.1610000000073 138.93310546876455 313.6704300415794 310.5989835066553 2562.306155418761 2562.306155418761 467.06933346006707 3.064521620578229 767597.4916848912 733588.1436561196 3000.0 128.0 85697.0#85697.0#3000_87710.0#87710.0#3000 85861.0#85861.0#128_87860.0#87860.0#128
88000 90000 0.0 709.6083695312439 256.6623932997184 981.884033203125 303.929999999993 388.8015755630994 384.45460093096835 3634.45755616561 3634.45755616561 667.5967566495426 4.998865175519077 1145066.5337922368 1112068.1481628036 3000.0 128.0 87710.0#87710.0#3000_88749.0#88749.0#3000 87860.0#87860.0#128_88862.0#88862.0#128
90000 92000 2.439124999989872 467.9416549479186 362.607273401893 999.9370000000054 18.067966796879773 560.0265148175627 555.2765068662823 3973.813698248128 3973.813698248128 783.2286094258636 4.750007951280311 1311310.0770966818 1210938.2998073231 3000.0 128.0 88749.0#88749.0#3000_90222.0#90222.0#3000_91827.0#91827.0#3000 90362.0#90362.0#128_91834.0#91834.0#128
92000 94000 681.7620624999981 322.51026367187444 252.76361094941615 699.8279999999941 5.095039062493015 336.05404004962645 333.4942522447812 2131.0343284095843 2131.0343284095843 513.0708803768686 2.559787804845239 811310.0386660689 786953.0064700285 3000.0 128.0 91827.0#91827.0#3000_93690.0#93690.0#3000 91834.0#91834.0#128_93689.0#93689.0#128
94000 96000 26.98517773435742 564.9496606445318 335.8316034469696 983.7680000000109 291.44299999998475 378.5919619197171 375.60516446735244 2490.883454891034 2490.883454891034 528.6118233977109 2.986797452364649 825178.5787258116 798990.3415556996 3700.0 128.0 93690.0#93690.0#3000_95704.0#95704.0#4400 95699.0#95699.0#128
96000 98000 6.057927734349505 519.061018066408 405.69490974963776 991.3450000000012 82.30199999998149 455.3692926396894 452.3632420029604 2507.094636125775 2507.094636125775 667.2275560633327 3.006050636728949 1093249.1558799774 1039648.2715937037 4400.0 128.0 95704.0#95704.0#4400_97697.0#97697.0#4400 97695.0#97695.0#128
98000 100000 5.290896484380937 529.0955258789036 384.86784063712446 982.0979999999981 121.67299999999523 455.9200883844186 452.90595538301886 2513.8999871786145 2513.8999871786145 679.7743111015416 3.0141330013997796 1198264.3854537173 1143832.7980626323 4400.0 128.0 97697.0#97697.0#4400_99682.0#99682.0#4400 99679.0#99679.0#128
100000 102000 19.552177734381985 531.0209995117148 377.54232187674205 985.8629999999976 144.0810000000056 395.53952768732546 392.544516766947 2497.7991949586763 2497.7991949586763 616.4411042449977 2.995010920378476 1051815.3653543056 1026699.1818919473 4400.0 128.0 99682.0#99682.0#4400_101688.0#101688.0#4400 101687.0#101687.0#128
102000 104000 328.5480976562394 835.7259511718803 208.81152996489706 983.377999999997 688.0739023437636 379.3534502896053 377.6652380566027 1399.4747001881874 1399.4747001881874 556.8856772789508 1.6882122330025977 932197.7585199712 913635.7930055275 4400.0 0.0 101688.0#101688.0#4400 -
104000 106000 1607.4086914062354 271.08655859374994 20.55355567282538 285.6201171875 256.5529999999999 88.05863254825239 85.77268559369584 1900.7673357366211 1900.7673357366211 130.51605491326546 2.285946954556557 223296.4446254562 198476.24896994708 4400.0 128.0 105713.0#105713.0#4400 105707.0#105707.0#128
106000 108000 202.95511718752095 599.014960937493 451.42520055221496 982.3579999999783 101.44999999999709 434.9413674517476 431.2273144063041 3103.232664263379 3103.232664263379 584.4839450867345 3.7140530454434426 1001929.5553745438 888149.7510300529 3700.0 128.0 105713.0#105713.0#4400_107678.0#107678.0#3000 107869.0#107869.0#128
108000 110000 74.99588671873789 685.4910358072957 480.75680324988764 992.8630000000121 131.468994140625 362.25101390331025 359.60033886108624 2209.773616459798 2209.773616459798 585.0360695168682 2.650675042223931 1006789.2574505071 991389.2574505071 3000.0 128.0 107678.0#107678.0#3000_109675.0#109675.0#3000 109867.0#109867.0#128
110000 112000 752.1502265624877 283.8251339843788 314.56599279933386 787.0180000000109 36.06300585938152 328.74334567417793 327.07621649451136 1392.0805680848991 1392.0805680848991 460.4184874763897 1.6671291796666456 780781.9744696151 719952.9962671304 3000.0 128.0 109675.0#109675.0#3000_111676.0#111676.0#3000 109867.0#109867.0#128_111864.0#111864.0#128
112000 114000 29.253880859381752 445.09285859374796 366.17691913921203 995.875 120.50210937499651 341.4290781308746 337.93205564942366 2907.3423153388985 2907.3423153388985 537.7471632708466 2.86805701981829 893278.969412287 811959.672356272 3000.0 128.0 111676.0#111676.0#3000_113679.0#113679.0#3000 111864.0#111864.0#128_113865.0#113865.0#128
114000 116000 28.936744140606606 455.3850281250023 350.31336817869976 975.070000000007 137.64794921875 383.07315966895004 380.19858735662484 2396.63550452727 2396.63550452727 559.5308628513382 2.8719533993488673 897201.1185585835 848102.654449753 3000.0 128.0 113679.0#113679.0#3000_115669.0#115669.0#3000 113865.0#113865.0#128_115862.0#115862.0#128
116000 118000 37.613277343742084 478.36757265625056 340.6210788740237 997.2710000000079 138.26708984375 350.1933308039404 347.28461101094325 2425.2561252398973 2425.2561252398973 477.1404330912489 3.5403041676062337 772415.9139760915 745585.5884745001 3000.0 128.0 115669.0#115669.0#3000_117680.0#117680.0#3000 115862.0#115862.0#128_117861.0#117861.0#128
118000 120000 24.068033203104278 500.18779843750525 329.7968427794998 984.0590000000084 139.443115234375 326.2790215579076 323.3964962636652 2403.305479180925 2403.305479180925 491.2545266302146 2.8825252942423534 800319.6753751175 760671.970328773 3000.0 128.0 117680.0#117680.0#3000_119673.0#119673.0#3000 117861.0#117861.0#128_119860.0#119860.0#128
120000 122000 158.52021093750955 443.1386383463493 416.4989405691259 992.2390000000014 23.394999999989523 240.53073889954294 236.33181272719455 3510.4454223822727 3510.4454223822727 374.4969122808253 4.198926172348394 599895.3867672138 531394.6301060609 3000.0 128.0 119673.0#119673.0#3000_121672.0#121672.0#3000 119860.0#119860.0#128_121863.0#121863.0#128
122000 124000 5.486621093732538 514.5913525390642 518.6299666509943 996.564000000013 63.85203124998952 221.02778387072638 220.7073541459811 269.1609687860391 269.1609687860391 377.6816831565136 0.3204297247452847 561035.6270169889 510132.47683236486 3000.0 128.0 121672.0#121672.0#3000 121863.0#121863.0#128
124000 126000 0.0 734.8626380208298 343.3580314092449 998.6449999999895 50.320000000006985 381.3378814960287 377.3378814960287 3322.0 3322.0 580.0611406599198 4.0 845215.9263907191 721370.345023752 3000.0 128.0 121672.0#121672.0#3000_124436.0#124436.0#3000 124862.0#124862.0#128
126000 128000 2.659113281260943 527.3019992675763 365.68831288384297 999.3820000000123 85.46989648437011 402.636258471038 397.9766935296601 4385.034550757381 4385.034550757381 575.6459504063346 5.659564941377835 808164.1534322957 676209.733355656 3000.0 128.0 121672.0#121672.0#3000_124436.0#124436.0#3000_126913.0#126913.0#3000 127365.0#127365.0#128
128000 130000 1.951755859394325 497.9611473214255 308.69749576425426 998.9229999999807 145.13200000001234 552.2718621353795 548.4278667588623 3223.858721148006 3223.858721148006 809.4441528796342 3.8439953765173773 1269225.4612050974 1090522.1839473033 3000.0 128.0 124436.0#124436.0#3000_126913.0#126913.0#3000_128715.0#128715.0#3000_129992.0#129992.0#3000 127365.0#127365.0#128_128834.0#128834.0#128
130000 132000 1.0458769531105645 591.9997449218761 269.672947734205 966.1039999999921 247.8737421875121 603.5638585150198 599.3714467277814 3492.115240616983 3492.115240616983 847.9388182513184 4.192411787238244 1399024.678172661 1307246.3022688627 3000.0 128.0 128715.0#128715.0#3000_129992.0#129992.0#3000_131303.0#131303.0#3000 130101.0#130101.0#128_131362.0#131362.0#128
132000 134000 1161.2359843749728 243.8000126953193 126.94465340745144 394.097900390625 136.43603515625 224.79239953340416 223.4257940116679 1141.7282626798988 1141.7282626798988 300.4353057482275 1.3666055217362214 479737.7594755459 458754.0139155379 3000.0 128.0 131303.0#131303.0#3000_133693.0#133693.0#3000 133863.0#133863.0#128
134000 136000 0.0 659.7624817708323 357.51015577106585 999.497000000003 132.117919921875 579.0663323892616 573.5099306730973 4638.933373016251 4638.933373016251 905.1819797539032 4.92015175117591 1481116.6198293534 1401454.44934092 3000.0 128.0 133693.0#133693.0#3000_134685.0#134685.0#3000 133863.0#133863.0#128_134842.0#134842.0#128
136000 138000 2.0869062500132713 636.8722535156237 268.96821987073764 969.9260000000068 359.787109375 474.55309134080534 469.9010275110554 3891.5482032655013 3891.5482032655013 705.6556470921308 4.725646032524033 1178937.4023375586 1161075.649752242 3000.0 128.0 134685.0#134685.0#3000_136091.0#136091.0#3000_137166.0#137166.0#3000 136229.0#136229.0#128_137291.0#137291.0#128
138000 140000 155.6460371093708 439.33147591145826 289.98344964596026 976.7490000000107 166.16401562499232 574.1588462041757 570.6423124289352 2948.2580923242976 2948.2580923242976 798.4885060526997 4.07920153745483 1346290.2014942416 1196831.0744489217 3000.0 128.0 137166.0#137166.0#3000_138437.0#138437.0#3000_139713.0#139713.0#3000 138502.0#138502.0#128_139729.0#139729.0#128
140000 142000 26.878041015617782 553.288489257815 328.7253111356623 998.0329999999958 289.95900000000256 366.6012449765576 363.06788039437754 2937.7563246238537 2937.7563246238537 511.72952759395304 3.5333645821800292 836239.1779934753 813205.1236159325 3000.0 128.0 139713.0#139713.0#3000_141679.0#141679.0#3000 141677.0#141677.0#128
142000 144000 25.35692578126327 548.2115883789011 351.93143989860386 984.9489999999932 220.26699999999255 310.31324362126054 307.32370170244445 2493.1942956431485 2493.1942956431485 474.1610735467922 2.9895419188160908 800914.0256385164 778225.7619464624 3700.0 128.0 141679.0#141679.0#3000_143689.0#143689.0#4400 143687.0#143687.0#128
144000 146000 18.504361328145023 527.057414550778 389.70690363403156 993.609999999986 128.71400000000722 391.5766663225739 388.59010691288165 2490.6830229608613 2490.6830229608613 603.8280460517075 2.9865594096922345 1010725.6519778136 976348.4970707512 4400.0 128.0 143689.0#143689.0#4400_145702.0#145702.0#4400 145700.0#145700.0#128
146000 148000 5.8049238281091675 543.8165190429718 373.16715188362906 992.4310000000114 181.07099999999627 488.82632910791085 485.82370913122617 2504.206020368506 2504.206020368506 728.3053689136538 3.0026199766846866 1173145.7103009303 1150148.0865664578 4400.0 128.0 145702.0#145702.0#4400_147699.0#147699.0#4400 147697.0#147697.0#128
148000 150000 2.1560156250197906 561.9409960937483 346.4554178839487 987.1989999999932 249.9200000000128 470.309103444779 467.2968305234694 2512.333799742692 2512.333799742692 696.1613541345431 3.01227292130961 1113921.4153320822 1083600.4083164649 4400.0 128.0 147699.0#147699.0#4400_149688.0#149688.0#4400 149687.0#149687.0#128
150000 152000 19.258957031241152 552.1092397460961 354.45763967083343 990.551999999996 227.9320000000007 504.1120909163277 501.1201068536647 2495.2505807622865 2495.2505807622865 763.617078750257 2.991984062663048 1228840.5732744553 1198913.9020695789 4400.0 128.0 149688.0#149688.0#4400_151695.0#151695.0#4400 151694.0#151694.0#128
152000 154000 3.7889218750060536 529.5987695312506 385.20477572790435 983.6570000000065 122.18400000000838 442.3750664547598 439.36229999058276 2512.749362837035 2512.749362837035 675.7314646969367 3.0127664641770013 1115348.74983523 1087205.7654364475 4400.0 128.0 151695.0#151695.0#4400_153682.0#153682.0#4400 153681.0#153681.0#128
154000 156000 11.867951171880122 571.0997846679675 333.9367983808539 993.8960000000079 296.26708984375 401.77454508503814 398.91809031790234 2381.3820246460864 2381.3820246460864 612.2637367897395 2.8564547671358143 999512.8772604767 980398.263742734 4400.0 128.0 153682.0#153682.0#4400_155703.0#155703.0#4400 155701.0#155701.0#128
156000 158000 5.950068359292345 456.92237343751475 378.0336876577285 981.4420000000391 43.837935546878725 464.81491147728457 461.6774055697649 2617.5328634138727 2617.5328634138727 689.4483737237399 3.1375059075197194 1106774.0350576043 1075693.0799310138 4400.0 128.0 155703.0#155703.0#4400_157689.0#157689.0#4400 155701.0#155701.0#128_157687.0#157687.0#128
158000 160000 4.802910156286089 549.0795224609246 359.4656880898859 988.9759999999951 201.12099999998463 446.17852966351086 443.1715798880638 2507.8517109264158 2507.8517109264158 642.4375967240215 3.0069497754470493 1039860.1727786928 1000890.1798089868 4400.0 128.0 157689.0#157689.0#4400_159682.0#159682.0#4400 159680.0#159680.0#128
160000 162000 2.3370175781019498 575.2200668945443 328.30926900668055 992.5300000000279 303.2172851562791 513.0117860563698 510.00660215874206 2506.364841802615 2506.364841802615 753.2087104039849 2.350280757284597 1227902.000757083 1164173.6694729163 4400.0 128.0 159682.0#159682.0#4400_161675.0#161675.0#4400 161673.0#161673.0#128
162000 164000 21.238113281229744 538.1153082031233 331.0216953569039 990.5100000000093 136.387939453125 499.2542382277253 496.6843073354391 2140.718944982825 2140.718944982825 753.0177793738571 3.2248340326293388 1190164.9448516972 1096511.6637773612 3700.0 128.0 161675.0#161675.0#4400_163688.0#163688.0#3000 161673.0#161673.0#128_163863.0#163863.0#128
164000 166000 26.50492187499185 441.6800171874987 385.27291706684866 989.8470000000088 98.18406054688967 341.5406586605879 338.29140062217994 2712.754195537703 2712.754195537703 543.9300889836012 2.545183918758781 871254.8350426632 822526.3487290886 3000.0 128.0 163688.0#163688.0#3000_165679.0#165679.0#3000 163863.0#163863.0#128_165862.0#165862.0#128
166000 168000 0.0 742.7993953125144 317.7885489824289 995.7970000000205 215.52392578125 301.1688630209309 297.32207306688497 3213.30356139862 3213.30356139862 457.64699371588443 4.550864073695215 718628.903090549 674235.4778856641 3000.0 128.0 165679.0#165679.0#3000_167677.0#167677.0#3000 165862.0#165862.0#128_167848.0#167848.0#128
168000 170000 841.1966738280607 326.63579785157344 333.2927868450092 766.2200742188143 11.069943359354511 295.0840489506632 293.6187807248387 1223.7520208000617 1223.7520208000617 480.06669259884984 1.4652682258244698 753161.0246870345 736666.8390206576 3000.0 128.0 167677.0#167677.0#3000_169692.0#169692.0#3000 167848.0#167848.0#128_169863.0#169863.0#128
170000 172000 23.220984374987893 435.38920390625134 379.8384925753128 998.323000000004 67.89307812499464 412.9969377220131 409.37856410981976 3009.252357268236 3009.252357268236 609.826438333545 2.9909906788679956 965102.3362737562 947295.1743401402 3000.0 128.0 169692.0#169692.0#3000_171682.0#171682.0#3000 169863.0#169863.0#128_171867.0#171867.0#128
172000 174000 29.255322265642462 487.4976139323068 370.43652038438773 998.8579999999783 56.74707421878702 276.5143874980648 272.5263463976884 2491.9004409680956 2491.9004409680956 409.5595270891107 3.6154240337016375 647088.0340581596 633225.9091269422 3000.0 128.0 171682.0#171682.0#3000_173672.0#173672.0#3000 171867.0#171867.0#128_173864.0#173864.0#128
174000 176000 27.26803124998696 418.7921861979218 346.76855272451974 985.0299999999988 53.91806835937314 290.72673075619684 287.2352431331637 2074.8256928776004 2074.8256928776004 451.009157012584 2.491487623033088 713973.1922159861 699816.2824153807 3000.0 128.0 173672.0#173672.0#3000_175684.0#175684.0#3000 173864.0#173864.0#128_175863.0#175863.0#128
176000 178000 167.00455664060428 469.11820117188034 364.6749606701669 958.945000000007 67.29899999999907 264.9126154429024 262.4645455203473 2037.7114946311672 2037.7114946311672 407.89335244482555 2.4480699225551423 678733.2142099177 658668.5684084632 3000.0 128.0 175684.0#175684.0#3000 175863.0#175863.0#128
178000 180000 1607.4541015625 265.04443359375 180.31430080446762 392.5458984375 137.54296875 84.4146983004219 83.35129512357913 886.455183973873 886.455183973873 140.82303013520897 1.0634031768427554 235813.3407263106 230306.5193006916 3000.0 128.0 179659.0#179659.0#3000 179861.0#179861.0#128
180000 182000 0.0 659.907204427087 355.72167016103646 998.7550000000338 134.1989746093459 565.6524234771771 559.9530294776977 4759.029616832169 4759.029616832169 866.8016502125597 5.066980347150392 1433581.62264028 1405638.5253708656 3000.0 128.0 179659.0#179659.0#3000_180645.0#180645.0#3000_181903.0#181903.0#3000 179861.0#179861.0#128_180812.0#180812.0#128
182000 184000 22.82315039061359 463.70055781250704 353.31111050681017 996.6130000000121 135.9619140625 401.10671204167164 398.2408917908421 2389.532932308166 2389.532932308166 532.6923514761415 3.498233903158527 877394.0109887096 845665.250474123 3000.0 128.0 180645.0#180645.0#3000_181903.0#181903.0#3000_183668.0#183668.0#3000 182042.0#182042.0#128_183863.0#183863.0#128
184000 186000 54.16997656249441 696.5992234375037 381.0627985668529 977.9090000000142 56.86499999999069 526.8261661807295 522.4547836078812 3654.9822668857914 3654.9822668857914 790.6829681760897 4.371382572848324 1291619.0256446996 1265178.7048543198 3000.0 128.0 183668.0#183668.0#3000_184800.0#184800.0#3000 183863.0#183863.0#128_184866.0#184866.0#128
186000 188000 1605.965087890654 264.169921875 183.6568304668615 394.0349121093459 134.3049316406541 104.14679868548502 103.14450987606006 834.8180998794514 834.8180998794514 156.30867639978365 1.002288809424979 256657.23520861403 249050.97704787433 3000.0 128.0 187678.0#187678.0#3000 187864.0#187864.0#128
188000 190000 36.42999804683495 519.5278312500043 319.3158207795891 998.189000000013 137.5380859375 313.3825686735999 309.0729836558777 3589.8782187669585 3589.8782187669585 439.07873335932015 3.6707369391305065 714957.0060500457 696037.9753809836 3000.0 128.0 187678.0#187678.0#3000_189686.0#189686.0#3000 187864.0#187864.0#128_189862.0#189862.0#128
190000 192000 29.505666015582392 422.95062617188086 395.94144949541385 988.2820000000356 7.128914062486729 343.57202700267385 340.6111518350182 2469.100646992791 2469.100646992791 506.7029209429711 3.5997232462472777 817723.015279158 790417.9030987122 3000.0 128.0 189686.0#189686.0#3000_191676.0#191676.0#3000 189862.0#189862.0#128_191862.0#191862.0#128
192000 194000 33.19919335938175 422.95776679688134 394.5590199134075 978.8120000000054 10.505117187509313 356.3475352769261 353.5338232333677 2345.496706965346 2345.496706965346 500.6008066352387 2.8137120435584357 814264.9783083993 789114.4121150965 3000.0 128.0 191676.0#191676.0#3000_193684.0#193684.0#3000 191862.0#191862.0#128_193862.0#193862.0#128
194000 196000 37.49205273433472 428.5275968749949 383.336278030645 965.8950000000477 45.034089843713446 346.72789825852067 343.65628268844097 2562.1535133741763 2562.1535133741763 476.0729264621086 3.0716155700797887 793711.3063075729 757354.5539186215 3000.0 128.0 193684.0#193684.0#3000_195680.0#195680.0#3000 193862.0#193862.0#128_195864.0#195864.0#128
196000 198000 32.12505859378143 426.5466046874993 399.9662218951426 996.0419999999867 28.328052734403173 298.3787262190222 295.0657578575763 2766.2305887262496 2766.2305887262496 448.1956026295213 2.617899405508682 759054.6724680226 715549.3969110829 3000.0 128.0 195680.0#195680.0#3000_197666.0#197666.0#3000 195864.0#195864.0#128_197863.0#197863.0#128
198000 200000 30.967044921853812 451.7354054687603 372.05855027494454 982.0439999999944 136.3291015625 424.1625059539107 420.92612321306757 2700.561502308243 2700.561502308243 581.2810181159837 3.2515558389728394 937051.5749038471 905467.8410579413 3000.0 128.0 197666.0#197666.0#3000_199678.0#199678.0#3000 197863.0#197863.0#128_199863.0#199863.0#128
200000 202000 983.7158984375128 301.35650244139833 258.1715422553836 622.1591015624872 56.381898437510245 257.4025846731197 255.65070371306211 1464.4843727998007 1464.4843727998007 396.4156210745892 2.4317768178650834 641043.2492574279 629109.504230341 3000.0 128.0 199678.0#199678.0#3000_201677.0#201677.0#3000 199863.0#199863.0#128_201866.0#201866.0#128
202000 204000 717.9531074218394 297.1305539062596 214.16932049738634 605.679999999993 65.12199023438734 346.62703777059517 343.5533365539404 2563.9268598736458 2563.9268598736458 487.5544085501333 3.0737012166547553 754852.6611489744 737173.6685882912 3000.0 128.0 201677.0#201677.0#3000_203694.0#203694.0#3000 201866.0#201866.0#128_203861.0#203861.0#128
204000 206000 32.784962890611496 429.8456414062588 384.7400466272394 998.372000000003 47.0051132812514 336.3035324080818 332.86687709461006 2856.5951618840477 2856.5951618840477 522.6023577568112 2.80010671490653 835681.4167547382 807846.5637177689 3000.0 128.0 203694.0#203694.0#3000_205689.0#205689.0#3000 203861.0#203861.0#128_205864.0#205864.0#128
206000 208000 68.25685351557331 431.0244042968901 379.4451323505563 990.4830000000075 87.69894335936988 265.90102573937224 263.290020469867 2175.4035374716495 2175.4035374716495 399.6898108123069 3.247553868070499 636500.8165254968 624169.2898453498 3000.0 128.0 205689.0#205689.0#3000_207715.0#207715.0#3000 205864.0#205864.0#128_207863.0#207863.0#128
208000 210000 0.0 632.6433339843788 332.98883264632974 988.44200000001 172.06200000000536 456.0442789209587 449.35283613048756 6125.470156627434 6125.470156627434 720.4697622701804 7.691442790471115 1176757.4451277251 1167829.1083698855 3000.0 128.0 207715.0#207715.0#3000_208826.0#208826.0#3000 207863.0#207863.0#128_208863.0#208863.0#128
210000 212000 160.04610351566225 394.51114615884825 367.7770344534848 976.7179999999935 86.055908203125 394.32255419129416 389.68040946686386 3882.857341999631 3882.857341999631 577.0483609778117 4.642144724430253 945248.0387793641 920351.90381564 3000.0 128.0 208826.0#208826.0#3000_210155.0#210155.0#3000_211681.0#211681.0#3000 210324.0#210324.0#128_211864.0#211864.0#128
212000 214000 2.0030039062548894 363.88218652343977 461.1219402932291 998.8459999999905 12.694019531249069 393.95515977045335 391.71347307253995 1865.016826247284 1865.016826247284 580.0761119527356 2.2416866979134333 959989.2920474042 938690.2330915729 3000.0 128.0 211681.0#211681.0#3000_213676.0#213676.0#3000 211864.0#211864.0#128_213866.0#213866.0#128
214000 216000 886.3920937500079 349.1107027994731 297.5783078136755 719.8559531249921 15.005000000004657 292.2145753767679 288.63805691538744 2157.1907022030523 2157.1907022030523 443.2706324441304 3.5765184613805525 739417.0312380244 726967.1252992756 3000.0 128.0 213676.0#213676.0#3000_215686.0#215686.0#3000 213866.0#213866.0#128_215862.0#215862.0#128
216000 218000 31.287265624996508 422.35001796876315 395.17868610792186 999.5679999999993 7.934083984408062 308.0685271649636 304.54257612800905 2931.6102631115564 2931.6102631115564 460.14796728074043 2.889244393492879 755263.1971638233 708878.0060335251 3000.0 128.0 215686.0#215686.0#3000_217753.0#217753.0#3000 215862.0#215862.0#128_217864.0#217864.0#128
218000 220000 27.774099609378027 425.21498320311076 397.32424226240727 998.7889999999898 15.829728515585884 412.6096592506776 410.16678590016966 2033.9613130058347 2033.9613130058347 580.8205357576998 3.0795799939696624 942497.2413920733 855292.5082134061 3000.0 128.0 217753.0#217753.0#3000_219681.0#219681.0#3000 219861.0#219861.0#128
220000 222000 20.80969140623347 469.7326042968838 355.5101059006747 996.2960000000021 128.46900000004098 298.76952904146486 295.1494968700995 3022.795378061598 3022.795378061598 460.4799550723876 3.620032171365425 740486.1124939544 718535.1487014602 3000.0 128.0 219681.0#219681.0#3000_221679.0#221679.0#3000 219861.0#219861.0#128_221861.0#221861.0#128
222000 224000 23.45824023440946 527.9144316406164 378.97164617979155 985.1329999999725 135.115966796875 303.2887497599741 300.97520259445866 1925.3667976334254 1925.3667976334254 401.6940206416208 2.3135471655153896 637196.4339877325 612877.3656186579 3000.0 128.0 221679.0#221679.0#3000_223684.0#223684.0#3000 223864.0#223864.0#128
224000 226000 24.224726562417345 471.0282613281568 357.4243922898718 982.4280000000144 92.18900000004214 367.3620074078931 362.99687427685114 3650.082012067824 3650.082012067824 493.93233847453956 3.674841417301238 816420.5074635863 798688.0140443936 3000.0 128.0 223684.0#223684.0#3000_225668.0#225668.0#3000 223864.0#223864.0#128_225863.0#225863.0#128
226000 228000 25.05117382813478 527.5602045898413 387.99357370125574 993.8340000000317 135.2919921875 320.12348725810006 317.3371710613088 2322.505605304645 2322.505605304645 475.0674870741572 2.7705526950493087 776910.8431967124 751475.8717178978 3000.0 128.0 225668.0#225668.0#3000_227685.0#227685.0#3000 227864.0#227864.0#128
228000 230000 28.886193359358003 428.68421484374556 403.96924321067354 988.8470000000088 36.76600781248999 333.6484645612366 331.1590191149367 2073.409936535021 2073.409936535021 531.4210224711969 2.472857249455162 856676.8999819258 829356.1159257195 3000.0 128.0 227685.0#227685.0#3000_229697.0#229697.0#3000 227864.0#227864.0#128_229862.0#229862.0#128
230000 232000 0.0 647.8058007812506 337.4301432182227 936.8910000000033 187.1600000000035 598.8657466619602 592.8782064809086 5500.784594088578 5500.784594088578 898.1890751234974 7.710183593379013 1446577.328155752 1400654.218615327 3000.0 128.0 229697.0#229697.0#3000_230825.0#230825.0#3000 230860.0#230860.0#128
232000 234000 2.2938964843633585 412.9455182291761 366.78610002924677 962.4610000000102 47.0 409.26038407700855 405.2049035066312 3388.7146402577287 3388.7146402577287 585.6190991670132 4.05548057037735 916713.0071057634 885860.6049873136 3000.0 128.0 230825.0#230825.0#3000_232078.0#232078.0#3000_233680.0#233680.0#3000 232211.0#232211.0#128_233677.0#233677.0#128
234000 236000 34.30416210938711 443.27778593749974 388.38524904508034 993.9139999999898 28.43798828125 307.0255122247054 304.05787650226654 2474.7492782935433 2474.7492782935433 497.75404970099646 2.9676357224388874 808564.6790564378 794557.7815102391 3700.0 128.0 233680.0#233680.0#3000_235713.0#235713.0#4400 235709.0#235709.0#128
236000 238000 3.8167558593850117 375.3052093099007 385.9091334398485 979.176999999996 20.749000000039814 434.33045248603486 430.31286427530443 2516.8092734350644 2516.8092734350644 672.4690084592013 4.01758821073048 1071512.9084541718 1045894.1971416052 4400.0 128.0 235713.0#235713.0#4400_237696.0#237696.0#4400 237693.0#237693.0#128
238000 240000 4.129310546908528 553.6104223632719 354.79325043676386 987.1489999999758 218.57099999999627 400.5297751487201 397.5197760912216 2510.419206413635 2510.419206413635 602.263392112701 3.009999057498379 997276.6499951112 980787.3608434566 4400.0 128.0 237696.0#237696.0#4400_239685.0#239685.0#4400 239684.0#239684.0#128
240000 242000 0.49185156251769513 566.7030717773596 343.26794638907313 998.6770000000251 269.3099999999977 574.4880487400595 571.4888809773902 2501.299256167527 2501.299256167527 792.3351898399203 2.9991677626692717 1322497.5352981621 1275689.815540581 4400.0 128.0 239685.0#239685.0#4400_241737.0#241737.0#4400 241735.0#241735.0#128
242000 244000 1.5772988281096332 578.210223144546 320.4895794024188 981.8219999999856 288.1352539063082 493.3062748203138 491.5266868323557 1488.7615110701934 1488.7615110701934 705.8868364363088 1.779587987958077 1120866.6627497321 971262.6304642858 4400.0 128.0 241737.0#241737.0#4400_243945.0#243945.0#4400 243944.0#243944.0#128
244000 246000 3.344275390612893 572.0240242187632 291.40618524725267 997.594000000041 284.499267578125 472.59795734472607 468.40577270292965 3491.4710431830626 3491.4710431830626 721.401644416274 4.192184641796384 1160359.1112891005 1094890.064987923 4400.0 128.0 243945.0#243945.0#4400_245809.0#245809.0#4400 243944.0#243944.0#128_245815.0#245815.0#128
246000 248000 3.204207031230908 569.8649267578148 337.1190676075456 978.6450000000186 281.823974609375 476.03350609928015 473.0366084550863 2499.38781641122 2499.38781641122 692.4245871065623 2.9968976441938473 1152673.922264432 1103345.9983021454 4400.0 128.0 245809.0#245809.0#4400_247717.0#247717.0#4400 247724.0#247724.0#128
248000 250000 8.968046875030268 565.6752246093674 282.4113992286987 880.9739999999874 271.6689453125 476.1713050483979 473.8730788069686 1919.4086527294817 1919.4086527294817 766.1021492158501 2.2982262414293886 1231191.841978087 1156754.0971672228 4400.0 128.0 247717.0#247717.0#4400_249978.0#249978.0#4400 249986.0#249986.0#128
250000 252000 2.264957031235099 500.6510757812648 354.1032332475138 998.1570000000647 176.30099999997765 533.2354640690113 530.0255977717885 2683.7159692506225 2683.7159692506225 776.5431966621373 3.2098662972227947 1214470.4741298307 1164349.3323620828 3700.0 128.0 249978.0#249978.0#4400_251725.0#251725.0#3000 249986.0#249986.0#128_251744.0#251744.0#128
252000 254000 310.3122519530589 563.2292493489804 457.40573238585205 999.0680000000284 86.9430000000284 192.79633991469086 190.58627587514854 1825.563216859678 1825.563216859678 306.08069460356944 2.210064039542332 492656.9044387964 483339.41133432044 3000.0 0.0 251725.0#251725.0#3000 -
254000 256000 1606.87109375 265.1875 180.93647190783588 393.12890625 137.24609375 125.7074039058752 124.60865303698894 915.8669006930331 915.8669006930331 170.47387743185408 1.0987508688862557 264900.5704666921 255441.77865426562 3000.0 128.0 255671.0#255671.0#3000 255862.0#255862.0#128
256000 258000 28.065865234355442 482.8461925781332 333.68343787938824 999.0310000000172 139.169921875 356.64113736166377 352.44809093039777 3491.9772990213532 3491.9772990213532 508.63542892416456 3.5602802245257896 805678.1513216818 786338.051960162 3000.0 128.0 255671.0#255671.0#3000_257679.0#257679.0#3000 255862.0#255862.0#128_257860.0#257860.0#128
258000 260000 30.579103515599854 423.9134468750097 397.3060323731587 997.6880000000237 11.355078125023283 319.11946128039676 316.4545111263728 2220.7804092477913 2220.7804092477913 494.99489095371445 3.297716360764147 789016.794194143 769662.3087525965 3000.0 128.0 257679.0#257679.0#3000_259680.0#259680.0#3000 257860.0#257860.0#128_259861.0#259861.0#128
260000 262000 9.535210937494412 492.65414160156314 394.4552928219968 996.7519999999786 131.697998046875 554.584685111274 548.6985604461875 4929.387971218448 4929.387971218448 824.7836636508886 5.8861246650864585 1298086.6494320224 1247712.3967667802 3000.0 128.0 259680.0#259680.0#3000_260439.0#260439.0#3000_261674.0#261674.0#3000 259861.0#259861.0#128_260570.0#260570.0#128_261865.0#261865.0#128
262000 264000 1.3076816405518912 430.9446000000229 460.9282832938417 994.7640000000829 24.942951171891764 334.9801523090564 332.4716241057857 2089.163690747441 2089.163690747441 489.58490264448113 2.5085282032707625 807176.1678517556 788459.4065962522 3000.0 128.0 261674.0#261674.0#3000_263656.0#263656.0#3000 261865.0#261865.0#128_263862.0#263862.0#128
264000 266000 1.199035156168975 477.50056718752023 422.6394527707971 999.4730000000563 129.156982421875 318.9665934228525 315.94753804396635 2518.0065182643934 2518.0065182643934 514.482809340544 3.019055378886183 853891.5003715674 828732.4348773913 3000.0 128.0 263656.0#263656.0#3000_265683.0#265683.0#3000 263862.0#263862.0#128_265863.0#265863.0#128
266000 268000 206.237087890564 506.04875292970974 374.1128052794298 831.1230000000796 137.06689453125 243.6852901673156 240.45171141357167 2698.206153144906 2698.206153144906 382.5412539782781 3.2335787537439353 615106.5910067284 585277.0470371428 3000.0 128.0 265683.0#265683.0#3000_267672.0#267672.0#3000 265863.0#265863.0#128_267862.0#267862.0#128
268000 270000 726.5390019531478 374.31826611327415 359.6185199460745 875.3879999999772 89.85210546874441 350.7392308605639 349.3332608330545 1173.9200314589802 1173.9200314589802 546.4518970591477 1.4059700275094182 901717.0904680516 844276.9037473568 3000.0 128.0 267672.0#267672.0#3000_269695.0#269695.0#3000 267862.0#267862.0#128_269859.0#269859.0#128
270000 272000 25.52908789063804 519.154248046875 319.35011012996705 998.7390000000014 135.101318359375 356.8434568916161 352.53019328156705 3592.9778857851343 3592.9778857851343 484.2030336044005 3.684094457555182 784426.2468783035 716636.475360895 3000.0 128.0 269695.0#269695.0#3000_271681.0#271681.0#3000 269859.0#269859.0#128_271864.0#271864.0#128
272000 274000 26.06798828119645 423.65912734376036 389.7071884742921 977.2530000000261 6.746681640623137 364.6828517989339 362.4729146996789 1838.3409278590268 1838.3409278590268 560.9712666551865 2.2068193416824173 888587.3807644635 863669.1093280008 3000.0 128.0 271681.0#271681.0#3000_273674.0#273674.0#3000 271864.0#271864.0#128_273862.0#273862.0#128
274000 276000 34.422033203125466 559.3002226562472 321.30456809720584 973.7119999999995 137.666015625 422.2122940338106 419.1009323151025 2595.526941039551 2595.526941039551 593.8921610131008 3.1029103810936625 973195.1897903641 927266.6631782806 3000.0 128.0 273674.0#273674.0#3000_275681.0#275681.0#3000 273862.0#273862.0#128_275862.0#275862.0#128
276000 278000 370.23793359374395 493.6545126953133 418.87448288100495 985.765000000014 3.3119999999762513 211.8374428566414 209.48200976732642 1959.845271519941 1959.845271519941 301.98481474423966 2.9961713369957885 491247.6674542266 463906.42374087597 3000.0 128.0 275681.0#275681.0#3000 275862.0#275862.0#128
278000 280000 1606.923095703125 265.450927734375 180.49038696579825 393.076904296875 137.824951171875 86.82399720781692 85.75844297620289 888.2520002895012 888.2520002895012 150.55097364548118 1.0655542316140176 247802.70290227517 245596.55252286664 3000.0 128.0 279682.0#279682.0#3000 279861.0#279861.0#128
280000 282000 0.0 658.5975065104236 358.1140152457465 999.954000000027 130.241943359375 557.4391241405223 551.4557929646083 4997.072640749656 4997.072640749656 861.8608153071328 5.901767225603548 1373017.4236623337 1343084.1375271368 3000.0 128.0 279682.0#279682.0#3000_280544.0#280544.0#3000_281925.0#281925.0#3000 279861.0#279861.0#128_280823.0#280823.0#128_281932.0#281932.0#128
282000 284000 2.3248632812756114 433.40220937499544 461.1141117151177 999.6120000000228 32.16604882810498 310.47658644665864 307.035486062994 2874.2634235626833 2874.2634235626833 492.40380891573903 3.5226643339751025 830443.5602846802 802912.1615923275 3000.0 128.0 281925.0#281925.0#3000_283677.0#283677.0#3000 281932.0#281932.0#128_283861.0#283861.0#128
284000 286000 828.8149960937444 359.84902734376374 304.18469496739647 777.3329531250056 123.71999999997206 298.5691887359299 296.26941309703477 1924.7036838011365 1924.7036838011365 454.6943423227119 2.299775638895151 765057.422466031 727869.7586698042 3000.0 128.0 283677.0#283677.0#3000_285677.0#285677.0#3000 283861.0#283861.0#128_285862.0#285862.0#128
286000 288000 28.53109960927395 527.8547128906503 365.55560432112605 996.9760000000242 139.949951171875 404.52148768883603 401.11950344351624 2827.516882550901 2827.516882550901 575.2562112205615 2.773116051076451 912688.1594743141 891629.1513091424 3000.0 128.0 285677.0#285677.0#3000_287681.0#287681.0#3000 287859.0#287859.0#128
288000 290000 26.386650390631985 427.93288124999964 392.86432791227236 999.6699999999837 30.593048828130122 368.72341040539055 365.7136643796509 2510.1360374603987 2510.1360374603987 541.8762895278829 3.638614219983026 864190.7126607426 839582.5960598711 3000.0 128.0 287681.0#287681.0#3000_289675.0#289675.0#3000 287859.0#287859.0#128_289864.0#289864.0#128
290000 292000 36.91719335928792 424.8279566406389 389.42299057374714 974.8680000000168 22.847992187482305 315.8558368789202 312.9434228791921 2428.406006667631 2428.406006667631 441.75093734085925 2.912413999728003 714006.9267204208 691305.5051777235 3000.0 128.0 289675.0#289675.0#3000_291686.0#291686.0#3000 289864.0#289864.0#128_291861.0#291861.0#128
292000 294000 13.52422851556912 432.3481812500162 393.8386076663963 992.1830000000191 39.218015625025146 349.67218762022287 346.68767017617625 2488.984027255804 2488.984027255804 520.1541706925881 2.9845174440467495 841214.1366689092 824487.840180722 3000.0 128.0 291686.0#291686.0#3000_293670.0#293670.0#3000 291861.0#291861.0#128_293863.0#293863.0#128
294000 296000 21.528984375065193 431.01878085936187 396.3351241660101 995.0009999999893 40.914880859374534 300.62868017607974 297.57522882844034 2546.8679749948647 2546.8679749948647 481.82037224351654 3.053451347639364 797957.1103756753 783794.7095887647 3000.0 128.0 293670.0#293670.0#3000_295686.0#295686.0#3000 293863.0#293863.0#128_295863.0#295863.0#128
296000 298000 31.979583984299097 425.4062703125179 403.30985944183567 991.4880000000121 26.268992187513504 283.0891702046469 280.05607665805906 2531.170475552789 2531.170475552789 426.6748567171134 2.3250916348119093 708890.0686580724 677736.394472964 3000.0 128.0 295686.0#295686.0#3000_297678.0#297678.0#3000 295863.0#295863.0#128_297865.0#297865.0#128
298000 300000 166.01328906253912 604.7231918945181 353.0893229748639 987.5229999999865 139.322021484375 286.1790186610526 282.51505229189803 3059.7317500898466 3059.7317500898466 373.4827134574013 4.3719682809305045 622221.0416027588 561090.4583748899 3000.0 128.0 297678.0#297678.0#3000_299670.0#299670.0#3000 297865.0#297865.0#128_299860.0#299860.0#128
