ts te idle avg_span std_span max_span min_span c_ack_cnt c_ack_cnt_p c_bytes_all c_bytes_uniq s_ack_cnt s_ack_cnt_p s_bytes_all s_bytes_uniq avg_video_rate avg_audio_rate video_requests_sequence audio_requests_sequence
0 4000 4000.0 0.0 0.0 0.0 0.0 0.0 0.0 0.0 0.0 0.0 0.0 0.0 0.0 0.0 0.0 - -
4000 8000 4000.0 0.0 0.0 0.0 0.0 0.0 0.0 0.0 0.0 0.0 0.0 0.0 0.0 0.0 0.0 - -
8000 12000 1115.196044921875 543.6131671549483 417.9244858581712 995.3090000000011 9.703999999997905 121.2338009232195 99.1407479532877 18815.32774904896 18815.32774904896 194.88441192668023 26.093052969931808 226305.13060677398 165192.64941503858 894.0 128.0 9598.0#9598.0#1500_11124.0#11124.0#288_11125.0#11125.0#288_11695.0#11695.0#1500 9592.0#9592.0#128_9594.0#9594.0#128_11121.0#11121.0#128
12000 16000 0.0 626.8889356770839 340.7967309499896 970.2649999999994 10.463000000003376 438.09526018182737 422.78409765860704 13251.617480691988 13251.617480691988 530.0862643823316 16.311162523220332 759278.6695604067 655706.7461798504 288.0 128.0 11125.0#11125.0#288_12186.0#12186.0#288_13014.0#13014.0#288_13341.0#13341.0#288_13905.0#13905.0#288_14396.0#14396.0#288_14849.0#14849.0#288_15284.0#15284.0#288_15638.0#15638.0#288 12205.0#12205.0#128_13358.0#13358.0#128_13555.0#13555.0#128_14845.0#14845.0#128
16000 20000 430.4008925781309 431.0422595880677 327.78498766799703 968.0910000000003 0.0 52.57876716455585 48.46424210091592 3426.4220268285435 3426.4220268285435 89.4673774247594 4.114525063639925 131090.8570040804 97755.73312815985 288.0 128.0 15638.0#15638.0#288 14845.0#14845.0#128_16376.0#16376.0#128_16538.0#16538.0#128
20000 24000 33.14397265625303 794.0683671874987 214.434476304167 998.0749999999898 388.39802734374825 281.2313506903971 269.203600153343 10057.685262261271 10057.685262261271 419.9914738216131 12.027750537054082 578476.2901405216 434040.6435259647 288.0 128.0 15638.0#15638.0#288_20947.0#20947.0#288_21637.0#21637.0#288_22145.0#22145.0#288_22801.0#22801.0#288 16538.0#16538.0#128_22239.0#22239.0#128_22729.0#22729.0#128_23076.0#23076.0#128_23457.0#23457.0#128_23688.0#23688.0#128_23899.0#23899.0#128
24000 28000 1102.0300761718754 492.8931132812496 389.8322028282547 997.8269999999975 43.424072265625 162.5957944858558 155.27178351915774 6099.937895615248 5396.400867504296 202.48744560124362 7.3240109666980455 270516.5633722811 224537.12340590885 692.0 128.0 24445.0#24445.0#288_25949.0#25949.0#288_27956.0#27956.0#1500 23899.0#23899.0#128_25165.0#25165.0#128_25947.0#25947.0#128_27952.0#27952.0#128
28000 32000 12.904966796872031 674.895167436079 330.0705904593698 997.6370000000024 69.25399609375017 557.2420125351347 550.5177892154982 5614.684397302099 5498.22142541305 675.32142294493 6.7242233196364305 943889.761120274 757843.7072348829 1500.0 128.0 27956.0#27956.0#1500_30383.0#30383.0#1500 27952.0#27952.0#128_29447.0#29447.0#128_30942.0#30942.0#128
32000 36000 0.0 675.0793203125002 343.09044374917374 998.4850000000006 39.49610546875192 390.49975126399727 385.0944766441779 4496.325188251891 4496.325188251891 512.0620056982643 5.405274619819378 710462.2907154136 607963.3944415619 1500.0 128.0 30383.0#30383.0#1500_32019.0#32019.0#1500_34196.0#34196.0#1500 32945.0#32945.0#128
36000 40000 8.007705078125582 728.3204965820314 280.13721135212313 999.4000000000015 172.45900000000256 380.7548566829296 372.0813158050621 7237.888761128375 7237.888761128375 504.01249071639717 8.673540877867435 704066.2868010222 578247.8184624645 684.0 128.0 34196.0#34196.0#1500_37068.0#37068.0#480_37071.0#37071.0#480_38251.0#38251.0#480_39358.0#39358.0#480 37447.0#37447.0#128_38944.0#38944.0#128_39606.0#39606.0#128
40000 44000 1239.533101562498 494.6062534179685 369.14112986857026 998.7079999999914 0.0 292.7684060720828 286.44194694995025 5285.111238871625 5285.111238871625 397.6871074837804 6.3264591221325635 540572.1506792263 408843.1842061685 660.0 128.0 39358.0#39358.0#480_40268.0#40268.0#480_41643.0#41643.0#840_41645.0#41645.0#840 39606.0#39606.0#128_40761.0#40761.0#128_41616.0#41616.0#128
44000 48000 1279.2489921874949 591.3902857142863 281.81230366901605 988.650999999998 258.0500000000029 273.0 264.0 7503.0 7503.0 455.0 9.0 654492.0 654492.0 840.0 128.0 44356.0#44356.0#840_45408.0#45408.0#840_46954.0#46954.0#840 44355.0#44355.0#128_45445.0#45445.0#128_46950.0#46950.0#128
48000 52000 968.0479824218637 517.641855468751 356.8750878168169 998.8270000000048 44.676025390625 348.2827324097083 341.65658510074616 5533.238914317788 5533.238914317788 475.35237027732603 6.626147308962068 727362.176728822 696271.7359091183 1280.0 128.0 48448.0#48448.0#840_50455.0#50455.0#1500_51954.0#51954.0#1500 48447.0#48447.0#128_50451.0#50451.0#128_51951.0#51951.0#128
52000 56000 1038.462753906264 435.743757568358 369.08718876729904 954.3259746093681 42.243896484375 388.26142177065606 381.574911493874 5573.774113961396 5573.774113961396 576.2123934812546 6.6865102767820765 867306.2058432263 824747.9176350866 1900.0 128.0 51954.0#51954.0#1500_54449.0#54449.0#1500_55955.0#55955.0#2300_55957.0#55957.0#2300 51951.0#51951.0#128_54448.0#54448.0#128_55954.0#55954.0#128
56000 60000 3.345013671874767 492.13821440972 430.5548779076481 999.1209999999992 21.812927734368714 551.612029556869 544.6137193645592 5835.821840842244 5835.821840842244 862.8895314342861 6.998310192309807 1353006.7008034238 1231757.3620283576 2300.0 128.0 55955.0#55955.0#2300_55957.0#55957.0#2300_57716.0#57716.0#2300_59688.0#59688.0#2300 55954.0#55954.0#128_57716.0#57716.0#128_59684.0#59684.0#128
60000 64000 54.548394531258964 553.7323798828111 400.39480231276355 999.2250000000058 41.188089843752095 638.5046317620759 632.5191007381862 4991.817122115054 4991.817122115054 867.7458969066296 5.985531023889613 1337201.1687910326 1216774.517103335 2300.0 128.0 59688.0#59688.0#2300_61692.0#61692.0#2300_63703.0#63703.0#2300 59684.0#59684.0#128_61690.0#61690.0#128_63699.0#63699.0#128
64000 68000 396.9909433593857 804.2493964843743 245.03337284467062 997.3279999999941 421.0890000000072 481.3391845006909 476.63568330263445 3914.348008763518 3914.348008763518 784.7998079005037 4.7035011980564345 1194060.7478334953 1076785.4673241028 2300.0 128.0 63703.0#63703.0#2300_65731.0#65731.0#2300 65729.0#65729.0#128
68000 72000 1582.820068359375 645.5846442522286 394.5097561961914 998.2900000000081 38.75 565.0064496390736 557.7945588251041 6011.769262596592 6011.769262596592 759.052364226243 7.211890813969383 1126553.880665004 1071013.1971099346 3000.0 128.0 69766.0#69766.0#3000_69768.0#69768.0#3000_71122.0#71122.0#3000 69764.0#69764.0#128_69943.0#69943.0#128_71887.0#71887.0#128
72000 76000 5.333074218739057 643.9367718394893 323.56767856537715 999.9379999999946 107.85674023437605 847.2740765227737 842.6485638484968 3862.113036136089 3862.113036136089 1348.902968912097 4.625512674276923 2077895.3153835735 1786940.9955649883 3000.0 128.0 71122.0#71122.0#3000_72757.0#72757.0#3000_74293.0#74293.0#3000 71887.0#71887.0#128
76000 80000 112.28161328128772 826.603124999996 257.8402200541182 999.8539999999921 291.1849999999831 570.7194738381527 561.556877326399 7650.11770126732 7650.11770126732 933.0446668616601 9.162596511753694 1326404.8039514227 1250109.8073250768 2300.0 128.0 76315.0#76315.0#2300_77701.0#77701.0#2300_79755.0#79755.0#2300 71887.0#71887.0#128_78731.0#78731.0#128_78899.0#78899.0#128_79167.0#79167.0#128_79766.0#79766.0#128
80000 84000 70.04299609377631 659.5262421874995 429.5313033642022 998.8529999999882 22.505999999993946 490.3196547355529 486.3196547355529 3322.0 3322.0 836.3196547355528 4.0 1241910.5166297741 1207863.0 2300.0 128.0 79755.0#79755.0#2300_82061.0#82061.0#2300 81698.0#81698.0#128
84000 88000 900.1156132812466 549.1347946777332 361.44600898215714 999.551999999996 85.99000000000524 288.7390470619392 280.11805083665445 6364.257825464441 6364.257825464441 467.3137639582924 7.62099622528471 654368.0402202201 615615.5568499941 1205.0 128.0 79755.0#79755.0#2300_86592.0#86592.0#840_87079.0#87079.0#840_87680.0#87680.0#840 86609.0#86609.0#128_87150.0#87150.0#128_87691.0#87691.0#128
88000 92000 2745.1482343749813 293.1845359375031 124.6066132037676 504.9070000000065 203.60400000000664 216.20223876381309 210.51746900778636 4737.197130799792 4737.197130799792 346.8808871015531 5.684769756026731 551800.0634879561 518859.70161877596 1326.6666666666667 128.0 87680.0#87680.0#840_89679.0#89679.0#840_91691.0#91691.0#2300 89678.0#89678.0#128_91687.0#91687.0#128
92000 96000 79.87100585938606 767.5055327148439 308.1449040926357 999.9279999999999 284.185302734375 607.5132298687605 600.5577045040695 5807.983089298345 5807.983089298345 989.0693594306606 6.955525364690999 1499869.0185699933 1431060.561445525 2300.0 128.0 91691.0#91691.0#2300_93740.0#93740.0#2300_95030.0#95030.0#2300 93739.0#93739.0#128_94443.0#94443.0#128
96000 100000 14.577931640626048 706.161956835934 358.24195212360524 999.880999999994 23.165066406247206 670.2118371749516 662.4669969671844 6474.934959238008 5632.934959238008 1098.635808154957 7.744840207767254 1592281.6248192333 1504465.4438128818 2533.3333333333335 128.0 95030.0#95030.0#2300_96610.0#96610.0#2300_98452.0#98452.0#3000 96442.0#96442.0#128_98449.0#98449.0#128_99946.0#99946.0#128
100000 104000 4.3539824218605645 709.3012680664087 346.7697023835996 999.8940000000002 64.59410546874278 517.7395836689186 512.3403955359662 4496.095532046068 4496.095532046068 906.413741117778 4.804507819674718 1314575.2312525464 1213680.9063234623 3000.0 128.0 100002.0#100002.0#3000_102447.0#102447.0#3000 99946.0#99946.0#128_102445.0#102445.0#128
104000 108000 4.242892578142346 627.331264973956 285.5071327138379 999.9060000000027 155.7390000000014 750.5835153932954 743.3738722296653 6024.799099453234 6024.799099453234 1221.691193957575 7.804323476907961 1796843.181765999 1671663.577339891 3000.0 128.0 102447.0#102447.0#3000_104532.0#104532.0#3000_106113.0#106113.0#3000_107948.0#107948.0#3000 104099.0#104099.0#128_105729.0#105729.0#128_107836.0#107836.0#128
108000 112000 305.65810351562686 573.1095686035169 390.54071690165324 999.5909999999858 70.76574804687698 678.0679164482576 672.2667574148454 4835.568858903989 4835.568858903989 1115.131737942454 5.801159033412225 1693078.7412620578 1599384.1497458545 3000.0 128.0 107948.0#107948.0#3000_109966.0#109966.0#3000_111825.0#111825.0#3000 107836.0#107836.0#128_109759.0#109759.0#128_111823.0#111823.0#128
112000 116000 650.7627246093762 498.4077551269547 331.87977992350034 999.7509999999893 47.87309570313664 692.1704424241527 687.3285343501807 4040.360489548417 4040.360489548417 1126.0902478306518 4.841908073971965 1757045.471420392 1685540.014808775 3000.0 128.0 111825.0#111825.0#3000_113781.0#113781.0#3000 111823.0#111823.0#128_113716.0#113716.0#128_115744.0#115744.0#128
116000 120000 5.382287109387107 605.4064380580302 403.05163175697226 999.7149999999965 22.288999999989755 629.056265934548 622.0490854262825 5838.1102276215015 5838.1102276215015 1022.7047547388405 7.007180508265569 1497114.1389135146 1402842.0447388554 3000.0 128.0 116012.0#116012.0#3000_117832.0#117832.0#3000_119734.0#119734.0#3000 117831.0#117831.0#128_119732.0#119732.0#128
120000 124000 9.512136718753027 667.8530016741091 381.470222318386 998.926999999996 57.257080078125 664.9923721452875 660.7697635041729 3528.6697371627065 3528.6697371627065 1044.1959816110566 4.222608641114629 1557739.9276291858 1426176.8387134057 3000.0 128.0 119734.0#119734.0#3000_122075.0#122075.0#3000 122074.0#122074.0#128
124000 128000 5.573214843752794 706.9722536621048 245.1638342446102 999.9029999999912 418.6201171875 704.1841355296847 696.9231572753804 6041.695535904819 5563.690923783091 1107.916852326183 7.260978254304191 1670871.402473879 1549243.0666821834 3000.0 128.0 122075.0#122075.0#3000_124116.0#124116.0#3000_126051.0#126051.0#3000 124113.0#124113.0#128_125919.0#125919.0#128
128000 132000 1380.4768828125088 386.60818017577793 296.3607118041086 949.4880000000121 14.981085937499302 221.31171080786112 202.54316154554402 15344.298728803396 15002.303340925124 346.2866152109473 21.768549262317066 493187.38216305187 487775.87852819957 830.4 128.0 126051.0#126051.0#3000_129033.0#129033.0#288_129382.0#129382.0#288_129730.0#129730.0#288_131713.0#131713.0#288 129443.0#129443.0#128_129614.0#129614.0#128_129827.0#129827.0#128_131710.0#131710.0#128
132000 136000 1698.5801757812733 499.8465129394499 360.3759035244994 916.7099999999919 11.502917968755355 187.78317444522048 179.99378934278738 4820.296899191353 4820.296899191353 266.1121382477603 7.789385102433085 416412.0972049241 384212.0972049241 876.0 128.0 131713.0#131713.0#288_133725.0#133725.0#840_135693.0#135693.0#1500 131710.0#131710.0#128_133722.0#133722.0#128_135688.0#135688.0#128
136000 140000 71.29408789065201 593.1088303571368 421.9155558197489 998.6749999999884 89.59700000000885 330.50848708735987 324.53889007792833 4978.400681941293 4978.400681941293 501.1223509840335 5.969597009431465 815159.3060837924 779569.5424062948 1500.0 128.0 135693.0#135693.0#1500_137722.0#137722.0#1500_139723.0#139723.0#1500 137719.0#137719.0#128_139719.0#139719.0#128
140000 144000 938.9177597656089 580.1273665364619 343.7736559159677 997.8270000000193 141.1490000000049 322.022953462809 316.5784633492066 4547.9756421761485 4547.9756421761485 577.6239705216699 5.44449011360248 828693.9835866115 805264.8505864055 1766.6666666666667 128.0 139723.0#139723.0#1500_141752.0#141752.0#1500_143696.0#143696.0#2300 141751.0#141751.0#128_143693.0#143693.0#128
144000 148000 3.967408203112427 664.6543889973982 355.6369834943683 999.2580000000016 20.945999999996275 927.4855103640103 919.3253909192257 7246.415284751844 7246.415284751844 1295.2756844153162 9.160119444784549 1918290.658237922 1727492.8981098328 2475.0 128.0 143696.0#143696.0#2300_145209.0#145209.0#2300_146356.0#146356.0#2300_147947.0#147947.0#3000 143693.0#143693.0#128_144443.0#144443.0#128
148000 152000 2.169015624996973 704.6446649305549 293.80601070727005 999.247000000003 135.41599999999744 569.8875654670136 565.9296872750534 3288.99677751887 3288.99677751887 931.9669661791181 3.9578781919601327 1369259.0199738648 1280275.6767796576 2533.3333333333335 128.0 147947.0#147947.0#3000_149951.0#149951.0#2300_151947.0#151947.0#2300 144443.0#144443.0#128
152000 156000 168.64200976560824 674.032779730905 238.72483951980922 999.4260000000068 378.302978515625 509.65224113634173 502.50619497345195 4701.570675337231 4701.570675337231 836.1726047797974 6.146046162889834 1286254.8775866183 1084157.8775866183 2033.3333333333333 128.0 151947.0#151947.0#2300_153947.0#153947.0#2300_155691.0#155691.0#1500 144443.0#144443.0#128_152550.0#152550.0#128
156000 160000 754.1927226562111 544.324002148441 380.5912842380798 981.5039999999863 4.904000000009546 299.56811808022195 274.5529807290615 21021.372824838545 21021.372824838545 422.07568675580217 27.015137351160433 797479.3167184636 776638.3167184636 439.5 128.0 155691.0#155691.0#1500_156382.0#156382.0#288_156799.0#156799.0#288_157137.0#157137.0#288_157555.0#157555.0#288_157825.0#157825.0#288_158491.0#158491.0#288_158884.0#158884.0#288 152550.0#152550.0#128_156377.0#156377.0#128_156680.0#156680.0#128_156865.0#156865.0#128_157187.0#157187.0#128_157565.0#157565.0#128_157852.0#157852.0#128_158537.0#158537.0#128_158933.0#158933.0#128
160000 164000 2545.259656250011 341.93479999999397 332.4292007363326 719.9809999999998 0.09799999999813735 77.0 71.0 5002.0 5002.0 127.0 6.0 212438.0 208996.0 288.0 128.0 158884.0#158884.0#288_163077.0#163077.0#288_163430.0#163430.0#288 160947.0#160947.0#128_163436.0#163436.0#128
164000 168000 2610.011917968688 250.8160117187529 282.59269388491344 764.0440000000235 0.06400000001303852 66.08538343770084 61.68889196664955 3665.208389699751 3665.208389699751 132.98129246224784 4.396491471051281 198223.3854137414 159973.3854137414 288.0 128.0 164447.0#164447.0#288 164445.0#164445.0#128_167691.0#167691.0#128
168000 172000 2993.734015624941 143.7534263392902 212.55738107522544 479.6019179687719 0.007999999972525984 31.055775725119165 27.595803531042446 2868.084684189054 2868.084684189054 48.731634868008165 3.0317403615127194 67864.91275535472 62264.912755354715 288.0 0.0 164447.0#164447.0#288_168084.0#168084.0#288 -
172000 176000 299.7749296875263 553.9954564302932 419.9077674483655 996.8930000000109 0.0 256.85884083717997 239.71530450230802 14460.706926111196 13619.706926111196 326.287072669744 19.571768167435998 516481.7018309039 499883.7018309039 288.0 128.0 164447.0#164447.0#288_172556.0#172556.0#288_172752.0#172752.0#288_172998.0#172998.0#288_173573.0#173573.0#288_174256.0#174256.0#288 172761.0#172761.0#128_173037.0#173037.0#128_173689.0#173689.0#128_174441.0#174441.0#128
176000 180000 649.5547421874653 651.9262607421988 237.10040391222321 932.2520000000077 253.16600000002654 131.45205554253306 124.45205554253306 5002.0 5002.0 164.81369997655952 7.0 228776.65426158102 190535.6809407493 288.0 128.0 173573.0#173573.0#288_178872.0#178872.0#288_179476.0#179476.0#288 178883.0#178883.0#128_179721.0#179721.0#128
180000 184000 1939.9120976561971 464.8685828125046 298.11692787183347 807.1080000000075 128.9310000000114 20.54794445746694 18.54794445746694 1640.0 1640.0 28.18630002344049 2.0 39590.34573841897 24824.3190592507 288.0 0.0 178872.0#178872.0#288 -
184000 188000 1103.996955078066 603.6502731584727 347.03424584378683 928.8299999999581 98.68000000002212 125.13075564617267 113.41494493819371 9492.160914011998 9492.160914011998 177.70980918606742 12.71581070797895 306743.1655587379 300086.1655587379 288.0 128.0 178872.0#178872.0#288_186984.0#186984.0#288_187242.0#187242.0#288_187546.0#187546.0#288_187891.0#187891.0#288 187251.0#187251.0#128_187552.0#187552.0#128_187898.0#187898.0#128
188000 192000 2586.966052734235 282.10367065430546 136.19773390290126 486.13000000000466 120.61799999998766 234.2341785719109 224.56549925302306 8079.579688609826 8079.579688609826 358.7988172082248 9.668679318887824 620006.0876600301 565307.7674579091 530.4 128.0 187891.0#187891.0#288_188150.0#188150.0#288_188423.0#188423.0#288_189450.0#189450.0#288_191721.0#191721.0#1500 188175.0#188175.0#128_188433.0#188433.0#128_189446.0#189446.0#128_191717.0#191717.0#128
192000 196000 2206.07118164064 534.4691632812494 290.3426667062148 932.554999999993 250.24609375 330.4424231172897 324.57659971609434 4891.023303806505 4891.023303806505 547.8482525749005 5.8658234011953745 878193.8369259811 743026.646733806 1766.6666666666667 128.0 191721.0#191721.0#1500_192947.0#192947.0#1500_195749.0#195749.0#2300 192946.0#192946.0#128_195746.0#195746.0#128
196000 200000 738.4241874999716 606.6302280273594 371.83243169536246 999.7770000000601 44.69091796875 655.2013488800109 648.4067562451569 5672.957186421263 5672.957186421263 996.4929758257549 6.749686571937851 1490388.9283363447 1438592.4387306408 2300.0 128.0 195749.0#195749.0#2300_196932.0#196932.0#2300_198953.0#198953.0#2300 196947.0#196947.0#128_198952.0#198952.0#128
200000 204000 13.226839843700873 805.3883085937663 346.883859931632 999.0750000000407 42.205078125 553.315313100264 547.317964266532 5001.773020334852 5001.773020334852 918.6713214843858 6.0 1367358.744418787 1344722.1169975575 2300.0 128.0 198953.0#198953.0#2300_200953.0#200953.0#2300_202955.0#202955.0#2300 200950.0#200950.0#128_202952.0#202952.0#128
204000 208000 11.71797656241688 785.8671462053733 342.36110633745767 998.8399999999965 49.8291015625 608.4514241538924 602.4210743684341 5029.493819785058 5029.493819785058 898.6337561502318 6.07260468210655 1373418.845311179 1292455.4727324087 2766.6666666666665 128.0 202955.0#202955.0#2300_204959.0#204959.0#3000_206947.0#206947.0#3000 204956.0#204956.0#128_206946.0#206946.0#128
208000 212000 8.108279296837281 683.0321236049183 324.0556435852575 997.3679999999877 185.92800000001444 496.03402377872465 489.69834308890074 5298.431122549987 5298.431122549987 869.6128752290117 6.335680689823972 1257742.1069649744 1239758.805600556 3000.0 128.0 206947.0#206947.0#3000_208449.0#208449.0#3000_210445.0#210445.0#3000 208447.0#208447.0#128_210444.0#210444.0#128
212000 216000 176.7997031249688 707.6832306857622 298.4203945520334 999.6659999999974 298.262939453125 706.8885277695522 699.6404314563824 6020.606747779857 5200.606747779857 1141.6744746924714 7.248096313169725 1738468.328783776 1601115.21497773 3000.0 128.0 210445.0#210445.0#3000_212190.0#212190.0#3000_214445.0#214445.0#3000 212284.0#212284.0#128_214444.0#214444.0#128
216000 220000 8.399166015558876 677.0758819444551 335.80839817358293 999.2060000000347 51.4951171875 656.7890155838953 651.2994534031684 4582.023239399494 4582.023239399494 988.1032834799785 5.489562180726944 1531796.9485416969 1395114.2667161368 3000.0 128.0 214445.0#214445.0#3000_216445.0#216445.0#3000_218443.0#218443.0#3000 216443.0#216443.0#128_218443.0#218443.0#128_219948.0#219948.0#128
220000 224000 782.6420214842947 451.75998437500675 318.61019139471966 921.1680000000051 47.77188281249255 186.28127709685774 175.43742912561714 8226.489251430712 8226.489251430712 286.279266741385 10.84384797124064 432066.4045724055 402644.5015684299 830.4 128.0 218443.0#218443.0#3000_221999.0#221999.0#288_222387.0#222387.0#288_222825.0#222825.0#288_223949.0#223949.0#288 219948.0#219948.0#128_222444.0#222444.0#128_222549.0#222549.0#128_223268.0#223268.0#128_223947.0#223947.0#128
224000 228000 2285.9488222656946 328.052745117185 292.018308191298 893.9109999999928 44.55608593751094 277.76436010809726 271.4340733873597 5278.967851542586 5278.967851542586 471.4770850552918 6.330286720737558 693342.9905233013 637788.3509810402 1096.0 128.0 223949.0#223949.0#288_225763.0#225763.0#1500_227686.0#227686.0#1500 223947.0#223947.0#128_225763.0#225763.0#128_227685.0#227685.0#128
228000 232000 2043.0720429687353 503.0595632812474 216.39275350973423 735.0080000000016 223.5789999999979 355.12850984699213 348.7012356106283 5363.764907018343 5363.764907018343 649.0733417962317 6.427274236363829 961008.3904239311 938163.0299661922 1500.0 128.0 227686.0#227686.0#1500_229449.0#229449.0#1500_231447.0#231447.0#1500 229446.0#229446.0#128_231445.0#231445.0#128
232000 236000 1522.5596992187493 396.37062182618683 343.6973461398516 998.0190000000584 113.81099999998696 388.26883370498683 378.01618649915605 9618.728947309519 9618.728947309519 668.1349180746627 12.252647205830781 961785.2253655223 777963.3998045612 2033.3333333333333 128.0 231447.0#231447.0#1500_233717.0#233717.0#2300_235524.0#235524.0#2300 233712.0#233712.0#128_235443.0#235443.0#128
236000 240000 296.5925761718536 636.4322823660789 312.73164717363403 999.2870000000112 129.0679999999993 565.7270361071869 560.009615208005 4766.06839711117 4766.06839711117 964.8464086592478 5.717420899181913 1462315.337964539 1417723.995748936 2300.0 128.0 235524.0#235524.0#2300_237929.0#237929.0#2300_239282.0#239282.0#2300 237928.0#237928.0#128_239404.0#239404.0#128
240000 244000 565.3988300781348 527.030255615231 228.98483743596628 998.3489999999874 267.2170000000042 594.8261399938729 588.0331160517892 4829.726159234413 4829.726159234413 766.4308340793068 6.793023942083626 1148213.6164251016 1062872.9336461767 2300.0 128.0 239282.0#239282.0#2300_241446.0#241446.0#2300_243489.0#243489.0#2300 241446.0#241446.0#128_243487.0#243487.0#128
244000 248000 800.7171289062826 572.8549750976526 365.677230912711 999.6489999999758 43.555908203125 575.7301790276325 569.1967348429883 5453.072225418633 5453.072225418633 947.5231518979306 6.489555158734461 1440257.144125368 1422180.659045573 2300.0 128.0 243489.0#243489.0#2300_244858.0#244858.0#2300_246953.0#246953.0#2300 244961.0#244961.0#128_246950.0#246950.0#128
248000 252000 9.968648437527008 763.2902727050823 386.6517381718129 999.4610000000102 38.10400390630821 671.87060594216 665.5944835738625 5236.505965555156 5236.505965555156 1070.9893068019885 6.320011394207193 1605702.6405110736 1504295.1605923837 2766.6666666666665 128.0 246953.0#246953.0#2300_248954.0#248954.0#3000_250726.0#250726.0#3000 248948.0#248948.0#128_250740.0#250740.0#128
252000 256000 0.0 777.8981127929583 262.7173920801259 998.4949999999953 365.89990234375 623.9579349012492 617.9098155118893 5055.45831582895 5055.45831582895 1066.4851544056928 6.048119389359975 1613141.348507239 1570597.1253883159 3000.0 128.0 250726.0#250726.0#3000_252564.0#252564.0#3000_254448.0#254448.0#3000 252697.0#252697.0#128_254446.0#254446.0#128
256000 260000 149.88615820312407 674.4840298828087 344.93431976801975 999.8670000000275 84.59399999998277 665.611619555467 659.682749814382 4944.1095608974265 4944.1095608974265 1042.515401222064 5.928869741084967 1545009.8855937568 1481061.8171839092 3000.0 128.0 254448.0#254448.0#3000_256455.0#256455.0#3000_258448.0#258448.0#3000 256454.0#256454.0#128_258445.0#258445.0#128
260000 264000 8.14170117181493 741.6757760416884 290.046375206813 999.6780000000144 279.1352539063082 674.965502834115 669.0017934995367 4973.6706927933 4973.6706927933 1123.5961873377616 5.9637093345783825 1646471.1065378767 1611280.2136206217 3000.0 128.0 258448.0#258448.0#3000_260446.0#260446.0#3000_262447.0#262447.0#3000 260445.0#260445.0#128_262446.0#262446.0#128
264000 268000 162.7711015624809 703.0735957031211 280.4889123501154 999.6909999999916 332.52001953125 630.0965796025016 623.991088622613 5093.457619004117 5093.457619004117 1045.9458174599647 6.105490979888634 1613001.758624933 1543931.1259402696 3000.0 128.0 264445.0#264445.0#3000_266446.0#266446.0#3000_267993.0#267993.0#3000 264444.0#264444.0#128_266444.0#266444.0#128
268000 272000 4.299087890598457 636.389381347668 315.40667652494966 999.5140000000247 291.2949999999837 755.2970224683379 748.2459212426147 5875.299402753953 5875.299402753953 1202.663722274519 7.0511012257230306 1792656.0921605455 1686958.2790636509 3000.0 128.0 266446.0#266446.0#3000_267993.0#267993.0#3000_269954.0#269954.0#3000_271750.0#271750.0#3000 268103.0#268103.0#128_269949.0#269949.0#128_271747.0#271747.0#128
272000 276000 67.34677343751537 603.463978236616 392.4893429978476 999.0129999999772 120.86300000007031 605.3056926492059 599.4393111015332 4891.493263140298 4891.493263140298 1027.797317455484 5.866381547672564 1539804.7639278518 1512198.7961917243 3000.0 128.0 271750.0#271750.0#3000_273696.0#273696.0#3000_275715.0#275715.0#3000 273695.0#273695.0#128_275713.0#275713.0#128
276000 280000 291.13171289057937 539.7435117187633 406.30548427058716 999.625 69.134033203125 567.6827421115911 560.9664257241058 5607.138398262584 5607.138398262584 997.5976225495431 6.716316387485254 1464154.8032244174 1446729.216742103 3000.0 128.0 275715.0#275715.0#3000_277928.0#277928.0#3000_279472.0#279472.0#3000 277926.0#277926.0#128_279477.0#279477.0#128
280000 284000 5.688863281218801 710.7776510416685 396.0212527685381 999.8420000000042 100.7160000000149 633.1023735940107 627.7865941366956 4427.886303059308 4427.886303059308 1097.7795029913327 5.315779457315093 1605955.2578998483 1588713.1666596073 3000.0 128.0 279472.0#279472.0#3000_281725.0#281725.0#3000_283684.0#283684.0#3000 281724.0#281724.0#128_283680.0#283680.0#128
284000 288000 7.9028398437658325 639.1631562500012 372.4067234393009 999.7729999999865 53.72100000001956 681.4936641354539 675.25571181601 5204.355852971722 5204.355852971722 1149.3732723575715 6.237952319443851 1670601.7913355015 1648643.8825757424 3000.0 128.0 283684.0#283684.0#3000_285445.0#285445.0#3000_287446.0#287446.0#3000 285444.0#285444.0#128_287444.0#287444.0#128
288000 292000 9.65289257816039 572.8098014322976 391.76862625137875 999.7849999999744 61.42724609375 732.6386035239539 726.1923353007128 5379.75784396897 5379.75784396897 1257.990732765726 6.446268223241056 1804015.345624358 1788259.8462422322 3000.0 128.0 287446.0#287446.0#3000_289449.0#289449.0#3000_290936.0#290936.0#3000 289447.0#289447.0#128_290945.0#290945.0#128
292000 296000 536.8599257812602 706.9480990513445 359.0721418248089 997.9459999999963 46.512939453125 655.5240153795276 649.4773516228126 5043.197555640456 5043.197555640456 1015.9348926415043 6.0 1511318.4885439328 1483543.329407257 3000.0 128.0 290936.0#290936.0#3000_292951.0#292951.0#3000_294952.0#294952.0#3000 292948.0#292948.0#128_294950.0#294950.0#128
