ts te idle avg_span std_span max_span min_span c_ack_cnt c_ack_cnt_p c_bytes_all c_bytes_uniq s_ack_cnt s_ack_cnt_p s_bytes_all s_bytes_uniq avg_video_rate avg_audio_rate video_requests_sequence audio_requests_sequence
0 4000 4000.0 0.0 0.0 0.0 0.0 0.0 0.0 0.0 0.0 0.0 0.0 0.0 0.0 0.0 0.0 - -
4000 8000 3801.28271484375 198.71728515625  198.71728515625 198.71728515625 6.00213154909074 4.930322343895965 919.8266598981559 919.8266598981559 9.43192100571402 1.2861710462337301 12052.280150574206 8925.38397533897 0.0 0.0 - -
8000 12000 9.375529296878085 728.76814202009 287.6556549163763 996.6500000000015 140.46900000000096 331.5629519942609 307.9004810742993 20661.702925358324 20661.702925358324 500.4258528462597 28.44810907892261 721634.603242189 489044.2873838537 634.2857142857143 128.0 8180.0#8180.0#1500_8182.0#8182.0#1500_9253.0#9253.0#288_9255.0#9255.0#288_10119.0#10119.0#288_10825.0#10825.0#288_11701.0#11701.0#288 8177.0#8177.0#128_8178.0#8178.0#128_9251.0#9251.0#128_10165.0#10165.0#128_10902.0#10902.0#128
12000 16000 643.6050058593755 541.4689019886362 345.39985189558706 952.3870000000024 60.1386914062532 83.7779068173799 79.934999034611 3188.641803920326 3188.641803920326 110.72022303556193 3.8429077827689193 152479.58409151522 93579.81436416949 288.0 128.0 10825.0#10825.0#288_11701.0#11701.0#288_15754.0#15754.0#288 12165.0#12165.0#128_15764.0#15764.0#128
16000 20000 66.14826171875029 672.481965624998 337.66467651394714 995.4100000000035 150.02199999998993 223.80973077933382 213.12718735079477 8938.108024157871 8938.108024157871 321.2698107155529 10.682543428539038 426708.61208136333 357095.2128826705 288.0 128.0 15754.0#15754.0#288_16921.0#16921.0#288_17743.0#17743.0#288_18725.0#18725.0#288_19833.0#19833.0#288 15764.0#15764.0#128_16961.0#16961.0#128_17752.0#17752.0#128_18730.0#18730.0#128_19845.0#19845.0#128
20000 24000 0.0 634.0298435997566 388.0759779099791 998.7410000000018 48.99006250000093 277.53161260400265 267.1592738065857 8676.659499125533 8676.659499125533 360.30576599949063 10.372338797416907 479439.7858615983 398059.5176497495 288.0 128.0 19833.0#19833.0#288_20564.0#20564.0#288_21520.0#21520.0#288_22284.0#22284.0#288_23671.0#23671.0#288 19845.0#19845.0#128_20599.0#20599.0#128_21557.0#21557.0#128_22558.0#22558.0#128_23670.0#23670.0#128
24000 28000 469.71868554687535 612.7796362304671 332.48669939305614 997.2309999999998 163.9649999999965 204.28171896255353 197.248738967548 5852.8852195802265 5852.8852195802265 227.80277987736267 6.200454930562166 303884.64210438944 253430.33510297805 288.0 128.0 23671.0#23671.0#288_25172.0#25172.0#288_27175.0#27175.0#288 23670.0#23670.0#128_25171.0#25171.0#128_27173.0#27173.0#128
28000 32000 24.154933593752503 712.155333984374 369.5649723530763 994.7960000000021 104.05199999999604 206.00545903503433 199.6705091639211 5289.175867959562 5289.175867959562 245.25268863820597 7.16747493555663 327060.0847367834 265281.87080129725 480.0 128.0 29181.0#29181.0#480_29185.0#29185.0#480_31173.0#31173.0#480 29179.0#29179.0#128_31170.0#31170.0#128
32000 36000 2271.1808222656327 419.1510189732144 323.81377923714024 818.875 82.75800000000163 211.52514126894275 204.0475537625332 6215.366047038906 6215.366047038906 211.45647244465346 6.64644905861232 291163.53368868213 285752.2689418965 660.0 128.0 31173.0#31173.0#480_33706.0#33706.0#480_35184.0#35184.0#840_35189.0#35189.0#840 33721.0#33721.0#128_35180.0#35180.0#128
36000 40000 1468.2939882812498 604.5508255208333 346.55362061928076 979.4839999999967 166.37000000000262 287.5033469894014 281.98093449581097 4617.633952961094 4617.633952961094 397.3344854371986 6.35355094138768 617357.8740429049 607299.308898046 840.0 128.0 35189.0#35189.0#840_36646.0#36646.0#840_38679.0#38679.0#840 36677.0#36677.0#128_38676.0#38676.0#128
40000 44000 1644.999210937509 686.8444999999974 81.69671823070121 757.505999999994 572.2359999999971 279.0 273.0 5003.0 5003.0 392.0 6.0 608918.0 601918.0 1170.0 128.0 40680.0#40680.0#840_42677.0#42677.0#1500 40678.0#40678.0#128_42673.0#42673.0#128
44000 48000 1642.6317910156358 682.5224999999991 206.51617973821206 868.2109999999957 389.58000000000175 346.0 340.0 5004.0 5004.0 530.0 6.0 819361.0 780161.0 1500.0 128.0 44682.0#44682.0#1500_46373.0#46373.0#1500 44679.0#44679.0#128_46371.0#46371.0#128
48000 52000 436.80029687499336 492.04013842773566 442.552559648527 999.351999999999 24.19000000000233 561.3925192786726 553.8383453864805 6299.506069441399 6299.506069441399 754.0674759255197 7.554173892192141 1176061.5748263015 1146206.5141318878 2300.0 128.0 48176.0#48176.0#2300_48177.0#48177.0#2300_50467.0#50467.0#2300 48174.0#48174.0#128_50463.0#50463.0#128
52000 56000 658.6631132812472 515.8523615722643 410.5213218140547 998.9339999999938 110.86599999999453 601.6074807213274 596.1616546135195 4538.493930558601 4538.493930558601 793.9325240744802 5.445826107807859 1296025.4251736985 1227880.4858681122 2300.0 128.0 52182.0#52182.0#2300_54174.0#54174.0#2300 52177.0#52177.0#128_54172.0#54172.0#128
56000 60000 1093.3860078124999 559.3102857142886 396.0018707707122 998.3800000000047 88.94100000000617 562.0 556.0 5004.0 5004.0 803.0 6.0 1340586.0 1186586.0 2300.0 128.0 56179.0#56179.0#2300_57669.0#57669.0#2300 56176.0#56176.0#128_58169.0#58169.0#128
60000 64000 653.1298867187434 489.6643353515625 350.19144644855726 999.1410000000033 54.620999999999185 688.4814342449375 680.133382411706 6956.771658657457 6956.771658657457 1110.3291834426336 8.348051833231569 1775812.8015819176 1718451.7786055787 3000.0 128.0 60181.0#60181.0#3000_60184.0#60184.0#3000_61668.0#61668.0#3000_63675.0#63675.0#3000 60177.0#60177.0#128_61674.0#61674.0#128_63673.0#63673.0#128
64000 68000 273.9451777343638 621.8099599609413 293.0567753882945 998.6959999999963 290.568115234375 663.0309475456654 656.883582424146 5139.378583333223 5139.378583333223 1025.9385185310189 6.14736512151924 1633819.6901413826 1591991.309533685 3000.0 128.0 63675.0#63675.0#3000_65673.0#65673.0#3000_67455.0#67455.0#3000 65672.0#65672.0#128_67672.0#67672.0#128
68000 72000 9.978011718718335 513.3117130681838 370.3875194537028 999.7820000000065 17.409912109375 772.1032127394939 765.5388857875384 5476.839761508482 5476.839761508482 1048.1038573599685 6.564326951955486 1730217.393070835 1621607.7661897328 3000.0 128.0 67455.0#67455.0#3000_69680.0#69680.0#3000_71322.0#71322.0#3000 67672.0#67672.0#128_69677.0#69677.0#128_71330.0#71330.0#128
72000 76000 2.2068515625287546 678.4789047851555 286.35145595031076 999.3590000000113 262.36699999999837 577.6354596915281 571.0720957330977 5462.110183447498 5462.110183447498 948.1576641137497 6.361392844724909 1555632.44732056 1455503.0452373559 3000.0 128.0 71322.0#71322.0#3000_73175.0#73175.0#3000_75177.0#75177.0#3000 73173.0#73173.0#128_75175.0#75175.0#128
76000 80000 60.274304687496624 654.7645694444412 372.8505077952567 999.8380000000034 147.8139999999985 659.6711744697938 653.6233373686692 5044.010941973877 5044.010941973877 1033.366330255189 5.4396021843109414 1661859.3929043487 1552871.8254526914 3000.0 128.0 75177.0#75177.0#3000_76885.0#76885.0#3000_79177.0#79177.0#3000 76894.0#76894.0#128_79175.0#79175.0#128
80000 84000 52.893308593760594 609.1215710937468 354.9767082319851 999.9619999999995 133.08803906249523 634.6695460245346 628.6800112663664 4995.087042355963 4995.087042355963 1028.6139301096962 5.969500926472612 1652096.1720722173 1565200.92919581 3000.0 128.0 79177.0#79177.0#3000_80856.0#80856.0#3000_83179.0#83179.0#3000 80865.0#80865.0#128_83177.0#83177.0#128
84000 88000 50.90508789064188 687.8574909667968 322.62183915542323 998.5180000000109 168.15200000000186 576.3699724729275 570.4546870087894 4933.992631030576 4933.992631030576 965.3404398060127 6.5002292566661115 1556106.2266931753 1495540.3540075643 3000.0 128.0 83179.0#83179.0#3000_84564.0#84564.0#3000_87178.0#87178.0#3000 84668.0#84668.0#128_87176.0#87176.0#128
88000 92000 7.577212890624651 637.8282699652822 354.7726272570598 999.599000000002 152.07200000000012 742.4220402840049 736.9978054725725 4535.809197692924 4535.809197692924 1157.7271721931036 5.66953088111913 1894316.5528491535 1803429.766196867 3000.0 128.0 87178.0#87178.0#3000_88603.0#88603.0#3000_90677.0#90677.0#3000 88672.0#88672.0#128_90675.0#90675.0#128
92000 96000 42.952675781270955 680.9128211495471 360.9154090927251 999.9400000000023 165.63669140623824 576.1655842653508 569.4494926781026 5606.949116462981 5606.949116462981 939.3699543362525 6.716091587248195 1520442.9757555788 1483845.293303441 3000.0 128.0 90677.0#90677.0#3000_92686.0#92686.0#3000_94283.0#94283.0#3000 92682.0#92682.0#128_94281.0#94281.0#128
96000 100000 5.329267578126746 584.2928569335963 419.3733165715279 999.6490000000194 46.46499999999651 590.4243957708522 584.3185566079995 5091.472713621849 5091.472713621849 931.17760936308 5.283908412751805 1515571.1069429077 1489677.2855090674 3000.0 128.0 94283.0#94283.0#3000_96058.0#96058.0#3000_98176.0#98176.0#3000 96408.0#96408.0#128_98175.0#98175.0#128
100000 104000 11.001992187506403 509.7357786458338 425.1381982135707 999.7510000000038 98.7719999999972 608.9420613211122 602.9422727189321 5003.822425831231 5003.822425831231 967.6988562858287 6.0 1578271.2335137967 1539972.6396140794 3000.0 128.0 100180.0#100180.0#3000_102178.0#102178.0#3000 100177.0#100177.0#128_102173.0#102173.0#128
104000 108000 6.275814453139901 624.5221786221558 374.59398156987373 999.7010000000009 170.17399999999907 696.1018225409837 689.0986708165772 5006.647448501398 5006.647448501398 1045.3920728016506 6.0 1638458.5827376717 1553751.5827376717 3000.0 128.0 104179.0#104179.0#3000_105714.0#105714.0#3000 104177.0#104177.0#128_106490.0#106490.0#128
108000 112000 18.66255468748568 573.7743632812521 398.0368159903689 999.2069999999949 89.05400000000373 718.8121042146909 711.6505823610112 5963.684883889806 5963.684883889806 1144.9356190587187 7.154465469455912 1797839.4000968353 1726442.6096910185 3000.0 128.0 108175.0#108175.0#3000_109652.0#109652.0#3000_111677.0#111677.0#3000 108172.0#108172.0#128_109663.0#109663.0#128_111675.0#111675.0#128
112000 116000 8.630996093765134 577.7223322482637 366.7582317745031 999.3340000000026 106.81500000000233 629.9160714648773 624.076966320235 4875.443669254492 4875.443669254492 969.5162003129874 6.173265405379259 1549222.129083083 1480009.7776279864 3000.0 128.0 111677.0#111677.0#3000_113680.0#113680.0#3000_115677.0#115677.0#3000 113677.0#113677.0#128_115675.0#115675.0#128
116000 120000 10.544750000030035 698.9983471679625 287.28653184903305 999.0169999999925 295.96590624999953 672.6252443803958 666.2799770278975 5295.300806268644 5295.300806268644 1139.0009571972705 6.84303455267243 1826285.2024740598 1726860.266708812 3000.0 128.0 115677.0#115677.0#3000_117678.0#117678.0#3000_119306.0#119306.0#3000 117676.0#117676.0#128_119397.0#119397.0#128
120000 124000 0.0 703.7448999565968 346.0642874904875 999.122000000003 121.28700000001118 612.0731667374401 606.4306955886861 4713.424133381852 4713.424133381852 949.4377018145074 5.642471148753981 1538919.4064611131 1370825.8904669755 3000.0 128.0 119306.0#119306.0#3000_121170.0#121170.0#3000_123729.0#123729.0#3000 121169.0#121169.0#128_123166.0#123166.0#128
124000 128000 10.639031250000698 640.900684461806 395.10731350503943 999.6359999999986 39.10899999999674 714.8491215550695 708.0539321036385 5656.11446372663 5656.11446372663 1137.0512772884563 6.795189451430874 1778674.1901935055 1704351.4399870795 3000.0 128.0 123729.0#123729.0#3000_125218.0#125218.0#3000_127175.0#127175.0#3000 125166.0#125166.0#128_127171.0#127171.0#128
128000 132000 2.752158203133149 755.5568626302088 332.52693958962067 998.9780000000028 183.76112109376118 667.2224010058843 660.9979393657667 5192.108226665436 5192.108226665436 1107.3995948826862 5.391573972307544 1731048.6379679907 1621579.0461805763 3000.0 128.0 127175.0#127175.0#3000_128905.0#128905.0#3000_131112.0#131112.0#3000 128914.0#128914.0#128_131109.0#131109.0#128
132000 136000 6.6448769531270955 726.7831019965265 323.00381197895445 998.5920000000042 165.9290097656194 708.5711093488682 702.5760003000111 4999.989420062662 4999.989420062662 1053.7753794164266 6.0 1743547.2629273236 1644949.8660265617 3000.0 128.0 131112.0#131112.0#3000_132733.0#132733.0#3000_134679.0#134679.0#3000 132739.0#132739.0#128_134677.0#134677.0#128
136000 140000 14.478062500013039 574.9682391493019 346.02375591671085 999.8489999999874 167.1400624999951 657.0556315273398 651.279736180305 4820.234184568421 4820.234184568421 1074.6607798646355 6.603892063701709 1688616.676383724 1600369.5600094427 3000.0 128.0 134679.0#134679.0#3000_136675.0#136675.0#3000_138499.0#138499.0#3000 136673.0#136673.0#128_138324.0#138324.0#128
140000 144000 358.3489414062642 567.7925761718735 408.3865902693815 999.7740000000049 149.82099999999627 629.5299235407452 623.274014942697 5222.443057017003 5222.443057017003 928.4640442489949 6.255908598048175 1452534.069401043 1401579.5182902254 3000.0 128.0 140677.0#140677.0#3000_142678.0#142678.0#3000 140675.0#140675.0#128_142676.0#142676.0#128
144000 148000 323.31511914060684 595.6921358816991 404.756065210515 999.9200000000128 84.35099999999511 676.3275748535044 671.1873755152543 4290.365450747597 4290.365450747597 1031.5428573171325 5.140199338250116 1643593.4494277774 1614193.4494277774 3000.0 128.0 142678.0#142678.0#3000_144271.0#144271.0#3000_146172.0#146172.0#3000 144268.0#144268.0#128_146172.0#146172.0#128
148000 152000 183.54854882811196 498.6623242187521 424.17853401342217 999.94200000001 84.44091796875 660.3472256522332 653.1950790316772 5973.8031612670875 5973.8031612670875 976.9558121344575 7.152146620556056 1565008.081758571 1489195.0764897927 3000.0 128.0 148179.0#148179.0#3000_150171.0#150171.0#3000_151902.0#151902.0#3000 148177.0#148177.0#128_150170.0#150170.0#128_151915.0#151915.0#128
152000 156000 45.69491601563641 676.7789116753491 321.38853803985955 999.6810000000114 183.8969999999972 702.3323713339473 694.8800925797023 6189.738882702953 5369.738882702953 1170.2749457608788 7.452278754245033 1812426.8409297713 1735216.0328325578 3000.0 128.0 151902.0#151902.0#3000_153813.0#153813.0#3000_155677.0#155677.0#3000 151915.0#151915.0#128_153812.0#153812.0#128_155676.0#155676.0#128
156000 160000 916.8233984374965 442.0728693576368 322.0548219005121 999.8239999999932 0.0 524.399350697052 518.8664762733112 4612.41678881979 4612.41678881979 849.4168396871673 5.532874423740873 1361262.8787156316 1326576.6920816235 3000.0 128.0 155677.0#155677.0#3000_158178.0#158178.0#3000 158175.0#158175.0#128_159670.0#159670.0#128
160000 164000 5.390875000011874 754.1454798177195 328.02530794996414 999.7809999999881 249.16205273440573 694.7341837282361 687.7609629937874 5816.771208107228 5816.771208107228 981.9702079226075 5.417536914607108 1594752.0704658658 1474646.8370490894 3000.0 128.0 158178.0#158178.0#3000_160833.0#160833.0#3000_162611.0#162611.0#3000 161668.0#161668.0#128_163667.0#163667.0#128
164000 168000 6.252884765621275 591.4795256076452 347.7429632467996 999.7200000000303 90.83400000000256 807.0637690036081 801.476756987471 4674.592365468483 4674.592365468483 1213.5246870770993 7.142695835978649 1993491.8949276283 1895687.8549317317 3000.0 128.0 162611.0#162611.0#3000_164118.0#164118.0#3000_165853.0#165853.0#3000_167303.0#167303.0#3000 163667.0#163667.0#128_165669.0#165669.0#128_167400.0#167400.0#128
168000 172000 37.06498828122858 680.0937799479224 368.91511646605 999.8239999999932 122.14600000000792 677.645756374621 670.3432889237488 6078.677593634459 5258.677593634459 1049.6414926023365 7.302467450872279 1689852.6482180427 1637089.4468079552 3000.0 128.0 167303.0#167303.0#3000_169182.0#169182.0#3000_171042.0#171042.0#3000 169180.0#169180.0#128_171052.0#171052.0#128
172000 176000 2.4348046875093132 858.3913461371558 266.63034932307846 999.835000000021 200.96298437498626 585.1050145481704 578.309064159722 5656.679318527699 5656.679318527699 985.0016890800059 6.795950388448413 1607968.1684169685 1514138.3627991253 3000.0 128.0 171042.0#171042.0#3000_173118.0#173118.0#3000_175111.0#175111.0#3000 173112.0#173112.0#128_175109.0#175109.0#128
176000 180000 2.3030742187111173 759.408186718743 315.9786018175972 999.1809999999823 190.05792968749302 759.0481923415653 753.1306754424216 4936.363857297828 4936.363857297828 1082.4042079454707 5.917516899143692 1797516.1058267106 1653495.4378082254 3000.0 128.0 175111.0#175111.0#3000_177174.0#177174.0#3000_178829.0#178829.0#3000 177172.0#177172.0#128_178919.0#178919.0#128
180000 184000 361.2838749999064 556.3673370225879 350.4502992798781 998.9470000000147 101.19899999999325 655.199813093685 649.9132803812771 4418.956824174474 4418.956824174474 1002.6861956138318 5.286532712407894 1666010.1853864721 1568220.1338455607 3000.0 128.0 178829.0#178829.0#3000_180675.0#180675.0#3000_182667.0#182667.0#3000 180673.0#180673.0#128_183167.0#183167.0#128
184000 188000 6.23377539057401 686.5630379464502 366.50121187566396 998.9610000000102 101.04300000006333 578.5371769390262 571.7051936745999 5686.226276829568 5686.226276829568 928.1278386961621 6.0 1565300.9747809316 1508908.3479644363 3000.0 128.0 182667.0#182667.0#3000_185133.0#185133.0#3000_186559.0#186559.0#3000 184668.0#184668.0#128_186638.0#186638.0#128
188000 192000 179.65758007805562 609.5815186941929 428.9960049264045 999.9709999999905 101.16799999997602 598.4849645724751 592.4873053090655 5002.080595995756 5002.080595995756 960.783177599675 6.0 1552667.3571511274 1532574.487194832 3000.0 128.0 186559.0#186559.0#3000_188366.0#188366.0#3000_190178.0#190178.0#3000 188363.0#188363.0#128_190175.0#190175.0#128
192000 196000 22.66012695315294 661.2811953125056 322.0461059473756 999.4280000000144 168.00807226562756 610.8956930989435 601.8949539100947 7929.606134856076 7109.606134856076 938.75848146538 10.0 1575330.3386172815 1481004.4606964036 3000.0 128.0 192677.0#192677.0#3000_194399.0#194399.0#3000 192676.0#192676.0#128_194171.0#194171.0#128
196000 200000 0.0 560.5477692307725 354.36973278552676 998.9949999999953 0.0 514.7131291254026 509.15141845493025 4617.075399796948 3797.0753997969473 733.1359111735384 5.566938636801826 1238626.0423197502 1072227.0984851653 2533.3333333333335 128.0 192677.0#192677.0#3000_196919.0#196919.0#2300_198432.0#198432.0#2300 194171.0#194171.0#128
200000 204000 8.11302929680096 485.64908458533824 327.74696334414483 998.8479999999981 33.966117187490454 792.1582680973088 782.8890542915033 6915.605070324941 6915.605070324941 989.5817768469105 10.094367556160623 1501731.7551941373 1409668.1435295509 2300.0 128.0 200169.0#200169.0#2300_202171.0#202171.0#2300_203818.0#203818.0#2300 194171.0#194171.0#128_202287.0#202287.0#128_202408.0#202408.0#128_202569.0#202569.0#128_203642.0#203642.0#128_203807.0#203807.0#128_203974.0#203974.0#128
204000 208000 575.6979101562756 557.6892643229221 335.62669641140485 999.9320000000007 54.929000000003725 648.031882794285 640.6911848121448 6120.069987531987 6120.069987531987 1069.3550563116903 7.340697982140291 1634279.6941875655 1587301.7857016933 3700.0 128.0 203818.0#203818.0#2300_205677.0#205677.0#4400_205679.0#205679.0#4400 203974.0#203974.0#128_205675.0#205675.0#128_207669.0#207669.0#128
208000 212000 5.558933593798429 665.1205086805567 371.55211973416226 999.6300000000047 137.31099999998696 770.5638127178521 765.209590573497 4471.566643009327 4471.566643009327 1214.551837859339 5.354222144355119 1916800.4182671453 1810886.0023951519 4400.0 128.0 205679.0#205679.0#4400_208051.0#208051.0#4400_210553.0#210553.0#4400 207669.0#207669.0#128_209667.0#209667.0#128_211667.0#211667.0#128
212000 216000 0.0 695.2550839843801 335.4356100965667 998.9389999999839 28.426999999996042 825.839948356878 821.1961746763359 3864.769891655398 3864.769891655398 1288.6340649632605 4.64377368054214 2010733.9341936454 1903499.4170286388 4400.0 128.0 210553.0#210553.0#4400_212926.0#212926.0#4400_214933.0#214933.0#4400 211667.0#211667.0#128
216000 220000 0.0 725.4527602539201 316.06816852559473 999.9320000000007 0.0 987.0595937923349 972.0392905991384 11895.409541494328 11767.409541494328 1475.8521572501 16.190759997042726 2310071.107515245 2082079.2872519412 2825.0 128.0 214933.0#214933.0#4400_217094.0#217094.0#2300_218290.0#218290.0#2300_219528.0#219528.0#2300 211667.0#211667.0#128_217400.0#217400.0#128_218168.0#218168.0#128_219127.0#219127.0#128_219665.0#219665.0#128
220000 224000 0.0 624.4238307883523 331.1951192182193 999.3920000000217 119.63300000000163 750.7979642159023 743.4741554232058 5504.2767708092315 5504.2767708092315 1072.7112932093385 8.153351988850027 1701157.4863431524 1635647.2946392382 2766.6666666666665 128.0 219528.0#219528.0#2300_221135.0#221135.0#3000_223173.0#223173.0#3000 219665.0#219665.0#128_221108.0#221108.0#128_223172.0#223172.0#128
224000 228000 0.0 726.70925213069 356.3970398093712 999.9349999999977 174.48392187501304 667.6212327858138 661.1515491356034 5171.626109301031 5171.626109301031 984.2116700700917 5.655888014107249 1566665.3785928646 1491178.162275794 3000.0 128.0 223173.0#223173.0#3000_225175.0#225175.0#3000_227173.0#227173.0#3000 225173.0#225173.0#128_227171.0#227171.0#128
228000 232000 99.29104296877631 655.6009291015653 363.0027464884859 999.8060000000405 20.39999999999418 629.2228177939667 622.5402926554812 5556.6791091920195 4736.6791091920195 1026.9410507926796 6.666714049294378 1668764.4671610114 1457135.4671610114 3000.0 128.0 227173.0#227173.0#3000_229160.0#229160.0#3000_231186.0#231186.0#3000 228669.0#228669.0#128_231175.0#231175.0#128
232000 236000 397.48189062497113 615.2711687500123 351.6006125423976 999.2760000000417 152.58199999999488 580.1978389366923 574.6941597112809 4582.008469203392 3762.008469203392 860.4796059379793 6.333285950705623 1381534.1710304813 1202222.1710304813 3000.0 128.0 231186.0#231186.0#3000_232862.0#232862.0#3000 232668.0#232668.0#128_234670.0#234670.0#128
236000 240000 1553.0291347656457 604.6181666666525 346.10943075705507 975.0879999999888 142.99299999995856 180.0 169.0 8364.0 8364.0 261.0 11.0 427688.0 424888.0 868.8 128.0 232862.0#232862.0#3000_236581.0#236581.0#288_237081.0#237081.0#288_237356.0#237356.0#288_238280.0#238280.0#480 236672.0#236672.0#128_237088.0#237088.0#128_237364.0#237364.0#128_238275.0#238275.0#128
240000 244000 2510.800173828029 543.1952500000334 45.53766894470584 578.9820000000182 480.59600000001956 192.0 186.0 5002.0 5002.0 283.0 6.0 475871.0 457671.0 840.0 128.0 240171.0#240171.0#840_242585.0#242585.0#840 240668.0#240668.0#128_242584.0#242584.0#128
244000 248000 270.78008593746927 629.8033725585992 412.3258149569133 999.2160000000149 69.35399999999208 429.0719729763646 422.2472324858427 5696.782012038391 5696.782012038391 663.4946373910616 6.0 1041727.4201353207 962717.5964608997 1900.0 128.0 244175.0#244175.0#1500_246177.0#246177.0#2300 244171.0#244171.0#128_246173.0#246173.0#128
248000 252000 13.028078125033062 492.2082135416697 441.32903975057593 999.9479999999749 84.55800000001909 469.25193215133817 463.25235934902577 5003.641153942406 5003.641153942406 725.842593714824 6.0 1192154.3311885674 1165583.1548629883 2300.0 128.0 248176.0#248176.0#2300_250179.0#250179.0#2300 248174.0#248174.0#128_250177.0#250177.0#128
252000 256000 42.928082031256054 545.5986653645846 428.9296020135878 997.8859999999986 113.54300000000512 531.6027090464003 525.4270223392346 5153.576834019203 5153.576834019203 840.0856659389756 6.295135938201906 1370235.8686456378 1319442.3045389177 2300.0 128.0 252174.0#252174.0#2300_253677.0#253677.0#2300_255667.0#255667.0#2300 252173.0#252173.0#128_253673.0#253673.0#128
256000 260000 8.197003906185273 648.3070987413262 283.254171346104 998.8260000000009 298.139892578125 627.2665749492214 620.4784963187615 5655.335124912068 5655.335124912068 961.0419870697887 6.9578100529540325 1552118.1841889848 1435336.8749656086 2766.6666666666665 128.0 255667.0#255667.0#2300_257679.0#257679.0#3000_259676.0#259676.0#3000 256168.0#256168.0#128_257676.0#257676.0#128_259674.0#259674.0#128
260000 264000 5.183771484415047 762.6749086913987 252.8276219210644 999.1589999999851 343.20410742185777 715.8350942756674 710.0841268872442 4804.541622987661 4804.541622987661 1079.7174737769362 6.2861000277273495 1741380.3691965963 1623891.5781002557 3000.0 128.0 259676.0#259676.0#3000_261679.0#261679.0#3000_263462.0#263462.0#3000 261675.0#261675.0#128_263170.0#263170.0#128
264000 268000 819.2132832031348 592.0627712673546 288.1101525659586 997.7069999999949 116.46999999997206 643.9290214809059 637.0431918815113 5731.863299910378 5731.863299910378 1035.6048397859392 6.052278650230214 1682218.3204288112 1593428.1583044063 3000.0 128.0 263462.0#263462.0#3000_265680.0#265680.0#3000_267242.0#267242.0#3000 265676.0#265676.0#128_267167.0#267167.0#128
268000 272000 11.095955078140832 654.2604524147729 372.44379448666285 999.7359999999753 97.58600000001024 707.4781706038118 701.0761031779191 5342.353248409719 5342.353248409719 1157.951587855887 6.408675330886497 1818741.2869428722 1712622.9915965798 3000.0 128.0 265680.0#265680.0#3000_267242.0#267242.0#3000_269174.0#269174.0#3000_270972.0#270972.0#3000 269172.0#269172.0#128_271100.0#271100.0#128
272000 276000 0.0 692.7211119791739 365.06249082363377 999.8680000000168 150.60700000001816 494.2681797922515 488.33488959137435 4948.072014159109 4948.072014159109 793.7420925475617 5.944274974537884 1287522.695935111 1251455.8178322453 3000.0 128.0 270972.0#270972.0#3000_273178.0#273178.0#3000_275176.0#275176.0#3000 273176.0#273176.0#128_275174.0#275174.0#128
276000 280000 96.53388867183821 694.4707779948044 392.89989093059415 999.1230000000214 48.57210546877468 757.2774839629529 751.0377172080006 5201.834689621065 4381.834689621065 1208.4503917705176 7.055725025462116 1914009.4367416725 1846525.0955339852 3000.0 128.0 275176.0#275176.0#3000_277038.0#277038.0#3000_278674.0#278674.0#3000 277138.0#277138.0#128_278671.0#278671.0#128
280000 284000 7.801039062498603 614.9663461371609 322.2945581324705 999.7569999999832 234.17800000001444 669.4806143611027 662.4806143611027 5824.0 5004.0 1004.1381312151995 7.0 1680134.7094194046 1545045.445293753 3000.0 128.0 278674.0#278674.0#3000_281126.0#281126.0#3000_282645.0#282645.0#3000 280668.0#280668.0#128_282547.0#282547.0#128
284000 288000 5.3588925781077705 657.079282366072 313.1479094613227 999.6990000000224 210.95990820310544 674.1383113647399 668.1383113647399 5004.0 5004.0 988.6604252322716 6.0 1587073.036699942 1512275.0867439848 3000.0 128.0 282645.0#282645.0#3000_284674.0#284674.0#3000_286677.0#286677.0#3000 284674.0#284674.0#128_286675.0#286675.0#128
288000 292000 7.634908203152008 610.9008796386697 394.9524017491441 999.7679999999818 71.68900000001304 673.8234702945379 667.0006467261426 5695.171797452049 5695.171797452049 1035.3273567598426 6.0 1667164.5674826265 1602097.780831375 3000.0 128.0 286677.0#286677.0#3000_288226.0#288226.0#3000_290182.0#290182.0#3000 288394.0#288394.0#128_290178.0#290178.0#128
292000 296000 7.8808398437686265 506.7599066840226 429.6473811462679 999.38400000002 101.32600000000093 687.000553999162 680.9987914760252 5005.480519434971 5005.480519434971 1015.3144227488443 6.0 1651168.986246415 1518615.5997366423 3000.0 128.0 292177.0#292177.0#3000_294177.0#294177.0#3000 292175.0#292175.0#128_294175.0#294175.0#128
296000 300000 5.929294921923429 602.2855558593699 391.4203432278994 999.8800000000047 105.57600000000093 692.9424683364266 686.2752135091921 5565.7449182971295 5565.7449182971295 1084.0925864362391 7.491840918766571 1747938.0521740362 1606462.6285422852 3000.0 128.0 296176.0#296176.0#3000_298173.0#298173.0#3000_299933.0#299933.0#3000 296174.0#296174.0#128_298172.0#298172.0#128_299966.0#299966.0#128
