ts te idle avg_span std_span max_span min_span c_bytes_all s_bytes_all avg_video_rate avg_audio_rate video_requests_sequence audio_requests_sequence
0 6000 6000.0 0.0 0.0 0.0 0.0 0.0 0.0 0.0 0.0 - -
6000 12000 3253.5758886718722 915.4747037760426 140.09617294139755 997.7940000000017 753.714111328125 28061.511748804463 1444959.5733834351 2300.0 128.0 9451.0#9451.0#2300_9456.0#9456.0#2300_10770.0#10770.0#2300_11338.0#11338.0#2300 9447.0#9447.0#128_9447.0#9447.0#128_10835.0#10835.0#128_11352.0#11352.0#128
12000 18000 22.261132812494907 853.9626953125007 285.801700363672 999.7930000000015 245.5128886718776 60532.282806046445 4301710.606677191 2300.0 128.0 10770.0#10770.0#2300_11338.0#11338.0#2300_12298.0#12298.0#2300_13385.0#13385.0#2300_14277.0#14277.0#2300_15050.0#15050.0#2300_15962.0#15962.0#2300_16792.0#16792.0#2300_17456.0#17456.0#2300 12312.0#12312.0#128_13542.0#13542.0#128_14314.0#14314.0#128_15207.0#15207.0#128_16117.0#16117.0#128_16811.0#16811.0#128_17566.0#17566.0#128
18000 24000 235.78597460937817 823.4591464843745 294.338734732866 998.1889999999985 264.57002148437095 48006.48473909323 3487733.389577755 3700.0 128.0 17456.0#17456.0#2300_18300.0#18300.0#2300_19822.0#19822.0#4400_19825.0#19825.0#4400_21222.0#21222.0#4400_23328.0#23328.0#4400 18311.0#18311.0#128_19820.0#19820.0#128_21353.0#21353.0#128_23322.0#23322.0#128
24000 30000 416.3110546875032 797.6698493303567 345.7407205726345 999.8640000000014 171.14794921875 51823.830189080676 4022318.3141452246 4400.0 128.0 23328.0#23328.0#4400_24832.0#24832.0#4400_26819.0#26819.0#4400_28408.0#28408.0#4400_29981.0#29981.0#4400 24956.0#24956.0#128_26817.0#26817.0#128_28315.0#28315.0#128_29990.0#29990.0#128
30000 36000 43.421007812525204 850.9398560267821 311.70771402014293 997.031999999992 158.81494140625 48082.717667282894 3813678.872654589 4400.0 128.0 29981.0#29981.0#4400_31817.0#31817.0#4400_33417.0#33417.0#4400_35362.0#35362.0#4400 29990.0#29990.0#128_31814.0#31814.0#128_33430.0#33430.0#128_35360.0#35360.0#128
36000 42000 58.287048828133265 848.8161358816952 326.92398860396423 997.1549999999988 119.38989257811772 47220.46719795795 3766181.7501270343 4400.0 128.0 35362.0#35362.0#4400_37332.0#37332.0#4400_38866.0#38866.0#4400_40829.0#40829.0#4400 37326.0#37326.0#128_38814.0#38814.0#128_40825.0#40825.0#128
42000 48000 826.9288925781148 862.1785179036475 172.68058223658963 997.7030000000013 602.377999999997 48489.705651734344 3619663.493434771 4400.0 128.0 40829.0#40829.0#4400_42283.0#42283.0#4400_44003.0#44003.0#4400_46317.0#46317.0#4400 42314.0#42314.0#128_44015.0#44015.0#128_46314.0#46314.0#128
48000 54000 339.6280625000145 943.3953229166642 133.04824872222233 999.1129999999976 671.8359375 48656.279438802296 3594370.1999102603 4400.0 128.0 48321.0#48321.0#4400_49911.0#49911.0#4400_51822.0#51822.0#4400_53822.0#53822.0#4400 48317.0#48317.0#128_49999.0#49999.0#128_51817.0#51817.0#128_53819.0#53819.0#128
54000 60000 203.43505859376455 828.0807059151765 271.133535848413 999.976999999999 327.5890625000029 46554.775640582324 3481702.5118974783 4400.0 128.0 53822.0#53822.0#4400_55825.0#55825.0#4400_57825.0#57825.0#4400_59531.0#59531.0#4400 55821.0#55821.0#128_57822.0#57822.0#128_59527.0#59527.0#128
60000 66000 60.76762109374977 848.4617684151787 252.839630665857 999.7569999999978 431.4811210937478 46597.89251419272 3374857.9164859126 4400.0 128.0 59531.0#59531.0#4400_61317.0#61317.0#4400_63317.0#63317.0#4400_65318.0#65318.0#4400 61314.0#61314.0#128_63314.0#63314.0#128_65315.0#65315.0#128
66000 72000 22.830359374987893 853.8813772321446 245.96977476908424 999.25 469.79874218750047 48671.68584064929 3684625.2793384423 4400.0 128.0 65318.0#65318.0#4400_67320.0#67320.0#4400_69330.0#69330.0#4400_70982.0#70982.0#4400 67317.0#67317.0#128_69323.0#69323.0#128_70991.0#70991.0#128
72000 78000 921.7719785156223 846.3713369140629 219.4686914730644 999.5859999999957 476.4931015625043 42614.09877946534 3122842.029585951 4400.0 128.0 70982.0#70982.0#4400_73320.0#73320.0#4400_74783.0#74783.0#4400_77323.0#77323.0#4400 73318.0#73318.0#128_75315.0#75315.0#128_77320.0#77320.0#128
78000 84000 685.3689550781128 759.2330064174124 358.4931562465204 999.5559999999969 173.31396484376455 52020.11252995845 3678955.9815448998 4400.0 128.0 77323.0#77323.0#4400_78933.0#78933.0#4400_80609.0#80609.0#4400_82831.0#82831.0#4400 78821.0#78821.0#128_80621.0#80621.0#128_82824.0#82824.0#128
84000 90000 38.91405273441342 851.5837067522267 316.9051727628903 999.49099999998 147.784912109375 49503.80904890496 3701803.609072301 4400.0 128.0 82831.0#82831.0#4400_84825.0#84825.0#4400_86432.0#86432.0#4400_88324.0#88324.0#4400 84821.0#84821.0#128_86444.0#86444.0#128_88321.0#88321.0#128
90000 96000 197.02091210935032 967.1631813151083 59.82262064040121 999.1970000000001 848.7580878906447 45287.34620744462 3279221.472164755 4400.0 128.0 90320.0#90320.0#4400_92321.0#92321.0#4400_94323.0#94323.0#4400 90316.0#90316.0#128_92317.0#92317.0#128_94318.0#94318.0#128
96000 102000 757.4269999999524 873.7621666666746 303.7664625230512 999.625 253.70900000000256 46083.0 3361004.0 4400.0 128.0 96322.0#96322.0#4400_97942.0#97942.0#4400_99828.0#99828.0#4400 96317.0#96317.0#128_97953.0#97953.0#128_99824.0#99824.0#128
102000 108000 1447.658742187472 910.4682515625057 194.9488962365293 998.8429999999935 561.7392578125 45831.2710635404 3263235.6254009744 4400.0 128.0 103512.0#103512.0#4400_105105.0#105105.0#4400_106651.0#106651.0#4400 103509.0#103509.0#128_103816.0#103816.0#128_105817.0#105817.0#128_107582.0#107582.0#128
108000 114000 28.55027539061848 853.0642463727688 249.3964287089573 999.2290000000212 436.0037421875022 53823.41965195714 3966694.161891076 4400.0 128.0 106651.0#106651.0#4400_108151.0#108151.0#4400_109742.0#109742.0#4400_111224.0#111224.0#4400_113323.0#113323.0#4400 109314.0#109314.0#128_111551.0#111551.0#128_113320.0#113320.0#128
114000 120000 21.644001953100087 854.0508568638428 246.4521216760493 999.2030000000086 454.0470175781229 49384.50727211739 3620393.707435054 4400.0 128.0 113323.0#113323.0#4400_115326.0#115326.0#4400_117330.0#117330.0#4400_118925.0#118925.0#4400 115322.0#115322.0#128_117322.0#117322.0#128_118937.0#118937.0#128
120000 126000 1183.8819882812386 688.016858816966 398.3713664613978 998.5950000000012 123.4169921875 43405.76612697326 3068388.9307584325 4400.0 128.0 118925.0#118925.0#4400_120813.0#120813.0#4400_123880.0#123880.0#4400_125384.0#125384.0#4400 121314.0#121314.0#128_123874.0#123874.0#128_124818.0#124818.0#128
126000 132000 17.83270507812267 854.5953278459825 328.29539058408943 999.2110000000102 117.269287109375 51915.43437017749 3814792.048972306 4400.0 128.0 125384.0#125384.0#4400_126993.0#126993.0#4400_128668.0#128668.0#4400_130822.0#130822.0#4400 126816.0#126816.0#128_128678.0#128678.0#128_130820.0#130820.0#128
132000 138000 27.37802929690224 853.2317101004426 335.09187039094 999.7950000000128 99.7392578125 50893.85268204187 3679155.063310165 4400.0 128.0 130822.0#130822.0#4400_132441.0#132441.0#4400_134321.0#134321.0#4400_136315.0#136315.0#4400 132460.0#132460.0#128_134318.0#134318.0#128_136814.0#136814.0#128
138000 144000 820.5631523437914 863.2394746093681 173.8928821097813 999.3459999999905 616.3649999999907 46819.184376562065 3396104.4977132017 4400.0 128.0 138322.0#138322.0#4400_140321.0#140321.0#4400_142327.0#142327.0#4400_143946.0#143946.0#4400 138319.0#138319.0#128_140318.0#140318.0#128_142324.0#142324.0#128_143954.0#143954.0#128
144000 150000 38.540181640622905 851.6371169084824 266.2669040845913 999.3610000000044 322.26389453123556 47405.975506317154 3485780.7550451485 4400.0 128.0 143946.0#143946.0#4400_146322.0#146322.0#4400_147924.0#147924.0#4400_149821.0#149821.0#4400 143954.0#143954.0#128_146319.0#146319.0#128_147933.0#147933.0#128_149819.0#149819.0#128
150000 156000 283.45994921875536 816.648578683035 262.7507094514589 998.4519999999902 342.6070761718729 47749.80419993608 3431174.8728042194 4400.0 128.0 149821.0#149821.0#4400_151820.0#151820.0#4400_153523.0#153523.0#4400_155825.0#155825.0#4400 151820.0#151820.0#128_153520.0#153520.0#128_155820.0#155820.0#128
156000 162000 27.19567382815876 853.2577608816916 251.1134560264739 999.8919999999925 426.86402539061964 50007.82624262361 3636100.5813971804 4400.0 128.0 155825.0#155825.0#4400_157524.0#157524.0#4400_159331.0#159331.0#4400_161324.0#161324.0#4400 157522.0#157522.0#128_159327.0#159327.0#128_161321.0#161321.0#128
162000 168000 60.38828906248091 848.5159587053598 252.22040809135535 999.9539999999979 444.50969921876094 48872.8603062541 3545357.9894999894 4400.0 128.0 161324.0#161324.0#4400_163322.0#163322.0#4400_165320.0#165320.0#4400_167058.0#167058.0#4400 163320.0#163320.0#128_165317.0#165317.0#128_167167.0#167167.0#128
168000 174000 409.2910468749178 798.6727075892975 332.10610372951504 999.4390000000421 179.06396484375 47531.8516036597 3423739.762896638 4400.0 128.0 167058.0#167058.0#4400_169320.0#169320.0#4400_170857.0#170857.0#4400_172825.0#172825.0#4400 169317.0#169317.0#128_170816.0#170816.0#128_172820.0#172820.0#128
174000 180000 415.4088652343198 797.7987335379543 353.5603135324204 999.9789999999921 153.7770996093459 48895.02228103212 3551932.1371446657 4400.0 128.0 172825.0#172825.0#4400_174826.0#174826.0#4400_176822.0#176822.0#4400_178523.0#178523.0#4400 174821.0#174821.0#128_176819.0#176819.0#128_178700.0#178700.0#128
180000 186000 51.43217187497066 849.7954040178613 326.8050788116164 998.4399999999732 120.5759277344041 49063.84539604033 3521948.7013253258 4400.0 128.0 178523.0#178523.0#4400_180823.0#180823.0#4400_182321.0#182321.0#4400_184314.0#184314.0#4400 180818.0#180818.0#128_182315.0#182315.0#128_184816.0#184816.0#128
186000 192000 17.243013671861263 854.6795694754484 330.1797086478458 999.625 112.7119140625 47369.09308949832 3410277.8467052733 4400.0 128.0 186318.0#186318.0#4400_188323.0#188323.0#4400_190322.0#190322.0#4400_191994.0#191994.0#4400 186315.0#186315.0#128_188320.0#188320.0#128_190320.0#190320.0#128
192000 198000 745.5899570312758 875.7350071614541 150.60459877380723 998.6529999999912 673.10595703125 48226.478574470435 3572994.7127402388 4400.0 128.0 190322.0#190322.0#4400_191994.0#191994.0#4400_194323.0#194323.0#4400_195955.0#195955.0#4400_197822.0#197822.0#4400 192117.0#192117.0#128_194320.0#194320.0#128_195968.0#195968.0#128_197818.0#197818.0#128
198000 204000 320.58566210928257 811.3449054129596 269.47315894239597 999.679999999993 324.2130429687677 47366.60860059196 3422928.2225280805 4400.0 128.0 197822.0#197822.0#4400_199826.0#199826.0#4400_201529.0#201529.0#4400_203825.0#203825.0#4400 199823.0#199823.0#128_201527.0#201527.0#128_203822.0#203822.0#128
204000 210000 38.555332031304715 851.6349525669565 251.78981973694593 998.4100000000035 426.19970507809194 49782.56189665985 3568653.7555827526 4400.0 128.0 203825.0#203825.0#4400_205477.0#205477.0#4400_207319.0#207319.0#4400_209321.0#209321.0#4400 205490.0#205490.0#128_207317.0#207317.0#128_209318.0#209318.0#128
210000 216000 62.39198828127701 848.2297159598176 247.5165619624611 999.6680000000051 452.3630371093459 45241.30846558449 3336234.9943252704 4400.0 128.0 209321.0#209321.0#4400_211519.0#211519.0#4400_212997.0#212997.0#4400_215324.0#215324.0#4400 211516.0#211516.0#128_213316.0#213316.0#128_215322.0#215322.0#128
216000 222000 464.8108730468666 790.7413038504476 333.01540613772727 999.9109999999928 171.5791015625 50194.83176011875 3646071.274379516 4400.0 128.0 215324.0#215324.0#4400_216937.0#216937.0#4400_218830.0#218830.0#4400_220824.0#220824.0#4400 216945.0#216945.0#128_218826.0#218826.0#128_220821.0#220821.0#128
222000 228000 1177.129980468715 803.8116699218808 242.1122358098054 999.6630000000005 480.771000000037 40205.08163334214 2951363.3908038866 4400.0 128.0 220824.0#220824.0#4400_222819.0#222819.0#4400_225516.0#225516.0#4400_227519.0#227519.0#4400 222816.0#222816.0#128_225514.0#225514.0#128_227513.0#227513.0#128
228000 234000 33.77485937491292 852.3178772321553 250.09221668532194 999.7909999999974 467.5608789062535 54726.23636611546 3941805.4155626004 4400.0 128.0 227519.0#227519.0#4400_229515.0#229515.0#4400_231005.0#231005.0#4400_232390.0#232390.0#4400 229513.0#229513.0#128_230316.0#230316.0#128_232531.0#232531.0#128
234000 240000 23.82417968744994 853.7394029017929 246.10781024363442 999.6199999999953 492.6477382812882 47683.30456281586 3501649.1168699567 4400.0 128.0 232390.0#232390.0#4400_234322.0#234322.0#4400_236321.0#236321.0#4400_238319.0#238319.0#4400_239886.0#239886.0#4400 234319.0#234319.0#128_236318.0#236318.0#128_238316.0#238316.0#128_239898.0#239898.0#128
240000 246000 1161.4541445311625 806.4243092448063 243.62171570746702 999.8110000000161 494.5859375 45314.98860808951 3256188.478930548 4400.0 128.0 239886.0#239886.0#4400_242323.0#242323.0#4400_244502.0#244502.0#4400 239898.0#239898.0#128_242318.0#242318.0#128_244500.0#244500.0#128_245817.0#245817.0#128
246000 252000 660.4899394531094 762.7871515066987 323.87928249371754 996.9160000000265 176.447998046875 50800.150121442195 3654197.55631105 4400.0 128.0 244502.0#244502.0#4400_246022.0#246022.0#4400_247819.0#247819.0#4400_249824.0#249824.0#4400_251550.0#251550.0#4400 247815.0#247815.0#128_249820.0#249820.0#128_251548.0#251548.0#128
252000 258000 28.004025390546303 853.1422820870648 310.7981404261749 999.539999999979 164.2719726563082 48368.85162953469 3563113.7686559 4400.0 128.0 251550.0#251550.0#4400_253531.0#253531.0#4400_255517.0#255517.0#4400_257319.0#257319.0#4400 253529.0#253529.0#128_255514.0#255514.0#128_257318.0#257318.0#128
258000 264000 24.31708007812267 853.6689885602682 315.2389394386529 999.6909999999916 152.639892578125 49893.44896578035 3652935.2118068417 4400.0 128.0 257319.0#257319.0#4400_259323.0#259323.0#4400_261322.0#261322.0#4400_262861.0#262861.0#4400 259320.0#259320.0#128_261319.0#261319.0#128_263315.0#263315.0#128
264000 270000 917.947929687507 847.0086783854155 245.06764499628278 997.3410000000149 421.36710742185824 46181.62823571147 3410700.9055226212 4400.0 128.0 262861.0#262861.0#4400_265320.0#265320.0#4400_267050.0#267050.0#4400_268818.0#268818.0#4400 265318.0#265318.0#128_267149.0#267149.0#128_268816.0#268816.0#128
270000 276000 964.3550117188133 719.3778554687409 369.6855627761198 999.8869999999879 147.7839999999851 45325.27376697253 3267429.48083321 4400.0 128.0 268818.0#268818.0#4400_270826.0#270826.0#4400_273512.0#273512.0#4400_274992.0#274992.0#4400 270823.0#270823.0#128_273507.0#273507.0#128_274819.0#274819.0#128
276000 282000 28.30784765619319 853.0988789062582 250.64350780665472 999.25900000002 431.175048828125 48415.31410524609 3574086.8542251172 4400.0 128.0 274992.0#274992.0#4400_276468.0#276468.0#4400_278325.0#278325.0#4400_280326.0#280326.0#4400 276483.0#276483.0#128_278321.0#278321.0#128_280321.0#280321.0#128
282000 288000 42.67910351557657 851.0458423549177 249.78503159608798 999.9860000000335 450.36289648438105 47450.218538793204 3504947.178622761 4400.0 128.0 282322.0#282322.0#4400_284321.0#284321.0#4400_286323.0#286323.0#4400 282319.0#282319.0#128_284319.0#284319.0#128_286319.0#286319.0#128
288000 294000 1447.2669667968876 910.5466066406225 194.3572422153528 999.570000000007 562.884033203125 45346.73149405846 3247108.6983447205 4400.0 128.0 289508.0#289508.0#4400_291103.0#291103.0#4400_292539.0#292539.0#4400 289505.0#289505.0#128_290314.0#290314.0#128_292317.0#292317.0#128_293816.0#293816.0#128
294000 300000 70.24695312493714 847.107578125009 254.24580169784625 999.6170000000275 436.694966796902 52288.6766714154 3826888.545368906 4400.0 128.0 292539.0#292539.0#4400_294132.0#294132.0#4400_295670.0#295670.0#4400_297518.0#297518.0#4400_299505.0#299505.0#4400 293816.0#293816.0#128_295811.0#295811.0#128_297515.0#297515.0#128_299502.0#299502.0#128
