ts te idle avg_span std_span max_span min_span c_bytes_all s_bytes_all avg_video_rate avg_audio_rate video_requests_sequence audio_requests_sequence
0.0 6000.0 6000.0 0.0 0.0 0.0 0.0 0.0 0.0 0.0 0.0 - -
6000.0 12000.0 3281.665689453126 906.111436848958 157.80593135567304 997.5779999999977 723.893310546875 21176.88143834089 1253785.1395076674 2300.0 128.0 9993.0#9993.0#2300_9995.0#9995.0#2300_11000.0#11000.0#2300 9989.0#9989.0#128_9991.0#9991.0#128_11113.0#11113.0#128
12000.0 18000.0 22.93136914061688 853.8669472656262 277.788829870376 999.2520000000004 271.01768945312506 40394.74422014722 4290738.3292093305 2140.0 128.0 11000.0#11000.0#2300_12020.0#12020.0#2300_12960.0#12960.0#2300_13721.0#13721.0#2300_14427.0#14427.0#2300_15187.0#15187.0#2300_16005.0#16005.0#2300_16844.0#16844.0#2300_17692.0#17692.0#1500_17697.0#17697.0#1500 12063.0#12063.0#128_13136.0#13136.0#128_13974.0#13974.0#128_14796.0#14796.0#128_15599.0#15599.0#128_16485.0#16485.0#128_17286.0#17286.0#128_17290.0#17290.0#128
18000.0 24000.0 1726.3489140624952 712.2751809895841 310.6474207956168 999.8369999999995 284.35905859374907 26117.970681961662 2695761.9361654627 2687.5 128.0 16844.0#16844.0#2300_17692.0#17692.0#1500_17697.0#17697.0#1500_18378.0#18378.0#1500_20060.0#20060.0#1500_21574.0#21574.0#4400_21576.0#21576.0#4400_23376.0#23376.0#4400 17286.0#17286.0#128_17290.0#17290.0#128_18115.0#18115.0#128_18687.0#18687.0#128_20057.0#20057.0#128_21566.0#21566.0#128_21571.0#21571.0#128_23548.0#23548.0#128
24000.0 30000.0 28.365113281244703 853.0906981026793 251.71248152362068 998.5250000000015 409.0869140625 35048.066413551736 3848858.7879200233 4400.0 128.0 23376.0#23376.0#4400_25257.0#25257.0#4400_26807.0#26807.0#4400_28537.0#28537.0#4400 23548.0#23548.0#128_25255.0#25255.0#128_26805.0#26805.0#128_28535.0#28535.0#128
30000.0 36000.0 1556.8718710937537 888.6256257812493 231.88300615459536 998.8359999999957 474.0340859374992 23281.365079293744 2502004.098045448 3560.0 128.0 28537.0#28537.0#4400_32066.0#32066.0#4400_34058.0#34058.0#3000_34061.0#34061.0#3000_35456.0#35456.0#3000 32065.0#32065.0#128_34550.0#34550.0#128_34555.0#34555.0#128_35616.0#35616.0#128
36000.0 42000.0 35.73094726563431 852.0384361049094 367.43538429770945 999.0169999999998 19.32195703125035 28723.351500869565 3142904.7294845562 3560.0 128.0 35456.0#35456.0#3000_36655.0#36655.0#3000_38059.0#38059.0#3000_40066.0#40066.0#4400_40068.0#40068.0#4400 35616.0#35616.0#128_37052.0#37052.0#128_38056.0#38056.0#128_40057.0#40057.0#128_40063.0#40063.0#128
42000.0 48000.0 23.051128906256054 853.8498387276777 360.7391543179528 999.9349999999977 36.85090429687261 35164.91234168474 3819874.773650553 4400.0 128.0 42061.0#42061.0#4400_43746.0#43746.0#4400_45447.0#45447.0#4400_47230.0#47230.0#4400 42057.0#42057.0#128_43052.0#43052.0#128_45048.0#45048.0#128_47228.0#47228.0#128
48000.0 54000.0 27.061693359384662 853.2769009486593 355.6480889879021 999.5430000000051 48.363033203117084 36416.25207336442 3836998.95263569 4400.0 128.0 47230.0#47230.0#4400_49007.0#49007.0#4400_50663.0#50663.0#4400_52556.0#52556.0#4400 49003.0#49003.0#128_50659.0#50659.0#128_52555.0#52555.0#128
54000.0 60000.0 1418.1522734374885 763.6412877604185 389.73820452635545 998.0500000000029 58.79672656250477 23021.456250786025 2407341.2533812686 4400.0 128.0 52556.0#52556.0#4400_54340.0#54340.0#4400_56558.0#56558.0#4400 54338.0#54338.0#128_56553.0#56553.0#128
60000.0 66000.0 36.42968164062768 993.9283863932287 10.64600034496563 999.5749999999971 972.351318359375 32792.626223378335 3432053.673063428 4400.0 128.0 60069.0#60069.0#4400_62061.0#62061.0#4400_64067.0#64067.0#4400 60066.0#60066.0#128_62057.0#62057.0#128_64061.0#64061.0#128
66000.0 72000.0 1385.0913183593657 769.1514469401058 396.9443155013864 999.6849999999977 23.737681640632218 24679.37377662166 2426888.326936572 3233.3333333333335 128.0 64067.0#64067.0#4400_66068.0#66068.0#3000_66068.0#66068.0#3000_68056.0#68056.0#3000_69007.0#69007.0#3000_70066.0#70066.0#3000 66082.0#66082.0#128_66087.0#66087.0#128_68552.0#68552.0#128_69201.0#69201.0#128_70062.0#70062.0#128
72000.0 78000.0 1989.0999999999913 802.1800000000018 424.13109290230227 997.5510000000068 43.529999999998836 16487.0 1676650.0 4400.0 128.0 72075.0#72075.0#4400_72080.0#72080.0#4400_74062.0#74062.0#4400 72070.0#72070.0#128_72073.0#72073.0#128_74061.0#74061.0#128
78000.0 84000.0 31.2498964843835 994.7916839192694 7.079086713983847 999.5639999999839 980.756103515625 34337.460314657554 3450494.829314256 3280.0 128.0 78077.0#78077.0#4400_79820.0#79820.0#3000_79822.0#79822.0#3000_80974.0#80974.0#3000_82139.0#82139.0#3000 78074.0#78074.0#128_78549.0#78549.0#128_81049.0#81049.0#128_81052.0#81052.0#128_82150.0#82150.0#128
84000.0 90000.0 36.495988281283644 851.9291445312452 367.5051802671015 998.9449999999924 19.060896484355908 32248.95744625291 3342078.399641287 4400.0 128.0 84071.0#84071.0#4400_84074.0#84074.0#4400_86060.0#86060.0#4400_88057.0#88057.0#4400 84061.0#84061.0#128_84068.0#84068.0#128_86055.0#86055.0#128_88054.0#88054.0#128
90000.0 96000.0 42.797029296838446 851.0289958147374 359.2133508873846 999.8910000000033 38.58888476564607 35067.96703272093 3582285.2463698396 4400.0 128.0 90055.0#90055.0#4400_92065.0#92065.0#4400_93799.0#93799.0#4400_95554.0#95554.0#4400 90053.0#90053.0#128_92061.0#92061.0#128_93055.0#93055.0#128_95550.0#95550.0#128
96000.0 102000.0 22.98683007810905 853.8590242745558 346.12670388389074 999.8619999999937 72.06791406249977 36599.19727210265 3976430.269056961 4400.0 128.0 95554.0#95554.0#4400_97335.0#97335.0#4400_99057.0#99057.0#4400_100709.0#100709.0#4400 97331.0#97331.0#128_99052.0#99052.0#128_100698.0#100698.0#128
102000.0 108000.0 24.01234179684252 853.712522600451 342.3696275428607 999.9840000000113 81.16174414064153 32423.719549987352 3457769.1192411613 4400.0 128.0 100709.0#100709.0#4400_102468.0#102468.0#4400_104556.0#104556.0#4400_106338.0#106338.0#4400 102463.0#102463.0#128_104553.0#104553.0#128_106335.0#106335.0#128
108000.0 114000.0 41.58894140625489 851.2015797991064 337.4232855378053 999.8760000000038 92.6520859375014 33842.86894228356 3497400.7931455662 4400.0 128.0 106338.0#106338.0#4400_108332.0#108332.0#4400_110141.0#110141.0#4400_112075.0#112075.0#4400 108324.0#108324.0#128_110138.0#110138.0#128_112073.0#112073.0#128
114000.0 120000.0 29.7669863281335 852.8904305245524 327.4545891100325 998.8300000000017 118.7060273437528 29829.999966152234 3149759.870684177 4400.0 128.0 114062.0#114062.0#4400_116072.0#116072.0#4400_118072.0#118072.0#4400 114060.0#114060.0#128_116068.0#116068.0#128_118068.0#118068.0#128
120000.0 126000.0 570.0546660156106 775.7064762834842 325.45291605503337 998.198000000004 132.56301367186825 29415.408107322146 3091460.7095635515 4400.0 128.0 120067.0#120067.0#4400_122063.0#122063.0#4400_124425.0#124425.0#4400 120065.0#120065.0#128_122061.0#122061.0#128_124419.0#124419.0#128
126000.0 132000.0 2041.967320312484 791.6065359375032 315.13188494655077 999.7680000000109 280.6886796875042 21762.421368520667 2374467.762983199 4400.0 128.0 124425.0#124425.0#4400_126083.0#126083.0#4400_128124.0#128124.0#4400 126078.0#126078.0#128_128117.0#128117.0#128
132000.0 138000.0 35.50888867190224 994.0818518880163 7.217639816168829 999.1339999999909 980.589111328125 36075.31617325856 3675983.1905702488 3560.0 128.0 132063.0#132063.0#4400_133662.0#133662.0#4400_135405.0#135405.0#3000_135409.0#135409.0#3000_136581.0#136581.0#3000 132061.0#132061.0#128_132549.0#132549.0#128_135430.0#135430.0#128_135433.0#135433.0#128_136606.0#136606.0#128
138000.0 144000.0 41.2341445312195 851.2522650669687 373.91313939796726 999.6080000000075 3.8218886718677823 30293.12159340228 3029149.1625710526 4050.0 128.0 138060.0#138060.0#3000_140075.0#140075.0#4400_140077.0#140077.0#4400_142064.0#142064.0#4400 138058.0#138058.0#128_140065.0#140065.0#128_140072.0#140072.0#128_142061.0#142061.0#128
144000.0 150000.0 62.09400195314083 848.2722854352656 359.04845477776314 999.4109999999928 36.347033203113824 34232.040004043985 3340028.5492802234 4400.0 128.0 144064.0#144064.0#4400_146069.0#146069.0#4400_148059.0#148059.0#4400 144061.0#144061.0#128_146063.0#146063.0#128_148057.0#148057.0#128
150000.0 156000.0 241.07296874999884 822.703861607143 339.8648038928418 999.1540000000095 73.80403515623766 32847.50044507465 3352255.416144199 4400.0 128.0 150055.0#150055.0#4400_152056.0#152056.0#4400_154059.0#154059.0#4400 150051.0#150051.0#128_152055.0#152055.0#128_154056.0#154056.0#128
156000.0 162000.0 277.96389257811825 817.4337296316974 348.8855915252226 999.9979999999923 83.21500390625442 31584.72778888 3262174.8217223138 4400.0 128.0 156062.0#156062.0#4400_158056.0#158056.0#4400_160067.0#160067.0#4400 156060.0#156060.0#128_158052.0#158052.0#128_160064.0#160064.0#128
162000.0 168000.0 88.80400390631985 844.4565708705258 262.62491589813567 998.6359999999986 346.8918964843615 35852.54389161259 3542011.3014232037 3466.6666666666665 128.0 162059.0#162059.0#3000_162061.0#162061.0#3000_163235.0#163235.0#3000_164544.0#164544.0#3000_166064.0#166064.0#4400_166067.0#166067.0#4400 162552.0#162552.0#128_162555.0#162555.0#128_163472.0#163472.0#128_164543.0#164543.0#128_166060.0#166060.0#128_166062.0#166062.0#128
168000.0 174000.0 26.990154296916444 853.2871208147262 252.7556542608095 998.0350000000035 391.76090039062547 33734.28304642266 3331787.8803656837 4400.0 128.0 168064.0#168064.0#4400_170066.0#170066.0#4400_172067.0#172067.0#4400 168061.0#168061.0#128_170063.0#170063.0#128_172065.0#172065.0#128
174000.0 180000.0 20.88701367174508 854.1589980468935 252.09453506460008 999.4120000000403 402.88405468751444 31585.6081872544 3138067.827460074 4400.0 128.0 174059.0#174059.0#4400_176071.0#176071.0#4400_178061.0#178061.0#4400 174054.0#174054.0#128_176066.0#176066.0#128_178059.0#178059.0#128
180000.0 186000.0 25.566992187465075 853.490429687505 249.62698276551367 999.4210000000021 415.2990683593671 33192.48315811673 3402359.861357675 4400.0 128.0 180056.0#180056.0#4400_181814.0#181814.0#4400_184066.0#184066.0#4400 180053.0#180053.0#128_181048.0#181048.0#128_184063.0#184063.0#128
186000.0 192000.0 24.98582617181819 853.5734534040259 250.15771104388682 999.5770000000193 424.0410605468787 33140.60411897378 3379946.7481195624 4400.0 128.0 186062.0#186062.0#4400_188065.0#188065.0#4400_190063.0#190063.0#4400 186058.0#186058.0#128_188061.0#188061.0#128_190061.0#190061.0#128
192000.0 198000.0 26.872066406242084 853.303990513394 248.8427551712874 999.109999999986 439.0518867187493 33447.32697925202 3403060.387861972 4400.0 128.0 192052.0#192052.0#4400_194065.0#194065.0#4400_196064.0#196064.0#4400 192050.0#192050.0#128_194062.0#194062.0#128_196060.0#196060.0#128
198000.0 204000.0 21.003749999945285 854.1423214285793 246.90781329752392 999.9880000000412 452.18895312500536 31150.53157433728 3135573.886863219 4400.0 128.0 198062.0#198062.0#4400_200060.0#200060.0#4400_202055.0#202055.0#4400 198057.0#198057.0#128_200055.0#200055.0#128_202052.0#202052.0#128
204000.0 210000.0 23.93727734364802 853.7232460937646 247.1301575647244 999.0659999999916 458.96370312498766 33693.971985493125 3452997.9431980113 4400.0 128.0 204061.0#204061.0#4400_206056.0#206056.0#4400_208064.0#208064.0#4400 204057.0#204057.0#128_206052.0#206052.0#128_208063.0#208063.0#128
210000.0 216000.0 26.96910937494249 853.2901272321511 247.02801714004977 999.8990000000049 472.1729804687493 36249.488526779336 3713658.0765908444 3840.0 128.0 210055.0#210055.0#4400_212057.0#212057.0#4400_213531.0#213531.0#4400_215469.0#215469.0#3000_215474.0#215474.0#3000 210053.0#210053.0#128_212055.0#212055.0#128_212549.0#212549.0#128_215489.0#215489.0#128_215491.0#215491.0#128
216000.0 222000.0 1959.2368105469504 808.1526378906099 258.83627970499174 999.7039999999979 487.5290898437088 19706.187086162205 1946499.0578268678 3000.0 128.0 215474.0#215474.0#3000_216612.0#216612.0#3000_220063.0#220063.0#3000 216631.0#216631.0#128_220061.0#220061.0#128
222000.0 228000.0 60.35809375005192 848.5202723214212 373.14720507097724 999.4659999999858 2.5919003906310536 23911.7792826773 2335608.7142596724 3000.0 128.0 222093.0#222093.0#3000_224095.0#224095.0#3000_226055.0#226055.0#3000 222553.0#222553.0#128_224549.0#224549.0#128_226548.0#226548.0#128
228000.0 234000.0 1968.7280058593024 671.8786656901162 502.5697854167798 997.9619999999995 20.23800000004121 21446.48615825911 1996819.1743851758 2475.0 128.0 228062.0#228062.0#3000_230062.0#230062.0#2300_230066.0#230066.0#2300_230598.0#230598.0#2300 228547.0#228547.0#128_230077.0#230077.0#128_230078.0#230078.0#128_230988.0#230988.0#128
234000.0 240000.0 37.85389062494505 993.6910182291758 8.962330755143837 998.3020000000251 975.537109375 38319.17798401254 3707327.669605881 3700.0 128.0 234061.0#234061.0#2300_234535.0#234535.0#2300_236067.0#236067.0#4400_236070.0#236070.0#4400_237534.0#237534.0#4400_239584.0#239584.0#4400 234058.0#234058.0#128_234548.0#234548.0#128_236058.0#236058.0#128_236064.0#236064.0#128_237054.0#237054.0#128_239583.0#239583.0#128
240000.0 246000.0 569.602109374915 775.771127232155 384.12133558061913 998.2110000000393 23.841890624986263 30039.82201598746 3095773.330394119 4400.0 128.0 239584.0#239584.0#4400_241135.0#241135.0#4400_243063.0#243063.0#4400 241134.0#241134.0#128_243061.0#243061.0#128
246000.0 252000.0 3021.7669999999343 744.5582500000164 469.93378595738875 998.960000000021 40.71500000002561 19361.0 1833576.0 2300.0 128.0 246876.0#246876.0#2300_246880.0#246880.0#2300_248057.0#248057.0#2300_248719.0#248719.0#2300 246870.0#246870.0#128_246873.0#246873.0#128_248069.0#248069.0#128_248957.0#248957.0#128
252000.0 258000.0 49.173074218735565 991.8044876302107 11.044721272092424 999.890000000014 971.52392578125 32731.580234121808 3283093.5032514357 4400.0 128.0 252069.0#252069.0#4400_252073.0#252073.0#4400_254056.0#254056.0#4400_256065.0#256065.0#4400 252064.0#252064.0#128_252067.0#252067.0#128_254053.0#254053.0#128_256061.0#256061.0#128
258000.0 264000.0 24.46492578118341 853.6478677455452 365.48341006739156 999.5989999999874 25.542074218741618 35141.62096045035 3408677.5178099717 3600.0 128.0 256065.0#256065.0#4400_258071.0#258071.0#3000_258074.0#258074.0#3000_259058.0#259058.0#3000_260566.0#260566.0#3000_262076.0#262076.0#4400_262077.0#262077.0#4400 258088.0#258088.0#128_258089.0#258089.0#128_259214.0#259214.0#128_260584.0#260584.0#128_262069.0#262069.0#128_262071.0#262071.0#128
264000.0 270000.0 1985.0090878906194 669.1651520182301 503.0059833038887 999.9070000000065 0.0 25467.772123748982 2446996.974748995 3350.0 128.0 266068.0#266068.0#4400_268051.0#268051.0#3000_268052.0#268052.0#3000_269152.0#269152.0#3000 266065.0#266065.0#128_268063.0#268063.0#128_268064.0#268064.0#128_269305.0#269305.0#128
270000.0 276000.0 29.62794140621554 852.9102940848263 367.58932590168723 999.2150000000256 19.990087890648283 26648.742496655497 2589632.4895738685 3560.0 128.0 269152.0#269152.0#3000_270345.0#270345.0#3000_272065.0#272065.0#3000_274066.0#274066.0#4400_274071.0#274071.0#4400 269305.0#269305.0#128_270350.0#270350.0#128_272061.0#272061.0#128_274062.0#274062.0#128_274064.0#274064.0#128
276000.0 282000.0 92.3388808593736 843.9515884486609 357.1126400181118 999.7679999999818 36.851029296871275 32690.02597744788 3314190.268936682 4400.0 128.0 276072.0#276072.0#4400_278057.0#278057.0#4400_280094.0#280094.0#4400 276068.0#276068.0#128_278055.0#278055.0#128_280092.0#280092.0#128
282000.0 288000.0 49.67799218732398 850.0460011160966 343.05783678333466 999.6610000000219 78.00191015622113 33864.89294786247 3328862.5347660654 4400.0 128.0 282091.0#282091.0#4400_284104.0#284104.0#4400_286101.0#286101.0#4400 282089.0#282089.0#128_284102.0#284102.0#128_286097.0#286097.0#128
288000.0 294000.0 165.08484179683728 833.5593083147376 332.29346458228326 999.5210000000079 114.63590234372532 33480.018505961736 3408839.227987489 4400.0 128.0 288097.0#288097.0#4400_290121.0#290121.0#4400_292113.0#292113.0#4400 288097.0#288097.0#128_290117.0#290117.0#128_292110.0#292110.0#128
294000.0 300000.0 196.467142578098 829.0761224888431 329.6490716477618 998.4249999999884 123.06874414061895 34726.027795036505 3617920.5948872063 4400.0 128.0 294103.0#294103.0#4400_296105.0#296105.0#4400_297687.0#297687.0#4400_299600.0#299600.0#4400 294099.0#294099.0#128_296100.0#296100.0#128_296551.0#296551.0#128_299595.0#299595.0#128
