ts te idle avg_span std_span max_span min_span c_ack_cnt c_ack_cnt_p c_bytes_all c_bytes_uniq s_ack_cnt s_ack_cnt_p s_bytes_all s_bytes_uniq avg_video_rate avg_audio_rate video_requests_sequence audio_requests_sequence
0.0 10000.0 6508.836597656249 608.1575442116479 366.6700315727108 999.5640000000021 22.3291015625 2184.329079460818 2158.0224093684733 23336.245599082038 23336.245599082038 4690.025924877493 46.471170091235734 6950483.522869374 6950483.522869374 4400.0 128.0 6535.999755859371#6535.999755859371#4400_6535.999755859371#6535.999755859371#4400_7153.0#7153.0#4400_7478.0#7478.0#4400_7951.999755859371#7951.999755859371#4400_8301.0#8301.0#4400_8886.0#8886.0#4400_9396.000244140625#9396.000244140625#4400_9975.0#9975.0#4400 6534.0#6534.0#128_6535.0#6535.0#128_7159.999755859371#7159.999755859371#128_7519.999755859371#7519.999755859371#128_7961.0#7961.0#128_8906.0#8906.0#128_9245.0#9245.0#128_9407.0#9407.0#128_9998.0#9998.0#128
10000.0 20000.0 5575.180230468744 530.7622152622769 249.42754939856107 977.6348984374999 60.40299999999843 2532.6709205391826 2513.9775906315263 14764.754400917964 14764.754400917964 6298.974075122507 32.52882990876427 9746282.477130625 9746280.477130625 6457.142857142857 128.0 9975.0#9975.0#4400_10607.0#10607.0#4400_12607.0#12607.0#4400_14667.0#14667.0#8000_14668.000244140632#14668.000244140632#8000_16814.0#16814.0#8000_18662.0#18662.0#8000 9998.0#9998.0#128_10657.0#10657.0#128_12605.0#12605.0#128_14663.999755859375#14663.999755859375#128_16812.000244140632#16812.000244140632#128_18660.000244140632#18660.000244140632#128
20000.0 30000.0 6981.309128906243 452.5897999999994 45.046493068087216 553.2389999999941 408.9669999999969 2078.0 2063.0 12510.0 12510.0 6308.0 25.0 9938362.0 9938362.0 8000.0 128.0 20662.0#20662.0#8000_22657.0#22657.0#8000_24657.0#24657.0#8000_26655.999755859375#26655.999755859375#8000_28663.999755859375#28663.999755859375#8000 20661.0#20661.0#128_22655.999755859375#22655.999755859375#128_24657.0#24657.0#128_26655.0#26655.0#128_28663.0#28663.0#128
30000.0 40000.0 7024.51443554688 452.1069999999985 53.925906932051504 506.5740000000005 352.8029999999999 2052.0 2037.0 12510.0 12510.0 6175.0 25.0 9800678.0 9800678.0 8000.0 128.0 30652.000244140632#30652.000244140632#8000_32722.0#32722.0#8000_34657.0#34657.0#8000_36658.0#36658.0#8000_38609.0#38609.0#8000 30651.0#30651.0#128_32722.0#32722.0#128_34655.0#34655.0#128_36657.0#36657.0#128_38607.0#38607.0#128
40000.0 50000.0 6028.819767578127 506.4104695012004 210.35616866431687 895.0209999999934 263.1429999999964 2896.9260599918775 2877.5153036631327 16633.820189570793 16633.820189570793 6779.09079065578 33.41075632874487 10617908.569226641 10617908.569226641 8000.0 128.0 40607.999755859375#40607.999755859375#8000_40657.0#40657.0#8000_42618.0#42618.0#8000_44639.999755859375#44639.999755859375#8000_48716.000244140625#48716.000244140625#8000_49157.0#49157.0#8000 40606.0#40606.0#128_40655.999755859375#40655.999755859375#128_42617.0#42617.0#128_44639.0#44639.0#128_48714.0#48714.0#128_49165.0#49165.0#128
50000.0 60000.0 6070.3932753906265 505.13826331676023 268.87303672425963 974.6760000000068 28.835999999995693 2207.073940008122 2192.4846963368673 12173.179810429207 12173.179810429207 6979.90920934422 25.58924367125513 11005774.430773359 11005774.430773359 8000.0 128.0 52647.999755859375#52647.999755859375#8000_53188.000244140625#53188.000244140625#8000_54663.999755859375#54663.999755859375#8000_56658.0#56658.0#8000_58654.0#58654.0#8000 52655.999755859375#52655.999755859375#128_53325.0#53325.0#128_54662.0#54662.0#128_56657.0#56657.0#128_58652.000244140625#58652.000244140625#128
60000.0 70000.0 6285.9424511718535 525.2871000000014 123.96369326581234 745.6230000000069 385.0890000000072 1780.0 1765.0 12510.0 12510.0 6373.0 25.0 9776952.0 9776952.0 8000.0 128.0 60652.000244140625#60652.000244140625#8000_62638.0#62638.0#8000_64660.000244140625#64660.000244140625#8000_66665.0#66665.0#8000_68668.00024414062#68668.00024414062#8000 60650.0#60650.0#128_62636.000244140625#62636.000244140625#128_64657.0#64657.0#128_66661.0#66661.0#128_68668.00024414062#68668.00024414062#128
70000.0 80000.0 6934.125216796878 437.82530000000116 137.28060933079183 736.122000000003 250.8969999999972 1833.0 1818.0 12510.0 12510.0 6512.0 25.0 9910010.0 9910009.0 8000.0 128.0 70646.0#70646.0#8000_72603.0#72603.0#8000_74618.0#74618.0#8000_76649.0#76649.0#8000_78638.0#78638.0#8000 70644.00024414062#70644.00024414062#128_72599.0#72599.0#128_74615.0#74615.0#128_76647.0#76647.0#128_78636.00024414062#78636.00024414062#128
80000.0 90000.0 5120.935365234356 620.1530909090917 201.68168104983874 944.0460000000021 366.91599999999744 2075.0 2057.0 14192.0 14192.0 7746.0 29.0 11836175.0 11811480.0 8000.0 128.0 80645.0#80645.0#8000_82642.0#82642.0#8000_84629.0#84629.0#8000_86646.0#86646.0#8000_88642.0#88642.0#8000_89062.0#89062.0#8000 80644.00024414062#80644.00024414062#128_82639.99975585938#82639.99975585938#128_84628.00024414062#84628.00024414062#128_86643.0#86643.0#128_88660.00024414062#88660.00024414062#128_89111.99975585938#89111.99975585938#128
90000.0 100000.0 5571.150187500025 547.5584506392003 178.12718079134297 912.0040000000008 363.0770000000048 1681.3880347128222 1665.4860287807148 12427.488994834392 12427.488994834392 6201.077622757949 25.804011864214708 9540763.786886662 9540762.88488073 8000.0 128.0 90638.0#90638.0#8000_92651.0#92651.0#8000_94644.00024414062#94644.00024414062#8000_96638.0#96638.0#8000_99170.0#99170.0#8000 90637.0#90637.0#128_92649.0#92649.0#128_94644.00024414062#94644.00024414062#128_96636.00024414062#96636.00024414062#128_99167.99975585938#99167.99975585938#128
100000.0 110000.0 6687.273767578139 536.4074042968772 272.92038405555707 908.1350000000093 90.0470429687557 2749.6119652871776 2732.513971219285 14729.511005165608 14729.511005165608 6227.922377242051 29.195988135785292 10021997.213113338 10021995.11511927 8000.0 128.0 99170.0#99170.0#8000_102606.0#102606.0#8000_102661.0#102661.0#8000_106692.00024414062#106692.00024414062#8000_108638.0#108638.0#8000_109092.00024414062#109092.00024414062#8000 102599.0#102599.0#128_102660.00024414062#102660.00024414062#128_106691.0#106691.0#128_108659.0#108659.0#128_109149.0#109149.0#128
110000.0 120000.0 7003.65544140627 431.7794999999984 53.737407304714075 506.4739999999874 371.9100000000035 1802.0 1787.0 12510.0 12510.0 6266.0 25.0 9521299.0 9521299.0 8000.0 128.0 110647.99975585938#110647.99975585938#8000_112658.0#112658.0#8000_114637.0#114637.0#8000_116638.0#116638.0#8000_118641.0#118641.0#8000 110646.0#110646.0#128_112655.99975585938#112655.99975585938#128_114635.0#114635.0#128_116635.0#116635.0#128_118639.0#118639.0#128
120000.0 130000.0 6783.420570312475 501.07577777778107 293.46170519583245 960.515000000014 0.0 1786.0 1771.0 12510.0 12510.0 6355.0 24.0 9900658.0 9900658.0 8000.0 128.0 120628.00024414062#120628.00024414062#8000_123346.0#123346.0#8000_123839.0#123839.0#8000_126658.0#126658.0#8000_128652.00024414062#128652.00024414062#8000 120628.00024414062#120628.00024414062#128_123655.99975585938#123655.99975585938#128_123874.0#123874.0#128_126655.99975585938#126655.99975585938#128_128650.0#128650.0#128
130000.0 140000.0 6559.701925781264 510.68859999999984 194.46476023359563 740.5409999999974 262.1160000000091 2250.0 2233.0 14192.0 14192.0 7709.0 29.0 11680938.0 11680938.0 8000.0 128.0 130628.00024414062#130628.00024414062#8000_132588.00024414062#132588.00024414062#8000_134598.0#134598.0#8000_136631.0#136631.0#8000_136918.0#136918.0#8000_138638.0#138638.0#8000 130659.0#130659.0#128_132659.0#132659.0#128_134658.0#134658.0#128_136661.0#136661.0#128_136998.0#136998.0#128_138636.00024414062#138636.00024414062#128
140000.0 150000.0 6567.391148437484 431.4356363636378 90.30184163157985 594.5620000000054 276.61699999999837 1837.0 1821.0 12510.0 12510.0 6350.0 25.0 9861300.0 9861300.0 8000.0 128.0 140642.0#140642.0#8000_142639.99975585938#142639.99975585938#8000_144637.0#144637.0#8000_146647.0#146647.0#8000_148641.0#148641.0#8000 140641.0#140641.0#128_142638.0#142638.0#128_144635.0#144635.0#128_146644.00024414062#146644.00024414062#128_148639.0#148639.0#128
150000.0 160000.0 6813.840089843783 479.1111000000004 157.84355734674858 721.359999999986 277.372000000003 1697.0 1682.0 12510.0 12510.0 6030.0 25.0 9634014.0 9634013.0 8000.0 128.0 150638.0#150638.0#8000_152641.0#152641.0#8000_154638.0#154638.0#8000_156636.00024414062#156636.00024414062#8000_158639.0#158639.0#8000 150636.00024414062#150636.00024414062#128_152639.0#152639.0#128_154636.00024414062#154636.00024414062#128_156635.0#156635.0#128_158637.0#158637.0#128
160000.0 170000.0 6641.616419921746 470.3347000000125 144.00604956894801 800.0860000000102 339.7250000000058 2034.0 2019.0 12510.0 12510.0 6286.0 25.0 10028391.0 10028390.0 8000.0 128.0 160628.00024414065#160628.00024414065#8000_162647.0#162647.0#8000_164606.0#164606.0#8000_166593.0#166593.0#8000_168607.99975585935#168607.99975585935#8000 160626.0#160626.0#128_162646.0#162646.0#128_164604.00024414065#164604.00024414065#128_166590.0#166590.0#128_168603.0#168603.0#128
170000.0 180000.0 7057.746273437457 424.6816000000137 103.03932700155096 588.2860000000219 259.6800000000221 1731.0 1716.0 12510.0 12510.0 6211.0 25.0 9681341.0 9681341.0 8000.0 128.0 170639.0#170639.0#8000_172644.00024414065#172644.00024414065#8000_174638.0#174638.0#8000_176633.0#176633.0#8000_178665.0#178665.0#8000 170637.0#170637.0#128_172642.0#172642.0#128_174655.99975585935#174655.99975585935#128_176657.0#176657.0#128_178663.0#178663.0#128
180000.0 190000.0 5697.916140624962 481.8662720424119 275.9818706426423 999.9580000000133 100.7609999999986 2977.533438387337 2955.501348337835 19164.569927646044 19164.569927646044 7313.43786370091 36.68837322561849 11675340.016436974 11675339.016436974 8000.0 128.0 180643.0#180643.0#8000_181167.99975585935#181167.99975585935#8000_184636.00024414065#184636.00024414065#8000_184661.0#184661.0#8000_186657.0#186657.0#8000_188652.00024414065#188652.00024414065#8000 180642.0#180642.0#128_181166.0#181166.0#128_184634.0#184634.0#128_184658.0#184658.0#128_186655.99975585935#186655.99975585935#128_188649.0#188649.0#128
190000.0 200000.0 6139.023357421858 475.91593261719146 203.42870329674085 839.3450000000012 256.42499999998836 1719.4665616126636 1704.4986516621652 11939.430072353956 11939.430072353956 5543.56213629909 25.31162677438151 9673088.983563025 9673086.983563025 8000.0 128.0 190651.0#190651.0#8000_192639.0#192639.0#8000_194636.00024414065#194636.00024414065#8000_196605.0#196605.0#8000_198589.0#198589.0#8000 190649.0#190649.0#128_192636.00024414065#192636.00024414065#128_194631.99975585935#194631.99975585935#128_196604.00024414065#196604.00024414065#128_198588.00024414065#198588.00024414065#128
200000.0 210000.0 6947.015724609286 440.02900000000955 126.86277374828947 614.5329999999958 256.2710000000079 2136.0 2121.0 12510.0 12510.0 6318.0 25.0 9739700.0 9739700.0 8000.0 128.0 200599.0#200599.0#8000_202643.0#202643.0#8000_204635.0#204635.0#8000_206631.99975585935#206631.99975585935#8000_208638.0#208638.0#8000 200598.0#200598.0#128_202641.0#202641.0#128_204631.99975585935#204631.99975585935#128_206657.0#206657.0#128_208655.99975585935#208655.99975585935#128
210000.0 220000.0 6876.000037109305 438.6222000000154 216.3955996737892 807.2550000000047 249.11600000003818 1901.0 1886.0 12510.0 12510.0 6319.0 25.0 9680705.0 9680705.0 8000.0 128.0 210642.0#210642.0#8000_212643.0#212643.0#8000_214622.0#214622.0#8000_216629.0#216629.0#8000_218638.0#218638.0#8000 210655.99975585935#210655.99975585935#128_212655.99975585935#212655.99975585935#128_214657.0#214657.0#128_216655.0#216655.0#128_218655.99975585935#218655.99975585935#128
220000.0 230000.0 5620.402724609419 519.4201619466209 342.8944336674262 999.560999999987 106.1169433593459 1817.3391867318276 1802.1695933659137 12510.0 12510.0 6238.339186731828 26.0 9708216.07024078 9708216.07024078 8000.0 128.0 220631.99975585935#220631.99975585935#8000_222627.0#222627.0#8000_223341.0#223341.0#8000_224651.0#224651.0#8000_228583.99975585935#228583.99975585935#8000 220655.99975585935#220655.99975585935#128_222657.0#222657.0#128_223495.99975585935#223495.99975585935#128_224650.0#224650.0#128_228655.99975585935#228655.99975585935#128
230000.0 240000.0 6587.274728515564 453.5495506036995 114.0556363020459 657.3839999999909 263.05300000001444 2469.6608132681727 2451.830406634086 14192.0 14192.0 7558.660813268172 28.0 11876050.92975922 11876050.92975922 8000.0 128.0 230601.0#230601.0#8000_232612.00024414065#232612.00024414065#8000_232818.0#232818.0#8000_234635.0#234635.0#8000_236639.99975585935#236639.99975585935#8000_238645.0#238645.0#8000 230657.0#230657.0#128_232655.0#232655.0#128_232884.00024414065#232884.00024414065#128_234633.0#234633.0#128_236639.99975585935#236639.99975585935#128_238643.0#238643.0#128
240000.0 250000.0 6517.817511718749 485.35710000000256 114.28032441175367 712.7579999999725 378.5549999999639 1799.0 1784.0 12510.0 12510.0 6029.0 25.0 9814155.0 9814155.0 8000.0 128.0 240644.00024414062#240644.00024414062#8000_243042.0#243042.0#8000_244716.00024414062#244716.00024414062#8000_246642.0#246642.0#8000_248646.0#248646.0#8000 240642.0#240642.0#128_243041.0#243041.0#128_244714.0#244714.0#128_246641.0#246641.0#128_248645.0#248645.0#128
250000.0 260000.0 7187.611601562472 413.8679000000062 60.6944884930452 530.7239999999874 337.01500000001397 1894.0 1879.0 12510.0 12510.0 6390.0 25.0 9718392.0 9718392.0 8000.0 128.0 250631.0#250631.0#8000_252641.0#252641.0#8000_254647.99975585938#254647.99975585938#8000_256599.99975585938#256599.99975585938#8000_258594.0#258594.0#8000 250628.00024414062#250628.00024414062#128_252641.0#252641.0#128_254645.0#254645.0#128_256596.00024414062#256596.00024414062#128_258593.0#258593.0#128
260000.0 270000.0 6580.301109375025 478.90830000000426 142.5481835030196 778.0370000000112 306.48100000002887 1862.0 1847.0 12510.0 12510.0 6558.0 25.0 9976861.0 9976861.0 8000.0 128.0 260643.0#260643.0#8000_262647.0#262647.0#8000_264653.0#264653.0#8000_266657.0#266657.0#8000_268655.0#268655.0#8000 260639.99975585938#260639.99975585938#128_262647.0#262647.0#128_264647.9997558594#264647.9997558594#128_266655.0#266655.0#128_268666.0#268666.0#128
270000.0 280000.0 6766.048152343661 500.3667000000132 199.02576109196343 728.1290000000154 261.93800000002375 2348.0 2331.0 14192.0 14192.0 7607.0 29.0 11795703.0 11795703.0 8000.0 128.0 270637.0#270637.0#8000_272634.0#272634.0#8000_274636.0002441406#274636.0002441406#8000_276634.0#276634.0#8000_278628.0002441406#278628.0002441406#8000_278887.0#278887.0#8000 270655.9997558594#270655.9997558594#128_272655.9997558594#272655.9997558594#128_274657.0#274657.0#128_276658.0#276658.0#128_278657.0#278657.0#128_278979.0#278979.0#128
280000.0 290000.0 7245.345054687525 402.6044999999984 179.67725528429307 722.3939999999711 256.5200000000186 2066.0 2051.0 12510.0 12510.0 6421.0 25.0 9833329.0 9833329.0 8000.0 128.0 280651.0#280651.0#8000_282634.0#282634.0#8000_284635.0#284635.0#8000_286596.0002441406#286596.0002441406#8000_288593.0#288593.0#8000 280659.0#280659.0#128_282658.0#282658.0#128_284657.0#284657.0#128_286655.9997558594#286655.9997558594#128_288657.0#288657.0#128
290000.0 300000.0 6679.213999999862 463.21650000001534 218.70293679645343 790.3709999999846 253.8759999999893 1898.0 1883.0 12510.0 12510.0 6208.0 25.0 9876129.0 9876129.0 8000.0 128.0 290591.0#290591.0#8000_292639.9997558594#292639.9997558594#8000_294647.0#294647.0#8000_296634.0#296634.0#8000_298631.9997558594#298631.9997558594#8000 290658.0#290658.0#128_292659.0#292659.0#128_294655.9997558594#294655.9997558594#128_296657.0#296657.0#128_298657.0#298657.0#128
