ts te idle avg_span std_span max_span min_span c_bytes_all s_bytes_all avg_video_rate avg_audio_rate video_requests_sequence audio_requests_sequence
0 4000 4000.0 0.0 0.0 0.0 0.0 0.0 0.0 0.0 0.0 0 0
4000 8000 2789.8018828125205 605.0990585937398 557.3471389213959 999.2029999999795 210.9951171875 16194.687159351313 433774.67144139204    
8000 12000 176.07313476561103 764.7853730468778 394.2623696538219 999.6199999999953 84.906982421875 31920.842093843912 1196052.7071396685    
12000 16000 1830.4310625000508 542.3922343749873 488.99719513426874 999.8310000000056 15.117919921875 23474.63580300974 760948.6165769976    
16000 20000 47.30266015621601 988.174334960946 9.99250239875016 999.1670000000158 977.541259765625 25134.619729341408 945829.5170716355    
20000 24000 1585.86997265619 482.826005468762 491.49258991727606 997.5860000000102 19.019287109375 22279.359485322675 820314.0930537917    
24000 28000 17.624398437445052 796.475120312511 442.64899311768454 999.9420000000391 4.785888671875 26060.16977592983 979559.9118386562    
28000 32000 15.712789062410593 996.0718027343974 2.6801879037103977 999.3300000000745 993.8491113281343 25045.639094314043 937712.46046586    
32000 36000 1840.0891660157358 431.9821667968528 519.4664514829012 998.5729999999749 4.917900390573777 19092.600288235783 766739.6975346042    
36000 40000 7.6859999999869615 798.4628000000026 441.0412009271645 999.8859999999986 9.606933593691792 36455.48178399309 1407898.4072597874    
40000 44000 1481.8760292967781 629.5309926758055 465.54813495464686 996.1800000000512 14.076904296875 22602.77929578561 926046.6233963945    
44000 48000 94.96290429693181 976.259273925767 31.0324029834412 997.0690000000177 931.2629999999772 36335.185490872595 1421125.2942212124    
48000 52000 1177.3369042969425 705.6657739257644 467.5787982402983 996.3620000000228 16.173095703125 25049.703755622548 1023178.7538313973    
52000 56000 14.814093750086613 797.0371812499827 441.5192916736773 998.5659999999916 7.302001953125 35070.82422130735 1412399.5791779668    
56000 60000 683.9730253905873 829.0067436523532 193.58936408533597 996.689000000013 622.7050000000163 29723.477495247673 1155276.063326138    
60000 64000 44.98371484386735 791.0032570312266 320.29296429857175 999.4639999999781 269.29902343748836 27661.590324704623 1060498.2661955715    
64000 68000 80.74237304669805 783.8515253906604 314.9807437592697 998.3300000000745 292.5787382812705 33329.09767166722 1371680.9944228462    
68000 72000 105.51162109384313 778.8976757812313 300.00632615710384 999.9410000000498 359.95711132814176 27934.32648897231 1237196.1930571874    
72000 76000 23.87797265627887 795.2244054687442 279.8877209734849 998.9479999999749 436.8967324218829 27132.503261245434 1325831.423100591    
76000 80000 505.2862246093573 698.9427550781286 350.2323396511908 996.2600000000093 215.3720703125 25434.390682090652 1173303.083569325    
80000 84000 17.093957031378523 796.5812085937243 343.89081989491257 999.5599999999977 204.1411132811918 29276.92815938355 1342341.774503144    
84000 88000 24.295814453216735 795.1408371093567 348.46940201570754 998.826999999932 192.331298828125 30054.520473372148 1391015.8445967757    
88000 92000 21.071304687531665 795.7857390624937 351.0719781597344 998.1120000000228 185.718994140625 26322.59738440458 1195855.934639862    
92000 96000 329.91600390616804 734.0167992187664 409.7879373271026 997.8709999999846 16.989990234375 27848.71509932144 1235880.1901013143    
96000 100000 161.4486894531874 767.7102621093625 427.8366634086235 997.3740000000107 12.883300781191792 28676.277057119918 1302311.0879025299    
100000 104000 13.10129101574421 797.3797417968511 444.2379481882135 999.6639999999315 2.760009765625 26568.62279632852 1256092.445695172    
104000 108000 64.8670351562323 983.7832412109419 20.10288129303636 999.5320000000065 956.823974609375 26169.826568813576 1249301.4261831373    
108000 112000 21.618054687569384 795.6763890624861 421.56565722740254 997.8599999999278 42.47602539061336 28460.029944083828 1364130.9562543295    
112000 116000 1306.0798749999958 538.7840250000008 486.58942407401906 998.7050000000163 15.946044921875 21415.16908226096 892472.5327407521    
116000 120000 22.25196679693181 795.5496066406137 443.35596031943544 999.8649999999907 2.580078125 29826.747365180032 1418632.353627432    
120000 124000 12.18907812499674 996.9527304687508 2.373957630667587 998.8869999999879 993.8510000000242 28616.652168873632 1297457.097074528    
124000 128000 18.850882812519558 995.2872792968701 6.009661223862519 999.9280000000144 986.4951171875 30514.509230706884 1407616.2675840629    
128000 132000 22.856037109391764 795.4287925781216 440.00479147009673 998.8829999999725 8.50588281248929 28173.818921124544 1363789.9547354265    
132000 136000 113.23599999997532 777.3528000000049 423.6671684844145 998.8730000000796 21.814919921860565 28164.99465903434 1289756.3042519297    
136000 140000 87.08097070315853 782.5838058593683 405.00197878174595 998.7079999999842 66.34291992185172 29252.71671978085 1312994.0374315442    
140000 144000 33.4212207031087 793.3157558593782 371.0563966252684 999.4870000000228 141.73889062501257 28926.89274510644 1303718.304950931    
144000 148000 16.258859375026077 796.7482281249947 360.3743189008276 999.3239999999641 166.19911132811103 29282.74673687776 1362782.6071379154    
148000 152000 28.247708984359633 794.350458203128 356.17700970810654 998.9370000000345 173.57997070311103 26683.551683172107 1237696.9164364424    
152000 156000 31.744320312456694 793.6511359375087 350.35262661926487 998.5769999999902 188.04667968751164 30194.769304197074 1326183.6074717478    
156000 160000 794.466882812616 801.383279296846 394.59273369847466 999.6599999999744 209.4951171875 26636.078339909454 1232919.5729458008    
160000 164000 1365.996091796842 658.5009770507895 438.8948397154086 999.185999999987 14.426025390625 21404.83591578768 950116.6418160002    
164000 168000 14.917087890615221 797.0165824218769 439.5231320004335 999.8169999999809 10.8359375 32220.010446901106 1448200.286324547    
168000 172000 20.171050781325903 994.9572373046685 4.156096014785117 998.0389999999898 989.0740624999744 31314.33065138315 1434914.690946334    
172000 176000 30.90878125006566 793.8182437499869 443.6271440459695 997.8759999999893 0.3391132812248543 27357.52544023896 1273362.0156245444    
176000 180000 802.858105468913 639.4283789062174 496.0210343613094 999.7629999999772 18.627894531178754 24083.219205779653 1121367.792342774    
180000 184000 1002.6309199219104 749.3422700195224 496.0602325540835 999.8960000000079 5.257080078125 26232.8875827742 1111275.7628203812    
184000 188000 38.624080078094266 990.3439799804764 14.207986654099638 999.7530000000261 969.2640000000247 29331.1124172258 1365089.2371796188    
188000 192000 1199.5466816406697 700.1133295898326 465.5624694107984 997.99099999998 17.851318359375 22978.12964048193 1012258.5223326153    
192000 196000 51.21203906252049 987.1969902343699 8.28277684476786 996.8310000000056 977.2946816406329 25499.582931203673 1044957.9980582967    
196000 200000 1004.6472792968852 599.0705441406229 529.3065088770787 999.1049999999814 6.43672070314642 23039.287428314397 901134.4796090878    
200000 204000 1320.9279999999562 893.0240000000146 180.1780382870991 998.9529999999795 684.984000000055 22589.0 918608.0    
204000 208000 992.3720800781157 751.9069799804711 493.693812829355 999.609999999986 11.367919921875 23326.617499731692 1000119.9430572366    
208000 212000 45.55296875012573 988.6117578124686 9.185356700904611 996.7299999999814 980.3710800780682 22997.80008225119 981494.4118298475    
212000 216000 18.27663671877235 796.3446726562455 435.08445085929526 999.4810000000289 18.424048828077503 27582.724856934317 1111261.1741743993    
216000 220000 33.376390625024214 793.3247218749951 428.32779604796735 999.4290000000037 27.92268554691691 30051.344675220404 1291352.8923011927    
220000 224000 46.80989453115035 790.6380210937699 417.2055529471965 998.9860000000335 46.90807617187966 26911.0027486378 1245453.2971880506    
224000 228000 20.8609453124227 795.8278109375154 402.6583336162584 999.9270000000251 79.13897070311941 30893.63528153458 1420793.2326751763    
228000 232000 27.499164062552154 794.5001671874895 396.37714020463557 999.8279999999795 90.28391601564363 26077.714820899168 1140469.5841464952    
232000 236000 16.91699609369971 796.6166007812601 390.5256116322253 999.8020000000251 103.61808007815853 29770.825144787203 1427223.3049329803    
236000 240000 608.4119238280691 678.3176152343862 440.8204473535505 998.8220000000438 112.49607617186848 26012.33489000364 1177680.1596946213    
240000 244000 997.1509257812286 750.7122685546929 493.4934164754874 999.4370000000345 10.47607421875 25905.26699515882 1057178.5643187158    
244000 248000 452.52707421872765 886.8682314453181 209.7846809180064 997.9420000000391 572.4309999999823 25197.73300484118 1051473.4356812844    
248000 252000 997.6998867186485 750.5750283203379 492.87448336953713 998.7530000000261 11.26611328125 24722.60916097397 1032623.7977457882    
252000 256000 1968.2771386718377 507.93071533204056 556.3248027522967 999.6330000000307 18.823974609375 13536.249536622074 595884.6039130776    
256000 260000 882.1450917968759 623.5709816406248 510.96814954500735 999.670999999973 13.1298828125 29383.783164946264 1049427.075030172    
260000 264000 1951.9975976562127 512.0006005859468 555.0530043373838 999.0169999999925 12.71728515625 19133.225903277984 750886.1209150985    
264000 268000 16.635226562502794 796.6729546874994 442.7007697088362 998.4790000000503 4.81005859375 36640.63581443006 1405178.324405016    
268000 272000 613.5230585936224 846.6192353515944 290.6542245976427 997.8120000000345 410.79200000001583 26811.496419749645 1150184.0779908476    
272000 276000 1056.3860000000568 981.2046666666478 25.398420705496747 999.1829999999609 952.1489999999758 24986.0 1035134.0    
276000 280000 2907.8910234374925 364.0363255208358 551.1300345512508 999.344000000041 14.2509765625 9880.363654336352 355835.96406568715    
280000 284000 26.355968750081956 794.7288062499836 442.8056063178727 997.2389999999432 2.7080078125 34754.28819457977 1437041.2294808184    
284000 288000 49.11100195313338 987.7222495117167 7.707749175327806 995.5659999999916 977.3149999999441 30465.750436931998 1379165.082479488    
288000 292000 25.05708984390367 794.9885820312193 438.6588717202797 997.1509999999544 10.435994140570983 20050.421391341144 831176.2780119248    
292000 296000 51.98383007803932 789.6032339843921 430.6079845691059 999.4980000000214 20.37808398436755 19800.68522642322 803442.8569782407    
296000 300000 976.8410859375726 755.7897285156068 466.4965449384522 995.6790000000037 56.142914062482305 13670.491096387512 533204.5889838408    
300000 304000 4000.0 0.0 0.0 0.0 0.0 0.0 0.0 0.0 0.0 0 0
