ts te idle avg_span std_span max_span min_span c_bytes_all s_bytes_all avg_video_rate avg_audio_rate video_requests_sequence audio_requests_sequence
0 3000 3000.0 0.0 0.0 0.0 0.0 0.0 0.0 0.0 0.0 - -
3000 6000 3000.0 0.0 0.0 0.0 0.0 0.0 0.0 0.0 0.0 - -
6000 9000 1637.109044921879 454.2969850260403 473.94064850158645 999.1719999999987 137.66499999999724 13003.140951508725 1591689.7909676628 4400.0 128.0 7096.0#7096.0#4400_7099.0#7099.0#4400_8773.0#8773.0#4400 7091.0#7091.0#128_7094.0#7094.0#128
9000 12000 101.9830058593725 724.5042485351569 358.57921399970695 999.091000000004 205.39794921875 27333.92869116478 6974928.257184489 4400.0 128.0 8773.0#8773.0#4400_9391.0#9391.0#4400_9722.0#9722.0#4400_10186.0#10186.0#4400_10627.0#10627.0#4400_11060.0#11060.0#4400_11599.0#11599.0#4400_11926.0#11926.0#4400 9415.0#9415.0#128_9636.0#9636.0#128_9746.0#9746.0#128_10215.0#10215.0#128_10641.0#10641.0#128_11219.0#11219.0#128_11642.0#11642.0#128_11980.0#11980.0#128
12000 15000 1672.8476914062485 442.38410286458384 329.73961476842123 766.4892578125 107.28500000000349 10486.86189536945 3045283.075693021 6800.0 128.0 11926.0#11926.0#4400_14236.0#14236.0#8000_14240.0#14240.0#8000 11980.0#11980.0#128_14233.0#14233.0#128
15000 18000 2006.4872578124996 331.1709140625001 140.86802511822887 475.6800000000003 194.25074218749796 14042.068461957047 4379612.876154827 8000.0 128.0 15734.0#15734.0#8000_17244.0#17244.0#8000 15731.0#15731.0#128_17243.0#17243.0#128
18000 21000 2572.3510000000024 427.6489999999976  427.6489999999976 427.6489999999976 6737.0 2064677.0 8000.0 128.0 19182.0#19182.0#8000 19180.0#19180.0#128
21000 24000 2187.3200000000143 406.33999999999287 0.3691097397825471 406.6009999999951 406.07899999999063 13235.0 3999752.0 8000.0 128.0 21158.0#21158.0#8000_23173.0#23173.0#8000 21157.0#21157.0#128_23170.0#23170.0#128
24000 27000 2620.5840000000026 379.41599999999744  379.41599999999744 379.41599999999744 6705.0 1993474.0 8000.0 128.0 25185.0#25185.0#8000 25183.0#25183.0#128
27000 30000 2182.965000000004 408.5174999999981 2.9648987335198447 410.6140000000014 406.4209999999948 13534.0 4037242.0 8000.0 128.0 27200.0#27200.0#8000_29170.0#29170.0#8000 27194.0#27194.0#128_29168.0#29168.0#128
30000 33000 2604.9029999999984 395.0970000000016  395.0970000000016 395.0970000000016 6674.0 1979755.0 8000.0 128.0 31186.0#31186.0#8000 31184.0#31184.0#128
33000 36000 1716.2858964843763 641.8570517578119 400.4332291689808 925.006103515625 358.7079999999987 19561.70713593055 5794586.875803518 8000.0 128.0 33186.0#33186.0#8000_35142.0#35142.0#8000_35232.0#35232.0#8000 33184.0#33184.0#128_35141.0#35141.0#128_35230.0#35230.0#128
36000 39000 2377.042103515625 311.47894824218747 413.29408730520305 603.7220000000016 19.23589648437337 7542.292864069451 2171259.1241964824 8000.0 128.0 35232.0#35232.0#8000_37182.0#37182.0#8000 37179.0#37179.0#128
39000 42000 1728.9150000000081 635.5424999999959 19.58049387783076 649.3879999999917 621.6970000000001 14503.0 4079715.0 8000.0 128.0 39181.0#39181.0#8000_41193.0#41193.0#8000 39181.0#39181.0#128_41189.0#41189.0#128
42000 45000 2443.7390000000014 556.2609999999986  556.2609999999986 556.2609999999986 6584.0 1842235.0 8000.0 128.0 43170.0#43170.0#8000 43168.0#43168.0#128
45000 48000 2030.7160000000003 484.6419999999998 91.47981849565788 549.3279999999941 419.9560000000056 14464.0 4157136.0 8000.0 128.0 45183.0#45183.0#8000_47178.0#47178.0#8000 45181.0#45181.0#128_47177.0#47177.0#128
48000 51000 2896.0339999999997 103.96600000000035  103.96600000000035 103.96600000000035 145.0 2342.0 0.0 0.0 - -
51000 54000 1999.3110000000015 500.34449999999924 107.47103835220564 576.3380000000034 424.3509999999951 19922.0 5853820.0 8000.0 128.0 51179.0#51179.0#8000_51236.0#51236.0#8000_53184.0#53184.0#8000 51176.0#51176.0#128_51233.0#51233.0#128_53182.0#53182.0#128
54000 57000 2619.948000000004 380.05199999999604  380.05199999999604 380.05199999999604 7026.0 2081450.0 8000.0 128.0 55179.0#55179.0#8000 55174.0#55174.0#128
57000 60000 2130.9939999999915 434.50300000000425 52.79542071051543 471.8350000000064 397.1710000000021 13828.0 3962135.0 8000.0 128.0 57179.0#57179.0#8000_59158.0#59158.0#8000 57175.0#57175.0#128_59155.0#59155.0#128
60000 63000 2476.2639999999956 523.7360000000044  523.7360000000044 523.7360000000044 7078.0 2015918.0 8000.0 128.0 61183.0#61183.0#8000 61181.0#61181.0#128
63000 66000 2113.3859999999986 443.3070000000007 68.31924298467312 491.61599999999453 394.99800000000687 13711.0 4002691.0 8000.0 128.0 63178.0#63178.0#8000_65126.0#65126.0#8000 63172.0#63172.0#128_65121.0#65121.0#128
66000 69000 2316.421000000002 683.5789999999979  683.5789999999979 683.5789999999979 7009.0 1975518.0 8000.0 128.0 67127.0#67127.0#8000 67125.0#67125.0#128
69000 72000 2096.0739999999932 451.9630000000034 37.82738436636526 478.71100000001024 425.2149999999965 13799.0 4039238.0 8000.0 128.0 69170.0#69170.0#8000_71176.0#71176.0#8000 69167.0#69167.0#128_71174.0#71174.0#128
72000 75000 2557.152999999991 442.84700000000885  442.84700000000885 442.84700000000885 6959.0 2039864.0 8000.0 128.0 73167.0#73167.0#8000 73165.0#73165.0#128
75000 78000 2096.383999999991 451.80800000000454 25.916877744050655 470.13400000000547 433.4820000000036 13504.0 3911836.0 8000.0 128.0 75171.0#75171.0#8000_77172.0#77172.0#8000 75169.0#75169.0#128_77171.0#77171.0#128
78000 81000 2468.876000000004 531.1239999999962  531.1239999999962 531.1239999999962 6959.0 1994509.0 8000.0 128.0 79160.0#79160.0#8000 79158.0#79158.0#128
81000 84000 2139.571999999971 430.2140000000145 14.741762174186116 440.63800000002084 419.79000000000815 13702.0 3993819.0 8000.0 128.0 81190.0#81190.0#8000_83168.0#83168.0#8000 81188.0#81188.0#128_83163.0#83163.0#128
84000 87000 2077.0999999999913 922.9000000000087  922.9000000000087 922.9000000000087 13960.0 4067936.0 8000.0 128.0 85166.0#85166.0#8000_85235.0#85235.0#8000 85165.0#85165.0#128_85233.0#85233.0#128
87000 90000 2059.2620000000024 470.3689999999988 55.88547734429735 509.8859999999986 430.85199999999895 13747.0 3974254.0 8000.0 128.0 87162.0#87162.0#8000_89183.0#89183.0#8000 87161.0#87161.0#128_89180.0#89180.0#128
90000 93000 2529.964999999982 470.03500000001804  470.03500000001804 470.03500000001804 6672.0 1918639.0 8000.0 128.0 91172.0#91172.0#8000 91171.0#91171.0#128
93000 96000 2331.1870000000054 334.4064999999973 315.40851528213994 557.4339999999793 111.37900000001537 7274.0 2074057.0 8000.0 128.0 93130.0#93130.0#8000 93128.0#93128.0#128
96000 99000 2289.823000000004 710.176999999996  710.176999999996 710.176999999996 13574.0 4003758.0 8000.0 128.0 97179.0#97179.0#8000_97234.0#97234.0#8000 97175.0#97175.0#128_97232.0#97232.0#128
99000 102000 1318.39507226563 840.802463867185 117.23613190087607 923.700927734375 757.903999999995 14222.8381540892 3918514.8113158573 8000.0 128.0 99185.0#99185.0#8000_101162.0#101162.0#8000 99184.0#99184.0#128_101732.0#101732.0#128
102000 105000 2317.977927734377 341.01103613281157 409.09940558309034 630.2880000000005 51.73407226562267 7431.161845910799 2078342.1886841427 8000.0 128.0 101162.0#101162.0#8000_103180.0#103180.0#8000 101732.0#101732.0#128_103179.0#103179.0#128
105000 108000 1470.4470000000001 764.7764999999999 31.766772144807707 787.2390000000014 742.3139999999985 14219.0 3974533.0 8000.0 128.0 105172.0#105172.0#8000_106733.0#106733.0#8000 105170.0#105170.0#128_106731.0#106731.0#128
108000 111000 1178.5980820312398 910.7009589843801 2.4890738746370356 912.4610000000102 908.94091796875 13683.698347691969 3797723.4075237173 8000.0 128.0 109171.0#109171.0#8000_109945.0#109945.0#8000 109170.0#109170.0#128_109959.0#109959.0#128
111000 114000 1636.766953125014 340.8082617187465 401.8115341787579 929.7179999999935 74.7630820312479 11788.345715395722 3383387.6074334984 8000.0 128.0 112243.0#112243.0#8000_113736.0#113736.0#8000 112240.0#112240.0#128_113734.0#113734.0#128
114000 117000 1655.1469648437633 448.2843450520789 479.8175236054124 999.926999999996 127.82399999999325 10059.955936912309 2868414.9850427844 8000.0 128.0 113736.0#113736.0#8000_115732.0#115732.0#8000 115730.0#115730.0#128
117000 120000 2333.783999999985 333.10800000000745 319.86965196467236 559.2900000000081 106.92600000000675 7234.0 2031321.0 8000.0 128.0 119181.0#119181.0#8000 119180.0#119180.0#128
120000 123000 2396.0540000000037 603.9459999999963  603.9459999999963 603.9459999999963 13216.0 3966435.0 8000.0 128.0 121194.0#121194.0#8000_121238.0#121238.0#8000 121188.0#121188.0#128_121236.0#121236.0#128
123000 126000 2435.110000000015 282.44499999999243 241.8602176505997 453.4659999999858 111.42399999999907 7264.0 2048291.0 8000.0 128.0 125177.0#125177.0#8000 125176.0#125176.0#128
126000 129000 2638.6689999999944 361.3310000000056  361.3310000000056 361.3310000000056 6688.0 1925761.0 8000.0 128.0 127137.0#127137.0#8000 127136.0#127136.0#128
129000 132000 2024.4500000000407 487.7749999999796 33.11946741722819 511.1939999999886 464.35599999997066 13740.0 4001924.0 8000.0 128.0 129178.0#129178.0#8000_131167.0#131167.0#8000 129178.0#129178.0#128_131166.0#131166.0#128
132000 135000 2077.8399999999965 922.1600000000035  922.1600000000035 922.1600000000035 13688.0 3981241.0 8000.0 128.0 133160.0#133160.0#8000_133534.0#133534.0#8000 133231.0#133231.0#128_133619.0#133619.0#128
135000 138000 2188.578999999998 405.71050000000105 9.560790788408328 412.47099999999045 398.95000000001164 13795.0 4060895.0 8000.0 128.0 135172.0#135172.0#8000_137171.0#137171.0#8000 135171.0#135171.0#128_137168.0#137168.0#128
138000 141000 2438.1790000000037 561.8209999999963  561.8209999999963 561.8209999999963 6830.0 1908068.0 8000.0 128.0 139168.0#139168.0#8000 139166.0#139166.0#128
141000 144000 2181.9030000000203 409.0484999999899 5.6702892783350896 413.05799999999 405.03899999998976 13687.0 3999987.0 8000.0 128.0 141179.0#141179.0#8000_143168.0#143168.0#8000 141178.0#141178.0#128_143166.0#143166.0#128
144000 147000 2365.935999999987 634.064000000013  634.064000000013 634.064000000013 7283.0 2041762.0 8000.0 128.0 145178.0#145178.0#8000 145175.0#145175.0#128
147000 150000 1593.2709999999788 703.3645000000106 47.10533244230308 736.6730000000098 670.0560000000114 14273.0 3927814.0 8000.0 128.0 147175.0#147175.0#8000_149169.0#149169.0#8000 147173.0#147173.0#128_149167.0#149167.0#128
150000 153000 2070.9370000000054 929.0629999999946  929.0629999999946 929.0629999999946 13963.0 4073836.0 8000.0 128.0 151166.0#151166.0#8000_151236.0#151236.0#8000 151164.0#151164.0#128_151231.0#151231.0#128
153000 156000 2232.286999999982 383.85650000000896 400.36598082817284 666.9580000000133 100.75500000000466 7388.0 2012900.0 8000.0 128.0 155176.0#155176.0#8000 155174.0#155174.0#128
156000 159000 2316.2660000000033 683.7339999999967  683.7339999999967 683.7339999999967 7251.0 2065048.0 8000.0 128.0 157127.0#157127.0#8000 157124.0#157124.0#128
159000 162000 2195.033999999898 402.4830000000511 24.810962738286257 420.02700000006007 384.93900000004214 13342.0 3917376.0 8000.0 128.0 159186.0#159186.0#8000_161175.0#161175.0#8000 159183.0#159183.0#128_161173.0#161173.0#128
162000 165000 2520.728000000003 479.2719999999972  479.2719999999972 479.2719999999972 7071.0 2033133.0 8000.0 128.0 163164.0#163164.0#8000 163162.0#163162.0#128
165000 168000 1629.9679999999935 685.0160000000033 282.813013989798 884.9949999999953 485.0370000000112 20622.0 6041772.0 8000.0 128.0 165182.0#165182.0#8000_167187.0#167187.0#8000_167239.0#167239.0#8000 165178.0#165178.0#128_167186.0#167186.0#128_167235.0#167235.0#128
168000 171000 2158.60699999996 841.39300000004  841.39300000004 841.39300000004 7352.0 1995096.0 8000.0 128.0 169179.0#169179.0#8000 169176.0#169176.0#128
171000 174000 1719.6109999999462 640.1945000000269 62.056398223691026 684.0750000000116 596.3140000000421 13812.0 3867173.0 8000.0 128.0 171181.0#171181.0#8000_173170.0#173170.0#8000 171177.0#171177.0#128_173166.0#173166.0#128
174000 177000 2318.011999999988 681.9880000000121  681.9880000000121 681.9880000000121 6991.0 1936491.0 8000.0 128.0 175178.0#175178.0#8000 175176.0#175176.0#128
177000 180000 1797.1949999999779 601.4025000000111 43.63343814669525 632.256000000023 570.5489999999991 14559.0 4179611.0 8000.0 128.0 177185.0#177185.0#8000_179166.0#179166.0#8000 177180.0#177180.0#128_179163.0#179163.0#128
180000 183000 2908.6909999999916 91.30900000000838  91.30900000000838 91.30900000000838 145.0 2393.0 0.0 0.0 - -
183000 186000 99.9730800780817 966.6756399739728 55.37329898912765 999.4529999999795 902.7429199219332 20353.249297027192 5874204.196400677 8000.0 128.0 183124.0#183124.0#8000_183564.0#183564.0#8000_185747.0#185747.0#8000 183122.0#183122.0#128_183577.0#183577.0#128_185739.0#185739.0#128
186000 189000 2516.0219199218554 241.98904003907228 253.56984932331196 421.29000000003725 62.688080078107305 8059.750702972806 2422616.803599323 8000.0 128.0 185747.0#185747.0#8000_187150.0#187150.0#8000 187233.0#187233.0#128
189000 192000 2184.1260000000184 407.9369999999908 16.345480353914652 419.49499999999534 396.37899999998626 12854.0 3664162.0 8000.0 128.0 189179.0#189179.0#8000_191147.0#191147.0#8000 189177.0#189177.0#128_191146.0#191146.0#128
192000 195000 2346.0469999999914 653.9530000000086  653.9530000000086 653.9530000000086 7027.0 2000088.0 8000.0 128.0 193190.0#193190.0#8000 193185.0#193185.0#128
195000 198000 1768.0109999999404 615.9945000000298 14.698628660573824 626.3880000000645 605.6009999999951 14233.0 3980526.0 8000.0 128.0 195161.0#195161.0#8000_197164.0#197164.0#8000 195159.0#195159.0#128_197160.0#197160.0#128
198000 201000 2364.7909999999974 635.2090000000026  635.2090000000026 635.2090000000026 7071.0 1968888.0 8000.0 128.0 199203.0#199203.0#8000 199200.0#199200.0#128
201000 204000 1825.125000000029 587.4374999999854 32.7015673095364 610.560999999987 564.3139999999839 14483.0 4066723.0 8000.0 128.0 201166.0#201166.0#8000_203181.0#203181.0#8000 201164.0#201164.0#128_203179.0#203179.0#128
204000 207000 2249.57699999999 750.4230000000098  750.4230000000098 750.4230000000098 13829.0 3982918.0 8000.0 128.0 205178.0#205178.0#8000_205231.0#205231.0#8000 205176.0#205176.0#128_205230.0#205230.0#128
207000 210000 1866.5800000000163 566.7099999999919 51.09695022209374 602.8409999999858 530.5789999999979 14301.0 4092098.0 8000.0 128.0 207159.0#207159.0#8000_209156.0#209156.0#8000 207157.0#207157.0#128_209152.0#209152.0#128
210000 213000 2430.8090000000084 569.1909999999916  569.1909999999916 569.1909999999916 6580.0 1876573.0 8000.0 128.0 211163.0#211163.0#8000 211162.0#211162.0#128
213000 216000 2375.7570000000414 312.1214999999793 351.55015708214233 560.7049999999581 63.538000000000466 7256.0 2003416.0 8000.0 128.0 213125.0#213125.0#8000 213124.0#213124.0#128
216000 219000 2603.4490000000224 396.55099999997765  396.55099999997765 396.55099999997765 6970.0 2043434.0 8000.0 128.0 217168.0#217168.0#8000 217165.0#217165.0#128
219000 222000 1745.4070000000356 627.2964999999822 101.01091079927603 698.7219999999797 555.8709999999846 14253.0 4048845.0 8000.0 128.0 219151.0#219151.0#8000_221153.0#221153.0#8000 219232.0#219232.0#128_221230.0#221230.0#128
222000 225000 2565.421000000002 434.5789999999979  434.5789999999979 434.5789999999979 6520.0 1883989.0 8000.0 128.0 223154.0#223154.0#8000 223239.0#223239.0#128
225000 228000 2154.7850000000035 422.60749999999825 31.083706994181252 444.58699999999953 400.627999999997 13890.0 4071344.0 8000.0 128.0 225161.0#225161.0#8000_227173.0#227173.0#8000 225231.0#225231.0#128_227230.0#227230.0#128
228000 231000 2507.402000000002 492.59799999999814  492.59799999999814 492.59799999999814 7097.0 2032319.0 8000.0 128.0 229160.0#229160.0#8000 229232.0#229232.0#128
231000 234000 1572.5959999999905 713.7020000000048 65.01705431658463 759.6760000000359 667.7279999999737 20532.0 6004952.0 8000.0 128.0 231161.0#231161.0#8000_231365.0#231365.0#8000_233184.0#233184.0#8000 231233.0#231233.0#128_231535.0#231535.0#128_233181.0#233181.0#128
234000 237000 2558.002999999997 441.997000000003  441.997000000003 441.997000000003 6833.0 1983186.0 8000.0 128.0 235165.0#235165.0#8000 235164.0#235164.0#128
237000 240000 1731.9689999999828 634.0155000000086 315.8242940694903 857.3369999999995 410.6940000000177 14446.0 4092309.0 8000.0 128.0 237162.0#237162.0#8000_239180.0#239180.0#8000 237157.0#237157.0#128_239178.0#239178.0#128
240000 243000 2406.375 593.625  593.625 593.625 6829.0 1955258.0 8000.0 128.0 241178.0#241178.0#8000 241175.0#241175.0#128
243000 246000 1948.1959999999963 525.9020000000019 73.31848792764637 577.7459999999846 474.0580000000191 13611.0 3887414.0 8000.0 128.0 243166.0#243166.0#8000_245128.0#245128.0#8000 243163.0#243163.0#128_245125.0#245125.0#128
246000 249000 2337.3119999999763 662.6880000000237  662.6880000000237 662.6880000000237 7148.0 2018447.0 8000.0 128.0 247192.0#247192.0#8000 247185.0#247185.0#128
249000 252000 1407.0479999999516 796.4760000000242 118.05006290551395 879.9500000000116 713.0020000000368 14475.0 4023147.0 8000.0 128.0 249167.0#249167.0#8000_251184.0#251184.0#8000 249165.0#249165.0#128_251183.0#251183.0#128
252000 255000 2342.878000000026 657.1219999999739  657.1219999999739 657.1219999999739 13526.0 4025437.0 8000.0 128.0 253173.0#253173.0#8000_253232.0#253232.0#8000 253170.0#253170.0#128_253230.0#253230.0#128
255000 258000 1871.7679999999236 564.1160000000382 12.47194940659335 572.9350000000559 555.2970000000205 13843.0 3920555.0 8000.0 128.0 255170.0#255170.0#8000_257179.0#257179.0#8000 255168.0#255168.0#128_257178.0#257178.0#128
258000 261000 2356.7810000000172 643.2189999999828  643.2189999999828 643.2189999999828 7249.0 2115338.0 8000.0 128.0 259178.0#259178.0#8000 259177.0#259177.0#128
261000 264000 2406.8099999999977 296.59500000000116 273.99114978773866 490.33600000001024 102.85399999999208 6889.0 1961763.0 8000.0 128.0 262733.0#262733.0#8000 262731.0#262731.0#128
264000 267000 1278.1159726562328 860.9420136718836 135.71357096463282 956.9060000000172 764.97802734375 12705.139746977646 3601803.6096387887 8000.0 128.0 264244.0#264244.0#8000_266235.0#266235.0#8000 264236.0#264236.0#128_266234.0#266234.0#128
267000 270000 1046.2017089843866 651.2660970052044 412.3769235090545 924.851318359375 176.95597265625838 12301.055305152782 3456599.715677184 8000.0 128.0 267738.0#267738.0#8000_269737.0#269737.0#8000 267731.0#267731.0#128_269735.0#269735.0#128
270000 273000 1394.7113183593028 535.0962272135657 462.42819730565503 999.9280000000726 75.10968164063524 10088.804947869572 2970788.674684027 8000.0 128.0 269737.0#269737.0#8000_271123.0#271123.0#8000 271116.0#271116.0#128
273000 276000 1976.5950000000303 511.70249999998487 342.62222686292967 753.9729999999981 269.4319999999716 7108.0 1944949.0 8000.0 128.0 273165.0#273165.0#8000 273159.0#273159.0#128
276000 279000 2093.466000000015 906.5339999999851  906.5339999999851 906.5339999999851 6955.0 2012843.0 8000.0 128.0 276235.0#276235.0#8000 276233.0#276233.0#128
279000 282000 1636.871999999974 681.564000000013 154.91578204949596 791.1060000000289 572.0219999999972 21206.0 6152360.0 8000.0 128.0 279126.0#279126.0#8000_281164.0#281164.0#8000_281231.0#281231.0#8000 279125.0#279125.0#128_281163.0#281163.0#128_281559.0#281559.0#128
282000 285000 2935.5719999999274 64.42800000007264  64.42800000007264 64.42800000007264 146.0 2340.0 0.0 0.0 - -
285000 288000 2105.9469999999856 447.0265000000072 556.8161845928115 840.7550000000047 53.29800000000978 13501.0 3872846.0 8000.0 128.0 285156.0#285156.0#8000_285426.0#285426.0#8000 285232.0#285232.0#128_285516.0#285516.0#128
288000 291000 2634.713999999978 365.2860000000219  365.2860000000219 365.2860000000219 6968.0 2057304.0 8000.0 128.0 289153.0#289153.0#8000 289230.0#289230.0#128
291000 294000 1385.265000000014 807.367499999993 256.1077121847309 988.4629999999888 626.2719999999972 20257.0 5891553.0 8000.0 128.0 291158.0#291158.0#8000_291370.0#291370.0#8000_293171.0#293171.0#8000 291229.0#291229.0#128_291844.0#291844.0#128_293230.0#293230.0#128
294000 297000 2497.808000000019 502.1919999999809  502.1919999999809 502.1919999999809 7064.0 2016730.0 8000.0 128.0 295159.0#295159.0#8000 295229.0#295229.0#128
297000 300000 1542.74099999998 728.62950000001 215.66544694157616 881.1280000000261 576.130999999994 20788.0 6001890.0 8000.0 128.0 297181.0#297181.0#8000_299179.0#299179.0#8000_299615.0#299615.0#8000 297231.0#297231.0#128_299233.0#299233.0#128_299723.0#299723.0#128
