ts te idle avg_span std_span max_span min_span c_bytes_all s_bytes_all avg_video_rate avg_audio_rate video_requests_sequence audio_requests_sequence
0 9000 7877.526042968733 561.2369785156334 433.8185259228275 867.9930000000168 254.48095703125 5786.997068226162 13247.823218045587    
9000 18000 113.03303906240035 888.69669609376 258.13369185681705 999.7150000000256 188.94091796875 35960.1874838289 1099531.8113129807    
18000 27000 235.10985156241804 876.4890148437582 297.3291424657592 999.1170000000275 46.26806640630821 30940.224021490438 897292.9934215758    
27000 36000 1427.1570429687854 946.6053696289018 86.03551991554694 999.3939999999711 742.7679999999818 24081.151862745486 609715.8598654727    
36000 45000 2130.5359746093163 763.2737805989649 336.04990921749754 998.4089999999851 56.59797656250885 22781.079303321254 605108.9450742499    
45000 54000 179.5171406249283 882.0482859375072 277.430460776923 996.4110000000801 116.40695117192809 25622.878353484877 681332.3476049798    
54000 63000 1429.0488632814959 841.2167929687226 310.7153891003642 998.7339999999967 48.55209179688245 23378.32716303595 656631.5570882956    
63000 72000 1164.0521054685814 783.5947894531419 377.9563177557722 994.8320000000531 47.012939453125 25111.551676605206 618607.3545310312    
72000 81000 5088.729939453246 782.2540121093509 189.14011566937342 947.0929999998771 456.62006054690573 31444.603067261727 1136482.3078833693    
81000 90000 2696.1466914063203 900.55047265624 129.36606623667927 999.7679999999818 697.1959999999963 48227.119486704694 1914970.5215074816    
90000 99000 1205.0222011717851 866.1086443142461 326.56806215565473 999.9760000000242 11.610691406240221 47526.537585596525 2035459.772670631    
99000 108000 523.3400683594518 847.6659931640548 302.18682048515586 999.3099999999977 187.63489257812034 45314.526278677346 1979153.8782896695    
108000 117000 1739.2427656250657 806.7508038194371 326.3747625542857 999.8950000000186 37.4052734375 43700.19884698483 1984407.5744326015    
117000 126000 1626.7690136717283 819.2478873698079 296.67854930762024 999.7800000000861 240.08399999991525 45305.35510527049 2002909.8652530564    
126000 135000 46.42997070332058 895.3570029296679 222.6844683851785 999.8549999999814 360.8212890625 55500.09782063886 2594235.179230425    
135000 144000 90.65240820334293 890.9347591796657 226.78062945335932 998.4309999999241 329.077880859375 58582.01733364802 2841995.3855722803    
144000 153000 45.85795703128679 895.4142042968713 229.06174427169225 999.3549999999814 313.721923828125 67192.09115940871 2919529.168343762    
153000 162000 48.46363867202308 895.1536361327977 234.73989516420247 999.6930000000284 289.71728515625 67952.22587314648 3159338.2230369565    
162000 171000 375.54516406258335 862.4454835937416 290.0609322770033 999.3800000000047 83.97412109369179 64827.50766586739 2841902.5139483497    
171000 180000 59.0241464843275 894.0975853515672 294.41574352664725 998.8649999999325 60.073974609375 62120.128522468534 2824217.200431177    
180000 189000 256.15568164060824 971.538257595488 42.53501770558753 999.6630000000005 884.1752929686918 64857.57351879442 2983552.4856796544    
189000 198000 90.68827929691179 890.9311720703088 278.6142706552027 999.9290000000037 114.53870703122811 63692.374503433166 3060050.7332008188    
198000 207000 50.05769921897445 894.9942300781025 258.9651571816751 999.7439999999478 180.86598632810637 61017.22888173004 2848168.302276391    
207000 216000 45.518251953064464 895.4481748046935 253.1395488693353 999.9399999999441 205.31268554693088 60027.312670245505 2772487.8722387305    
216000 225000 58.41016601561569 894.1589833984384 247.3810957234319 999.7560000000522 231.25893749995157 62881.96111625421 2964776.327053974    
225000 234000 53.633880859357305 894.6366119140642 239.12254325429046 999.9250000000466 266.5161035156343 69818.11593276297 3085965.8844864997    
234000 243000 43.01190624991432 895.6988093750085 234.1291368703219 999.9780000000028 294.116984375054 64865.672280713356 2816999.0702482625    
243000 252000 640.2407968748594 835.9759203125141 307.44447485036835 999.2530000000261 200.07089062500745 52958.03343368073 2318228.555662381    
252000 261000 395.33932617190294 860.4660673828097 292.13992227656087 999.8469999999506 84.885986328125 66494.59452384507 2917396.881768434    
261000 270000 123.1369453126099 887.686305468739 297.3955278331671 999.9089999999851 45.342041015625 62353.021474495596 2799439.428808392    
270000 279000 52.185763671877794 894.7814236328122 312.68748847721577 999.9340000000084 5.75927734375 64423.05875239487 3000847.5241930485    
279000 288000 270.4602011718089 969.9488665364656 52.50877836776632 999.7950000000419 860.278076171875 66407.74022672372 3121675.0776326032    
288000 297000 565.3189999999013 843.4681000000098 312.4634683558217 999.9300000000512 137.77492382808123 58571.18822149697 2731716.480880796    
297000 306000 5398.709076171741 900.3227309570648 191.83119839571697 998.4629999999888 612.5979238281725 26884.31878501749 1233308.0931536236    
