ts te idle avg_span std_span max_span min_span c_bytes_all s_bytes_all avg_video_rate avg_audio_rate video_requests_sequence audio_requests_sequence
0 3000 3000.0 0.0 0.0 0.0 0.0 0.0 0.0 0.0 0.0 0 0
3000 6000 2763.883056640625 236.116943359375  236.116943359375 236.116943359375 2193.667002108305 54227.06091041347    
6000 9000 8.928982421813998 747.7677543945465 359.67480536171377 997.50900000002 234.0849609375 33966.178836622494 2189442.699258045    
9000 12000 14.321072265622206 746.4197319335944 365.6176653356303 999.4899999999907 223.660888671875 39145.834847011414 2783993.3700342677    
12000 15000 20.602874999982305 744.8492812500044 371.95754125533415 998.8850000000093 209.864013671875 30237.719272055136 2537651.1005624793    
15000 18000 1161.7731152343913 612.7422949218695 384.64844256349085 879.3580000000075 171.7958984375 18440.858540510722 1500571.3475644079    
18000 21000 10.536992187495343 747.3657519531262 393.95956571062885 998.9780000000028 168.62890625 30981.902827895836 2526854.070065721    
21000 24000 116.47961914062034 720.8800952148449 387.97055538931073 999.9490000000224 148.519287109375 29103.068703220826 2554336.421772693    
24000 27000 13.122390625008848 746.7194023437478 410.75668964924773 999.74099999998 139.868896484375 27188.111746425377 2570461.4506022385    
27000 30000 100.27387890627142 724.9315302734321 398.55474932758517 998.6219999999739 133.468017578125 26739.176578931045 2534493.633524223    
30000 33000 14.375753906264435 746.4060615234339 415.0851377074738 995.6359999999986 130.645263671875 29190.504253766667 2792669.1983473864    
33000 36000 8.373300781240687 747.9066748046898 418.1998063786664 999.4839999999967 127.261962890625 27714.272481089785 2496365.2891122196    
36000 39000 15.434978515608236 746.1412553710979 422.16274782233313 998.9150000000373 119.333984375 29652.55880425755 2552278.1354551613    
39000 42000 11.586023437557742 747.1034941406106 425.4639290945514 999.4249999999884 114.3349609375 28916.592542737075 2703251.598608563    
42000 45000 6.229882812534925 748.4425292968663 429.0325618035947 999.3219999999856 109.955078125 28606.938175330943 2483931.9465471334    
45000 48000 11.396109374880325 747.1509726562799 433.2804450330888 999.9650000000838 101.91796875 29056.492042051843 2725391.3964806516    
48000 51000 8.379087890614755 747.9052280273463 437.7346171178245 999.9430000000284 95.327880859375 29566.479422519784 2683787.7918502865    
51000 54000 63.00281249999534 734.2492968750012 448.2467524008625 995.0719999999856 64.570068359375 23473.354475251454 2074980.7935307582    
54000 57000 33.24305078125326 741.6892373046867 462.45473999585715 998.3520000000135 49.218017578125 30233.997148363203 2451481.2619473846    
57000 60000 14.913097656215541 746.2717255859461 470.21773984114304 998.0450000000419 41.742919921875 27713.629511106592 2610905.658819237    
60000 63000 37.96492773463251 740.5087680663419 485.5730486119148 999.2409999998636 12.7919921875 30816.129656087836 2676850.119332896    
63000 66000 121.79000195313711 959.4033326822877 29.299356017943975 984.5730078124907 927.239990234375 28108.682017562594 2479879.754515359    
66000 69000 12.784958984469995 746.8037602538825 451.55613223174043 998.5939999999828 71.67800976557191 28879.82533845624 2614359.485899127    
69000 72000 6.222910156298894 748.4442724609253 449.4725012125775 999.9710000000196 76.60996874998091 27544.382901772915 2481593.446226805    
72000 75000 15.545042968704365 746.1137392578239 445.8914711420889 999.6200000000536 80.23887890623882 28414.041425685435 2663568.9440020593    
75000 78000 11.8251953125 747.043701171875 441.1348885987795 997.8570000000182 88.68292187497718 29301.300549428815 2592716.581558763    
78000 81000 10.544992187584285 747.3637519531039 436.88248178139816 997.3420000000042 95.55711718747625 32310.669628294047 2605282.6712132143    
81000 84000 3.4349160155979916 749.1412709961005 435.9162266505811 998.9870000000228 99.00010937498882 31387.75426140759 2632786.216865041    
84000 87000 13.49709570320556 746.6257260741986 433.6622342504933 998.1689999999944 99.9250253905775 29732.305003932037 2741674.145090822    
87000 90000 14.72290624998277 746.3192734375043 434.0172312128573 999.3090000000084 99.8271210937528 27464.419023126527 2519580.8955563856    
90000 93000 16.49497656256426 745.8762558593589 429.9896543510873 998.0389999999898 105.92302734375698 29808.1290433404 2633262.099294208    
93000 96000 11.816078125033528 747.0459804687416 426.3142148916078 999.783000000054 113.6610039062216 28097.148528194633 2476826.650330182    
96000 99000 14.498603515676223 746.375349121081 419.69437731796984 999.2540000000154 123.93008203117643 33539.23082614114 2846017.4130264195    
99000 102000 9.400402343831956 747.649899414042 415.40623399611025 999.9749999999767 132.63268554687966 29197.229363369348 2615364.1064719255    
102000 105000 12.063929687486961 746.9840175781283 411.55858817300975 999.439000000013 138.59608789061895 30019.213975817584 2551378.215567788    
105000 108000 7.216894531273283 748.1957763671817 406.7870970780535 999.8099999999977 147.86801757814828 29295.734019132557 2605619.9724663086    
108000 111000 71.26903124997625 732.1827421875059 391.2978109120229 998.9160000000265 153.26991210936103 30451.86318382114 2550952.1439260626    
111000 114000 32.53194726567017 741.8670131835825 408.61115774893136 998.6290000000154 140.62394335935824 27417.560737846703 2654598.7359780543    
114000 117000 13.735009765601717 746.5662475585996 396.5668289426172 999.99099999998 164.95489062502747 28500.008955986224 2524697.8216814827    
117000 120000 8.97804492188152 747.7554887695296 390.3421037061514 997.3099999999977 175.33990039065247 30045.610949902006 2717976.177932434    
120000 123000 21.571996093785856 744.6070009765535 389.8731286950813 999.9650000000256 175.872945312527 30998.101847023463 2497000.3790194597    
123000 126000 288.0377539062174 677.9905615234456 435.2521802930364 999.7069999999949 77.13894140627235 28003.006687549052 2416924.413886024    
126000 129000 86.46019140636781 728.384952148408 311.050267670638 994.8319999999367 357.7066953125177 29516.402368553525 2433296.906184885    
129000 132000 12.272816406330094 746.9317958984175 297.5822163209621 997.9939999999478 412.60388671880355 26062.719103477317 2512251.688575244    
132000 135000 116.4992304687039 720.875192382824 286.0589033232885 997.8680000000168 420.095703125 28458.322225003736 2566627.010786096    
135000 138000 15.230988281196915 746.1922529297008 291.3734974300699 998.515000000014 459.5249335937551 27784.153969163883 2532494.3676965507    
138000 141000 12.72000976552954 746.8199975586176 290.2731791429324 997.9270000000834 467.90192187501816 28795.895336709706 2639484.2013113033    
141000 144000 10.595962890656665 747.3510092773358 291.5305857053223 999.8740000000107 473.4039316406124 33188.86855549457 2668085.7189013613    
144000 147000 15.032814453181345 746.2417963867047 289.59092196299434 997.8319999999949 478.6118945311755 31798.627348032544 2569290.083807615    
147000 150000 16.7512851562351 745.8121787109412 289.9456396077219 998.0650000000023 486.16870898439083 33029.010600667396 2719484.307276599    
150000 153000 8.910902343748603 747.7722744140628 290.75808026030666 999.8020000000251 493.93899414059706 35145.61861094904 2613139.0651196274    
153000 156000 6.47116015618667 748.3822099609533 289.2937978695739 999.0210000000079 494.616943359375 32736.657968808202 2557634.3082428114    
156000 159000 7.672861328232102 748.081784667942 289.4276070316178 999.539999999979 492.1840820311918 32426.626404480845 2614983.0821199995    
159000 162000 609.866136718716 597.533465820321 269.2087184395085 998.7139999999781 437.2939453125 26733.847096365796 2077125.302427351    
162000 165000 29.174945312552154 742.706263671862 303.2779768017 999.8680000000168 409.625 32065.291189025033 2786641.555945094    
165000 168000 10.59209570317762 747.3519760742056 298.75017308087723 998.5359999999637 405.076904296875 28676.419679738643 2525885.823227348    
168000 171000 7.721896484436002 748.069525878891 300.57746331761496 999.8879999999772 399.9580078125 30514.403985188572 2669970.802413978    
171000 174000 17.23491015622858 745.6912724609429 302.93549823112653 999.2430000000168 390.35009765625 33681.50987597457 2578299.3628485324    
174000 177000 19.954150390811265 745.0114624022972 308.7299015328153 999.6729999999516 374.970947265625 31990.99506181853 2634071.803823007    
177000 180000 8.042896484432276 747.9892758788919 305.0167598982273 999.3069999999716 374.1020507811918 30565.15703320417 2636088.2588209086    
180000 183000 15.126943359326106 746.2182641601685 307.6455179499617 999.1469999999972 369.360107421875 29159.050018640566 2558700.4540543146    
183000 186000 8.226792968751397 747.9433017578122 308.47798452446887 999.4349999999977 365.747314453125 28681.492657650124 2566388.704041283    
186000 189000 9.449363281251863 747.637659179687 309.25003647199526 998.7059999999474 363.949951171875 32891.96851681569 2717745.20593851    
189000 192000 13.471960937487893 746.632009765628 311.7757104896693 998.5439999999944 357.239990234375 31324.95485159965 2586273.36236382    
192000 195000 69.57706835947465 732.6057329101313 306.8559947749096 999.841999999946 339.169921875 30002.48996332498 2703925.0667425795    
195000 198000 4.792808593832888 748.8017978515418 317.56718332256344 999.140999999945 336.76611328125 32525.300921007205 2715107.2697339235    
198000 201000 22.699193359469064 744.3252016601327 321.80526220331336 998.9479999999749 328.617919921875 30119.749244894894 2581676.083384689    
201000 204000 15.547646484337747 746.1130883789156 323.6246583207994 997.5629999999655 319.4052734375 31344.760955836085 2722708.052820832    
204000 207000 52.0471699219197 736.9882075195201 328.15523091289384 998.2859999999637 295.881103515625 27952.86397918276 2410095.6223054165    
207000 210000 13.243187500047497 746.6892031249881 335.1420252432395 999.9729999999981 289.638916015625 28132.51267076735 2571424.6461001555    
210000 213000 19.09095703123603 745.227260742191 338.0329880130413 999.9270000000251 280.282958984375 27871.847320228415 2535869.0173797333    
213000 216000 9.152705078013241 747.7118237304967 340.50419278207113 998.4350000000559 277.38525390625 30577.20437834229 2694745.932339853    
216000 219000 12.90226562495809 746.7744335937605 343.43344648022656 999.9100000000326 270.43798828125 30982.380695666616 2644802.184123247    
219000 222000 6.1160878906957805 748.470978027326 345.16021064870023 998.9899999999907 267.097900390625 29150.49379067119 2644010.6300055375    
222000 225000 11.82080078125 747.0447998046875 346.0317050872462 998.1300000000047 263.402099609375 31236.610827319717 2692247.889970285    
225000 228000 31.023027343675494 742.2442431640811 346.77541458087455 999.7229999999981 254.924072265625 28695.017689127882 2587604.796140963    
228000 231000 11.748990234336816 747.0627524414158 350.84797447347626 997.8710000000428 252.18408203125 30625.54181064817 2682070.9807319217    
231000 234000 5.438986328081228 748.6402534179797 352.9193804285312 999.9229999999516 250.548095703125 27388.804908848688 2520129.1965559195    
234000 237000 5.103814453235827 748.724046386691 353.8404664034738 999.655999999959 248.11328125 30968.103782432023 2765316.5898188534    
237000 240000 13.368378906161524 746.6579052734596 356.8956760669022 998.5600000000559 240.52490234375 27902.183638633374 2343773.3822439695    
240000 243000 16.248859375016764 745.9377851562458 358.62742506704774 996.1210000000428 235.14404296875 33284.85205078981 2533738.7097600345    
243000 246000 22.741082031279802 744.31472949218 367.6375100732305 999.0910000000149 219.3349609375 31043.78434028876 2650969.0297115017    
246000 249000 13.162845703074709 746.7092885742313 371.73252540286285 999.9590000000317 211.568115234375 29399.028922485595 2493244.896658026    
249000 252000 108.07002734369598 722.982493164076 366.19050052395266 997.3270000000484 190.090087890625 25083.855515546034 2218608.0232155044    
252000 255000 6.511099609313533 748.3722250976716 384.8208112739566 999.8919999999925 186.93798828125 28645.093561333088 2601041.7103604595    
255000 258000 6.98373437509872 748.2540664062253 387.4483884163784 999.9329999999609 182.63525390625 28281.05026882763 2590532.4941507364    
258000 261000 13.653972656233236 746.5865068359417 390.4784685480669 998.3819999999832 175.36328125 27337.817429333696 2183900.1902575074    
261000 264000 12.643271484412253 746.8391821288969 396.20696030062163 999.7430000000168 165.510009765625 28485.97454084987 2522551.8665622515    
264000 267000 10.748904296895489 747.3127739257761 400.54316961277186 999.3149999999441 158.05810546875 26322.594858572153 2443904.0799331754    
267000 270000 9.904152343748137 747.523961914063 404.41084484948226 999.9270000000251 151.251953125 29656.96760620772 2692382.366664429    
270000 273000 6.608958984375931 748.347760253906 405.03550264434784 999.0949999999721 149.968994140625 30778.879527435114 2567063.28830795    
273000 276000 8.282099609379657 747.9294750976551 407.76401909217674 998.48199999996 145.44189453125 31021.820753400632 2708758.0613710755    
276000 279000 10.390636718831956 747.402340820292 408.63687239216927 996.5540000000037 142.7392578125 30847.64810467911 2660467.6240696576    
279000 282000 9.702300781267695 747.5744248046831 413.02354202363273 999.3760000000475 136.23095703125 29963.250816153824 2593052.5437982413    
282000 285000 9.38667187502142 747.6533320312446 414.67394507903214 999.8810000000522 132.96728515625 34455.38416182559 2729058.7828216553    
285000 288000 10.17338671872858 747.4566533203179 417.71147638216377 999.4980000000214 128.2958984375 29348.849401327236 2307295.8763602353    
288000 291000 533.1670039062155 822.2776653645948 131.84785330254763 923.0740000000224 673.06689453125 18557.697147564017 1459718.7902997753    
291000 294000 480.4878671874758 629.878033203131 305.65413550966736 998.6990000000224 326.47210546873976 23860.920458050947 1833977.5466806013    
294000 297000 9.806767578236759 747.5483081054408 295.5665803128667 999.6189999999478 430.541259765625 22128.855236189356 1877784.4573023326    
297000 300000 69.41816992196254 732.6454575195094 309.8922270819589 999.3079999999609 378.39208984375 21308.80460638427 1758633.5523492447    
300000 303000 2388.9210898437304 611.0789101562696  611.0789101562696 611.0789101562696 6060.32652332747 488059.7782073922    
