ts te idle avg_span std_span max_span min_span c_bytes_all s_bytes_all avg_video_rate avg_audio_rate video_requests_sequence audio_requests_sequence
0 3000 3000.0 0.0 0.0 0.0 0.0 0.0 0.0 0.0 0.0 0 0
3000 6000 3000.0 0.0 0.0 0.0 0.0 0.0 0.0 0.0 0.0 0 0
6000 9000 59.64309960929677 980.1189667969011 32.71074678680528 999.0580000000773 942.347900390625 28207.102228287124 1037978.1787182883    
9000 12000 11.57500585942762 747.1062485351431 462.16222385575685 999.8819999999832 55.32309960934799 28155.969035425718 1452519.0233723368    
12000 15000 18.546777343726717 745.3633056640683 457.3730665988483 997.8420000000042 60.800105468777474 22633.53406697818 1128844.9603945082    
15000 18000 12.205076171900146 746.948730957025 453.76108025064826 999.1269999999786 68.32188281248091 19815.179524770472 1377506.2250278564    
18000 21000 14.30992773437174 746.4225180664071 452.1190906740845 998.6979999999749 70.6479589844239 19978.667186416013 1311483.8778959631    
21000 24000 17.41120507812593 745.6471987304685 445.72531759129515 996.8150000000023 79.6658867187216 20712.78119615265 1236530.6314807541    
24000 27000 1657.8059082031832 447.39803059893893 483.0454986894314 995.6049999999814 84.2170917968615 10252.766761969842 662220.1031102928    
27000 30000 470.34405664057704 843.2186477864743 213.38810650748735 998.9650000000256 599.991943359375 25594.128625697445 1965298.1145541696    
30000 33000 204.82392187498044 698.7940195312549 339.5891232120225 996.9410000000498 370.27505664061755 15042.234696997948 1098072.7615807059    
33000 36000 7.9299257812672295 748.0175185546832 294.11218123722443 999.3169999999809 437.298095703125 17971.017197074074 1591948.1186584332    
36000 39000 455.1468339844723 636.2132915038819 465.5893721328484 996.9259999999776 6.093261718691792 21678.908545890914 2165873.1856533946    
39000 42000 45.60022851562826 984.799923828124 16.19153908352765 996.8020000000251 966.384033203125 19641.789419447934 2011554.0758809706    
42000 45000 56.26902539061848 735.9327436523454 468.74032571876074 999.6889999999548 33.56396679690806 18522.055104674768 1480813.9738390616    
45000 48000 13.572005859401543 746.6069985351496 465.57053277370426 998.6319999999832 49.31199218751863 18771.38123044442 1901402.0922388341    
48000 51000 530.5180566406343 617.3704858398414 401.15690185828805 997.9699999999721 52.109998046886176 14393.081693248623 1277932.5811510158    
51000 54000 236.20182812504936 690.9495429687377 330.50455980083643 995.4409999999334 315.3530546874972 20238.729226534557 2030337.7347418866    
54000 57000 255.47281445306726 686.1317963867332 295.49994298747595 999.1670000000158 376.67188281251583 20817.309216096004 1773034.6140409051    
57000 60000 724.9383027344011 758.353899088533 249.99433244732586 998.3640000000014 499.4476972655975 21298.365043893315 1904854.7476606234    
60000 63000 495.61001367185963 834.7966621093801 285.16986514407233 999.6840000000084 505.510986328125 25677.48415039962 2069051.6326719578    
63000 66000 1394.8119746094453 401.29700634763867 420.70858478143396 997.5709999999963 8.562011718691792 15577.209903864306 1417627.9668330438    
66000 69000 49.46605664060917 983.5113144531302 17.767407361146063 997.975999999966 963.678955078125 21680.42814284144 1843171.1821978553    
69000 72000 5.732039062480908 748.5669902343798 475.3918330419296 999.5200000000186 35.967044921882916 18134.82085248768 1466384.585286973    
72000 75000 87.67491601558868 728.0812709961028 463.5210292505196 999.2480000000214 38.03408398438478 24689.056950406954 2301044.63301017    
75000 78000 558.1109296875075 813.9630234374976 316.82861900056463 997.7029999999795 448.1220703125 18629.943629517435 1601528.8511539763    
78000 81000 12.824019531195518 746.7939951172011 295.3891939504005 999.945000000007 438.3520507811918 24440.306661191502 1955748.4999791589    
81000 84000 5.009050781256519 748.7477373046859 293.2214968741453 999.2069999999949 435.875 29749.10219463951 2631462.312543181    
84000 87000 15.758951171825174 746.0602622070437 295.7744195144609 998.0040000000154 425.800048828125 26375.883131808987 2572760.2108930685    
87000 90000 12.33399804693181 746.916500488267 295.5009275607857 999.1199999999953 420.3520507811918 28621.312814037916 2647904.2127868864    
90000 93000 10.337742187606636 747.4155644530983 296.06179686993397 998.8469999999506 416.0913085936918 26753.182449690514 2597492.7552710553    
93000 96000 16.93922656244831 745.7651933593879 298.44886421234276 998.5019999999786 409.9340820311918 26301.778202494745 2464551.8524228176    
96000 99000 108.43516210932285 722.8912094726693 328.6548469255761 996.359999999986 337.617919921875 27143.546818951796 2431774.5930349967    
99000 102000 8.820605468878057 747.7948486327805 317.42069300342337 999.6819999999134 335.247314453125 27974.361133100225 2507937.155129658    
102000 105000 140.93438085942762 714.7664047851431 357.5510134190975 996.1359999999986 249.7319335936918 26092.689270941162 2600323.4252732964    
105000 108000 11.205820312548894 747.1985449218628 355.05273928952636 997.6339999999618 244.3911132811918 26539.950281761157 2509909.4765135865    
108000 111000 13.227023437444586 746.6932441406389 354.66167456251213 998.8030000000144 243.64208984375 30888.635505060574 2576488.4172947127    
111000 114000 5.166820312617347 748.7082949218457 356.750732392606 999.7170000000042 241.8012695311918 26242.420899915523 2548996.536959216    
114000 117000 6.515007812471595 748.3712480468821 359.1171376941173 999.9349999999977 237.5932617186918 29255.22023672073 2643483.9533475046    
117000 120000 13.111310546926688 746.7221723632683 362.06800141736477 999.8360000000102 229.949951171875 25568.58449933362 2532431.1845437833    
120000 123000 7.924832031247206 748.0187919921882 366.1508780801737 999.9980000000214 223.422119140625 31109.518419691372 2397810.9419990843    
123000 126000 283.37011914065806 905.5432936197807 119.00507191901822 999.3150000000023 771.6668808593531 25748.563851143233 2459226.6208540173    
126000 129000 319.64306445315015 893.45231184895 182.7689347009891 999.0329999999958 682.408935546875 26245.01798497123 2123511.7198376623    
129000 132000 10.441041015612427 747.3897397460969 326.0039568372903 999.4159999999683 314.99606445321115 26908.030726403675 2523197.33391058    
132000 135000 7.164908203238156 748.2087729491905 323.3560914431307 999.8059999998659 321.5701054687961 29397.208364912905 2480424.6451804945    
135000 138000 3.551999999966938 749.1120000000083 321.7904365654127 999.8319999999949 326.123013671895 28096.023944069086 2594872.236433493    
138000 141000 49.58495312486775 737.6037617187831 330.18580715659215 999.9950000000536 314.24601367191644 27854.555071394552 2627934.9098645626    
141000 144000 11.277015625033528 747.1807460937416 309.48464497720704 999.5339999999851 362.75896679685684 28200.327123039668 2541441.438728863    
144000 147000 10.751765625027474 747.3120585937431 307.7330437561978 998.9509999999427 368.53898242185824 27333.6405579176 2581780.081290735    
147000 150000 16.663333984441124 745.8341665038897 306.75243813698586 997.2789999999804 370.61474804690806 26982.09967514618 2583108.053797405    
150000 153000 7.783962890622206 748.0540092773444 305.6323455664434 999.7339999999967 379.3670820312691 29728.440446597655 2689534.9684685403    
153000 156000 105.19398828130215 723.7015029296745 336.6586901749165 999.0449999999837 305.867044921848 25074.762493634782 2495905.7214793214    
156000 159000 12.697654296993278 746.8255864257517 300.6577576495633 999.4479999999749 400.99403320311103 28397.558956109136 2567834.389627982    
159000 162000 16.002326171903405 745.9994184570241 298.9588146267224 998.8079999999609 409.45668750000186 28511.28696297565 2635860.690787522    
162000 165000 9.671710937458556 747.5820722656354 297.24951274893886 999.4139999999898 419.1810136719141 30562.962658685487 2735610.198895777    
165000 168000 13.653378906252328 746.5866552734369 295.39154140112055 998.484999999986 426.16172460938105 30818.06227418664 2640510.881953699    
168000 171000 12.42060156253865 746.8948496093653 295.32504224201284 999.390000000014 432.8781035155989 28389.82971755303 2480132.6516287383    
171000 174000 6.064308593748137 748.483922851563 291.47209044813866 999.0810000000056 442.9317050781101 28830.02012089057 2613372.91070601    
174000 177000 8.505041015625466 747.8737397460936 291.7835026408653 998.9010000000126 443.7160136718885 33101.380522693544 2750162.4602071485    
177000 180000 11.013636718853377 747.2465908202867 292.6251278285904 999.125 446.4800546874758 29688.272306064035 2550896.076450707    
180000 183000 31.808210937539116 742.0479472656152 297.26502760612567 998.0119999999879 432.0356914062286 27233.054173342145 2617363.819706671    
183000 186000 12.032992187538184 746.9917519531155 291.0291786298092 998.9579999999842 454.52490234375 27417.00326283106 2592176.2050173613    
186000 189000 30.007996093772817 742.4980009765568 292.9620864102258 995.7669999999925 460.12889453122625 27390.921194278366 2546317.509411536    
189000 192000 11.209847656195052 747.1975380859512 290.4236544746122 999.4600000000792 478.6248906250112 28434.13145646886 2753521.6906684516    
192000 195000 13.361326171841938 746.6596684570395 289.2335793401263 997.6359999999986 486.1487382812775 31690.9012554559 2628722.515830339    
195000 198000 19.823958984343335 745.0440102539142 290.19677305013 999.579000000027 490.37006445310544 28691.691528160765 2670142.7118020384    
198000 201000 7.924656250048429 748.0188359374879 289.9467145318636 999.7229999999981 493.6533203125 27391.04662690544 2616767.3450721432    
201000 204000 12.331230468815193 746.9171923827962 290.97715644155363 999.1570000000065 484.01708984375 29076.540378728045 2624042.8644491797    
204000 207000 9.893050781218335 747.5267373046954 289.9139186815408 999.5679999999702 478.7900390625 27520.87082437775 2567652.6767270826    
207000 210000 18.301974609377794 745.4245063476556 289.25323908683714 999.8129999999655 470.966064453125 25642.348648048966 2489914.529387601    
210000 213000 11.096119140624069 747.225970214844 288.1637837627718 997.939000000013 469.0439453125 27168.426200778093 2668772.0770510137    
213000 216000 15.901007812586613 746.0247480468533 292.6230815070405 999.4679999999935 462.3359375 27821.526613411123 2471840.642423392    
216000 219000 111.03488085931167 722.2412797851721 311.31510732702856 997.1959999999963 382.758056640625 28028.82410042728 2619466.2159391344    
219000 222000 11.28997851558961 747.1775053711026 303.73177325138386 997.5010000000475 379.205078125 28394.56264207137 2565321.862205185    
222000 225000 29.41482031252235 742.6462949218694 310.3357280159947 999.5280000000494 372.2392578125 27285.276065554513 2467783.1333959233    
225000 228000 7.930318359402008 748.0174204101495 309.4947103032386 999.920999999973 365.887939453125 28170.875769152703 2623711.161147152    
228000 231000 15.154826171812601 746.2112934570468 311.5573967266154 999.4599999999627 359.14111328125 28150.443137403654 2603383.04919074    
231000 234000 15.52902148431167 746.1177446289221 316.1897947209006 999.7610000000568 346.444091796875 30143.476993287048 2709337.879684976    
234000 237000 17.126191406161524 745.7184521484596 319.8609910195826 999.3490000000456 333.972900390625 29409.338390667705 2533901.6066022534    
237000 240000 7.9396347656147555 748.0150913085963 320.03710418736614 999.8149999999441 329.447265625 29687.313708320664 2632924.2592950133    
240000 243000 50.17728320311289 737.4556791992218 317.6103867186402 992.3279999999795 315.281982421875 27875.408894100645 2457317.31234209    
243000 246000 14.125892578158528 746.4685268554604 328.4103120684509 998.454000000027 306.39208984375 32229.275504901423 2655108.1585883354    
246000 249000 10.483166015590541 747.3792084961024 331.26701154097356 999.2530000000261 299.721923828125 28290.693459626975 2768509.502656073    
249000 252000 12.591931640752591 746.8520170898119 333.58918520236506 998.6189999999478 294.5419921875 27484.235248163277 2594052.702245819    
252000 255000 16.070041015627794 745.982489746093 336.47872385847705 998.545999999973 285.324951171875 26876.026945727317 2586510.9810939645    
255000 258000 9.682851562509313 747.5792871093727 339.598900074571 999.8850000000093 279.777099609375 26801.93679084466 2630007.862429661    
258000 261000 11.481220703106374 747.1296948242234 339.21471344332383 998.7110000000102 277.90087890625 28721.79168766031 2579193.4151421846    
261000 264000 11.594980468857102 747.1012548827857 342.6955118504123 998.3009999999776 272.1708984375 26124.951441655925 2673870.829078818    
264000 267000 151.51098437502515 712.1222539062437 384.2436817235254 996.8229999999749 166.3369140625 27435.298485799765 2432624.7129189814    
267000 270000 8.234976562554948 747.9412558593613 398.05896714325826 998.9939999999478 162.5859375 29935.656293585464 2715607.778029139    
270000 273000 12.125888671842404 746.9685278320394 399.17356278613363 996.5559999999823 158.800048828125 29493.647951082876 2667085.396231763    
273000 276000 15.664162109489553 746.0839594726276 403.7014932913873 999.5509999999776 151.60888671875 28772.24318708458 2709973.32865247    
276000 279000 8.316873046802357 747.9207817382994 407.61405536052274 999.4409999999916 146.114013671875 24844.76850185361 2481417.0029128795    
279000 282000 26.321027343627065 743.4197431640932 409.1824768875872 994.079000000027 137.385986328125 28734.348062141733 2635881.592021896    
282000 285000 26.44195117196068 743.3895122070098 420.52679227769084 997.3769999999786 119.93603515625 26755.03231424234 2605032.9050468095    
285000 288000 11.108931640628725 747.2227670898428 426.111087658923 998.5890000000363 113.631103515625 27464.149255491575 2586247.446780711    
288000 291000 9.686056640581228 747.5784858398547 428.2251182890803 999.4769999999553 110.748046875 26247.152044515246 2475222.17223692    
291000 294000 14.604013671749271 746.3489965820627 429.9970313400987 996.0520000000251 105.884033203125 25450.997089981516 2434912.6848347625    
294000 297000 10.757945312419906 747.310513671895 433.65117315129675 997.7850000000326 101.090087890625 29407.798843687488 2698141.5034378716    
297000 300000 3.290988281252794 749.1772529296868 436.0205004819366 999.8830000000307 99.027099609375 26797.516376273048 2529833.6940461127    
300000 303000 2466.463099609362 533.536900390638  533.536900390638 533.536900390638 6476.018744663362 420177.8950163094    
