ts te idle avg_span std_span max_span min_span c_bytes_all s_bytes_all avg_video_rate avg_audio_rate video_requests_sequence audio_requests_sequence
0 10000 6738.659742187534 815.3350644531165 354.1168372197999 999.9959999999846 284.2392578125 29655.267929729842 1020351.7399034698 591.0 128.0 7071.0#7071.0#1500_8116.0#8116.0#288_8755.0#8755.0#288_9335.0#9335.0#288 7067.0#7067.0#128_8111.0#8111.0#128_8800.0#8800.0#128_9352.0#9352.0#128
10000 20000 893.0133671874064 910.6986632812593 153.93479143991868 998.960000000021 563.2370000000228 54557.798053775616 1731831.0804061017 453.6 128.0 10148.0#10148.0#288_10920.0#10920.0#288_11490.0#11490.0#288_11996.0#11996.0#288_12517.0#12517.0#288_12851.0#12851.0#288_13515.0#13515.0#288_15529.0#15529.0#840_17514.0#17514.0#840_19161.0#19161.0#840 10261.0#10261.0#128_10927.0#10927.0#128_11510.0#11510.0#128_12006.0#12006.0#128_12830.0#12830.0#128_13273.0#13273.0#128_13510.0#13510.0#128_15526.0#15526.0#128_17513.0#17513.0#128_19161.0#19161.0#128
20000 30000 399.2036210936494 872.7996708096682 261.5300910348868 999.7139999999781 131.66510937502608 36402.33026226781 1161406.227044216 840.0 128.0 19161.0#19161.0#840_21522.0#21522.0#840_23445.0#23445.0#840_25259.0#25259.0#840_27027.0#27027.0#840_29145.0#29145.0#840 21520.0#21520.0#128_23242.0#23242.0#128_25257.0#25257.0#128_27024.0#27024.0#128_29144.0#29144.0#128
30000 40000 446.22531250002794 868.5249715909066 256.83316787599927 999.5030000000261 285.02273046877235 46434.51836677109 2038657.3739696676 2033.3333333333333 128.0 29145.0#29145.0#840_31322.0#31322.0#840_33027.0#33027.0#840_34518.0#34518.0#840_36331.0#36331.0#840_38531.0#38531.0#8000 29144.0#29144.0#128_31230.0#31230.0#128_33024.0#33024.0#128_34517.0#34517.0#128_36350.0#36350.0#128_38527.0#38527.0#128
40000 50000 1649.4529843748896 927.838557291679 140.96411902307253 998.6280000000261 561.8940429688082 67989.5890145724 4190373.2424030686 3500.0 128.0 38531.0#38531.0#8000_40307.0#40307.0#8000_42282.0#42282.0#1500_42683.0#42683.0#1500_43609.0#43609.0#1500_44464.0#44464.0#1500_47161.0#47161.0#3000_48777.0#48777.0#3000 40514.0#40514.0#128_42518.0#42518.0#128_42900.0#42900.0#128_43683.0#43683.0#128_44520.0#44520.0#128_47160.0#47160.0#128_48014.0#48014.0#128
50000 60000 1414.8709453123156 858.5129054687684 306.36965985597385 999.8620000000228 61.046027343778405 64853.41652831588 3999952.3736925456 3000.0 128.0 48777.0#48777.0#3000_50199.0#50199.0#3000_53148.0#53148.0#3000_54653.0#54653.0#3000_56151.0#56151.0#3000_57744.0#57744.0#3000 50015.0#50015.0#128_53146.0#53146.0#128_54026.0#54026.0#128_56015.0#56015.0#128_57883.0#57883.0#128
60000 70000 157.18605859397212 894.801267400548 290.1554673420431 999.9400000000023 26.86197265627561 66232.29268601311 4222530.527780114 3000.0 128.0 60026.0#60026.0#3000_61802.0#61802.0#3000_63314.0#63314.0#3000_65348.0#65348.0#3000_67523.0#67523.0#3000_69349.0#69349.0#3000 60021.0#60021.0#128_61512.0#61512.0#128_63321.0#63321.0#128_65346.0#65346.0#128_67522.0#67522.0#128_69199.0#69199.0#128
70000 80000 202.52304492192343 890.679723188916 267.7603704465822 999.9619999999995 120.31703124998603 64389.38344018944 3982513.178901695 3000.0 128.0 69349.0#69349.0#3000_71151.0#71151.0#3000_73135.0#73135.0#3000_75020.0#75020.0#3000_77124.0#77124.0#3000_79121.0#79121.0#3000 71149.0#71149.0#128_73132.0#73132.0#128_75018.0#75018.0#128_77123.0#77123.0#128_79117.0#79117.0#128
80000 90000 1135.8559179689037 886.4144082031096 222.66788337511892 998.7710000000079 270.81807617191225 64400.4500821978 3528468.7505405615 3000.0 128.0 79121.0#79121.0#3000_81125.0#81125.0#3000_83147.0#83147.0#3000_85025.0#85025.0#3000_85587.0#85587.0#3000_87166.0#87166.0#3000_89145.0#89145.0#3000 81124.0#81124.0#128_83143.0#83143.0#128_85022.0#85022.0#128_85518.0#85518.0#128_87165.0#87165.0#128_89142.0#89142.0#128
90000 100000 137.55672656261595 896.5857521306713 261.36575451761036 999.9569999999367 123.12599414063152 74887.33166075466 4267646.196019084 3000.0 128.0 89145.0#89145.0#3000_91136.0#91136.0#3000_93144.0#93144.0#3000_94509.0#94509.0#3000_96060.0#96060.0#3000_98020.0#98020.0#3000 91134.0#91134.0#128_93141.0#93141.0#128_94523.0#94523.0#128_96014.0#96014.0#128_98017.0#98017.0#128
100000 110000 1279.164347656304 872.0835652343696 288.3808571555861 1000.0 95.54972070310032 78087.63531325579 4297685.132216366 3000.0 128.0 100023.0#100023.0#3000_103154.0#103154.0#3000_104698.0#104698.0#3000_106110.0#106110.0#3000_107604.0#107604.0#3000_109523.0#109523.0#3000 100019.0#100019.0#128_103152.0#103152.0#128_104014.0#104014.0#128_106015.0#106015.0#128_107514.0#107514.0#128_109522.0#109522.0#128
110000 120000 138.66399023437407 896.485091796875 278.24733994150586 999.6990000000224 63.406068359385245 75437.79194755589 4179649.8262052 3000.0 128.0 109523.0#109523.0#3000_111525.0#111525.0#3000_113520.0#113520.0#3000_115135.0#115135.0#3000_117140.0#117140.0#3000_119131.0#119131.0#3000 111523.0#111523.0#128_113516.0#113516.0#128_115132.0#115132.0#128_117139.0#117139.0#128_119128.0#119128.0#128
120000 130000 515.2459765624953 862.2503657670459 273.82763077535213 999.0320000000065 108.56605859374395 74509.11676903878 4027454.190850301 3000.0 128.0 119131.0#119131.0#3000_121023.0#121023.0#3000_123292.0#123292.0#3000_125260.0#125260.0#3000_126619.0#126619.0#3000_129147.0#129147.0#3000 121020.0#121020.0#128_123290.0#123290.0#128_125257.0#125257.0#128_127017.0#127017.0#128_129144.0#129144.0#128
130000 140000 775.5358925781329 838.5876461292606 267.4483256120562 999.8190000000177 366.72603515622905 74664.44479026122 4341152.371598085 3000.0 128.0 129147.0#129147.0#3000_131165.0#131165.0#3000_132533.0#132533.0#3000_134281.0#134281.0#3000_136520.0#136520.0#3000_138522.0#138522.0#3000 131161.0#131161.0#128_132515.0#132515.0#128_134515.0#134515.0#128_136518.0#136518.0#128_138517.0#138517.0#128
140000 150000 1091.9497968750657 890.8050203124934 291.1303226324868 999.7679999999818 73.07192773441784 68375.41348765384 4031747.7218722813 3000.0 128.0 138522.0#138522.0#3000_141167.0#141167.0#3000_142607.0#142607.0#3000_145172.0#145172.0#3000_146636.0#146636.0#3000_148059.0#148059.0#3000_149836.0#149836.0#3000 141165.0#141165.0#128_142015.0#142015.0#128_145168.0#145168.0#128_146014.0#146014.0#128_148016.0#148016.0#128
150000 160000 519.0722285155789 861.9025246804019 281.6409391310589 999.7920000000158 149.371724609402 75787.18868628681 4207555.708065983 3000.0 128.0 149836.0#149836.0#3000_152026.0#152026.0#3000_153462.0#153462.0#3000_156020.0#156020.0#3000_157476.0#157476.0#3000_159522.0#159522.0#3000 150012.0#150012.0#128_152022.0#152022.0#128_153517.0#153517.0#128_156018.0#156018.0#128_157515.0#157515.0#128_159519.0#159519.0#128
160000 170000 1876.4411660154583 902.6176482205046 176.551573398257 999.9110000000219 517.5789531249902 71566.31203948482 4090486.731309455 3000.0 128.0 159522.0#159522.0#3000_163134.0#163134.0#3000_164646.0#164646.0#3000_166315.0#166315.0#3000_167850.0#167850.0#3000_169153.0#169153.0#3000 163133.0#163133.0#128_163307.0#163307.0#128_165229.0#165229.0#128_167205.0#167205.0#128_169012.0#169012.0#128
170000 180000 2134.539835937554 786.5460164062446 387.98968590405406 998.9639999999781 48.55911914061289 74967.7338132433 4007055.820964971 3000.0 128.0 169153.0#169153.0#3000_173139.0#173139.0#3000_174672.0#174672.0#3000_176271.0#176271.0#3000_177856.0#177856.0#3000_179394.0#179394.0#3000 173138.0#173138.0#128_173247.0#173247.0#128_175239.0#175239.0#128_177016.0#177016.0#128_178514.0#178514.0#128
180000 190000 651.2630097656511 849.8851809303953 305.69632727500465 999.8169999999809 70.05995507811895 86542.35294636086 4497874.402348421 3000.0 128.0 179394.0#179394.0#3000_180843.0#180843.0#3000_182459.0#182459.0#3000_184288.0#184288.0#3000_186531.0#186531.0#3000_188009.0#188009.0#3000 180514.0#180514.0#128_182513.0#182513.0#128_184518.0#184518.0#128_186528.0#186528.0#128_188014.0#188014.0#128
190000 200000 1285.030947265739 871.4969052734261 259.4135332156882 999.685999999987 262.1339999999618 69079.62187321208 3703054.929868427 3000.0 128.0 190527.0#190527.0#3000_192059.0#192059.0#3000_194025.0#194025.0#3000_196025.0#196025.0#3000_199190.0#199190.0#3000 190521.0#190521.0#128_192013.0#192013.0#128_194021.0#194021.0#128_196021.0#196021.0#128_199187.0#199187.0#128
200000 210000 938.4920878905104 823.7734465554081 374.41263267876565 999.9980000000214 56.650912109413184 76360.01030905893 4113448.4740399853 3000.0 128.0 199190.0#199190.0#3000_200585.0#200585.0#3000_201273.0#201273.0#3000_201957.0#201957.0#3000_203450.0#203450.0#3000_205526.0#205526.0#3000_207490.0#207490.0#3000 200012.0#200012.0#128_200526.0#200526.0#128_202012.0#202012.0#128_203462.0#203462.0#128_205524.0#205524.0#128_207499.0#207499.0#128
210000 220000 1135.814037109376 984.9095514322916 34.15303160465035 999.5280000000494 895.011962890625 76196.77015176007 4365355.124729263 3000.0 128.0 211142.0#211142.0#3000_212647.0#212647.0#3000_214155.0#214155.0#3000_215567.0#215567.0#3000_217343.0#217343.0#3000_219141.0#219141.0#3000 211140.0#211140.0#128_211516.0#211516.0#128_213204.0#213204.0#128_215211.0#215211.0#128_217210.0#217210.0#128_219139.0#219139.0#128
220000 230000 193.7959824219579 891.4730925070947 263.83763303856 999.0579999999609 104.51903710933402 75154.44301320233 4072328.9379476844 3000.0 128.0 219141.0#219141.0#3000_221140.0#221140.0#3000_223020.0#223020.0#3000_225158.0#225158.0#3000_227150.0#227150.0#3000_229128.0#229128.0#3000 221134.0#221134.0#128_223019.0#223019.0#128_225157.0#225157.0#128_227149.0#227149.0#128_229127.0#229127.0#128
230000 240000 1290.6590175781166 870.9340982421884 281.32385951478244 999.9189999999944 127.75901953119319 72320.08435653536 4089947.913765088 3000.0 128.0 229128.0#229128.0#3000_231133.0#231133.0#3000_232608.0#232608.0#3000_234329.0#234329.0#3000_237147.0#237147.0#3000_238684.0#238684.0#3000 231132.0#231132.0#128_232516.0#232516.0#128_234339.0#234339.0#128_237145.0#237145.0#128_238014.0#238014.0#128
240000 250000 105.08607421885245 899.5376296164679 280.9005285841905 999.9070000000065 61.203037109342404 77681.633295629 4221958.257177009 3000.0 128.0 238684.0#238684.0#3000_241143.0#241143.0#3000_243210.0#243210.0#3000_244616.0#244616.0#3000_246223.0#246223.0#3000_247925.0#247925.0#3000_249592.0#249592.0#3000 241141.0#241141.0#128_242014.0#242014.0#128_244013.0#244013.0#128_246014.0#246014.0#128_247946.0#247946.0#128
250000 260000 1791.8966171875363 820.8103382812463 351.5016660145087 999.9749999999767 136.18811132817063 70410.74856700347 3971464.763469105 3000.0 128.0 249592.0#249592.0#3000_253146.0#253146.0#3000_254406.0#254406.0#3000_255818.0#255818.0#3000_257303.0#257303.0#3000_259522.0#259522.0#3000 250012.0#250012.0#128_253144.0#253144.0#128_253513.0#253513.0#128_255517.0#255517.0#128_257210.0#257210.0#128_259519.0#259519.0#128
260000 270000 217.94623437477276 889.2776150568388 272.7370234318223 999.7839999999851 87.44672851567157 78314.30596453884 4174395.049876757 3000.0 128.0 259522.0#259522.0#3000_261525.0#261525.0#3000_263161.0#263161.0#3000_265148.0#265148.0#3000_267239.0#267239.0#3000_269018.0#269018.0#3000 261521.0#261521.0#128_263159.0#263159.0#128_265146.0#265146.0#128_267238.0#267238.0#128_269017.0#269017.0#128
270000 280000 957.968031249824 904.2031968750176 248.71991388815135 999.2700000000186 203.06196289067157 69774.04805638063 3846140.3806676804 3000.0 128.0 269018.0#269018.0#3000_271139.0#271139.0#3000_272556.0#272556.0#3000_275133.0#275133.0#3000_276716.0#276716.0#3000_279133.0#279133.0#3000 271137.0#271137.0#128_272721.0#272721.0#128_275132.0#275132.0#128_276879.0#276879.0#128_279132.0#279132.0#128
280000 290000 1436.6831171876984 856.3316882812302 299.89996768173745 999.8079999999609 108.85199414065573 75948.68513849164 4292166.621295971 3000.0 128.0 279133.0#279133.0#3000_281139.0#281139.0#3000_282634.0#282634.0#3000_284048.0#284048.0#3000_287122.0#287122.0#3000_288706.0#288706.0#3000 281137.0#281137.0#128_282517.0#282517.0#128_284014.0#284014.0#128_287121.0#287121.0#128_288013.0#288013.0#128
