ts te idle avg_span std_span max_span min_span c_bytes_all s_bytes_all avg_video_rate avg_audio_rate video_requests_sequence audio_requests_sequence
0 9000 7253.933007812502 582.0223307291659 411.33763004425117 995.3139999999985 172.6669921875 19201.04732000363 947768.6585850412    
9000 18000 914.7150703124898 898.3649921875011 207.54730823810706 999.7989999999991 367.5509999999995 45236.80082709368 3385678.7036004495    
18000 27000 614.7669218750088 838.5233078124991 341.0082214697256 999.9760000000024 78.80107812499773 43910.151852902694 3501258.6378145097    
27000 36000 1309.308097656256 961.336487792968 59.76832316791395 999.8210000000036 846.52490234375 27405.026848798218 3596535.5430504866    
36000 45000 1831.6097832031228 796.4878018663197 362.7196415158821 999.9370000000054 151.5520976562475 29736.18848397433 3912620.022345064    
45000 54000 2041.1991933593818 869.8501008300773 312.5377755734411 999.6649999999936 100.05488085937395 35043.90675379961 4244838.5403664615    
54000 63000 143.62398046876478 885.6376019531235 291.0123668454688 999.0479999999952 69.93807421874953 60169.81723761931 6445801.202958444    
63000 72000 2062.3148437500204 867.2106445312475 304.78725017922835 999.7019999999902 119.41305468749488 37800.461332939376 4076337.1214279127    
72000 81000 158.24121874998673 884.1758781250013 275.8569272411116 999.2690000000002 116.24489843749325 26762.70538949615 3392598.3819309752    
81000 90000 1065.5795800781489 881.6022688802057 267.0061504216745 997.2179999999789 176.17611718749686 31101.074935744764 3880252.3650902454    
90000 99000 1063.9089921874984 881.7878897569447 304.814876007227 999.6650000000081 74.27069726564514 26809.14064847016 3199180.1663116463    
99000 108000 199.07436718753888 880.0925632812462 281.34559332641095 999.8589999999967 107.33768945312477 30167.01166405613 3706364.3720496353    
108000 117000 992.5879589843535 889.7124490017385 285.14962534823974 999.3099999999977 134.57505664062046 37195.871338436424 4161830.0374878435    
117000 126000 1453.0039589844237 754.6996041015576 392.1876368000975 996.9519999999902 74.09001562499907 32841.74369477944 3763035.552751186    
126000 135000 2099.587013671873 862.5516232910159 287.1567738273909 999.8299999999872 167.3469746093615 25592.08242293433 3208042.890434946    
135000 144000 123.81510156247532 887.6184898437525 282.7902171070948 999.9539999999979 104.6199882812507 33154.03676098722 3779290.87263971    
144000 153000 1929.7499101562717 883.781261230466 275.71449144939726 999.6719999999914 204.94108984374907 27979.932487964546 3306325.9311554423    
153000 162000 273.9830761718913 969.557435980901 65.76641885211632 999.9919999999984 795.471923828125 40381.200747548886 4626155.292310238    
162000 171000 1020.8168671873282 886.5759036458525 273.28238386137605 999.9530000000086 170.07107617188012 29450.333189604655 3383536.0068868836    
171000 180000 1132.3329589843343 874.1852267795184 273.31277271686156 998.9360000000452 152.07694335936685 32732.144033166165 3778359.033337271    
180000 189000 176.70313281248673 882.3296867187513 280.66847752126813 999.7010000000009 97.06690234370762 30780.949683579536 3319177.846830397    
189000 198000 1049.83101367185 883.3521095920166 276.79491276924165 998.9679999999935 151.89403515623417 25870.294541396186 3531509.465933924    
198000 207000 1044.7330117186357 883.9185542534849 292.1059836104805 998.4910000000091 108.0610488280945 38577.09088461179 4033098.206563361    
207000 216000 231.7980351561564 876.8201964843844 286.61831413617756 998.4630000000179 73.82206054686685 33004.867119587056 3892210.882600306    
216000 225000 1174.9286582030181 869.4523713107758 274.7127441920832 999.9310000000114 162.16609570311266 29008.90860470656 3300916.8509417046    
225000 234000 1115.1869628906134 876.0903374565985 288.7381581101428 999.4460000000254 109.65875390623114 34889.25467436957 3953140.0403366187    
234000 243000 67.97319531242829 893.2026804687572 290.5196575853225 999.9660000000149 73.65071679686662 32420.839864948233 3461608.700607224    
243000 252000 1040.344998046814 884.4061113281318 290.9349513110798 999.3980000000447 114.0689121093601 35859.70035216314 4018413.3105765693    
252000 261000 1089.3211582032382 878.9643157551958 298.3828886321967 999.9419999999809 98.27091015625047 31561.27399230499 4002511.737450126    
261000 270000 956.2129687500419 893.7541145833287 274.194026608952 999.2179999999935 168.41306835936848 29685.060442295857 3458548.595301771    
270000 279000 959.1609628904844 893.426559678835 295.59599089039807 999.484000000055 105.72203710937174 32573.081869717364 3558559.030323605    
279000 288000 1156.644025390502 980.4194968261872 44.02563757138343 999.1750000000466 871.698974609375 30142.699399341607 3683040.603546696    
288000 297000 1191.2047167966375 867.6439203559291 290.1585889698988 999.8320000000531 127.6420253906399 24919.11751604938 2668146.8846160723    
297000 306000 5806.0302578125265 798.4924355468684 374.7653134513202 999.9760000000242 236.92574218747905 13670.183084609012 1519750.511837232    
