ts te idle avg_span std_span max_span min_span c_bytes_all s_bytes_all avg_video_rate avg_audio_rate video_requests_sequence audio_requests_sequence
0 9000 6061.836884765653 979.3877050781157 32.54134396456597 998.75 941.818115234375 35367.37771047452 2528429.029767373    
9000 18000 1131.6851152344025 874.2572094183997 315.8343602145674 999.8800000000047 43.93388476560358 74533.62228952549 6427698.970232626    
18000 27000 3736.056999999855 751.9918571428778 399.3393791694841 999.9560000000056 84.11800000001676 49284.0 3926402.0    
27000 36000 1343.245009765611 957.0943737792986 104.09038923318069 999.3790000000154 700.114990234375 60704.39669319087 4644991.097096565    
36000 45000 1978.4229335939162 780.175229600676 374.6248702841919 999.5719999999856 0.0 59176.444551170745 4681420.389647406    
45000 54000 123.56510546873324 887.6434894531267 244.0991466268708 999.1990000000224 249.8659433593857 80571.35067679844 6614723.47230245    
54000 63000 1655.098052734509 816.1002163628323 301.0548896498607 999.8549999999232 295.67800000001444 71659.03713450397 5601280.305746431    
63000 72000 1427.4138984373421 841.3984557291842 312.30595155886516 999.9239999999991 245.61010156251723 67781.77094433596 5696305.73520715    
72000 81000 1381.8039628905826 952.2745046386772 94.465843755303 999.9330000000191 741.988037109375 74283.8598816506 6189439.058192254    
81000 90000 2878.3960468750447 680.1782170138839 418.1416552524426 997.6770000000251 5.506000000052154 51714.56232346742 4275839.235136975    
90000 99000 164.43388671858702 883.5566113281413 246.09339682363665 999.7019999999902 247.4530097656534 65747.84416715098 5544917.878879229    
99000 108000 1710.7281035155174 911.1589870605603 235.04367897283865 999.7350000000442 330.06989648437593 71149.73362773101 5963469.827791543    
108000 117000 310.08197851566365 965.5464468315929 97.03828618073508 999.7060000000056 706.822021484375 78763.27788740651 6789573.935435705    
117000 126000 1832.3780214844155 796.4024420572872 301.5886218086181 999.9760000000242 292.0099785156199 68055.7221125935 5613427.064564295    
126000 135000 2139.0010000001057 857.6248749999868 309.44147083620084 999.9729999999981 120.75799999997253 64904.0 5713085.0    
135000 144000 1323.644099609286 959.5444875488392 107.8499761228278 999.9810000000871 692.722900390625 68824.63241330798 5731351.545214385    
144000 153000 1970.6399414062616 781.0400065104154 375.6407738683865 999.7810000000754 0.0 73293.99761912564 5888290.386782308    
153000 162000 1800.9379101563827 799.895787760402 321.4884368202991 999.3520000000135 257.93604101560777 70552.06076542479 5500377.522995842    
162000 171000 1808.0679863281548 799.1035570746494 328.55999277707366 999.7389999999432 187.7029999999795 67545.82046717282 5582447.500560386    
171000 180000 105.8139785155654 889.4186021484435 232.1432824518125 999.4529999999795 291.75293750001583 62513.34047265652 5087084.441663681    
180000 189000 810.2950839843834 909.9672128906241 227.27898726295805 999.6480000000447 305.85091601562453 58475.14826231226 4756109.602783399    
189000 198000 1272.7350195313338 965.9081225585833 93.91970877608583 999.9219999999623 733.47998046875 73497.15419772349 6308656.829270709    
198000 207000 3064.6499980469234 741.9187502441346 305.1961734030422 999.9910000000382 265.26401953119785 57129.394381466445 4614961.115536032    
207000 216000 3566.5959824220045 679.1755021972494 443.1976715339505 999.6119999999646 59.92799999995623 55836.451420810066 4673236.055193258    
216000 225000 447.65974414069206 950.260028428812 95.83852076635269 999.8429999999935 705.687255859375 77368.45757596516 6403333.3914682185    
225000 234000 1565.0882558595622 826.1013049044931 336.43270898767446 999.9989999999525 179.15500000002794 66331.54242403485 5589816.608531782    
234000 243000 356.91399999998976 960.34288888889 110.3894937329158 999.8830000000307 666.1720000000205 88654.0 7146211.0    
243000 252000 1408.9110292968107 948.8861213378987 95.16698329116497 999.844000000041 746.094970703125 69873.90356615199 5844437.952397896    
252000 261000 3920.548076171777 725.6359891183175 392.02696153011885 998.9869999999646 94.07799999997951 48396.15207722274 3823559.90428683    
261000 270000 773.314894531155 914.0761228298717 249.97377601639246 999.6139999999432 247.52010546880774 75010.94435662527 6404949.143315273    
270000 279000 2211.2039082030533 848.5995114746183 332.9973724359027 999.3630000000121 52.92200000002049 62642.10253893023 5242757.426646368    
279000 288000 2804.927091796766 774.3841135254042 398.7469876427368 998.3630000000121 24.533000000054017 46858.89746106977 3728355.5733536324    
288000 297000 363.25908007822 959.6378799913089 99.47218763615973 999.7730000000447 697.742919921875 74438.64644648788 6284776.573356955    
297000 306000 6969.686919921776 676.7710266927412 351.9808472101031 999.8610000000335 301.68408007815015 20434.353553512126 1629852.4266430447    
