ts te idle avg_span std_span max_span min_span c_bytes_all s_bytes_all avg_video_rate avg_audio_rate video_requests_sequence audio_requests_sequence
0 10000 6943.676970703178 764.0807573242055 363.1064655677415 997.8929999999818 231.030029296875 29343.27563878189 805093.5685504883 728.8 128.0 6996.0#6996.0#2300_8021.0#8021.0#480_8763.0#8763.0#288_9405.0#9405.0#288_9924.0#9924.0#288 6991.0#6991.0#128_8018.0#8018.0#128_8791.0#8791.0#128_9414.0#9414.0#128_9932.0#9932.0#128
10000 20000 510.2037187499227 948.9796281250077 96.14868925175057 999.75900000002 758.5939707031357 61037.54691451983 2333285.0241498225 772.8 128.0 9924.0#9924.0#288_10610.0#10610.0#288_11030.0#11030.0#288_11383.0#11383.0#288_11746.0#11746.0#288_12228.0#12228.0#288_13516.0#13516.0#1500_15515.0#15515.0#1500_17512.0#17512.0#1500_19520.0#19520.0#1500 9932.0#9932.0#128_10632.0#10632.0#128_11113.0#11113.0#128_11514.0#11514.0#128_11864.0#11864.0#128_12240.0#12240.0#128_13513.0#13513.0#128_15513.0#15513.0#128_17511.0#17511.0#128_19518.0#19518.0#128
20000 30000 1224.0872617186978 797.8102489346638 390.9585985046079 999.7490000000107 13.300048828125 56710.09448439728 2776566.1319246953 2583.3333333333335 128.0 19520.0#19520.0#1500_21522.0#21522.0#1500_23056.0#23056.0#1500_24870.0#24870.0#1500_27168.0#27168.0#1500_29033.0#29033.0#8000 21521.0#21521.0#128_23015.0#23015.0#128_25512.0#25512.0#128_27166.0#27166.0#128_29027.0#29027.0#128
30000 40000 37.208078125084285 996.2791921874916 4.287641096742147 999.5349999999162 986.0179511719034 95706.52165218716 6928505.425763137 4875.0 128.0 29033.0#29033.0#8000_31115.0#31115.0#8000_33096.0#33096.0#8000_34802.0#34802.0#3000_36037.0#36037.0#3000_37245.0#37245.0#3000_37995.0#37995.0#3000_39099.0#39099.0#3000 31113.0#31113.0#128_33095.0#33095.0#128_35012.0#35012.0#128_36073.0#36073.0#128_37311.0#37311.0#128_38009.0#38009.0#128_39111.0#39111.0#128
40000 50000 33.53907226579031 906.0419025212918 299.79851479178325 999.8439999999246 2.313029296870809 93535.74477337427 6179032.54413036 4200.0 128.0 39099.0#39099.0#3000_40518.0#40518.0#4400_42522.0#42522.0#4400_44515.0#44515.0#4400_46519.0#46519.0#4400_48530.0#48530.0#4400_49999.0#49999.0#4400 40513.0#40513.0#128_42519.0#42519.0#128_44512.0#44512.0#128_46517.0#46517.0#128_48513.0#48513.0#128
50000 60000 80.16578906268114 901.8031100852108 293.5890191462227 999.9689999999828 19.22310156247113 89097.07663825664 6421641.749327023 4400.0 128.0 48530.0#48530.0#4400_49999.0#49999.0#4400_52021.0#52021.0#4400_54023.0#54023.0#4400_56020.0#56020.0#4400_57937.0#57937.0#4400_59621.0#59621.0#4400 50018.0#50018.0#128_52019.0#52019.0#128_54015.0#54015.0#128_56017.0#56017.0#128_58013.0#58013.0#128_59516.0#59516.0#128
60000 70000 493.34406250010943 864.2414488636264 301.9089188172971 999.3740000000107 77.33589062502142 85685.80243413124 5828038.181077267 4400.0 128.0 59621.0#59621.0#4400_61517.0#61517.0#4400_63522.0#63522.0#4400_65519.0#65519.0#4400_67215.0#67215.0#4400_69513.0#69513.0#4400 61516.0#61516.0#128_63518.0#63518.0#128_65517.0#65517.0#128_67223.0#67223.0#128_69511.0#69511.0#128
70000 80000 37.93595312506659 905.6421860795394 205.02543360931398 999.6219999999739 472.24609375 86459.23799847948 6276869.276830457 4400.0 128.0 69513.0#69513.0#4400_71107.0#71107.0#4400_73062.0#73062.0#4400_74924.0#74924.0#4400_77016.0#77016.0#4400_78682.0#78682.0#4400 71250.0#71250.0#128_73060.0#73060.0#128_74932.0#74932.0#128_77014.0#77014.0#128_78799.0#78799.0#128
80000 90000 1464.4331113282824 853.5566888671717 315.5600956134886 999.6379999999772 53.22490625001956 82294.42310192542 5614234.725625397 4400.0 128.0 78682.0#78682.0#4400_81014.0#81014.0#4400_83015.0#83015.0#4400_84545.0#84545.0#4400_87066.0#87066.0#4400_88656.0#88656.0#4400 81013.0#81013.0#128_83014.0#83014.0#128_84511.0#84511.0#128_87065.0#87065.0#128_88512.0#88512.0#128
90000 100000 808.4149433596176 835.598641512762 316.3388068477311 999.9809999999707 35.04901757807238 86042.01592617469 5680233.020464383 4400.0 128.0 88656.0#88656.0#4400_90516.0#90516.0#4400_92519.0#92519.0#4400_94190.0#94190.0#4400_95907.0#95907.0#4400_98517.0#98517.0#4400 90515.0#90515.0#128_92517.0#92517.0#128_94264.0#94264.0#128_95915.0#95915.0#128_98515.0#98515.0#128
100000 110000 989.7419511718908 901.0258048828109 197.36306613930302 999.4670000000042 517.4099609375116 91873.81046246388 6468951.48696016 4400.0 128.0 98517.0#98517.0#4400_100569.0#100569.0#4400_102101.0#102101.0#4400_103665.0#103665.0#4400_106024.0#106024.0#4400_107786.0#107786.0#4400_109519.0#109519.0#4400 100013.0#100013.0#128_102012.0#102012.0#128_103751.0#103751.0#128_106021.0#106021.0#128_107909.0#107909.0#128_109511.0#109511.0#128
110000 120000 59.96909960958874 903.6391727627647 291.18681946579704 999.7399999999325 27.12691210937919 88964.57313836088 6206057.4982532505 4400.0 128.0 109519.0#109519.0#4400_111517.0#111517.0#4400_113516.0#113516.0#4400_115346.0#115346.0#4400_117143.0#117143.0#4400_119021.0#119021.0#4400 111516.0#111516.0#128_113515.0#113515.0#128_115371.0#115371.0#128_117235.0#117235.0#128_119018.0#119018.0#128
120000 130000 305.8840214845259 881.283270774134 282.7649637212417 999.9050000000279 54.34001171874115 80252.32031725084 5372728.00387144 4400.0 128.0 119021.0#119021.0#4400_121067.0#121067.0#4400_123867.0#123867.0#4400_125406.0#125406.0#4400_126798.0#126798.0#4400_129019.0#129019.0#4400 121065.0#121065.0#128_123865.0#123865.0#128_125012.0#125012.0#128_126893.0#126893.0#128_129017.0#129017.0#128
130000 140000 122.58566406252794 897.9467578124975 239.68715752762265 999.6990000000224 209.4860332031967 92388.80757896579 6387404.817804822 4400.0 128.0 129019.0#129019.0#4400_130505.0#130505.0#4400_133023.0#133023.0#4400_135051.0#135051.0#4400_136677.0#136677.0#4400_138343.0#138343.0#4400 130510.0#130510.0#128_133020.0#133020.0#128_135049.0#135049.0#128_136512.0#136512.0#128_138435.0#138435.0#128
140000 150000 713.9063300782 844.1903336292545 275.60080223304783 999.9560000000056 245.4386972655775 86232.37433474949 6071115.906378715 4400.0 128.0 138343.0#138343.0#4400_140058.0#140058.0#4400_142515.0#142515.0#4400_144172.0#144172.0#4400_146017.0#146017.0#4400_147793.0#147793.0#4400 140119.0#140119.0#128_142513.0#142513.0#128_144184.0#144184.0#128_146015.0#146015.0#128_147826.0#147826.0#128
150000 160000 582.3350820314372 941.7664917968563 147.76657605784953 999.8679999999586 524.8650273436797 85063.9729389111 5928167.639827291 4400.0 128.0 150016.0#150016.0#4400_152022.0#152022.0#4400_153736.0#153736.0#4400_155461.0#155461.0#4400_158017.0#158017.0#4400_159591.0#159591.0#4400 150015.0#150015.0#128_152018.0#152018.0#128_153801.0#153801.0#128_155517.0#155517.0#128_158015.0#158015.0#128_159510.0#159510.0#128
160000 170000 514.372951171943 862.3297317116416 306.9136415371601 999.7449999999953 62.39210937498137 84510.6397783066 5851385.241910105 4400.0 128.0 159591.0#159591.0#4400_161312.0#161312.0#4400_163520.0#163520.0#4400_165141.0#165141.0#4400_167519.0#167519.0#4400_169159.0#169159.0#4400 161321.0#161321.0#128_163518.0#163518.0#128_165101.0#165101.0#128_167517.0#167517.0#128_169114.0#169114.0#128
170000 180000 676.0119882813306 932.3988011718669 151.56021651573954 999.8259999999427 519.9070605468587 83219.04486855549 5879529.683202575 4400.0 128.0 169159.0#169159.0#4400_170977.0#170977.0#4400_173023.0#173023.0#4400_175047.0#175047.0#4400_176792.0#176792.0#4400_179016.0#179016.0#4400 171012.0#171012.0#128_173019.0#173019.0#128_175047.0#175047.0#128_176800.0#176800.0#128_179015.0#179015.0#128
180000 190000 67.82694335939595 902.924823330964 285.95768954919924 999.9579999999842 43.42204882809892 89179.33203437 6044588.409332337 4400.0 128.0 179016.0#179016.0#4400_180495.0#180495.0#4400_182307.0#182307.0#4400_184519.0#184519.0#4400_187046.0#187046.0#4400_188575.0#188575.0#4400 180514.0#180514.0#128_183013.0#183013.0#128_184518.0#184518.0#128_187046.0#187046.0#128_188511.0#188511.0#128
190000 200000 628.5649667969556 851.9486393820949 305.21693785994967 999.9370000000345 73.67499218747253 90329.69544045418 6030420.49157259 4400.0 128.0 188575.0#188575.0#4400_190340.0#190340.0#4400_192517.0#192517.0#4400_194112.0#194112.0#4400_196013.0#196013.0#4400_198015.0#198015.0#4400 190013.0#190013.0#128_192514.0#192514.0#128_194014.0#194014.0#128_196012.0#196012.0#128_198014.0#198014.0#128
200000 210000 79.9521386717679 901.8225328480211 208.53492775668764 999.8560000000289 428.52490234375 89154.24641916677 5978368.451970403 4400.0 128.0 200021.0#200021.0#4400_202015.0#202015.0#4400_203592.0#203592.0#4400_205517.0#205517.0#4400_207515.0#207515.0#4400_209516.0#209516.0#4400 200019.0#200019.0#128_202012.0#202012.0#128_203687.0#203687.0#128_205515.0#205515.0#128_207513.0#207513.0#128_209514.0#209514.0#128
210000 220000 24.361984375165775 906.8761832386213 207.789520182532 999.9599999999627 415.44091796875 88896.09481774314 5926379.347640917 4400.0 128.0 209516.0#209516.0#4400_211521.0#211521.0#4400_213517.0#213517.0#4400_215170.0#215170.0#4400_217516.0#217516.0#4400_219310.0#219310.0#4400 211515.0#211515.0#128_213516.0#213516.0#128_215011.0#215011.0#128_217514.0#217514.0#128_219010.0#219010.0#128
220000 230000 595.971857421915 940.4028142578085 128.60967180319557 998.9109999999637 582.4370820312761 84369.80870212492 6101861.384985652 4400.0 128.0 219310.0#219310.0#4400_220799.0#220799.0#4400_223015.0#223015.0#4400_225017.0#225017.0#4400_226678.0#226678.0#4400_228878.0#228878.0#4400 220902.0#220902.0#128_223013.0#223013.0#128_225015.0#225015.0#128_226686.0#226686.0#128_229001.0#229001.0#128
230000 240000 1534.3561503908131 769.6039863281079 342.03403165086684 999.579000000027 36.78193945309613 83913.13181463542 5759665.49000004 4400.0 128.0 228878.0#228878.0#4400_230418.0#230418.0#4400_232514.0#232514.0#4400_234519.0#234519.0#4400_236520.0#236520.0#4400_238519.0#238519.0#4400_239994.0#239994.0#4400 230493.0#230493.0#128_232513.0#232513.0#128_234516.0#234516.0#128_236517.0#236517.0#128_238516.0#238516.0#128
240000 250000 1555.9679101563524 844.4032089843647 274.4590891090742 999.9760000000242 212.19999999995343 91683.40779171363 5881643.498446678 4400.0 128.0 238519.0#238519.0#4400_239994.0#239994.0#4400_243021.0#243021.0#4400_244677.0#244677.0#4400_246277.0#246277.0#4400_247926.0#247926.0#4400 240014.0#240014.0#128_243018.0#243018.0#128_244014.0#244014.0#128_246015.0#246015.0#128_248001.0#248001.0#128
250000 260000 1013.8599199217279 898.6140080078272 315.39556117123504 999.9760000000242 1.007080078125 91449.51391897243 6327039.189202794 4400.0 128.0 251047.0#251047.0#4400_252959.0#252959.0#4400_254315.0#254315.0#4400_255950.0#255950.0#4400_257883.0#257883.0#4400_259674.0#259674.0#4400 251045.0#251045.0#128_251514.0#251514.0#128_253514.0#253514.0#128_255516.0#255516.0#128_257512.0#257512.0#128_259512.0#259512.0#128
260000 270000 97.48977148439735 990.2510228515603 13.30750249268951 999.8580000000075 965.09130859375 89322.58780231589 5984679.152119014 4400.0 128.0 259674.0#259674.0#4400_261137.0#261137.0#4400_263011.0#263011.0#4400_265521.0#265521.0#4400_267008.0#267008.0#4400_269018.0#269018.0#4400 261117.0#261117.0#128_263515.0#263515.0#128_265516.0#265516.0#128_267013.0#267013.0#128_269017.0#269017.0#128
270000 280000 51.02800195326563 904.4519998224304 289.1826180379035 999.6870000000345 34.29669140628539 90572.33320520824 6046636.463716535 4400.0 128.0 269018.0#269018.0#4400_271015.0#271015.0#4400_273044.0#273044.0#4400_275012.0#275012.0#4400_276553.0#276553.0#4400_278520.0#278520.0#4400 271013.0#271013.0#128_273043.0#273043.0#128_275011.0#275011.0#128_276561.0#276561.0#128_278518.0#278518.0#128
280000 290000 1227.3610078123165 797.5126356534257 382.78449890105713 999.9129999999423 8.331298828125 86817.0308196973 5745561.568221605 4400.0 128.0 278520.0#278520.0#4400_280314.0#280314.0#4400_282517.0#282517.0#4400_284514.0#284514.0#4400_287061.0#287061.0#4400_288657.0#288657.0#4400 280350.0#280350.0#128_282515.0#282515.0#128_284513.0#284513.0#128_287059.0#287059.0#128_288013.0#288013.0#128
290000 300000 366.77936328120995 963.322063671879 78.48929455391257 999.4370000000345 761.158935546875 78761.24547763276 5362534.460695863 4400.0 128.0 288657.0#288657.0#4400_290153.0#290153.0#4400_292019.0#292019.0#4400_296138.0#296138.0#4400_297687.0#297687.0#4400_299106.0#299106.0#4400 290270.0#290270.0#128_292018.0#292018.0#128_294016.0#294016.0#128_296011.0#296011.0#128_297773.0#297773.0#128
