ts te idle avg_span std_span max_span min_span c_bytes_all s_bytes_all avg_video_rate avg_audio_rate video_requests_sequence audio_requests_sequence
0 8000 6328.754999999997 835.6225000000013 231.98688566489983 999.6620000000003 671.5830000000024 16642.0 3296578.0    
8000 16000 3415.100999999995 764.1498333333342 269.591904426981 993.8459999999977 414.46100000000297 36023.0 9553253.0    
16000 24000 6242.571000000004 439.3572499999991 92.03723868585102 572.2999999999956 360.5279999999984 26963.0 8106193.0    
24000 32000 6309.374999999993 422.6562500000018 155.34570951992887 645.4780000000028 293.3470000000016 32996.0 9762112.0    
32000 40000 6368.063000000009 407.9842499999977 126.37509400292798 590.5299999999916 322.53399999999965 28683.0 8229982.0    
40000 48000 437.6230253906324 945.297121826171 134.12764826433667 999.9719999999943 614.198974609375 33026.366819761286 9503273.00143535    
48000 56000 2013.4589746093698 855.2201464843757 231.67827857410643 999.974000000002 385.66702539061953 29235.633180238714 8417620.99856465    
56000 64000 4390.400999999998 721.9198000000004 186.95229462271644 994.9459999999963 537.1830000000045 28247.0 8049394.0    
64000 72000 6288.023000000001 427.99424999999974 22.2170913544031 447.74000000000524 400.39800000000105 27451.0 8056852.0    
72000 80000 6312.60100000001 421.8497499999976 122.83524343981063 602.8300000000017 343.9459999999963 26976.0 7897001.0    
80000 88000 6779.536999999997 305.11575000000084 135.01921658384316 411.24899999999616 108.62800000001153 20152.0 5849499.0    
88000 96000 4884.7740000000485 623.0451999999902 407.6391387228462 999.9900000000052 41.17999999997846 34208.0 10030910.0    
96000 104000 6012.779025390642 397.44419492187154 143.24523467796988 641.9239999999845 284.823974609375 28153.318504813982 8274663.318201197    
104000 112000 5857.43397460939 428.513205078122 372.88411142501906 999.9899999999907 71.31399999999849 24263.681495186018 7182742.681798803    
112000 120000 5771.743999999977 557.0640000000058 325.24272046068006 838.6959999999963 93.65400000000955 34411.0 10051323.0    
120000 128000 4982.600000000006 603.4799999999989 348.27767934580925 992.752999999997 297.0139999999956 26858.0 7966189.0    
128000 136000 5118.421031249978 576.3157937500043 259.2441673227326 999.9520000000193 362.1710000000021 32388.600812247838 9473000.588485584    
136000 144000 4872.240968749975 521.2931718750042 388.2269856420239 999.6350000000093 51.55100000000675 22407.399187752162 6516495.411514416    
144000 152000 5798.481999999989 550.3795000000027 145.25809542673304 756.3710000000137 414.9320000000007 34021.0 10035557.0    
152000 160000 6522.857999999978 369.2855000000054 183.49477276932043 597.926999999996 151.16200000001118 20708.0 5909471.0    
160000 168000 5604.397999999928 598.9005000000179 127.53811204106204 753.7600000000093 452.7250000000058 33820.0 9782924.0    
168000 176000 6149.162927734433 370.16741445311345 190.10685690022825 568.4790000000212 91.90799999999581 23556.223320233155 6765483.681362289    
176000 184000 4498.279072265606 583.6201546223989 309.77485364632855 999.7779999999912 166.06200000000536 31512.776679766845 9224289.31863771    
184000 192000 3916.0061152343114 680.6656474609481 188.25053647803384 990.7240000000456 466.5240000000049 31676.370930562192 8924396.757551882    
192000 200000 2723.5069003904937 753.7847285156438 284.4606895081429 993.5770000000193 351.344000000041 30445.60731146112 8711022.358560229    
200000 208000 4986.645984375064 602.6708031249873 188.8357857263758 832.1639999999898 356.9360156249895 28140.02175797669 7971097.883887889    
208000 216000 6492.812999999995 376.79675000000134 43.04527134986437 439.38300000000163 342.6849999999977 27188.0 8004052.0    
216000 224000 6142.421999999904 464.394500000024 173.21202101953241 712.847000000038 309.997000000003 27792.0 8043060.0    
224000 232000 6296.464000000007 425.8839999999982 56.04585432780029 484.79899999999907 375.4530000000086 28297.0 8041485.0    
232000 240000 2132.20088085928 838.2570170201028 257.87535709395445 999.9310000000405 349.5789999999979 31919.353767883942 9289102.018391566    
240000 248000 2647.6001191406685 764.6285544084759 330.84475340610686 999.9430000000284 200.0690000000177 28739.646232116058 8256067.981608435    
248000 256000 5534.105999999971 616.4735000000073 379.7094622870697 874.570000000007 67.39600000000792 21570.0 5969829.0    
256000 264000 4145.621917968732 642.3963470052113 236.00335760640422 999.9170000000158 337.23300000000745 31868.214787057925 9251399.081341596    
264000 272000 5757.590082031151 448.4819835937698 153.21301165595978 648.2530000000261 301.15399999998044 29539.785212942075 8590390.918658404    
272000 280000 6464.340999999957 383.9147500000108 82.72448739188209 507.7600000000093 335.399000000034 27063.0 7927936.0    
280000 288000 2105.6820429687505 842.0454224330357 257.0417465150411 998.3890000000247 355.045999999973 32086.492075549344 9172727.329576196    
288000 296000 3076.708957031253 820.5485071614579 245.95428215194136 998.8520000000135 356.3610429687542 29575.507924450656 8721028.670423804    
296000 304000 6461.2270000000135 769.3864999999932 114.79807881884591 850.560999999987 688.2119999999995 14255.0 3975940.0    
