ts te idle avg_span std_span max_span min_span c_bytes_all s_bytes_all avg_video_rate avg_audio_rate video_requests_sequence audio_requests_sequence
0 8000 7980.485107421875 19.514892578125  19.514892578125 19.514892578125 140.27840706268407 214.98782349892463    
8000 16000 2478.653980468742 788.7637170758941 276.47072505465223 997.1900000000023 238.78491210936772 38078.26225659122 7452769.764210528    
16000 24000 4057.186912109384 657.135514648436 368.60380249872145 999.9510000000009 44.61908789062727 27653.459336346103 8382258.247965973    
24000 32000 5957.569000000003 510.6077499999992 306.54772293764 808.1330000000016 93.31099999999424 26863.0 8017925.0    
32000 40000 5727.902999999998 568.0242500000004 110.53123310140221 682.6880000000019 419.1560000000027 27666.0 8004291.0    
40000 48000 4233.595000000001 753.2809999999997 374.0314829830495 999.8950000000041 99.63300000000163 28582.0 8057521.0    
48000 56000 5247.123999999996 688.219000000001 162.94545892414675 923.6490000000049 547.875 34320.0 9850392.0    
56000 64000 5533.9239999999845 616.5190000000039 54.045475820521816 663.273000000001 545.6410000000033 28398.0 8145790.0    
64000 72000 5177.260999999999 705.6847500000003 204.56414156506108 946.1440000000002 467.04899999999907 28613.0 8048414.0    
72000 80000 5670.25499999999 582.4362500000025 320.6604197094614 817.1849999999977 112.17600000000675 27142.0 7855730.0    
80000 88000 5976.254000000015 505.93649999999616 79.42871204838892 624.2319999999891 453.89400000000023 27823.0 8068440.0    
88000 96000 5256.662910156199 548.6674179687601 320.96292894803076 999.9110000000073 124.76708984376455 33556.09529529722 9692564.784664387    
96000 104000 5292.64208984375 541.47158203125 288.5426318365147 873.662910156243 110.42499999998836 21556.904704702778 6215925.215335613    
104000 112000 5942.802999999985 514.2992500000037 92.04015245668468 648.3830000000016 444.8920000000071 27731.0 8075963.0    
112000 120000 5221.915999999968 694.5210000000079 203.43831748552705 985.5670000000391 512.2129999999888 35038.0 10039289.0    
120000 128000 6336.624000000011 332.67519999999786 381.0533750351794 983.1600000000035 101.9659999999858 20252.0 5916548.0    
128000 136000 4405.834000000003 718.8331999999995 258.53231341401147 999.9189999999944 479.1600000000035 34310.0 10014323.0    
136000 144000 6036.808000000019 490.7979999999952 55.22003984666145 571.3669999999984 451.18799999999464 27663.0 8027344.0    
144000 152000 6013.441999999981 496.6395000000048 50.97036311753749 570.4720000000088 461.0540000000037 27182.0 7885067.0    
152000 160000 6084.72199999998 478.81950000000506 18.935219345614183 506.82600000000093 465.2840000000142 27639.0 8092307.0    
160000 168000 6013.311000000016 496.672249999996 80.08006057845745 616.6529999999912 451.9310000000114 27917.0 8066638.0    
168000 176000 5661.582999999984 584.604250000004 201.69229462454865 885.5109999999986 466.16599999999744 33822.0 9903632.0    
176000 184000 5928.606000000029 517.8484999999928 87.41639251496974 644.5509999999776 457.2720000000263 27631.0 8021016.0    
184000 192000 6071.005000000034 482.24874999999156 24.556322341026288 511.4659999999858 460.2369999999937 27015.0 7880051.0    
192000 200000 3762.208882812498 706.2985195312503 352.45883875001056 999.4459999999963 95.7451171875 35708.868665004484 10100624.940361459    
200000 208000 4193.059117187484 761.3881765625032 98.57108334940506 903.5538828124991 680.81700000001 28826.13133499552 8136484.059638541    
208000 216000 4329.738074218738 611.7103209635437 445.36573109257387 999.9560000000638 101.46800000002258 27805.670553295888 7876859.998568385    
216000 224000 4696.423925781215 660.7152148437569 144.59934257666353 875.5370742187661 528.1780000000435 27652.329446704112 7993457.001431615    
224000 232000 4131.267999999924 644.7886666666794 432.4269898383578 999.1359999999986 113.51999999998952 34854.0 9979510.0    
232000 240000 6046.588999999949 488.35275000001275 251.8231421856511 718.5530000000435 129.77900000000955 21044.0 5968709.0    
240000 248000 5838.719999999972 540.320000000007 357.97933677145426 834.0509999999776 67.04800000000978 34241.0 10034404.0    
248000 256000 5485.024000000034 628.7439999999915 97.25083707267302 764.8410000000149 534.2449999999953 28244.0 7974116.0    
256000 264000 5613.982999999891 596.5042500000272 41.67033963843307 629.1460000000661 540.2600000000675 28461.0 8167696.0    
264000 272000 6378.094999999914 405.47625000002154 67.74335114916494 484.5480000000098 341.94699999998556 27132.0 7951614.0    
272000 280000 5403.2579999999725 649.1855000000069 125.41015744746139 803.5929999999935 497.8510000000242 27763.0 7787080.0    
280000 288000 4879.906999999948 780.0232500000129 172.30512843861027 955.7980000000098 594.9160000000265 34828.0 9889559.0    
288000 296000 6275.161999999953 431.20950000001176 394.7385360399998 788.9380000000237 71.61099999997532 27781.0 8086022.0    
296000 304000 6333.967000000004 833.0164999999979 90.97565136071064 897.3460000000196 768.6869999999763 14639.0 4082357.0    
