ts te idle avg_span std_span max_span min_span c_bytes_all s_bytes_all avg_video_rate avg_audio_rate video_requests_sequence audio_requests_sequence
0 8000 6229.360999999975 885.3195000000123 162.08655191742872 999.9319999999716 770.7070000000531 42554.0 5943898.0    
8000 16000 5994.728999999992 401.0542000000016 244.11092034708307 757.3800000000047 68.09200000000419 39935.0 6481412.0    
16000 24000 5953.527999999875 511.6180000000313 77.80528451202716 621.755999999994 449.8170000000391 53665.0 9979902.0    
24000 32000 6503.086999999941 374.22825000001467 271.1165598795444 710.6280000000261 55.161000000021886 42816.0 7692120.0    
32000 40000 5091.976000000141 727.0059999999648 121.4601516272642 857.8169999998645 589.9430000000284 54933.0 10337605.0    
40000 48000 5625.160000000091 593.7099999999773 193.5614462662009 831.0589999999502 426.1689999999362 44124.0 7939513.0    
48000 56000 4986.202353515662 619.7127999999909 176.8328574648653 884.832999999926 445.36599999998 48144.0 7938326.0    
56000 64000 6247.526000000071 438.1184999999823 265.4566600665229 690.6840000000084 65.5569999999716 45359.0 8268409.0    
64000 72000 6720.069999999949 319.9825000000128 326.3633868359288 734.7480000000214 58.9199999999837 33680.0 6546647.0    
72000 80000 5628.67499999993 592.8312500000175 111.70084402360052 729.929999999993 474.8319999999949 55708.0 11735505.0    
80000 88000 6636.4529999999795 340.8867500000051 324.16557629948727 643.6630000000005 56.40100000001257 34252.0 6106958.0    
88000 96000 6059.368000000017 485.1579999999958 117.09813516019787 614.8439999999828 332.6170000000275 48338.0 10121404.0    
96000 104000 6707.904000000039 323.02399999999034 309.6401668721821 671.4699999999139 57.27600000007078 31223.0 6468517.0    
104000 112000 5911.726000000199 522.0684999999503 54.419174993732085 576.4289999999455 464.966999999946 47589.0 10276890.0    
112000 120000 6481.127999999968 379.71800000000803 362.24097937423403 735.3369999999995 63.60800000000745 29445.0 6009563.0    
120000 128000 6296.85500000004 567.7149999999868 160.64136550402176 720.5289999999804 400.25 45120.0 9678167.0    
128000 136000 5159.262999999977 710.1842500000057 207.0544463812769 967.8240000000224 468.50699999998324 47086.0 10050406.0    
136000 144000 6713.283000000112 321.67924999997194 340.71470285989045 783.2679999999236 61.79599999997299 38983.0 8371507.0    
144000 152000 6323.089000000036 419.2277499999909 266.5714843493869 702.204000000027 62.688000000081956 35587.0 7694443.0    
152000 160000 6420.388000000035 394.90299999999115 282.0114123068461 746.6699999998673 56.60899999999674 39135.0 8268241.0    
160000 168000 6052.491999999911 486.87700000002224 129.58970105937166 659.1259999999893 351.2860000000801 36464.0 7930787.0    
168000 176000 6115.874000000011 471.0314999999973 75.31272991333836 538.1620000000112 365.5690000000177 38039.0 7914250.0    
176000 184000 5955.940000000002 511.0149999999994 329.00784977967436 763.0509999999194 67.25400000001537 38763.0 8288750.0    
184000 192000 5294.512998046877 573.0096000000019 302.638177988668 820.5990000000456 50.73800000001211 53528.0 9974620.0    
192000 200000 5671.650000000023 465.66999999999535 420.55617906944724 992.320000000007 16.379000000015367 39170.0 8471914.0    
200000 208000 6490.366000000038 377.40849999999045 258.5200017026315 699.2909999999683 68.54399999999441 39034.0 7768923.0    
208000 216000 6385.446999999927 403.63825000001816 243.00171432646206 642.1700000000419 69.20999999996275 29946.0 6182164.0    
216000 224000 5882.616999999969 529.3457500000077 356.7936173722627 894.545999999973 59.131999999983236 47423.0 10321552.0    
224000 232000 6696.512000000104 325.8719999999739 233.8796464808703 626.7090000000317 56.34199999994598 35631.0 7761929.0    
232000 240000 6300.616999999853 424.8457500000368 266.470760223785 653.4170000000158 57.03300000005402 46342.0 10102669.0    
240000 248000 6304.813000000082 423.7967499999795 255.02042190429503 643.841999999946 63.462999999988824 29578.0 6145914.0    
248000 256000 6652.255000000005 336.93624999999884 234.07657061222648 641.0540000000037 71.11800000001676 36453.0 7971907.0    
256000 264000 6682.193999999901 329.4515000000247 315.1729417113789 630.0860000000102 53.802000000025146 38019.0 7626904.0    
264000 272000 5901.694999999949 524.5762500000128 144.2540609719862 662.4120000000112 321.3860000000568 47495.0 10435996.0    
272000 280000 6624.777000000002 343.80574999999953 212.1355903526459 524.14300000004 56.72199999995064 36505.0 7625586.0    
280000 288000 6275.6110000000335 431.0972499999916 254.96588959619095 629.4869999999646 64.11300000001211 47219.0 10270125.0    
288000 296000 6892.754000000074 276.8114999999816 257.21272557489283 575.3789999999572 59.773999999975786 28844.0 5967997.0    
296000 304000 7041.349000000046 479.3254999999772 233.03340370106335 644.1049999999814 314.545999999973 27172.0 6020766.0    
