ts te idle avg_span std_span max_span min_span c_ack_cnt c_ack_cnt_p c_bytes_all c_bytes_uniq s_ack_cnt s_ack_cnt_p s_bytes_all s_bytes_uniq avg_video_rate avg_audio_rate video_requests_sequence audio_requests_sequence
0 7000 6125.520751953125 532.5429960937508 126.99855546134715 612.930908203125 345.4190000000017 167.59208629018372 155.60532326873627 10923.836708013601 10923.836708013601 234.37434624096625 17.23345377680932 349194.84434863407 280950.9504725328 1500.0 128.0 6386.0#6386.0#1500_6389.0#6389.0#1500 6382.0#6382.0#128_6384.0#6384.0#128
7000 14000 126.74401367186874 763.2554315378298 285.46827998905434 999.5369999999966 13.579000000001543 1668.7927416478985 1643.9645403124255 20293.767971591762 20293.767971591762 2355.4538918317035 45.4721306303037 4136388.858087414 3652941.08074801 1500.0 128.0 6389.0#6389.0#1500_7361.0#7361.0#1500_8139.0#8139.0#1500_9065.0#9065.0#1500_9729.0#9729.0#1500_10478.0#10478.0#1500_11167.0#11167.0#1500_11924.0#11924.0#1500_12537.0#12537.0#1500_13240.0#13240.0#1500 7376.0#7376.0#128_8191.0#8191.0#128_9240.0#9240.0#128_9830.0#9830.0#128_10564.0#10564.0#128_11285.0#11285.0#128_11955.0#11955.0#128_12559.0#12559.0#128_13331.0#13331.0#128
14000 21000 43.17719335937727 734.3133587646475 331.55169931309877 999.601999999999 62.1330703124986 1192.128177303771 1178.0740361216467 11723.44397319236 11723.44397319236 1742.2920837863185 28.770837749066622 3429103.8148774854 3414134.4860929907 3325.0 128.0 13240.0#13240.0#1500_14039.0#14039.0#1500_15672.0#15672.0#3000_15673.0#15673.0#3000_17345.0#17345.0#4400_17346.0#17346.0#4400_19125.0#19125.0#4400_20886.0#20886.0#4400 14053.0#14053.0#128_15669.0#15669.0#128_17342.0#17342.0#128_19238.0#19238.0#128_20829.0#20829.0#128
21000 28000 65.78189648437547 658.6656661783849 383.96872285167757 999.1500000000015 83.63300000000163 1461.3243881253265 1451.223903343533 8420.711313498037 8420.711313498037 2059.107118218789 17.00837300423949 4132043.7028877363 4068647.7028877363 4400.0 128.0 20886.0#20886.0#4400_22561.0#22561.0#4400_24532.0#24532.0#4400_26517.0#26517.0#4400 22523.0#22523.0#128_24529.0#24529.0#128_26515.0#26515.0#128
28000 35000 9.754054687502503 672.490834147134 344.857740746869 999.8949999999968 226.47299999999814 1336.8888539124976 1326.3631911825403 8778.243102474105 8778.243102474105 2001.138039062364 18.505710941172 3882775.198580438 3860646.263766387 4400.0 128.0 26517.0#26517.0#4400_28512.0#28512.0#4400_30506.0#30506.0#4400_32523.0#32523.0#4400_34505.0#34505.0#4400 28511.0#28511.0#128_30504.0#30504.0#128_32521.0#32521.0#128_34505.0#34505.0#128
35000 42000 30.66008007812343 711.3722782315348 337.41624181208806 999.6209999999992 210.58000000000175 1334.121615617976 1324.1287545472057 8331.250510914131 8331.250510914131 1990.661465039791 16.49760801997472 3876304.600493437 3849923.5353074884 4400.0 128.0 34505.0#34505.0#4400_36516.0#36516.0#4400_38512.0#38512.0#4400_40514.0#40514.0#4400 36513.0#36513.0#128_38509.0#38509.0#128_40513.0#40513.0#128
42000 49000 368.430253906241 786.8230099158665 310.7008475746303 999.2740000000049 139.22802734375 1357.307545526449 1347.3146849372192 8330.044193144638 8330.044193144638 1943.2002990659767 19.47383530002542 3714576.232980152 3642981.7531049605 4400.0 128.0 40514.0#40514.0#4400_42526.0#42526.0#4400_44176.0#44176.0#4400_46149.0#46149.0#4400_48860.0#48860.0#4400 42525.0#42525.0#128_43339.0#43339.0#128_45330.0#45330.0#128_48859.0#48859.0#128
49000 56000 18.681626953126397 824.3164809570322 239.48136686526885 998.2179999999935 258.747000000003 1424.3542669724789 1411.8352416832745 10463.702227171365 9623.702227171365 2029.7341405214179 22.03805057840873 3966416.2384963064 3889695.7183714975 4400.0 128.0 48860.0#48860.0#4400_50355.0#50355.0#4400_52536.0#52536.0#4400_54523.0#54523.0#4400 48859.0#48859.0#128_49332.0#49332.0#128_52535.0#52535.0#128_54521.0#54521.0#128_54827.0#54827.0#128
56000 63000 511.2691953124886 669.6954073660735 298.47417476161905 999.2179999999935 258.019287109375 1422.4332239946582 1410.8589071261429 9659.522631480948 9659.522631480948 2118.2920363213384 22.148633737030522 4200732.682968796 4178454.682968796 3933.3333333333335 128.0 54523.0#54523.0#4400_56175.0#56175.0#4400_58510.0#58510.0#4400_60181.0#60181.0#4400_61740.0#61740.0#3000_62873.0#62873.0#3000 58509.0#58509.0#128_58829.0#58829.0#128_61831.0#61831.0#128
63000 70000 151.94442968750081 691.2828673502603 301.8090042649626 999.8669999999984 231.67499999998836 1306.3301921219934 1294.9853136987197 9459.409460704082 9459.409460704082 1954.4035772603524 18.310963908864075 3828852.760145813 3806565.70910131 3840.0 128.0 61740.0#61740.0#3000_62873.0#62873.0#3000_64534.0#64534.0#4400_66550.0#66550.0#4400_68541.0#68541.0#4400 63115.0#63115.0#128_64529.0#64529.0#128_66549.0#66549.0#128_68539.0#68539.0#128
70000 77000 24.178021484418423 656.3708463040832 339.79082353113466 999.9779999999882 163.302001953125 1547.5417544971738 1536.4609497889628 9245.06790781497 9245.06790781497 2103.8771831716767 19.540402354105403 3766450.9131285297 3679615.936010282 4400.0 128.0 68541.0#68541.0#4400_70538.0#70538.0#4400_72611.0#72611.0#4400_74542.0#74542.0#4400_76518.0#76518.0#4400 70536.0#70536.0#128_72586.0#72586.0#128_74541.0#74541.0#128_76517.0#76517.0#128
77000 84000 1339.3182460937242 788.595499755862 272.1556336417803 999.9759999999951 276.5610000000015 1160.1851539895933 1153.1851539895933 5824.0 5824.0 1624.4658194793062 12.0 3170804.153005258 3141705.181168009 4400.0 128.0 76518.0#76518.0#4400_78534.0#78534.0#4400_80579.0#80579.0#4400 78530.0#78530.0#128_80578.0#80578.0#128
84000 91000 2814.775990234368 658.6981670809685 248.8431502947815 999.6989999999787 289.40700000002107 875.2904893527902 862.0946500486131 11508.640176336976 11508.640176336976 1209.9322345645392 25.788076432142063 2527838.3517188826 2464846.3517188826 3000.0 128.0 87115.0#87115.0#3000_88298.0#88298.0#3000_89468.0#89468.0#3000_90635.0#90635.0#3000 87334.0#87334.0#128_88329.0#88329.0#128_89560.0#89560.0#128_90734.0#90734.0#128
91000 98000 4.044792968736147 677.7101916360288 338.311947242588 999.9130000000005 6.080050781238242 1399.3287304787805 1384.5245697829578 11538.359823663024 11538.359823663024 2036.6263549349223 28.211923567857937 4059197.7125632614 4035118.6278137467 3000.0 128.0 90635.0#90635.0#3000_91724.0#91724.0#3000_93104.0#93104.0#3000_94268.0#94268.0#3000_95862.0#95862.0#3000_96974.0#96974.0#3000 91831.0#91831.0#128_93191.0#93191.0#128_94329.0#94329.0#128_96016.0#96016.0#128_97160.0#97160.0#128
98000 105000 1735.0847968750313 556.4543467684628 359.20842427682004 998.9239999999991 56.25800000000163 974.5527304062489 964.5527304062489 8326.0 8326.0 1450.452538877912 15.917734340214695 2800458.5041467845 2785809.773632081 4050.0 128.0 96974.0#96974.0#3000_100593.0#100593.0#4400_102529.0#102529.0#4400_104518.0#104518.0#4400 100588.0#100588.0#128_102526.0#102526.0#128_104516.0#104516.0#128
105000 112000 107.19400976558973 695.277490944603 341.11662031876585 999.6119999999937 225.6409999999887 1507.66730144542 1498.66730144542 7506.0 7506.0 2054.6142454271344 16.082265659785307 3928372.8189637233 3837207.1730832593 4400.0 128.0 104518.0#104518.0#4400_106519.0#106519.0#4400_108559.0#108559.0#4400_110527.0#110527.0#4400 106516.0#106516.0#128_108556.0#108556.0#128_110524.0#110524.0#128
112000 119000 120.123986328108 691.2235594308046 371.5996778865827 999.8369999999995 14.452880859375 1199.6802684752456 1186.187781963118 11263.688670187265 11263.688670187265 1733.9266660239557 22.984973024255392 3360205.224919897 3276261.529564676 3233.3333333333335 128.0 110527.0#110527.0#4400_112537.0#112537.0#3000_114554.0#114554.0#3000_116526.0#116526.0#3000_117719.0#117719.0#3000_118791.0#118791.0#3000 112833.0#112833.0#128_114835.0#114835.0#128_116833.0#116833.0#128_117832.0#117832.0#128_118828.0#118828.0#128
119000 126000 1191.825757812505 607.2645714518245 360.35442126673377 999.3839999999909 26.550119140621973 1165.8063647474455 1155.586934458132 8523.202275008958 8523.202275008958 1791.063473918542 17.726943777185838 3370871.203541034 3308510.3600409376 3560.0 128.0 117719.0#117719.0#3000_118791.0#118791.0#3000_120554.0#120554.0#3000_123137.0#123137.0#4400_124649.0#124649.0#4400 118828.0#118828.0#128_120551.0#120551.0#128_123135.0#123135.0#128_124591.0#124591.0#128
126000 133000 18.041925781260943 667.7008406575502 360.2501525914928 999.2419999999984 108.91699999998673 1347.8314802997095 1337.1036339611196 8945.38961871016 8945.38961871016 2004.3555600021125 18.167609478621436 3857106.2760431594 3820943.523382418 4400.0 128.0 124649.0#124649.0#4400_126528.0#126528.0#4400_128516.0#128516.0#4400_130518.0#130518.0#4400_132591.0#132591.0#4400 126527.0#126527.0#128_128513.0#128513.0#128_130515.0#130515.0#128_132519.0#132519.0#128
133000 140000 14.489431640628027 703.0775630326693 348.4688919319161 999.8589999999967 130.24199999999837 1251.8209455743327 1242.2607087143642 7977.7194360936155 7977.7194360936155 1865.561526067063 16.12047371993733 3569746.4801977393 3532084.2328584804 4400.0 128.0 132591.0#132591.0#4400_134511.0#134511.0#4400_136518.0#136518.0#4400_138518.0#138518.0#4400 134509.0#134509.0#128_136517.0#136517.0#128_138517.0#138517.0#128
140000 147000 22.402021484391298 694.3583190104158 321.9891954992684 999.9979999999923 241.80300000001444 1554.4744772281895 1542.9891943627053 9574.60817273772 9574.60817273772 2146.860554506846 18.970565730968456 3924480.2832724857 3879455.5362851466 4400.0 128.0 138518.0#138518.0#4400_140625.0#140625.0#4400_142529.0#142529.0#4400_144613.0#144613.0#4400_146514.0#146514.0#4400 140577.0#140577.0#128_142527.0#142527.0#128_144537.0#144537.0#128_146513.0#146513.0#128
147000 154000 1599.7044707031455 657.6093211805533 401.31085208159664 999.3869999999879 0.0 1378.5472119918372 1371.0324948573216 6257.3918272622805 6257.3918272622805 1733.606845676973 12.029434269031544 3024069.1446330324 2938823.891620371 4400.0 128.0 146514.0#146514.0#4400_148539.0#148539.0#4400_150540.0#150540.0#4400 148537.0#148537.0#128_150538.0#150538.0#128
154000 161000 3830.445908203139 549.0085986328107 303.4840065323112 998.4040000000095 262.2850000000035 649.0695952208087 639.5754838586516 7900.041766936209 7900.041766936209 994.092615555527 18.988222724314035 1881363.9765348034 1823300.9765348034 3000.0 128.0 158119.0#158119.0#3000_159288.0#159288.0#3000_160506.0#160506.0#3000 158330.0#158330.0#128_159329.0#159329.0#128_160626.0#160626.0#128
161000 168000 7.015824218688067 755.4152332589396 286.075349721956 999.4249999999884 223.6590000000433 1608.8818241595882 1594.169971875869 12296.90805914101 12296.90805914101 2270.6705132534735 26.61475909862405 4153361.376518707 4097347.743897279 3000.0 128.0 160506.0#160506.0#3000_161718.0#161718.0#3000_162968.0#162968.0#3000_164117.0#164117.0#3000_165366.0#165366.0#3000_166772.0#166772.0#3000 161806.0#161806.0#128_163101.0#163101.0#128_164258.0#164258.0#128_165447.0#165447.0#128_166836.0#166836.0#128
168000 175000 101.96974023428629 750.8330665564953 297.58138740774416 999.5299999999988 264.5320000000065 1395.9165827613099 1383.655867488455 10239.9938234945 10239.9938234945 1894.4390030502377 23.330376014524425 3806175.8549952493 3755553.88273447 3466.6666666666665 128.0 166772.0#166772.0#3000_168100.0#168100.0#3000_169429.0#169429.0#3000_170734.0#170734.0#3000_172528.0#172528.0#4400_174533.0#174533.0#4400 168210.0#168210.0#128_169614.0#169614.0#128_170739.0#170739.0#128_172523.0#172523.0#128_174531.0#174531.0#128
175000 182000 32.661921875027474 727.4786205610806 319.82160217243404 999.8530000000028 195.9919433593459 1451.0220724842773 1441.0901697949312 8285.879085132368 8285.879085132368 2020.2680852798264 16.664514574653307 4041124.8613387463 3978997.6193129364 4400.0 128.0 174533.0#174533.0#4400_176626.0#176626.0#4400_178567.0#178567.0#4400_180533.0#180533.0#4400 176580.0#176580.0#128_178564.0#178564.0#128_180531.0#180531.0#128
182000 189000 11.196749999944586 740.1715484730084 329.033443385189 999.9729999999981 222.72000000000116 1646.3077768674634 1635.2251168681444 9240.38269872358 9240.38269872358 2173.114412590462 18.36461080267674 4061038.721105716 3943228.897854139 4400.0 128.0 180533.0#180533.0#4400_182512.0#182512.0#4400_184541.0#184541.0#4400_186515.0#186515.0#4400_188519.0#188519.0#4400 182511.0#182511.0#128_184541.0#184541.0#128_186514.0#186514.0#128_188518.0#188518.0#128
189000 196000 18.660560546821216 723.8318286576753 323.707099577472 999.4659999999858 255.01299999997718 1534.8457072414226 1525.3269488488188 7942.794566572335 7942.794566572335 2066.9026155695265 16.037516785207444 3756835.794968728 3677181.465128322 4400.0 128.0 188519.0#188519.0#4400_190517.0#190517.0#4400_192518.0#192518.0#4400_194694.0#194694.0#4400 190516.0#190516.0#128_192516.0#192516.0#128_194580.0#194580.0#128
196000 203000 36.200066406308906 689.8843992513017 322.0188274377877 999.5270000000019 212.5959472655959 1437.9933303706887 1426.1362067844257 9895.60298855249 9895.60298855249 2051.1632000611953 19.308410196007102 3907985.3779382063 3862064.9025268788 4400.0 128.0 194694.0#194694.0#4400_196549.0#196549.0#4400_198559.0#198559.0#4400_200569.0#200569.0#4400_202521.0#202521.0#4400 196547.0#196547.0#128_198554.0#198554.0#128_200567.0#200567.0#128_202519.0#202519.0#128_202831.0#202831.0#128
203000 210000 105.27103710937081 760.2486206430432 321.5724780162521 999.8950000000186 167.4499511719332 1518.6848859505671 1508.1314204015148 8801.185993759176 8801.185993759176 2167.5348645077684 18.51276807462342 3983974.0029627206 3875007.4086886346 3840.0 128.0 202521.0#202521.0#4400_203952.0#203952.0#4400_206530.0#206530.0#4400_208522.0#208522.0#3000_209791.0#209791.0#3000 202831.0#202831.0#128_206527.0#206527.0#128_208839.0#208839.0#128_209832.0#209832.0#128
210000 217000 45.206085937446915 725.3839129231734 312.9161894650257 998.7799999999988 237.25899999999092 1229.1547221558858 1217.1147800605618 10044.558313886342 10044.558313886342 1761.887404409584 22.07988419064741 3501019.6870623846 3469320.28236605 3560.0 128.0 209791.0#209791.0#3000_211063.0#211063.0#3000_212544.0#212544.0#3000_214536.0#214536.0#4400_216549.0#216549.0#4400 209832.0#209832.0#128_211180.0#211180.0#128_212542.0#212542.0#128_214533.0#214533.0#128_216546.0#216546.0#128
217000 224000 15.787710937525844 719.6154726562487 327.17176266853073 999.94200000001 241.24100000003818 1423.0328375219808 1413.0144866959508 8363.451395517457 8363.451395517457 1939.247492439813 16.09893753872207 4053987.120158809 3977422.278415361 4400.0 128.0 216549.0#216549.0#4400_218597.0#218597.0#4400_220544.0#220544.0#4400_222531.0#222531.0#4400 218575.0#218575.0#128_220542.0#220542.0#128_222530.0#222530.0#128
224000 231000 9.58640820311848 705.5268339843848 319.81692442622085 999.926999999996 243.50200000000768 1434.3124361190019 1423.1797887215123 9277.689108686056 9277.689108686056 1970.4376855556932 19.203058908317153 3959443.9459876954 3885146.222343377 4400.0 128.0 222531.0#222531.0#4400_224528.0#224528.0#4400_226558.0#226558.0#4400_228604.0#228604.0#4400_230523.0#230523.0#4400 224525.0#224525.0#128_226555.0#226555.0#128_228585.0#228585.0#128_230521.0#230521.0#128
231000 238000 36.85827539046295 711.8158900923445 328.2885977803561 999.0139999999956 240.23600000000442 1495.837044153018 1485.4881957858804 8630.325791274341 8630.325791274341 2104.7836680694772 16.272130002330954 3927427.23024916 3845919.458978777 4400.0 128.0 230523.0#230523.0#4400_232524.0#232524.0#4400_234517.0#234517.0#4400_236528.0#236528.0#4400 232521.0#232521.0#128_234514.0#234514.0#128_236526.0#236526.0#128
238000 245000 401.0432851561345 601.6610803786205 397.80591767023117 999.7710000000661 0.0 1449.023081379673 1437.7639884178348 9392.256629108915 9392.256629108915 2025.0812842359428 19.33901726405366 3536569.5869788476 3429483.413959093 3466.6666666666665 128.0 236528.0#236528.0#4400_238520.0#238520.0#4400_240517.0#240517.0#4400_242996.0#242996.0#3000_244650.0#244650.0#2300_244651.0#244651.0#2300 238518.0#238518.0#128_240516.0#240516.0#128_242560.0#242560.0#128_244661.0#244661.0#128
245000 252000 780.382005859341 669.4724228515697 351.7157003931193 999.994000000006 168.02392578125 892.3319939049185 880.34708034024 9998.829880971944 9998.829880971944 1286.078423948273 19.870658135683012 2359723.1444862094 2287761.1285458617 2300.0 128.0 244651.0#244651.0#2300_246518.0#246518.0#2300_248521.0#248521.0#2300_250526.0#250526.0#2300_251490.0#251490.0#2300 246831.0#246831.0#128_248831.0#248831.0#128_250831.0#250831.0#128_251657.0#251657.0#128
252000 259000 2443.060015624913 630.8394552557041 334.37068820493255 999.0260000000126 0.0 867.8970520524994 858.0914364003122 8172.0998982432775 8172.0998982432775 1285.889234806605 17.315135689615225 2538518.2084901487 2519051.2084901487 3350.0 128.0 251490.0#251490.0#2300_252598.0#252598.0#2300_256543.0#256543.0#4400_258058.0#258058.0#4400 252603.0#252603.0#128_256539.0#256539.0#128_256829.0#256829.0#128
259000 266000 16.947822265618015 742.3518344351055 307.3019512402007 999.7089999999735 178.68900000007125 1421.9689400418815 1410.0113532842436 9982.797008839569 9982.797008839569 2172.7261221900917 21.478793378819017 4179722.436608215 4146828.436608215 3840.0 128.0 258058.0#258058.0#4400_259973.0#259973.0#4400_261767.0#261767.0#3000_262772.0#262772.0#3000_264524.0#264524.0#4400 260082.0#260082.0#128_261833.0#261833.0#128_262829.0#262829.0#128_264521.0#264521.0#128
266000 273000 28.822222656279337 743.7495034179738 301.3609195876988 999.6790000000037 290.4189999999944 1554.6470211941753 1543.6046079518133 9213.202991160431 9213.202991160431 2231.951424246461 18.41905110020668 4027385.928509717 3920151.8764659823 4400.0 128.0 264524.0#264524.0#4400_266514.0#266514.0#4400_268618.0#268618.0#4400_270529.0#270529.0#4400_272527.0#272527.0#4400 266512.0#266512.0#128_268597.0#268597.0#128_270528.0#270528.0#128_272525.0#272525.0#128
273000 280000 28.571560546872206 689.0609190340937 374.1892013935386 999.6520000000019 43.91700000001583 1433.1600773345092 1423.2046289319273 8299.02217414276 8299.02217414276 1993.6160380134156 16.57987972226512 3756935.582840715 3687180.066544708 4400.0 128.0 272527.0#272527.0#4400_274514.0#274514.0#4400_276509.0#276509.0#4400_278527.0#278527.0#4400 274513.0#274513.0#128_276509.0#276509.0#128_278525.0#278525.0#128
280000 287000 9.5779824219062 826.4689302455309 260.3522636439426 999.1109999999171 258.7990000000573 1693.4894402420864 1682.0238845518402 9569.463272018207 9569.463272018207 2391.784786182106 21.785288077192437 4436344.314810306 4338308.184576981 4400.0 128.0 278527.0#278527.0#4400_280517.0#280517.0#4400_282510.0#282510.0#4400_284192.0#284192.0#4400_285773.0#285773.0#4400 280515.0#280515.0#128_282507.0#282507.0#128_283331.0#283331.0#128_285335.0#285335.0#128
287000 294000 9.076091796858236 719.5959930989659 312.7161798798076 999.8640000000014 92.5219999999972 1623.2129922190786 1612.6339963119065 8833.514553839033 8833.514553839033 2303.6877882402555 20.736987721516748 4374811.052661033 4287174.751234099 4400.0 128.0 285773.0#285773.0#4400_287140.0#287140.0#4400_288867.0#288867.0#4400_290837.0#290837.0#4400_292887.0#292887.0#4400 287329.0#287329.0#128_288832.0#288832.0#128_290835.0#290835.0#128_292570.0#292570.0#128
