ts te idle avg_span std_span max_span min_span c_bytes_all s_bytes_all avg_video_rate avg_audio_rate video_requests_sequence audio_requests_sequence
0 7000 5684.529000000039 657.7354999999807 478.1123714196214 995.8119999999763 319.6589999999851 14831.0 408850.0 480.0 128.0 4387.0#4387.0#480_4988.0#4988.0#480 4382.0#4382.0#128
7000 14000 100.56409570312826 985.6337006138389 34.87664203872827 999.9519999999902 906.576904296875 61083.0776992986 2097543.1085908953 970.0 128.0 7083.0#7083.0#480_7449.0#7449.0#480_7993.0#7993.0#480_8885.0#8885.0#480_9750.0#9750.0#480_10416.0#10416.0#480_10798.0#10798.0#480_11886.0#11886.0#4400 7080.0#7080.0#128_7523.0#7523.0#128_7935.0#7935.0#128_8177.0#8177.0#128_9747.0#9747.0#128_9893.0#9893.0#128_10509.0#10509.0#128_10877.0#10877.0#128_11880.0#11880.0#128_13877.0#13877.0#128
14000 21000 37.04696874989895 870.3691289062626 316.92401853951594 999.4170000000158 92.89509570313385 65088.84686319934 2442300.9181268327 4700.0 128.0 11886.0#11886.0#4400_14665.0#14665.0#8000_15891.0#15891.0#8000_17380.0#17380.0#8000_17634.0#17634.0#1500_19080.0#19080.0#1500_20276.0#20276.0#1500 13877.0#13877.0#128_15887.0#15887.0#128_17379.0#17379.0#128_17891.0#17891.0#128_19182.0#19182.0#128_20365.0#20365.0#128
21000 28000 1013.5349511718377 748.3081311035203 366.6289425383396 999.38400000002 116.42606445314595 56096.610714813316 2099418.6537245116 1633.3333333333333 128.0 20276.0#20276.0#1500_21575.0#21575.0#1500_22606.0#22606.0#1500_23907.0#23907.0#1500_25106.0#25106.0#1500_27392.0#27392.0#2300 21618.0#21618.0#128_22694.0#22694.0#128_23974.0#23974.0#128_25186.0#25186.0#128_27389.0#27389.0#128
28000 35000 24.730902343813796 871.9086372070233 240.09953311339783 999.2519999999786 387.4700156250037 58445.777590804304 2426605.7718700026 2300.0 128.0 27392.0#27392.0#2300_28967.0#28967.0#2300_30926.0#30926.0#2300_32842.0#32842.0#2300_34885.0#34885.0#2300 28878.0#28878.0#128_30989.0#30989.0#128_32881.0#32881.0#128_34883.0#34883.0#128
35000 42000 86.29706054698909 864.2128674316264 238.07076737965974 998.8659999999218 397.5449179688003 54931.00053940521 2190935.68602124 2300.0 128.0 34885.0#34885.0#2300_37017.0#37017.0#2300_38601.0#38601.0#2300_40897.0#40897.0#2300 34883.0#34883.0#128_36878.0#36878.0#128_38379.0#38379.0#128_40892.0#40892.0#128
42000 49000 34.991091796779074 870.6261135254026 239.21431985251013 999.9769999999553 422.59197851561476 56780.30311124207 2265876.1405654615 2300.0 128.0 40897.0#40897.0#2300_42985.0#42985.0#2300_44388.0#44388.0#2300_46393.0#46393.0#2300_48381.0#48381.0#2300 42383.0#42383.0#128_44381.0#44381.0#128_46388.0#46388.0#128_48378.0#48378.0#128
49000 56000 32.6529472656548 870.9183815917931 236.84112187629142 999.9290000000037 447.2580703124986 51561.03194850395 2139136.7323728674 2300.0 128.0 48381.0#48381.0#2300_50388.0#50388.0#2300_52115.0#52115.0#2300_53908.0#53908.0#2300 50385.0#50385.0#128_52211.0#52211.0#128_53877.0#53877.0#128
56000 63000 29.789925781369675 871.2762592773288 236.0080995097266 999.8929999999818 468.6400175781455 56497.501115365616 2380520.5661527854 2300.0 128.0 56392.0#56392.0#2300_58223.0#58223.0#2300_59843.0#59843.0#2300_61552.0#61552.0#2300 56390.0#56390.0#128_57880.0#57880.0#128_59883.0#59883.0#128_61629.0#61629.0#128
63000 70000 713.4649492187309 785.8168813476586 334.077718442991 999.9680000000517 109.485107421875 49107.36215899178 2229021.687620442 2300.0 128.0 61552.0#61552.0#2300_63392.0#63392.0#2300_65887.0#65887.0#2300_67585.0#67585.0#2300_69313.0#69313.0#2300 63379.0#63379.0#128_65884.0#65884.0#128_67381.0#67381.0#128_69339.0#69339.0#128
70000 77000 44.928007812588476 869.3839990234264 316.7834706549123 997.9190000000526 90.902099609375 47953.04674223384 2275145.854308689 2300.0 128.0 69313.0#69313.0#2300_71389.0#71389.0#2300_73945.0#73945.0#2300_75553.0#75553.0#2300 71383.0#71383.0#128_73379.0#73379.0#128_75380.0#75380.0#128_76879.0#76879.0#128
77000 84000 76.90010156243807 865.3874873046952 322.17670649379653 999.75 71.947998046875 49603.37741832977 2313683.5100080026 2300.0 128.0 75553.0#75553.0#2300_77331.0#77331.0#2300_78929.0#78929.0#2300_80649.0#80649.0#2300_82889.0#82889.0#2300 76879.0#76879.0#128_78881.0#78881.0#128_80660.0#80660.0#128_82884.0#82884.0#128
84000 91000 30.568900390760973 871.1788874511549 330.44780367508963 999.2189999999828 55.97509765625 52375.47031434094 2188754.5381216547 2300.0 128.0 82889.0#82889.0#2300_84656.0#84656.0#2300_86885.0#86885.0#2300_88551.0#88551.0#2300_90447.0#90447.0#2300 84669.0#84669.0#128_86881.0#86881.0#128_88381.0#88381.0#128_90444.0#90444.0#128
91000 98000 631.7488496094593 909.7501643415059 142.1410249834002 999.8850000000093 632.479248046875 47957.03587007872 2235363.9809472635 2300.0 128.0 90447.0#90447.0#2300_92356.0#92356.0#2300_94393.0#94393.0#2300_96446.0#96446.0#2300 92381.0#92381.0#128_94389.0#94389.0#128_96381.0#96381.0#128
98000 105000 50.08735351584619 868.7390808105192 243.7677848598842 998.8339999999152 366.5217519531143 48142.555644089196 2288716.9666717416 2300.0 128.0 96446.0#96446.0#2300_98127.0#98127.0#2300_100385.0#100385.0#2300_101971.0#101971.0#2300_103755.0#103755.0#2300 98137.0#98137.0#128_100382.0#100382.0#128_101882.0#101882.0#128_103764.0#103764.0#128
105000 112000 561.1279199217679 804.859010009779 353.3810380101354 999.9010000000126 113.198974609375 42758.31754039786 1979944.3463431494 2300.0 128.0 103755.0#103755.0#2300_105890.0#105890.0#2300_107891.0#107891.0#2300_109689.0#109689.0#2300_111886.0#111886.0#2300 105887.0#105887.0#128_107886.0#107886.0#128_109751.0#109751.0#128_111886.0#111886.0#128
112000 119000 38.77609570324421 870.1529880370945 315.8219070503563 999.5580000000191 94.90087890625 50760.84202019956 2356286.241922761 2300.0 128.0 111886.0#111886.0#2300_113758.0#113758.0#2300_115397.0#115397.0#2300_117389.0#117389.0#2300 111886.0#111886.0#128_113775.0#113775.0#128_115378.0#115378.0#128_117383.0#117383.0#128
119000 126000 1389.9605742187705 801.4342036830328 293.9096931777332 998.170999999973 268.0820000000531 41394.35230980615 1831918.947421763 2300.0 128.0 117389.0#117389.0#2300_119089.0#119089.0#2300_121380.0#121380.0#2300_124492.0#124492.0#2300 119169.0#119169.0#128_121377.0#121377.0#128_122882.0#122882.0#128_124877.0#124877.0#128
126000 133000 31.462304687534925 871.0672119140581 235.5308641828959 999.9380000000237 483.5 51322.692751336384 2483798.4898149283 2300.0 128.0 124492.0#124492.0#2300_126159.0#126159.0#2300_128129.0#128129.0#2300_129688.0#129688.0#2300_131247.0#131247.0#2300_132934.0#132934.0#2300 126879.0#126879.0#128_128877.0#128877.0#128_130878.0#130878.0#128_132878.0#132878.0#128
133000 140000 432.8700156250852 820.8912480468643 334.2540982478881 999.9769999999553 105.208984375 49815.25300093007 2317770.185441238 2300.0 128.0 131247.0#131247.0#2300_132934.0#132934.0#2300_134741.0#134741.0#2300_136896.0#136896.0#2300_138495.0#138495.0#2300 132878.0#132878.0#128_134840.0#134840.0#128_136888.0#136888.0#128_138380.0#138380.0#128
140000 147000 771.3568984375452 889.806157366065 154.12609780925112 999.8129999999655 635.7880859375 45619.03244486676 2031118.2523435424 2300.0 128.0 138495.0#138495.0#2300_140392.0#140392.0#2300_142124.0#142124.0#2300_144018.0#144018.0#2300_146388.0#146388.0#2300 140384.0#140384.0#128_142136.0#142136.0#128_144027.0#144027.0#128_146384.0#146384.0#128
147000 154000 41.20716015633661 869.8491049804579 246.4843858544481 999.7619999999879 360.04491406248417 52074.31843725215 2446798.194852695 2300.0 128.0 146388.0#146388.0#2300_148048.0#148048.0#2300_150000.0#150000.0#2300_151821.0#151821.0#2300_153818.0#153818.0#2300 148087.0#148087.0#128_149881.0#149881.0#128_151879.0#151879.0#128_153829.0#153829.0#128
154000 161000 81.33596289058914 864.8330046386764 245.923823137601 999.5449999999837 384.4770742187393 48150.94580808282 2261895.311762519 2300.0 128.0 153818.0#153818.0#2300_155890.0#155890.0#2300_157526.0#157526.0#2300_159390.0#159390.0#2300 153829.0#153829.0#128_155887.0#155887.0#128_157532.0#157532.0#128_159384.0#159384.0#128
161000 168000 672.0926523437374 790.9884184570328 381.77492466833485 999.5869999999995 92.643310546875 43042.438826532816 1955631.3196547236 2300.0 128.0 159390.0#159390.0#2300_161894.0#161894.0#2300_163405.0#163405.0#2300_165390.0#165390.0#2300_167391.0#167391.0#2300 161887.0#161887.0#128_163378.0#163378.0#128_165383.0#165383.0#128_167386.0#167386.0#128
168000 175000 58.83531250001397 867.6455859374983 330.8212573071714 999.435999999987 53.072998046875 49395.93885408691 2248920.261553713 2300.0 128.0 167391.0#167391.0#2300_169114.0#169114.0#2300_171384.0#171384.0#2300_173064.0#173064.0#2300_174885.0#174885.0#2300 169207.0#169207.0#128_171382.0#171382.0#128_173160.0#173160.0#128_174882.0#174882.0#128
175000 182000 44.96199804689968 869.3797502441375 338.10185377804055 997.8080000000191 33.875 48407.96171366387 2354913.4708563513 2300.0 128.0 174885.0#174885.0#2300_176737.0#176737.0#2300_178886.0#178886.0#2300_181246.0#181246.0#2300 174882.0#174882.0#128_176811.0#176811.0#128_178879.0#178879.0#128_180880.0#180880.0#128
182000 189000 33.25199609377887 870.8435004882776 345.34540900715757 999.4309999999823 16.60400390625 47234.358886391696 2129178.67378044 2300.0 128.0 181246.0#181246.0#2300_182465.0#182465.0#2300_184382.0#184382.0#2300_186885.0#186885.0#2300_188864.0#188864.0#2300 182583.0#182583.0#128_184380.0#184380.0#128_186880.0#186880.0#128_188380.0#188380.0#128
189000 196000 1000.0230273437337 857.1395675223238 244.64212441823923 999.3050000000512 393.8209999999963 45965.15586722917 2154650.14953102 2300.0 128.0 188864.0#188864.0#2300_190518.0#190518.0#2300_192226.0#192226.0#2300_194390.0#194390.0#2300 190381.0#190381.0#128_192284.0#192284.0#128_194386.0#194386.0#128
196000 203000 41.24792382796295 869.8440095215046 243.93439230693275 998.7240000000456 365.87002343754284 51781.27690772312 2456166.2773632375 2300.0 128.0 194390.0#194390.0#2300_196061.0#196061.0#2300_197886.0#197886.0#2300_200268.0#200268.0#2300_201922.0#201922.0#2300 196139.0#196139.0#128_197882.0#197882.0#128_199883.0#199883.0#128_201878.0#201878.0#128
203000 210000 704.8211503906641 786.897356201167 346.3299263228456 999.5779999999795 112.02490234375 46753.25246774379 2136918.5482751685 2300.0 128.0 201922.0#201922.0#2300_203890.0#203890.0#2300_205851.0#205851.0#2300_207885.0#207885.0#2300_209553.0#209553.0#2300 203886.0#203886.0#128_205868.0#205868.0#128_207882.0#207882.0#128_209377.0#209377.0#128
210000 217000 960.8319023437798 862.7382996651743 163.15408046755536 998.8819999999832 608.625 45416.351481579535 2098139.274653767 2300.0 128.0 209553.0#209553.0#2300_211279.0#211279.0#2300_213387.0#213387.0#2300_215391.0#215391.0#2300 211354.0#211354.0#128_213381.0#213381.0#128_215388.0#215388.0#128
217000 224000 70.52689843752887 866.1841376953089 244.30232463155693 998.7260000000242 390.64300000004005 46635.761932543865 2219908.0774365375 2300.0 128.0 215391.0#215391.0#2300_217129.0#217129.0#2300_218897.0#218897.0#2300_221390.0#221390.0#2300_223591.0#223591.0#2300 217204.0#217204.0#128_218891.0#218891.0#128_221384.0#221384.0#128_222878.0#222878.0#128
224000 231000 39.256000000052154 870.0929999999935 236.42456220755636 999.5239999999758 431.09489843749907 52473.46582052039 2396057.1027808785 2300.0 128.0 223591.0#223591.0#2300_224973.0#224973.0#2300_226600.0#226600.0#2300_228887.0#228887.0#2300_230576.0#230576.0#2300 224881.0#224881.0#128_226669.0#226669.0#128_228881.0#228881.0#128_230690.0#230690.0#128
231000 238000 43.28119921858888 869.5898500976764 237.36945645605226 999.9660000000149 446.8398984374944 44178.18383659878 1963383.7057072446 2300.0 128.0 230576.0#230576.0#2300_232412.0#232412.0#2300_234382.0#234382.0#2300_236392.0#236392.0#2300 232424.0#232424.0#128_234381.0#234381.0#128_236387.0#236387.0#128
238000 245000 837.4420136718545 770.3197482910182 315.00630861667287 998.4699999999721 341.035888671875 48047.738379641756 2183814.836472381 2300.0 128.0 236392.0#236392.0#2300_238389.0#238389.0#2300_240121.0#240121.0#2300_242657.0#242657.0#2300_244614.0#244614.0#2300 238384.0#238384.0#128_240134.0#240134.0#128_242655.0#242655.0#128_243881.0#243881.0#128
245000 252000 36.7267832030775 870.4091520996153 251.36101225041816 998.9930000000168 322.80810546875 52117.94110760699 2480409.3475456717 2300.0 128.0 244614.0#244614.0#2300_246313.0#246313.0#2300_247919.0#247919.0#2300_249689.0#249689.0#2300_251561.0#251561.0#2300 246400.0#246400.0#128_247882.0#247882.0#128_249882.0#249882.0#128_251578.0#251578.0#128
252000 259000 555.1451796874171 805.6068525390729 317.4945219268598 997.6759999999776 102.14892578125 52417.27859635746 2304338.504085603 2300.0 128.0 251561.0#251561.0#2300_253891.0#253891.0#2300_255581.0#255581.0#2300_257391.0#257391.0#2300 253886.0#253886.0#128_255601.0#255601.0#128_257385.0#257385.0#128
259000 266000 522.2738925782032 925.3894439173995 140.32637738528265 999.8079999999609 618.634033203125 56741.964986672414 2465554.7198656993 2300.0 128.0 257391.0#257391.0#2300_259416.0#259416.0#2300_261125.0#261125.0#2300_263379.0#263379.0#2300_265117.0#265117.0#2300 259376.0#259376.0#128_261135.0#261135.0#128_263377.0#263377.0#128_265125.0#265125.0#128
266000 273000 594.9800507812761 800.6274936523405 276.65186547010387 999.6480000000447 378.3759667968843 47077.85610235628 2117815.5081053013 2300.0 128.0 265117.0#265117.0#2300_267387.0#267387.0#2300_268940.0#268940.0#2300_271390.0#271390.0#2300 267385.0#267385.0#128_268877.0#268877.0#128_271385.0#271385.0#128_272881.0#272881.0#128
273000 280000 44.07889453135431 869.4901381835807 238.09737374669055 999.3129999999655 420.4810175781604 49761.528854992954 2353191.8722128333 2300.0 128.0 271390.0#271390.0#2300_273074.0#273074.0#2300_274777.0#274777.0#2300_276885.0#276885.0#2300_278730.0#278730.0#2300 272881.0#272881.0#128_274855.0#274855.0#128_276882.0#276882.0#128_278377.0#278377.0#128
280000 287000 40.488980468711816 869.938877441411 236.9763050171782 999.3329999999842 442.24391210940666 51681.029487320484 2351589.883985382 2300.0 128.0 278730.0#278730.0#2300_280534.0#280534.0#2300_282383.0#282383.0#2300_284380.0#284380.0#2300_286181.0#286181.0#2300 280532.0#280532.0#128_282378.0#282378.0#128_284378.0#284378.0#128_286249.0#286249.0#128
287000 294000 28.227082031196915 871.4716147461004 236.71570263284949 999.9320000000298 465.27989257813897 46934.14903036336 2076078.943978061 2300.0 128.0 286181.0#286181.0#2300_288387.0#288387.0#2300_290263.0#290263.0#2300_292389.0#292389.0#2300 288385.0#288385.0#128_290278.0#290278.0#128_292385.0#292385.0#128_293877.0#293877.0#128
