ts te idle avg_span std_span max_span min_span c_bytes_all s_bytes_all avg_video_rate avg_audio_rate video_requests_sequence audio_requests_sequence
0 9000 8464.717041015625 535.282958984375  535.282958984375 535.282958984375 3986.99752924556 28787.492113944558    
9000 18000 929.1259062499921 896.7637881944453 191.2137046169222 999.5139999999956 449.3590410156248 37665.223854471966 2025784.22501402    
18000 27000 968.4410761718755 803.1558923828125 336.41053729397623 999.6229999999996 61.81794726562657 21736.83057694996 1011122.7253078804    
27000 36000 1204.537976562504 866.1624470486107 247.8663663891668 995.0590000000011 246.41902343749825 19031.94803933251 799916.557564155    
36000 45000 2353.866001953109 830.7667497558614 343.964004903503 998.4780000000028 6.8070000000006985 14190.322110207355 696185.5790630032    
45000 54000 1678.06603515624 813.5482183159734 272.52636546546137 997.4290000000037 255.1550019531278 17853.81374643826 1512300.5950867296    
54000 63000 1125.599031250007 874.9334409722214 229.0238197552553 998.6919999999955 313.863037109375 23853.893263085665 2137630.5766449347    
63000 72000 1967.4896523437637 781.3900386284707 376.11679536182635 998.3040000000037 0.0 23005.994155851848 2115203.3315948746    
72000 81000 46.24103320311406 895.3758966796886 253.93001121064214 998.7930000000051 199.5647207031143 40377.47681234287 3957297.7574007655    
81000 90000 1384.5693554687896 846.1589605034678 251.9191767409659 999.7690000000002 217.01175390623393 32863.67540561716 3277052.00638261    
90000 99000 148.86578515623114 885.1134214843769 243.88770240506568 999.5360000000073 242.34910937500536 36002.208388825195 3525566.2550082523    
99000 108000 44.32515429687919 895.5674845703121 233.25906608842917 999.3150000000023 298.1118945312337 42388.3398125201 4036852.6721939994    
108000 117000 124.62788867187919 887.5372111328121 225.7076783531295 999.9679999999935 324.95504882812384 36625.9407213339 3436027.133137152    
117000 126000 106.57508398435311 889.3424916015647 230.20884068798688 999.7900000000081 349.2229374999879 34630.01525134185 3200232.2009809436    
126000 135000 132.00694531248882 886.7993054687511 219.98944184767802 999.8030000000144 417.87202148436336 37133.40966955241 3441753.4915433247    
135000 144000 48.50094140620786 895.1499058593793 215.91301367913476 999.8010000000068 466.32396679688827 41463.78091198257 3945925.018411504    
144000 153000 1694.0491249999905 811.7723194444455 338.1647669308934 999.7669999999925 34.50500000000466 35176.8494469055 3313792.479131066    
153000 162000 165.79000390614965 883.420999609385 250.59659284293556 999.972000000038 204.27603320311755 41000.341981026555 3803568.9627620685    
162000 171000 1966.672070312401 781.4808810763999 351.44054812856876 999.9640000000072 116.62200000000303 34102.71882761406 3242046.041937077    
171000 180000 165.97094335936708 883.4029056640633 252.0009457088736 998.7589999999909 237.48710742188268 41236.915421242586 3902503.6275081304    
180000 189000 220.6880117188266 877.9311988281173 232.719651544791 999.0599999999977 347.33705078123603 37809.38589624235 3499609.3461506963    
189000 198000 94.68402343749767 890.5315976562503 220.02188071695548 998.8799999999756 451.3110624999972 40397.588787889166 3821276.0642057387    
198000 207000 294.24060351544176 870.5759396484558 223.5770028732978 999.9470000000147 435.643310546875 40901.82868858445 3892168.238786312    
207000 216000 47.60902734368574 895.2390972656315 217.43960930982544 999.9020000000019 416.165283203125 36593.20628802085 3464392.7140345145    
216000 225000 228.0023808593687 877.1997619140632 238.6077810183852 999.880999999994 306.77490234375 36295.59125562875 3414407.8789232867    
225000 234000 41.030931640649214 895.896906835935 236.13409292044688 999.8949999999895 281.844970703125 38339.129170963555 3588952.0221891594    
234000 243000 35.546001953131054 896.4453998046869 239.8183222368674 999.8420000000042 261.66796875 39675.05834829324 3703001.0959513243    
243000 252000 47.724935546924826 895.2275064453075 245.09712366457663 999.4089999999851 238.134033203125 41424.958691056614 3803043.3966494245    
252000 261000 220.83404101565247 877.9165958984347 285.88913925487225 999.2669999999925 108.6669921875 38548.334307559184 3701776.893576569    
261000 270000 197.66989453107817 880.2330105468922 291.80659160410937 999.4569999999949 62.22509765630821 36957.29071081385 3425470.08352347    
270000 279000 363.1361191406613 959.6515423177043 80.59977894380347 999.4830000000075 754.552978515625 36456.33519848285 3466313.6353225308    
279000 288000 118.18887499987613 888.1811125000124 248.8528560311174 999.2669999999925 238.67302148439921 40094.10078145425 3837638.4203929584    
288000 297000 1799.6371035156772 900.0453620605404 238.56554288957113 999.2569999999832 312.8898964843829 34103.49594912299 3227509.48150758    
297000 306000 6006.348000000056 997.8839999999813 1.4554555987732694 998.9689999999828 996.2299999999814 14063.0 1309732.0    
