ts te idle avg_span std_span max_span min_span c_bytes_all s_bytes_all avg_video_rate avg_audio_rate video_requests_sequence audio_requests_sequence
0 2000 2000.0 0.0 0.0 0.0 0.0 0.0 0.0 0.0 0.0 0 0
2000 4000 2000.0 0.0 0.0 0.0 0.0 0.0 0.0 0.0 0.0 0 0
4000 6000 2000.0 0.0 0.0 0.0 0.0 0.0 0.0 0.0 0.0 0 0
6000 8000 55.124041015620605 972.4379794921897 28.857056742652684 992.8430000000044 952.032958984375 20249.12337192589 906359.7715453308    
8000 10000 39.06798437500038 653.6440052083332 539.8462811767026 988.6049999999996 30.878041015625058 8333.543056020353 488753.18229028175    
10000 12000 18.09400195312992 660.63533268229 528.6374454384614 998.3439999999973 51.41502539062276 8570.7992144709 574144.6468058527    
12000 14000 10.726044921873836 663.0913183593754 517.8617242302251 999.3389999999999 66.73402734375122 10084.463059060154 681780.5365792129    
14000 16000 983.716927734371 508.1415361328145 623.7692461767331 949.2130000000034 67.07007226562564 5198.071298522706 390925.862779322    
16000 18000 257.18790234375047 871.4060488281248 176.50226881213956 996.2119999999995 746.60009765625 8618.994187895802 491736.32839905284    
18000 20000 10.296179687502445 663.2346067708326 381.78548986720637 998.1319999999978 247.50590234374977 8802.921564829408 633688.8953774669    
20000 22000 17.21259765625291 660.9291341145823 382.3740279678828 997.8139999999985 245.3200820312486 10304.233415841984 738632.4178076843    
22000 24000 530.347361328124 489.88421289062535 205.5807125103078 655.657958984375 259.8486796875004 6560.325519833994 477453.62411615683    
24000 26000 17.497039062502154 660.8343203124992 326.8064801261545 996.8249999999971 344.06004101562576 8163.536394339786 550958.1206800874    
26000 28000 18.520996093757276 660.4930013020809 321.9849422176623 994.9729999999981 352.65908007812686 7987.3036112395985 454453.5640972126    
28000 30000 338.71192382813024 553.7626920572899 384.20322140615644 996.2520000000004 304.86799999999494 6207.685306019426 550738.049522339    
30000 32000 1137.5846796874976 431.2076601562512 395.3495388272903 710.7620000000024 151.6533203125 4777.908157647558 474379.5411631389    
32000 34000 1170.3142226562486 414.8428886718757 370.33698160298115 676.7106796875014 152.97509765625 3556.354549482823 407977.67122468597    
34000 36000 30.09699218750029 656.6343359374999 466.45318111067775 998.7690000000002 125.30810546875 7941.0992521850685 955049.7286814569    
36000 38000 1004.4701718750002 497.7649140624999 210.49440267209502 646.60693359375 348.92289453124977 5273.998207095552 645987.0645713139    
38000 40000 27.43604492188024 657.5213183593733 320.07107110126844 989.7929999999978 351.2350664062469 5633.20812989052 617754.0438378635    
40000 42000 27.574787109369936 657.4750709635433 305.66889334853477 976.6730000000025 367.42311132812756 7623.929994364539 902454.7064172716    
42000 44000 34.20220507812337 655.2659316406256 305.78595152858037 975.9080000000031 366.89589843749854 7011.726527639423 775593.0955449608    
44000 46000 9.119787109375466 663.6267376302081 312.57007129087873 996.244000000006 375.9741035156185 7802.1269868041645 906735.3930154208    
46000 48000 501.70220898436673 499.4325970052111 444.5518544178316 999.9820000000036 150.597900390625 6930.512465000215 919038.2406021364    
48000 50000 503.5320019531209 498.82266601562634 444.9654832514905 999.4590000000026 148.4208984375 6424.520313793285 729777.1183003599    
50000 52000 26.686005859373836 657.7713313802087 464.39861091953935 995.2780000000057 128.139892578125 6687.550266439449 749338.007171931    
52000 54000 10.905984375000116 663.0313385416666 469.5974770260359 995.3889999999956 125.805908203125 7234.827361714411 809726.8227228025    
54000 56000 39.726900390625815 653.424366536458 476.0108247489261 998.9140000000043 110.4580078125 6707.64284393581 760187.6860763552    
56000 58000 417.41100781249406 791.294496093753 134.96475869402678 886.7289921875054 695.8600000000006 9216.594944007182 930125.8806703024    
58000 60000 253.9778984375007 873.0110507812497 177.56434043534574 998.5679999999993 747.4541015625 8926.288126074329 973385.8844907191    
60000 62000 35.189017578130006 654.9369941406234 380.07931131411505 998.2149999999965 246.4848984374985 9595.270201404046 1137681.9684470047    
62000 64000 12.346800781262573 662.5510664062458 362.23030952839014 999.6649999999936 279.57291601561883 9451.408072260496 1072508.6527154192    
64000 66000 38.40425000000687 653.8652499999977 357.8219766635001 999.8959999999934 285.31571679687477 10616.95992956434 1142083.156491089    
66000 68000 11.331085937505122 662.8896380208316 335.9145416480212 995.2719999999972 323.5509667968727 10865.928708615626 1178947.5044307946    
68000 70000 28.03104492186685 657.3229850260444 341.51550652766804 998.9249999999884 315.89405273438024 10837.300153503398 1206263.9725811037    
70000 72000 10.061931640651892 663.312689453116 328.27438235498136 998.0549999999785 341.91309765624464 9889.227604575932 1095317.4263408773    
72000 74000 13.91797656250128 662.0273411458329 327.3462941936223 997.4539999999979 343.4090292968758 8423.647017446016 974967.0013796813    
74000 76000 8.395742187538417 663.8680859374872 322.41033195149845 996.0549999999785 352.2160058593581 10902.050149286351 1269466.1103692767    
76000 78000 4.329162109337631 665.2236126302208 321.8844981319785 998.5280000000203 356.12574804687756 12995.343641427688 1390276.648972893    
78000 80000 11.175197265634779 662.9416009114551 320.22103698913327 995.1729999999952 356.261910156245 12021.852637664355 1368941.438790671    
80000 82000 36.782013671894674 654.4059954427017 308.4951666044946 976.9139999999898 362.1531074218801 8783.823234524581 1001973.7008675288    
82000 84000 39.444769531241036 653.518410156253 300.22149217397066 968.0819999999949 370.0611210937641 10279.234763399973 1177144.9766118398    
84000 86000 12.503130859375233 662.4989563802083 313.4905432340078 996.426999999996 374.5168906250037 9532.716082939154 1106419.9001520819    
86000 88000 2.744033203140134 665.7519889322866 311.5576391038697 999.2700000000041 382.1920214843558 10828.370804436487 1274242.2451191533    
88000 90000 1183.217945312499 408.39102734375047 38.18089908703981 435.3889999999956 381.39305468750536 4534.578872877235 547067.4122398675    
90000 92000 246.68168945310754 876.6591552734462 174.3242293896931 999.9250000000175 753.393310546875 10518.810417063443 1158452.6708628898    
92000 94000 6.316394531255355 664.5612018229149 386.1508749960205 999.653999999995 242.26568945312465 8607.196028781014 1028997.9624763702    
94000 96000 25.00366015623149 658.3321132812562 381.1598244671278 999.413000000015 246.8960839843785 11370.35633800874 1268246.4446716867    
96000 98000 11.42834960934124 662.8572167968863 369.83830302991845 996.0310000000172 264.91174414064153 11775.860213283358 1411862.3469791573    
98000 100000 9.648878906242317 663.4503736979192 367.37476136506814 999.2849999999889 271.0880937500042 11832.572852124635 1370078.6616878875    
100000 102000 9.70792968753085 663.4306901041564 362.4804290861985 999.5679999999993 279.3739726562344 11722.554051626244 1370369.5035811272    
102000 104000 27.992007812470547 657.3359973958432 360.24733915276755 998.9170000000013 280.9489023437636 8748.168356235989 1028586.1816163838    
104000 106000 9.854146484372905 663.3819511718757 346.31323327164046 999.2020000000193 307.45191015623277 11062.541853908411 1271291.2843306889    
106000 108000 4.242841796876746 665.2523860677078 342.51996740382515 999.7850000000035 315.26805664061976 9836.210157586163 1124585.0868196776    
108000 110000 10.793005859362893 663.0689980468791 340.47536059352484 998.0530000000144 317.3558984374977 11916.084825832135 1224675.8402122124    
110000 112000 13.234177734382683 662.2552740885391 336.82926276074244 999.3040000000037 325.6459042968636 9638.332331557478 1117316.8985548473    
112000 114000 23.23164062498836 658.9227864583372 331.5003673909648 999.4750000000058 337.2840820312558 9094.956240928217 1040437.006129497    
114000 116000 16.002222656243248 661.332592447919 320.7753936029845 998.4340000000084 359.85772265624837 11019.207909258841 1317191.265071909    
116000 118000 7.197947265638504 664.2673509114538 314.809326972973 997.630999999994 372.06094531249255 10759.415729312064 1243398.3942157095    
118000 120000 29.627210937498603 656.7909296875005 312.82616098880646 993.7609999999986 375.6178925781278 11166.088911963016 1139158.6083055055    
120000 122000 4.708640625001863 665.097119791666 305.84349480105226 998.4379999999946 397.4161035156285 10928.793564025873 1134530.131033605    
122000 124000 9.798365234368248 663.4005449218772 306.69926039622396 999.5139999999956 398.7247441406362 13307.959531550674 1309112.610662477    
124000 126000 477.7255898437579 507.424803385414 411.5925263043776 959.6140000000014 154.63330078125 11541.711949382903 1099678.5414797226    
126000 128000 5.908324218762573 664.6972252604124 452.3735024922518 999.7909999999974 150.1259765625 12079.001548882401 1209279.9105346112    
128000 130000 23.741093749995343 658.7529687500015 460.6923510387381 996.1469999999972 133.8798828125 10113.24180259918 1084461.611750207    
130000 132000 12.264921875001164 662.5783593749996 469.4496352334173 998.0119999999879 126.0849609375 11706.125949014977 1341819.299267221    
132000 134000 6.809878906264203 664.3967070312452 472.6919139665941 998.5229999999865 123.55908203125 11793.987522837724 1327521.4693837024    
134000 136000 1075.638082031248 462.18095898437605 582.14257016973 873.8179179687577 50.54399999999441 5637.821914236517 644511.2703729037    
136000 138000 250.5421210937493 874.7289394531253 175.82642940893444 999.0570000000007 750.40087890625 10821.3364211248 1198681.0460345524    
138000 140000 10.035601562500233 663.3214661458333 383.3501702002516 998.5799999999872 245.37512109376257 11727.75823716267 1413624.1813908762    
140000 142000 9.063183593767462 663.6456054687442 377.0594727812993 995.2919999999867 253.5237226562458 11712.627702321548 1364375.0113053434    
142000 144000 11.979984374978812 662.6733385416737 375.71906382051475 999.9150000000081 257.69290625001304 11250.073877531206 1365566.9619906107    
144000 146000 10.014203124999767 663.3285989583334 369.18288070016075 996.6110000000044 266.4958906249958 8852.388786767035 1019038.7131103515    
146000 148000 9.162617187510477 663.6124609374965 364.5193344411371 994.4349999999977 272.83109374999185 9658.649983424646 1137775.4329444673    
148000 150000 9.290322265616851 663.5698925781277 365.5426189089818 999.1570000000065 274.06171093750163 9387.461609641741 1091328.4990640727    
150000 152000 10.077902343764435 663.3073658854119 359.42904849263294 995.4759999999951 281.73003320311545 11085.522624250236 1273854.8986090887    
152000 154000 47.5980937499844 650.8006354166719 364.4640437594965 999.4530000000086 272.353935546882 9975.055015317042 1160777.7306707618    
154000 156000 49.61570117188967 650.1280996093701 361.3476577912245 999.7419999999984 278.09102929686196 9869.591749216488 1093941.4603177505    
156000 158000 15.754302734363591 661.4152324218788 336.51126513575656 999.564000000013 326.56573046874837 8342.376191487047 1028885.0130440725    
158000 160000 14.647876953094965 661.784041015635 329.8928166012262 997.1659999999974 337.6690332031576 9766.04032373474 1073462.4122873244    
160000 162000 9.9469707031094 663.3510097656302 326.10482492899456 999.9230000000098 348.8329101562267 10271.072057650394 1204651.718391571    
162000 164000 20.552124999958323 659.8159583333472 322.56468846442425 995.7270000000135 352.50188085937407 10015.11611533708 1154904.9834346822    
164000 166000 20.260894531267695 659.9130351562441 321.5195713963123 999.4130000000005 360.04900585938594 10110.522140072488 1117515.8675758953    
166000 168000 5.228123046865221 664.9239589843783 312.00121024999834 998.1140000000014 379.6569003906334 9516.600872368874 1085689.389271958    
168000 170000 9.381980468722759 663.5393398437591 312.9430058284571 997.8600000000151 377.6120234375121 11522.068739080383 1308769.1047228798    
170000 172000 7.42272070312174 664.1924264322928 311.35818795211793 999.1969999999856 383.6730039062386 10626.476510152585 1271978.326237861    
172000 174000 7.275007812510012 664.2416640624966 309.6377530988528 999.8369999999995 389.63872460936545 11141.700927640602 1284492.990580089    
174000 176000 684.3403574218391 438.5532141927203 304.122640208481 761.5709999999963 157.7329101562791 7420.778039029871 888195.2112644933    
176000 178000 9.723992187500698 663.4253359374998 446.19155606134285 994.7369999999937 156.06591796875 12045.194411906943 1381197.524236892    
178000 180000 11.436603515583556 662.8544654948055 447.9545311562062 993.2650000000431 152.997314453125 9927.217500608278 1153231.1963407835    
180000 182000 11.691410156170605 662.7695299479432 457.58552975298187 999.7170000000624 141.826904296875 10152.504134922252 1152102.5673174541    
182000 184000 10.410976562445285 663.1963411458515 462.09901115965624 996.5639999999839 135.7009277344041 8878.959130491172 933393.9955126568    
184000 186000 8.936960937542608 663.6876796874858 467.3758207752015 998.6009999999951 129.740966796875 13338.249733657405 1430596.0595712143    
186000 188000 48.99988867188222 650.3333704427059 476.25621249606564 999.0160000000033 107.705078125 10992.120432402964 1183977.7640207508    
188000 190000 621.8451015625033 689.0774492187484 48.72173987419228 723.5289218749967 654.6259765625 7616.276185240064 819470.7552250482    
190000 192000 83.49105468750349 638.8363151041655 296.41560570016486 937.9230000000098 345.16602343748673 11302.39230595783 1229844.3561025697    
192000 194000 12.111642578121973 662.6294524739593 319.0314533367024 998.9869999999937 364.3400781250093 11444.788372648922 1317529.031683564    
194000 196000 10.099355468672002 663.300214843776 316.47900547086635 999.4090000000433 371.0197207031597 12315.480995509952 1332759.9981237305    
196000 198000 47.56098242185544 650.8130058593815 331.3500778727368 999.8849999999802 340.61407617188524 10535.562398541477 1222947.2862326524    
198000 200000 500.2796484375431 499.9067838541523 442.5985018094006 997.9739999999874 151.67529296875 8350.253040943895 887088.1065226833    
200000 202000 8.721330078114988 663.7595566406284 455.2338145009228 997.8949999999895 145.2619628906541 12068.737074111896 1299440.7682303218    
202000 204000 9.543066406185972 663.4856445312713 461.1885560819319 999.7840000000433 137.7438964844041 11167.507261837673 1336840.7824218045    
204000 206000 7.625005859386874 664.124998046871 462.0655571035766 997.0529999999853 136.587890625 9683.471435661822 1059038.7111622738    
206000 208000 206.89889062501607 896.550554687492 47.467293774465745 930.1149999999907 862.9861093749932 9511.067662245987 1032662.1450468989    
208000 210000 246.61994140624302 876.6900292968785 173.77852111237289 999.570000000007 753.81005859375 9646.990335152517 1073067.8932821194    
210000 212000 37.20915625002817 654.2636145833239 381.3600726939439 999.1749999999884 244.71594140623347 12290.271886018625 1353873.9471530628    
212000 214000 8.222902343753958 663.9256992187487 361.94689212655896 999.5080000000016 280.3940976562444 8289.629590105924 945609.0913166433    
214000 216000 35.93488085930585 654.688373046898 365.4908857612812 998.9070000000356 271.1110000000044 10229.785237713055 1186221.17730402    
216000 218000 6.16685937505099 664.611046874983 349.23196588273925 999.8769999999786 302.91488085937453 8235.320056561864 1008320.3421220625    
218000 220000 38.730355468724156 653.756548177092 358.78210819839694 995.2140000000072 279.8537402343936 11338.829259280348 1250351.6973894034    
220000 222000 13.922808593721129 662.0257304687597 341.0368527665176 993.2209999999905 311.9330957031634 11714.04063554912 1280264.221364028    
222000 224000 31.728152343741385 656.0906158854195 331.2964541749157 977.1240000000398 315.4059042968729 9913.466570233762 1117763.3734162843    
224000 226000 6.3108906249690335 664.5630364583436 338.38861667922816 999.6079999999783 322.9270566406485 11136.922285724226 1312050.6629605228    
226000 228000 320.2599765624327 559.9133411458557 204.86967081472122 704.2790000000386 325.43294726559543 10341.548794586324 1126237.1486949222    
228000 230000 25.068968749954365 658.3103437500152 322.2319175436508 991.3479999999981 348.0979238281143 9625.844514706185 1069115.3645110643    
230000 232000 10.889208984357538 663.0369303385474 319.3826905410397 997.1050000000105 360.709892578132 11278.32582682736 1259968.5560660213    
232000 234000 32.97683984375908 655.674386718747 304.99041717216244 975.3459999999905 367.86710156250047 9339.608085467615 1049461.3530640416    
234000 236000 2.4830078124650754 665.838997395845 314.65942255906015 999.9800000000396 375.18494140624534 11292.888405921427 1309701.896212669    
236000 238000 1223.4350507812633 388.28247460936836 20.542195008011852 402.80799999999 373.75694921874674 4225.528516151647 478280.2751431351    
238000 240000 246.87769335930352 876.5611533203482 173.62561065201368 999.3330000000424 753.7893066406541 11233.784388679023 1191629.9189000032    
240000 242000 5.439308593748137 664.853563802084 383.24614470506395 996.5509999999776 245.31169335939921 12828.917588409397 1326990.4999221135    
242000 244000 8.599958984355908 663.8000136718814 382.75796151546615 999.085000000021 246.77500195312314 12346.853891256318 1338052.816691122    
244000 246000 11.435042968718335 662.8549856770939 378.96571573694416 999.2550000000047 252.288960937527 14618.907210122634 1364056.8506171242    
246000 248000 7.84591601556167 664.0513613281461 373.0925658990043 999.847000000067 262.4250039062463 18951.33650682306 1608509.2946305834    
248000 250000 6.848027343745343 664.3839908854183 368.9287243834825 999.9340000000084 269.3139199218713 13676.429213803953 1262394.6366010355    
250000 252000 10.196095703169703 663.2679680989435 364.9648487722164 996.1699999999837 273.0279472655966 11408.354044866854 1124419.1602608804    
252000 254000 44.888050781271886 651.7039830729094 363.35245680020324 995.5439999999944 271.5640429687337 9876.000540146406 1089381.8740187925    
254000 256000 58.539791015617084 647.1534029947943 360.0687681381629 995.2860000000219 276.23109374998603 10468.600622737498 1121132.8939799254    
256000 258000 21.34503710939316 659.551654296869 339.7254692184935 996.734999999986 317.3398847656208 9779.895364694527 1132566.8426572473    
258000 260000 10.620177734352183 663.1266074218826 332.0381655673547 997.0380000000005 332.99392187502235 9703.759646275004 1093559.8525163345    
260000 262000 23.224654296878725 658.9251152343737 330.9780852574168 995.7390000000014 334.1090996093699 11146.807781114572 1281073.9629735723    
262000 264000 9.042292968719266 663.6525690104269 324.3245674951275 998.2600000000093 350.6957539062714 9570.547523348709 989126.3612336644    
264000 266000 19.451880859327503 660.1827063802242 324.6953699965931 998.7330000000657 351.39104687498184 11161.814567728718 1263381.586504286    
266000 268000 37.89177343738265 654.0360755208725 305.8724940724454 976.1940000000759 367.58292773441644 11343.845635123896 1254359.1611046449    
268000 270000 34.10333007812733 655.2988899739576 308.5125166770496 989.5380000000005 381.4407011718722 9989.588605401146 1084279.7050083894    
270000 272000 7.467085937503725 664.1776380208321 304.46631954845907 997.9259999999776 401.6020312500186 10492.191468414323 1218151.1295673223    
272000 274000 30.530615234340075 656.4897949218866 305.4668710220699 996.7750000000233 405.94511718751164 10664.564231901531 1231347.8375218806    
274000 276000 11.69900390622206 662.7669986979259 297.33460476089823 997.4150000000373 428.9907324218657 10570.585231518642 1173144.3315746433    
276000 278000 5.041951171879191 664.9860162760402 294.8545675259087 998.1410000000033 437.62173632811755 12161.597229883011 1319390.0644749906    
278000 280000 5.542009765573312 664.8193300781422 296.02728592036834 999.658000000054 437.8646874999977 10883.946452248168 1068945.510142215    
280000 282000 10.09739453124348 663.3008684895855 294.8610391363754 997.7509999999893 440.84569726564223 10985.97982156905 1107573.0920866998    
282000 284000 3.7239003906724975 665.4253665364425 292.4618983273659 997.9479999999749 448.12009179685265 12440.023691287206 1401454.6325122204    
284000 286000 5.664128906209953 664.77862369793 292.7022093213556 997.9290000000037 448.8809921874781 10621.971986448367 1192749.7812864254    
286000 288000 28.266777343756985 657.244407552081 295.5399361663968 995.3979999999865 448.3811210937565 9713.937008025858 1112836.4594286992    
288000 290000 409.169087890652 530.276970703116 428.31553457542077 997.4579999999842 156.114013671875 9564.21933571574 1103438.7131481834    
290000 292000 321.0607070312835 559.6464309895722 427.760976761815 999.8649999999907 145.539306640625 9013.659525728193 1011921.2965471646    
292000 294000 8.533343749993946 663.822218750002 456.1461309281038 997.9259999999776 144.136962890625 12254.017597755776 1395901.5577876603    
294000 296000 5.519060546881519 664.8269798177062 459.5964522531305 999.9629999999888 140.89990234375 11232.024880709865 1299064.6123664177    
296000 298000 69.08384765626397 643.638717447912 474.5534975559081 976.2789999999804 100.2060546875 7921.820344796804 778767.9476295995    
298000 300000 8.564167968754191 663.8119440104152 496.38314019625085 999.3869999999879 93.60888671875 11411.042541244742 1344305.3076311832    
300000 302000 1515.7928867187584 484.2071132812416  484.2071132812416 484.2071132812416 1163.9755222210088 94394.30867497557    
