ts te idle avg_span std_span max_span min_span c_bytes_all s_bytes_all avg_video_rate avg_audio_rate video_requests_sequence audio_requests_sequence
0.0 5000.0 5000.0 0.0 0.0 0.0 0.0 0.0 0.0 0.0 0.0 - -
5000.0 10000.0 5000.0 0.0 0.0 0.0 0.0 0.0 0.0 0.0 0.0 - -
10000.0 15000.0 4286.55908203125 713.44091796875  713.44091796875 713.44091796875 7080.526600843392 220002.0765262054 0.0 0.0 - -
15000.0 20000.0 943.8556660155882 676.0240556640687 373.1878587411092 998.8080000000191 207.583251953125 50467.88360156685 2256420.6283699907 1500.0 128.0 15028.0#15028.0#1500_15039.0#15039.0#1500_16791.0#16791.0#1500_17583.0#17583.0#1500_18129.0#18129.0#1500_19067.0#19067.0#1500_19756.0#19756.0#1500 15008.0#15008.0#128_15018.0#15018.0#128_16785.0#16785.0#128_17131.0#17131.0#128_17785.0#17785.0#128_18340.0#18340.0#128_19101.0#19101.0#128_19843.0#19843.0#128
20000.0 25000.0 966.1672558593564 672.3054573567739 427.54910896148397 998.8580000000075 114.08699999999953 41089.20470530051 2195204.8486100766 1928.5714285714287 128.0 19756.0#19756.0#1500_20831.0#20831.0#1500_21537.0#21537.0#1500_22321.0#22321.0#1500_23083.0#23083.0#1500_24860.0#24860.0#3000_24867.0#24867.0#3000 20845.0#20845.0#128_21751.0#21751.0#128_22839.0#22839.0#128_24848.0#24848.0#128_24853.0#24853.0#128
25000.0 30000.0 55.32888671878027 824.1118522135366 348.2617987498961 999.5599999999977 122.912109375 43790.822719719545 2194621.719809911 3000.0 128.0 24867.0#24867.0#3000_26632.0#26632.0#3000_28831.0#28831.0#3000 26339.0#26339.0#128_28340.0#28340.0#128
30000.0 35000.0 24.027109374990687 829.3288151041683 354.3266154517172 999.6590000000433 113.125 38793.9515282636 2129729.328179169 3000.0 128.0 28831.0#28831.0#3000_30501.0#30501.0#3000_32348.0#32348.0#3000_34348.0#34348.0#3000 30842.0#30842.0#128_32344.0#32344.0#128_34345.0#34345.0#128
35000.0 40000.0 715.9497070313664 856.8100585937267 156.22433776522215 998.0359999999637 636.6752929686918 35884.886175142485 1952994.9341002076 3000.0 128.0 34348.0#34348.0#3000_36099.0#36099.0#3000_38365.0#38365.0#3000 36342.0#36342.0#128_38359.0#38359.0#128
40000.0 45000.0 32.615406250057276 827.8974322916571 276.72596534362594 999.1379999999772 351.5417070312542 40552.33256513423 2371514.7752796947 3000.0 128.0 40350.0#40350.0#3000_41968.0#41968.0#3000_43854.0#43854.0#3000 40345.0#40345.0#128_42338.0#42338.0#128_43845.0#43845.0#128
45000.0 50000.0 606.669949218689 732.2216751302185 374.0043037673511 999.9459999999963 150.5859375 33892.53774177423 1887719.6380800877 3000.0 128.0 43854.0#43854.0#3000_45855.0#45855.0#3000_47852.0#47852.0#3000_49531.0#49531.0#3000 45849.0#45849.0#128_47845.0#47845.0#128_49842.0#49842.0#128
50000.0 55000.0 61.31396093755029 823.1143398437416 355.9170802183195 998.4660000000149 106.6259765625 36810.38759096693 1874897.6548246772 3000.0 128.0 49531.0#49531.0#3000_51849.0#51849.0#3000_53858.0#53858.0#3000 49842.0#49842.0#128_51844.0#51844.0#128_53849.0#53849.0#128
55000.0 60000.0 23.666871093853842 829.388854817691 360.6127241504699 998.7640000000247 98.55810546869179 39863.17559354685 2192748.7815140644 3000.0 128.0 53858.0#53858.0#3000_55375.0#55375.0#3000_57348.0#57348.0#3000_59200.0#59200.0#3000 55840.0#55840.0#128_57341.0#57341.0#128_59190.0#59190.0#128
60000.0 65000.0 280.7501054688473 943.8499789062305 93.47068013354739 995.8890000000247 778.755894531263 35951.29117774138 1995068.614705915 3000.0 128.0 59200.0#59200.0#3000_61231.0#61231.0#3000_63195.0#63195.0#3000 61223.0#61223.0#128_63186.0#63186.0#128
65000.0 70000.0 84.23709960933775 983.1525800781325 15.88376182439114 999.1749999999884 962.222900390625 44405.9379341103 2300053.586812998 3000.0 128.0 65204.0#65204.0#3000_66855.0#66855.0#3000_68849.0#68849.0#3000 65201.0#65201.0#128_66849.0#66849.0#128_68843.0#68843.0#128
70000.0 75000.0 19.11601562506985 830.147330729155 388.7887226436557 998.4400000000023 37.424099609372206 36989.799264776586 1787412.0156245201 3000.0 128.0 68849.0#68849.0#3000_70848.0#70848.0#3000_72851.0#72851.0#3000_74852.0#74852.0#3000 70845.0#70845.0#128_72849.0#72849.0#128_74847.0#74847.0#128
75000.0 80000.0 263.2528847656213 789.4578525390631 381.57407902527035 997.5250000000233 46.73311523441225 43344.26280111312 2277241.3975624815 3000.0 128.0 74852.0#74852.0#3000_76425.0#76425.0#3000_78341.0#78341.0#3000 76839.0#76839.0#128_78336.0#78336.0#128
80000.0 85000.0 1222.554019531468 755.4891960937064 228.46512407206248 999.5939999999246 504.65399999998044 42130.594474246 2054288.124835579 3000.0 128.0 80342.0#80342.0#3000_82342.0#82342.0#3000_84347.0#84347.0#3000 80337.0#80337.0#128_82339.0#82339.0#128_84341.0#84341.0#128
85000.0 90000.0 598.862908203213 733.5228486327978 305.8700931662762 998.7739999999758 341.38901953125605 40253.54260517862 2008837.4728147741 3000.0 128.0 84347.0#84347.0#3000_86354.0#86354.0#3000_87913.0#87913.0#3000 86346.0#86346.0#128_87841.0#87841.0#128_89841.0#89841.0#128
90000.0 95000.0 63.540183593693655 822.7433027343844 284.2341378754233 997.5129999999772 331.70692773442715 44962.86182718406 2235499.3844328844 3000.0 128.0 90331.0#90331.0#3000_91917.0#91917.0#3000_93851.0#93851.0#3000 92341.0#92341.0#128_93847.0#93847.0#128
95000.0 100000.0 31.155906249943655 828.1406822916761 270.45890928401593 999.8470000000088 381.5901113281143 41948.25464281381 2038328.0024020036 3000.0 128.0 93851.0#93851.0#3000_95852.0#95852.0#3000_97849.0#97849.0#3000_99848.0#99848.0#3000 95847.0#95847.0#128_97846.0#97846.0#128_99845.0#99845.0#128
100000.0 105000.0 475.01889843755635 754.1635169270739 381.7563541394728 999.3799999999464 144.736083984375 48548.36812521893 2257365.0258264737 3000.0 128.0 99848.0#99848.0#3000_101848.0#101848.0#3000_103356.0#103356.0#3000 101848.0#101848.0#128_103842.0#103842.0#128
105000.0 110000.0 233.04483789077494 794.4925270182042 372.8297060786897 999.6840000000084 44.42724609369179 40443.62577374385 2046108.3378683284 3000.0 128.0 103356.0#103356.0#3000_105355.0#105355.0#3000_107202.0#107202.0#3000_109218.0#109218.0#3000 105343.0#105343.0#128_107194.0#107194.0#128_109213.0#109213.0#128
110000.0 115000.0 213.50624218746088 957.2987515625078 86.63497666141394 999.9760000000242 802.5197539062356 42763.08606261469 2080049.9097272384 3000.0 128.0 109218.0#109218.0#3000_111355.0#111355.0#3000_113196.0#113196.0#3000_114999.0#114999.0#3000 111350.0#111350.0#128_113192.0#113192.0#128_114844.0#114844.0#128
115000.0 120000.0 861.9919589844067 689.6680068359323 475.9214905362449 999.8099999999977 1.3809960937360302 42820.637414476114 2124650.881213405 3000.0 128.0 114999.0#114999.0#3000_116732.0#116732.0#3000_118846.0#118846.0#3000 116837.0#116837.0#128_118840.0#118840.0#128
120000.0 125000.0 1668.1410449219984 666.3717910156004 380.50984952963324 999.505999999994 246.5 38870.62505720376 1732876.5513211389 3000.0 128.0 118846.0#118846.0#3000_120862.0#120862.0#3000_123757.0#123757.0#3000 120852.0#120852.0#128_123750.0#123750.0#128_124588.0#124588.0#128
125000.0 130000.0 570.2120820312994 738.2979863281167 342.92573186444514 997.7449999999953 151.3159179686918 44565.05700778354 2341611.3572915117 3000.0 128.0 123757.0#123757.0#3000_125275.0#125275.0#3000_126707.0#126707.0#3000_128852.0#128852.0#3000 126333.0#126333.0#128_128844.0#128844.0#128
130000.0 135000.0 26.352873046824243 828.9411878255293 343.20502992973604 998.1450000000186 139.446044921875 45469.379006835894 2297279.2359620403 3000.0 128.0 128852.0#128852.0#3000_130362.0#130362.0#3000_132340.0#132340.0#3000_134023.0#134023.0#3000 130356.0#130356.0#128_132337.0#132337.0#128_134332.0#134332.0#128
135000.0 140000.0 298.8520449217758 940.2295910156448 77.67623336315685 998.4519999999902 853.6530000000494 43952.96800270074 1946723.716304622 3000.0 128.0 134023.0#134023.0#3000_136329.0#136329.0#3000_138076.0#138076.0#3000 135831.0#135831.0#128_138067.0#138067.0#128
140000.0 145000.0 356.6258847655845 928.6748230468831 155.88788113820638 999.1780000000144 649.818115234375 43393.60497573511 2138202.331709916 3000.0 128.0 140342.0#140342.0#3000_141775.0#141775.0#3000_143839.0#143839.0#3000 140338.0#140338.0#128_141836.0#141836.0#128_143838.0#143838.0#128
145000.0 150000.0 652.9817988281138 724.5030335286477 391.34647288455574 998.7430000000168 116.04931640625 40093.88333281319 1880486.9291284184 3000.0 128.0 143839.0#143839.0#3000_145462.0#145462.0#3000_147854.0#147854.0#3000_149847.0#149847.0#3000 145838.0#145838.0#128_147849.0#147849.0#128_149842.0#149842.0#128
150000.0 155000.0 218.2252460939344 796.9624589843443 375.52559378253176 999.5099999999511 40.6220703125 47253.82240192476 2320401.613892201 3000.0 128.0 149847.0#149847.0#3000_151334.0#151334.0#3000_153188.0#153188.0#3000 151332.0#151332.0#128_153182.0#153182.0#128
155000.0 160000.0 221.23810546885943 955.7523789062282 70.67233801138637 997.2689999999129 832.56396484375 44695.487081391824 2011658.1829275354 3000.0 128.0 155165.0#155165.0#3000_157343.0#157343.0#3000_159189.0#159189.0#3000 155162.0#155162.0#128_157337.0#157337.0#128_159186.0#159186.0#128
160000.0 165000.0 273.1529648437281 787.807839192712 332.7149700343397 998.4070000000065 164.07703515625326 45575.79006438348 2149146.9978752583 3000.0 128.0 159189.0#159189.0#3000_161335.0#161335.0#3000_162800.0#162800.0#3000 161333.0#161333.0#128_162835.0#162835.0#128
165000.0 170000.0 696.745753906318 717.2090410156137 373.60856480588245 998.563000000082 158.1772460936918 43729.301170473176 2064806.1745231147 3000.0 128.0 165073.0#165073.0#3000_166842.0#166842.0#3000_168678.0#168678.0#3000 165068.0#165068.0#128_166840.0#166840.0#128_168838.0#168838.0#128
170000.0 175000.0 477.2291367187281 753.795143880212 383.0612132441474 998.5580000000191 154.537109375 41844.48836974516 2067921.2242870592 3000.0 128.0 168678.0#168678.0#3000_170843.0#170843.0#3000_172438.0#172438.0#3000_174354.0#174354.0#3000 170841.0#170841.0#128_172832.0#172832.0#128_174349.0#174349.0#128
175000.0 180000.0 20.39686328137759 829.9338561197704 342.55296321779446 999.0599999999977 142.1772460936918 47122.5155159956 2164674.065205514 3000.0 128.0 174354.0#174354.0#3000_176853.0#176853.0#3000_178402.0#178402.0#3000 176847.0#176847.0#128_178333.0#178333.0#128
180000.0 185000.0 533.4399863281869 893.3120027343626 147.12488050927627 999.0479999999516 651.291259765625 43884.1519742468 2153493.919061524 3000.0 128.0 180349.0#180349.0#3000_182350.0#182350.0#3000_183900.0#183900.0#3000 180341.0#180341.0#128_182346.0#182346.0#128_183845.0#183845.0#128
185000.0 190000.0 56.017322265543044 823.9971129557429 277.5934454311078 998.7640000000247 347.8887402344262 37412.21955282772 1907538.6311410745 3000.0 128.0 183900.0#183900.0#3000_186334.0#186334.0#3000_188346.0#188346.0#3000_189817.0#189817.0#3000 185849.0#185849.0#128_188342.0#188342.0#128_189839.0#189839.0#128
190000.0 195000.0 700.040664062486 716.659889322919 368.05128393578775 999.7770000000019 150.6552734375 40351.45257960791 2099594.2241608193 3000.0 128.0 189817.0#189817.0#3000_191694.0#191694.0#3000_193852.0#193852.0#3000 191837.0#191837.0#128_193846.0#193846.0#128
195000.0 200000.0 36.20833203132497 827.2986113281125 347.919413849395 998.545999999973 128.43994140625 46152.957570462444 2215075.9865691303 3000.0 128.0 193852.0#193852.0#3000_195842.0#195842.0#3000_197435.0#197435.0#3000_199345.0#199345.0#3000 195841.0#195841.0#128_197839.0#197839.0#128_199342.0#199342.0#128
200000.0 205000.0 189.19294140627608 962.1614117187448 79.84353300707555 998.4780000000028 819.3390585937304 43452.32541039282 2019802.719518436 3000.0 128.0 199345.0#199345.0#3000_201346.0#201346.0#3000_203334.0#203334.0#3000 201339.0#201339.0#128_203084.0#203084.0#128
205000.0 210000.0 35.505726562580094 992.898854687484 8.24353287479763 999.1790000000037 980.6552734375 42742.49843791749 2076033.6696325594 3000.0 128.0 205337.0#205337.0#3000_207090.0#207090.0#3000_209075.0#209075.0#3000 205335.0#205335.0#128_207087.0#207087.0#128_209067.0#209067.0#128
210000.0 215000.0 14.310214843717404 830.9482975260471 398.6013866635213 999.7060000000056 17.541726562543772 40465.1182821762 2025690.5264005885 3000.0 128.0 209075.0#209075.0#3000_210790.0#210790.0#3000_212849.0#212849.0#3000_214851.0#214851.0#3000 210841.0#210841.0#128_212845.0#212845.0#128_214845.0#214845.0#128
215000.0 220000.0 18.441171874990687 830.2598046875015 394.5587472442516 999.1800000000512 25.313941406202503 47069.56009620132 2464960.493920467 3000.0 128.0 214851.0#214851.0#3000_216847.0#216847.0#3000_218507.0#218507.0#3000 216845.0#216845.0#128_218846.0#218846.0#128
220000.0 225000.0 960.9927949219709 673.1678675130048 455.3108164923437 999.7929999999469 33.602113281260245 34308.893191864154 1639463.0130366832 3000.0 128.0 218507.0#218507.0#3000_220854.0#220854.0#3000_222352.0#222352.0#3000_224855.0#224855.0#3000 220847.0#220847.0#128_222347.0#222347.0#128_224848.0#224848.0#128
225000.0 230000.0 17.73412695317529 830.3776455078041 343.35618531514245 998.6489999999758 140.06396484375 56040.31192354733 2509331.8133473373 3000.0 128.0 224855.0#224855.0#3000_226301.0#226301.0#3000_228119.0#228119.0#3000 226335.0#226335.0#128_228334.0#228334.0#128
230000.0 235000.0 34.97099414060358 827.5048343098994 349.89647666830297 999.7020000000484 122.719970703125 40369.59342601088 1931934.1953357412 3000.0 128.0 230010.0#230010.0#3000_231853.0#231853.0#3000_234335.0#234335.0#3000 230338.0#230338.0#128_231848.0#231848.0#128_233834.0#233834.0#128
235000.0 240000.0 565.0657187500037 886.9868562499993 157.58650078725682 997.5250000000233 656.833251953125 43815.83145218325 2184859.6587892026 3000.0 128.0 234335.0#234335.0#3000_236340.0#236340.0#3000_237874.0#237874.0#3000_239845.0#239845.0#3000 236337.0#236337.0#128_237840.0#237840.0#128_239840.0#239840.0#128
240000.0 245000.0 1889.1522519530263 777.7119370117434 296.3582613565058 996.765000000014 340.9267480468843 32072.19319009938 1519078.6295374217 3000.0 128.0 239845.0#239845.0#3000_241848.0#241848.0#3000 241845.0#241845.0#128_243344.0#243344.0#128
245000.0 250000.0 127.64100000006147 974.4717999999878 53.06782589006694 999.7369999999646 879.564000000013 48383.0 2372208.0 1750.0 128.0 245091.0#245091.0#3000_246706.0#246706.0#1500_246711.0#246711.0#1500_247349.0#247349.0#1500_248164.0#248164.0#1500_249343.0#249343.0#1500 246699.0#246699.0#128_246701.0#246701.0#128_246859.0#246859.0#128_247842.0#247842.0#128_249341.0#249341.0#128
250000.0 255000.0 1016.4068906250177 796.7186218749964 421.92249625198156 999.2850000000326 42.912109375 37775.53369476012 1663668.2474817391 3000.0 128.0 251351.0#251351.0#3000_251353.0#251353.0#3000_253345.0#253345.0#3000 251342.0#251342.0#128_251348.0#251348.0#128_253340.0#253340.0#128
255000.0 260000.0 145.2921933592297 809.1179677734617 397.30845280335103 999.609999999986 1.013916015625 51926.60930502719 2407986.7731413054 3000.0 128.0 253345.0#253345.0#3000_255348.0#255348.0#3000_256979.0#256979.0#3000_258847.0#258847.0#3000 255343.0#255343.0#128_257058.0#257058.0#128_258842.0#258842.0#128
260000.0 265000.0 64.08681445312686 987.1826371093746 14.776788678961745 999.2820000000065 962.9720839844085 38012.61693900815 1749041.6394120003 3000.0 128.0 258847.0#258847.0#3000_260852.0#260852.0#3000_262854.0#262854.0#3000_264845.0#264845.0#3000 260845.0#260845.0#128_262848.0#262848.0#128_264842.0#264842.0#128
265000.0 270000.0 20.510009765508585 829.9149983724152 402.58489144030597 999.7129999999888 8.296898437547497 47005.31445665486 2386054.0656047314 3000.0 128.0 264845.0#264845.0#3000_266845.0#266845.0#3000_268472.0#268472.0#3000 266842.0#266842.0#128_268840.0#268840.0#128
270000.0 275000.0 930.5350625001593 678.2441562499735 380.09063487559735 999.4780000000028 21.09190820308868 42310.461738632 1984226.366782652 3000.0 128.0 268472.0#268472.0#3000_270353.0#270353.0#3000_272350.0#272350.0#3000_274353.0#274353.0#3000 270347.0#270347.0#128_272341.0#272341.0#128_274348.0#274348.0#128
275000.0 280000.0 33.428714843816124 827.7618808593639 277.6716149880012 999.9590000000317 348.8699707031483 42248.35404690434 2178277.015692495 3000.0 128.0 274353.0#274353.0#3000_276352.0#276352.0#3000_278359.0#278359.0#3000_279957.0#279957.0#3000 276342.0#276342.0#128_278351.0#278351.0#128
280000.0 285000.0 53.24828125000931 824.4586197916651 267.371626309902 998.689000000013 372.17968554690015 37323.3748421576 1881967.1653338075 3000.0 128.0 279957.0#279957.0#3000_282337.0#282337.0#3000_284354.0#284354.0#3000 280341.0#280341.0#128_281833.0#281833.0#128_284348.0#284348.0#128
285000.0 290000.0 582.7760605468648 736.2039899088559 379.5059961200917 999.3919999999925 135.52197265625 42738.789337480375 2105404.8220947008 3000.0 128.0 284354.0#284354.0#3000_285853.0#285853.0#3000_287859.0#287859.0#3000_289846.0#289846.0#3000 285836.0#285836.0#128_287851.0#287851.0#128_289842.0#289842.0#128
290000.0 295000.0 20.819988281233236 829.8633352864612 348.5440516451137 999.3199999999488 127.208984375 41443.61724168345 2211376.1540850056 3000.0 128.0 289846.0#289846.0#3000_291848.0#291848.0#3000_293842.0#293842.0#3000 291843.0#291843.0#128_293835.0#293835.0#128
295000.0 300000.0 615.996884765802 730.6671858723663 385.6409334367152 998.3249999999534 32.777099609375 40017.49065449911 1784729.056571945 3000.0 128.0 293842.0#293842.0#3000_295329.0#295329.0#3000_297339.0#297339.0#3000_298862.0#298862.0#3000_298871.0#298871.0#3000_299488.0#299488.0#3000 295358.0#295358.0#128_297336.0#297336.0#128_298853.0#298853.0#128_298858.0#298858.0#128_299329.0#299329.0#128
