ts te idle avg_span std_span max_span min_span c_bytes_all s_bytes_all avg_video_rate avg_audio_rate video_requests_sequence audio_requests_sequence
0 7000 6502.297119140625 497.702880859375  497.702880859375 497.702880859375 8350.9236571462 225350.73339921795    
7000 14000 518.2826171875349 810.2146728515581 332.9128187732136 999.2770000000019 105.895263671875 65324.99338957154 3331782.461619897    
14000 21000 21.794265625008848 872.2757167968739 316.540606375141 999.4729999999981 94.197998046875 66648.80859908681 5103144.276462126    
21000 28000 1361.6709980468731 939.7215003255211 105.73028786741395 999.869000000006 738.0889999999781 50130.27435419545 3839243.5285187596    
28000 35000 742.4501171875745 893.9356975446323 274.7455675250915 999.3249999999534 270.8798828125 62092.91606677953 4423837.23790513    
35000 42000 1492.8808066405472 786.7313133370646 362.38505018632316 999.6700000000419 246.85211718751816 51529.73366780683 3887183.741960933    
42000 49000 31.716824218689 871.0353969726639 266.3692217413946 999.7519999999786 253.083251953125 63882.850611506845 4957185.057944166    
49000 56000 74.48428515635896 865.6894643554551 275.2425843420649 999.9039999999804 221.240966796875 57325.56014552299 4086322.57193828    
56000 63000 1303.3810703127529 813.8027042410353 253.87921392561861 999.9799999999814 282.368896484375 54778.213142208595 3784182.8768179677    
63000 70000 1570.6738964844262 904.8876839192623 145.83343869929948 999.795999999973 711.5301035156008 48344.72636617521 3268643.513433525    
70000 77000 738.0440488281893 894.5651358816873 271.35421076552893 999.390000000014 279.199951171875 59714.8712862156 4419506.336476037    
77000 84000 2328.3398359375424 778.6100273437429 282.1460178593435 995.1739999999991 275.818115234375 43514.25888181269 3123230.8371138675    
84000 91000 18.569173828407656 872.678853271449 263.16601505531503 999.4610000000102 266.43994140625 68340.83468157923 4981691.684097669    
91000 98000 1697.3868828124832 757.5161595982166 417.1937281148547 999.9529999999795 35.6510585937649 52609.53983594285 3658266.8825843614    
98000 105000 23.160078125016298 872.104990234373 263.8835862985953 999.3890000000829 263.6049804686918 65532.554008604966 4922908.775856759    
105000 112000 1016.5088867188315 854.7844447544527 277.77651182535664 996.9569999999367 264.74609375 53996.343404387626 4076843.2168419296    
112000 119000 1361.6891816407442 805.4729740513222 275.0673919557152 999.7189999999828 287.784912109375 53757.93849808079 3766558.789269731    
119000 126000 1443.7808144531446 793.7455979352651 348.09395924370006 999.0839999999735 275.60009765625 52861.51251223753 3139773.605173814    
126000 133000 2666.2361464844435 722.2939755859261 288.67188332109293 999.2019999999902 276.449951171875 39164.43999991024 2476582.705870333    
133000 140000 76.02301757811802 865.4971228027352 270.78618101389907 999.6840000000084 238.3569335936918 63810.42351634033 4419062.601417052    
140000 147000 1028.5298515625182 853.0671640624975 266.9329733496421 999.4650000000256 282.3090820311918 58475.78750941756 3730941.76561397    
147000 154000 146.33910351566738 856.7076120605416 293.86817298462387 998.6489999999758 170.927978515625 73427.10545022279 4782472.405129931    
154000 161000 2124.197011718643 812.6338313802262 277.0485846562279 999.3630000000121 282.740966796875 45434.81362781348 3254876.442855704    
161000 168000 68.98607617197558 866.376740478503 278.35896586849424 999.8589999999967 222.212890625 64763.387795376526 4468107.164481783    
168000 175000 706.8348906250321 899.0235870535669 183.08492686922574 999.9729999999981 528.1909999999916 55437.18899205779 4326382.787217058    
175000 182000 2748.5210488281446 850.2957902343711 318.07973081207774 999.1749999999302 281.574951171875 51100.28177516291 2848606.0336483964    
182000 189000 77.6518417968764 865.2935197753905 275.25579706845656 999.75 228.287109375 57643.70474719961 4328101.836540649    
189000 196000 2339.7241835938185 776.712636067697 288.46480447156085 997.9419999999809 280.1489257811918 41628.114982765925 3089495.499758692    
196000 203000 28.1348066405626 871.4831491699297 260.09351425805846 999.0470000000205 274.297119140625 67637.75997014216 4928738.461026685    
203000 210000 28.252146484446712 871.4684816894442 263.6515608078577 999.2759999999544 263.77197265625 69909.5798398869 4646052.587265337    
210000 217000 1415.0848554687109 797.845020647327 286.06137552130235 999.4620000000577 233.7451171875 49299.52687088916 3272206.301383318    
217000 224000 181.62016015616246 852.2974799804797 312.8800305029015 999.4030000000494 103.48095703125 55908.70762319089 4085742.7772070025    
224000 231000 216.4126816407079 847.9484147949115 325.92706823586224 999.6750000000466 54.707275390625 65571.7719662907 3810424.1471344614    
231000 238000 1622.7642753905384 896.2059541015769 225.20725588312078 999.7210000000196 438.6369999999879 47870.55222447174 3409888.356035459    
238000 245000 727.6939042968443 896.0437279575937 270.1983251188169 999.795999999973 283.298095703125 60957.23358134577 4311711.613796147    
245000 252000 33.50311132799834 870.8121110840002 264.1025385733793 999.5470000000205 264.458984375 62722.52664046839 4903563.209494091    
252000 259000 97.01290429686196 862.8733869628923 274.09513429144704 998.0699999999488 223.382080078125 64091.991747951346 4639574.606727898    
259000 266000 1552.8609902343014 778.1627156808141 312.81351403032755 999.9910000000382 292.14208984375 56248.89443284287 3712933.0671926416    
266000 273000 2318.173111328273 780.3044814452878 280.85890794090693 999.8199999999488 286.927978515625 33840.99131940312 2479960.4058243493    
273000 280000 854.4989785157377 877.9287173548946 173.7120779086308 999.2539999999572 568.4810000000289 61267.362277988505 4152762.096964874    
280000 287000 2350.454093749984 774.9243177083359 348.3927851855453 999.8340000000317 275.50390625 47186.41762599347 3153255.560789976    
287000 294000 73.28085937490687 865.8398925781366 275.07805107394796 999.9420000000391 227.498046875 55621.5144543872 4040782.382241239    
294000 301000 249.07104687509127 964.418421874987 84.87316138507009 999.8320000000531 772.0849531249842 60814.06791961933 4509784.056968786    
