ts te idle avg_span std_span max_span min_span c_bytes_all s_bytes_all avg_video_rate avg_audio_rate video_requests_sequence audio_requests_sequence
0 10000 6030.420691406296 992.394827148426 14.041394882150593 999.7779999999912 971.34130859375 43396.352783339855 2116159.451360615    
10000 20000 975.2122011718457 820.4352544389232 371.7792490540752 999.1570000000065 23.56469140626723 84856.21199150664 5729241.141139129    
20000 30000 57.477166015596595 903.8657121804004 272.19829736457774 999.9469999999856 92.18994140630821 82429.75132212476 6035748.295035639    
30000 40000 860.4068320312072 913.9593167968793 149.37179238720432 999.5869999999995 546.8360000000102 80497.38878479855 5891497.104390699    
40000 50000 72.98817382816924 902.4556205610755 236.85372351925153 998.2619999999297 234.58189062500605 85914.196314915 6255196.290343523    
50000 60000 39.47792773449328 905.5020065695916 225.51635216166346 999.9260000000359 279.22106445312966 84087.63496115075 5934101.236411638    
60000 70000 23.53308789076982 906.9515374644755 223.0406892169752 999.960000000021 294.3289921875112 91019.95783588152 6166531.528869739    
70000 80000 253.87691992195323 886.0111890980043 247.5158894210204 999.560999999987 304.873080078105 82969.50600628293 5896205.952449018    
80000 90000 1313.7291015625233 965.1412109374974 92.5556028997199 999.9079999999958 718.9208984375 82839.07106008717 5752809.526419591    
90000 100000 85.47586914064595 901.3203755326685 224.87653499840985 999.8859999999986 280.6801015625242 83002.40086763354 5899147.107482178    
100000 110000 742.2650878906716 841.6122647372117 290.8617757637143 999.4280000000144 255.56494140625 80844.86676132887 5977564.404015255    
110000 120000 303.3910488280235 881.5099046519979 277.76370604435346 999.9220000000205 124.639892578125 83574.85286771489 6073427.333902022    
120000 130000 52.27988671883941 904.3381921164691 268.51611895203416 999.9679999999935 102.656005859375 87690.63317662712 6275044.751373093    
130000 140000 553.9890058594174 944.6010994140582 136.75539004633296 999.9110000000219 567.0380000000005 87782.17526660842 6195851.876807861    
140000 150000 886.5320097657968 911.3467990234203 242.78143426840248 999.9510000000009 226.739990234375 79927.61361911305 5757451.030672864    
150000 160000 39.30371875007404 905.5178437499933 242.61539757109603 999.8260000000009 203.353271484375 87533.88028617777 6304150.067909754    
160000 170000 193.647019531345 891.4866345880596 273.37954400859223 999.7739999999758 103.833251953125 82668.2353229665 5990498.875611799    
170000 180000 662.0962519531604 933.790374804684 134.1481283043282 999.8560000000289 576.7469999999739 81037.27077174268 5851062.025805584    
180000 190000 340.13701171881985 965.986298828118 94.04911072666347 999.8939999999711 699.3129882811918 85152.3553324891 5912337.970498493    
190000 200000 746.8030468750512 841.199723011359 295.5147579512396 999.9610000000102 228.06494140625 81649.50100761815 5759572.69516918    
200000 210000 224.51491796888877 888.6804620028283 279.59491809184664 999.8860000000568 70.6240234375 90065.22007697815 6305290.103461916    
210000 220000 149.69390624994412 895.482372159096 292.96628958711426 999.9780000000028 17.1201171875 82487.92969019603 5851333.085797519    
220000 230000 1598.6881171873538 933.479098090294 126.67909670347161 999.9640000000363 653.4660000000149 84950.99389271857 5894711.145072893    
230000 240000 303.66511914064176 969.6334880859358 89.14808817780457 999.3399999999674 715.952880859375 82156.35896784277 5875317.562892446    
240000 250000 961.1127656248864 803.3571861979241 282.4792967687286 999.5600000000559 265.943115234375 85538.42308891714 5836979.120808235    
250000 260000 294.849812499946 882.2863806818231 264.0428271390906 999.6419999999925 129.935302734375 81395.75067974272 6052312.908708786    
260000 270000 1214.622291015694 878.5377708984306 245.16237835724564 998.9780000000028 222.31201171875 78079.55521549695 5506370.854938844    
270000 280000 318.78201171860565 968.1217988281394 71.68481208061895 999.9590000000317 776.3909882812295 81108.91204800043 5835685.552651688    
280000 290000 588.1378945313627 941.1862105468638 122.87880169829363 999.8719999999739 677.8179999999702 80385.95131489362 5885877.549948742    
290000 300000 777.7088496095967 838.3901045809457 311.9713672197048 999.9020000000019 176.187255859375 81159.62391889613 5926901.384809168    
300000 310000 9380.590255859424 619.4097441405756  619.4097441405756 619.4097441405756 5152.42476621026 373149.0652420896    
