ts te idle avg_span std_span max_span min_span c_bytes_all s_bytes_all avg_video_rate avg_audio_rate video_requests_sequence audio_requests_sequence
0 10000 6943.676970703178 764.0807573242055 363.1064655677415 997.8929999999818 231.030029296875 29343.27563878189 805093.5685504883    
10000 20000 510.2037187499227 948.9796281250077 96.14868925175057 999.75900000002 758.5939707031357 61037.54691451983 2333285.0241498225    
20000 30000 1224.0872617186978 797.8102489346638 390.9585985046079 999.7490000000107 13.300048828125 56710.09448439728 2776566.1319246953    
30000 40000 37.208078125084285 996.2791921874916 4.287641096742147 999.5349999999162 986.0179511719034 95706.52165218716 6928505.425763137    
40000 50000 33.53907226579031 906.0419025212918 299.79851479178325 999.8439999999246 2.313029296870809 93535.74477337427 6179032.54413036    
50000 60000 80.16578906268114 901.8031100852108 293.5890191462227 999.9689999999828 19.22310156247113 89097.07663825664 6421641.749327023    
60000 70000 493.34406250010943 864.2414488636264 301.9089188172971 999.3740000000107 77.33589062502142 85685.80243413124 5828038.181077267    
70000 80000 37.93595312506659 905.6421860795394 205.02543360931398 999.6219999999739 472.24609375 86459.23799847948 6276869.276830457    
80000 90000 1464.4331113282824 853.5566888671717 315.5600956134886 999.6379999999772 53.22490625001956 82294.42310192542 5614234.725625397    
90000 100000 808.4149433596176 835.598641512762 316.3388068477311 999.9809999999707 35.04901757807238 86042.01592617469 5680233.020464383    
100000 110000 989.7419511718908 901.0258048828109 197.36306613930302 999.4670000000042 517.4099609375116 91873.81046246388 6468951.48696016    
110000 120000 59.96909960958874 903.6391727627647 291.18681946579704 999.7399999999325 27.12691210937919 88964.57313836088 6206057.4982532505    
120000 130000 305.8840214845259 881.283270774134 282.7649637212417 999.9050000000279 54.34001171874115 80252.32031725084 5372728.00387144    
130000 140000 122.58566406252794 897.9467578124975 239.68715752762265 999.6990000000224 209.4860332031967 92388.80757896579 6387404.817804822    
140000 150000 713.9063300782 844.1903336292545 275.60080223304783 999.9560000000056 245.4386972655775 86232.37433474949 6071115.906378715    
150000 160000 582.3350820314372 941.7664917968563 147.76657605784953 999.8679999999586 524.8650273436797 85063.9729389111 5928167.639827291    
160000 170000 514.372951171943 862.3297317116416 306.9136415371601 999.7449999999953 62.39210937498137 84510.6397783066 5851385.241910105    
170000 180000 676.0119882813306 932.3988011718669 151.56021651573954 999.8259999999427 519.9070605468587 83219.04486855549 5879529.683202575    
180000 190000 67.82694335939595 902.924823330964 285.95768954919924 999.9579999999842 43.42204882809892 89179.33203437 6044588.409332337    
190000 200000 628.5649667969556 851.9486393820949 305.21693785994967 999.9370000000345 73.67499218747253 90329.69544045418 6030420.49157259    
200000 210000 79.9521386717679 901.8225328480211 208.53492775668764 999.8560000000289 428.52490234375 89154.24641916677 5978368.451970403    
210000 220000 24.361984375165775 906.8761832386213 207.789520182532 999.9599999999627 415.44091796875 88896.09481774314 5926379.347640917    
220000 230000 595.971857421915 940.4028142578085 128.60967180319557 998.9109999999637 582.4370820312761 84369.80870212492 6101861.384985652    
230000 240000 1534.3561503908131 769.6039863281079 342.03403165086684 999.579000000027 36.78193945309613 83913.13181463542 5759665.49000004    
240000 250000 1555.9679101563524 844.4032089843647 274.4590891090742 999.9760000000242 212.19999999995343 91683.40779171363 5881643.498446678    
250000 260000 1013.8599199217279 898.6140080078272 315.39556117123504 999.9760000000242 1.007080078125 91449.51391897243 6327039.189202794    
260000 270000 97.48977148439735 990.2510228515603 13.30750249268951 999.8580000000075 965.09130859375 89322.58780231589 5984679.152119014    
270000 280000 51.02800195326563 904.4519998224304 289.1826180379035 999.6870000000345 34.29669140628539 90572.33320520824 6046636.463716535    
280000 290000 1227.3610078123165 797.5126356534257 382.78449890105713 999.9129999999423 8.331298828125 86817.0308196973 5745561.568221605    
290000 300000 366.77936328120995 963.322063671879 78.48929455391257 999.4370000000345 761.158935546875 78761.24547763276 5362534.460695863    
300000 310000 9770.82593554689 229.17406445310917  229.17406445310917 229.17406445310917 2156.2887761733737 156580.16604418782    
