ts te idle avg_span std_span max_span min_span c_ack_cnt c_ack_cnt_p c_bytes_all c_bytes_uniq s_ack_cnt s_ack_cnt_p s_bytes_all s_bytes_uniq avg_video_rate avg_audio_rate video_requests_sequence audio_requests_sequence
0 8000 8000.0 0.0 0.0 0.0 0.0 0.0 0.0 0.0 0.0 0.0 0.0 0.0 0.0 0.0 0.0 - -
8000 16000 8000.0 0.0 0.0 0.0 0.0 0.0 0.0 0.0 0.0 0.0 0.0 0.0 0.0 0.0 0.0 - -
16000 24000 8000.0 0.0 0.0 0.0 0.0 0.0 0.0 0.0 0.0 0.0 0.0 0.0 0.0 0.0 0.0 - -
24000 32000 5620.479011718751 407.36891388494337 385.4845093407609 993.6529999999984 0.0 50.57306588323532 37.27014655003132 12381.393853227284 12381.393853227284 106.81397782465899 19.605838666408008 140838.15948079937 122810.70693695647 288.0 128.0 30658.0#30658.0#288_30660.0#30660.0#288 30654.0#30654.0#128_30655.0#30655.0#128
32000 40000 183.85806054687419 671.0218512008092 309.98022454216107 997.0199999999968 0.0 242.22751842063147 224.97522627532763 14243.631684047368 14222.800193399196 488.0687317661476 32.504584290607696 799683.5885991263 439683.5408999593 288.0 128.0 30660.0#30660.0#288_33494.0#33494.0#288_35290.0#35290.0#288_36542.0#36542.0#288_38337.0#38337.0#288 30655.0#30655.0#128_33504.0#33504.0#128_35303.0#35303.0#128_36908.0#36908.0#128_38386.0#38386.0#128
40000 48000 0.0 814.806873209635 208.31474545827936 999.127999999997 63.569091796875 286.8661266743824 267.5252484738987 13948.689793078185 13085.521283726355 456.09543587759475 33.84995325144148 781625.8952291575 556235.0010192038 288.0 128.0 38337.0#38337.0#288_40335.0#40335.0#288_41799.0#41799.0#288_43777.0#43777.0#288_44975.0#44975.0#288_46375.0#46375.0#288_47725.0#47725.0#288 40353.0#40353.0#128_42060.0#42060.0#128_43869.0#43869.0#128_45159.0#45159.0#128_46383.0#46383.0#128
48000 56000 85.15831054687442 729.0762539062507 313.1446952680679 998.474000000002 0.0 300.68766584916904 283.86418807989753 13705.440893636289 13705.440893636289 453.4871477725384 32.47875868806868 810934.8668759951 580618.9731127531 288.0 128.0 47725.0#47725.0#288_49111.0#49111.0#288_50891.0#50891.0#288_52128.0#52128.0#288_53689.0#53689.0#288_55412.0#55412.0#288 46383.0#46383.0#128_48054.0#48054.0#128_49350.0#49350.0#128_50919.0#50919.0#128_52158.0#52158.0#128_53762.0#53762.0#128_55454.0#55454.0#128
56000 64000 267.25432812501094 791.9646051290753 261.3728572190603 999.2419999999838 188.50900000000547 276.0610819353232 259.59024135797665 14178.894322965041 14178.894322965041 429.3336230118759 32.25246169890678 739591.7010889793 553277.4294234591 288.0 128.0 55412.0#55412.0#288_56786.0#56786.0#288_58526.0#58526.0#288_59955.0#59955.0#288_61247.0#61247.0#288_62659.0#62659.0#288 56903.0#56903.0#128_58537.0#58537.0#128_59965.0#59965.0#128_61292.0#61292.0#128_63225.0#63225.0#128
64000 72000 46.73496874999546 765.647518694195 238.31334085096358 993.4950000000099 145.94096289064328 381.40599739170216 363.7227113647643 14787.726151238196 14787.726151238196 544.0016447423864 32.055791509662164 999324.4463082559 739459.6586162646 288.0 128.0 62659.0#62659.0#288_64118.0#64118.0#288_65741.0#65741.0#288_66985.0#66985.0#288_68102.0#68102.0#288_68917.0#68917.0#288_70700.0#70700.0#288_71129.0#71129.0#288 63225.0#63225.0#128_64741.0#64741.0#128_66380.0#66380.0#128_67594.0#67594.0#128_68730.0#68730.0#128_69616.0#69616.0#128_71158.0#71158.0#128_71483.0#71483.0#128
72000 80000 2328.1950449219003 590.5542586263012 344.32697794991094 990.3080000000045 125.78910351562081 193.17854384555648 180.0522378981039 10939.223301807635 10939.223301807635 297.199439004798 22.252611894905193 582946.3424176865 579836.6899914036 416.0 128.0 71129.0#71129.0#288_72692.0#72692.0#288_74710.0#74710.0#480_74713.0#74713.0#480_76700.0#76700.0#480_78693.0#78693.0#480 72690.0#72690.0#128_74709.0#74709.0#128_76698.0#76698.0#128_78692.0#78692.0#128
80000 88000 1752.1614375000063 687.2095258789099 315.98353182808006 999.7309999999998 257.643310546875 278.780718522594 265.25912479008673 11265.922797981 11265.922797981 386.2159373250723 22.52159373250723 765976.214466574 757918.214466574 696.0 128.0 80692.0#80692.0#480_82692.0#82692.0#480_84704.0#84704.0#840_84706.0#84706.0#840_86713.0#86713.0#840 80691.0#80691.0#128_82690.0#82690.0#128_84700.0#84700.0#128_86710.0#86710.0#128
88000 96000 93.44480468751863 754.2452056790879 329.42537863640615 998.0610000000015 174.91800000000512 316.70149034265677 304.65760348414733 10040.426092562875 10040.426092562875 435.8733879940782 19.76114656300113 953453.815212449 949529.815212449 840.0 128.0 86713.0#86713.0#840_88704.0#88704.0#840_90693.0#90693.0#840_92700.0#92700.0#840_94707.0#94707.0#840 88701.0#88701.0#128_90691.0#90691.0#128_92697.0#92697.0#128_94705.0#94705.0#128
96000 104000 1161.1377187499602 702.6404401041679 300.1594214912903 998.5360000000073 275.38300000000163 287.31191578726106 274.5198108702508 10667.871226038214 9827.871226038214 403.3410167129573 20.717259704491642 858484.4003035851 826339.4003035851 696.0 128.0 94707.0#94707.0#840_96709.0#96709.0#840_98702.0#98702.0#840_100690.0#100690.0#480_102688.0#102688.0#480 96706.0#96706.0#128_98696.0#98696.0#128_101159.0#101159.0#128_103158.0#103158.0#128
104000 112000 1961.4264257812756 633.5466718749981 360.9893958520352 999.3379999999888 50.55900000000838 254.2058753474882 242.56346085551513 9710.779883417912 9710.779883417912 329.5696579678922 20.0 657686.5700173919 615213.5700173919 480.0 128.0 104702.0#104702.0#480_106692.0#106692.0#480_108689.0#108689.0#480_110681.0#110681.0#480 105156.0#105156.0#128_107157.0#107157.0#128_109157.0#109157.0#128_111160.0#111160.0#128
112000 120000 2377.4909785156196 622.7748683894214 360.9175137447165 997.2669999999925 10.746000000013737 273.08563094665095 258.596338315538 11255.687948506526 11255.687948506526 370.55696737656456 22.978585262225934 719312.7694266828 679692.5483271297 480.0 128.0 112700.0#112700.0#480_114684.0#114684.0#480_116687.0#116687.0#480_118682.0#118682.0#480_119317.0#119317.0#480 113158.0#113158.0#128_115158.0#115158.0#128_117157.0#117157.0#128_119155.0#119155.0#128_119655.0#119655.0#128
120000 128000 1897.309923828143 584.274819561296 338.24434342295945 997.234999999986 83.35795703125768 296.46972183060427 283.3630733001486 10927.94321559546 10927.94321559546 416.0186795928474 21.319385318558393 812836.0651553104 794630.2862548636 624.0 128.0 119317.0#119317.0#480_120688.0#120688.0#480_122700.0#122700.0#480_124707.0#124707.0#840_126696.0#126696.0#840 119655.0#119655.0#128_121160.0#121160.0#128_122698.0#122698.0#128_124701.0#124701.0#128_126694.0#126694.0#128
128000 136000 83.20590624999022 739.9722979266842 308.98868998855426 999.4180000000051 275.264892578125 296.94479509641803 284.0383258159376 10746.031807828089 9926.031807828089 447.3898205962839 21.86910604142792 950390.426074233 918185.4355063647 840.0 128.0 126696.0#126696.0#840_128691.0#128691.0#840_130695.0#130695.0#840_132707.0#132707.0#840_135061.0#135061.0#840 128689.0#128689.0#128_130693.0#130693.0#128_132706.0#132706.0#128_135059.0#135059.0#128
136000 144000 2635.976416015619 551.7554701021648 352.1448857665954 997.570000000007 0.0 289.33661569217605 277.2689123557832 10060.53146417669 10060.53146417669 373.1609546648278 19.117980267008694 748021.7641824123 739285.7547502808 619.2 128.0 135061.0#135061.0#840_136710.0#136710.0#288_138692.0#138692.0#288_140705.0#140705.0#840_142720.0#142720.0#840 135059.0#135059.0#128_136728.0#136728.0#128_138689.0#138689.0#128_140700.0#140700.0#128_142717.0#142717.0#128
144000 152000 1232.0959414062672 698.0602560221329 344.6165840218533 998.3280000000086 0.0 279.16323643415075 267.73335021259265 9530.805563893235 9530.805563893235 403.8735777694764 19.714943110779057 846806.9751613613 799419.9751613613 696.0 128.0 142720.0#142720.0#840_144691.0#144691.0#840_146695.0#146695.0#840_148682.0#148682.0#480_150693.0#150693.0#480 144686.0#144686.0#128_146694.0#146694.0#128_149157.0#149157.0#128_151156.0#151156.0#128
152000 160000 2566.7240488280368 615.5435833333444 392.4545026115565 992.0650000000314 15.489999999990687 211.0 199.0 10004.0 10004.0 284.0 20.0 612039.0 597251.0 480.0 128.0 152684.0#152684.0#480_154695.0#154695.0#480_156691.0#156691.0#480_158727.0#158727.0#480 153158.0#153158.0#128_155159.0#155159.0#128_157155.0#157155.0#128_159158.0#159158.0#128
160000 168000 2806.020832031063 632.7287681790991 327.0892952176397 999.5789999999979 90.89400000000023 245.4892218395901 229.52605655632738 12957.282458211765 12957.282458211765 350.2300847426056 25.92633056652543 688297.1599875776 667962.8588389261 480.0 128.0 160684.0#160684.0#480_162691.0#162691.0#480_164690.0#164690.0#480_166693.0#166693.0#480_167380.0#167380.0#480 161157.0#161157.0#128_163158.0#163158.0#128_165161.0#165161.0#128_167160.0#167160.0#128_167818.0#167818.0#128
168000 176000 1210.1460937500233 570.1094385986398 378.9066045912799 997.7479999999923 33.51096679689363 288.229374044284 273.6083135985142 11385.624896885238 11385.624896885238 408.2752696315896 23.365782297990833 851280.0801118326 837670.3812604841 624.0 128.0 167380.0#167380.0#480_168723.0#168723.0#480_170695.0#170695.0#480_172706.0#172706.0#840_174705.0#174705.0#840 167818.0#167818.0#128_169158.0#169158.0#128_170694.0#170694.0#128_172701.0#172701.0#128_174703.0#174703.0#128
176000 184000 59.94374023444834 701.9250199819754 341.5656766338543 999.5449999999837 272.6559999999881 318.61031602556835 306.5837990954807 10026.00905197277 10026.00905197277 440.93761626228564 20.013258465043837 960468.2869931662 959080.2869931662 840.0 128.0 174705.0#174705.0#840_176709.0#176709.0#840_178707.0#178707.0#840_180705.0#180705.0#840_182695.0#182695.0#840 176706.0#176706.0#128_178705.0#178705.0#128_180702.0#180702.0#128_182689.0#182689.0#128
184000 192000 89.29536132799694 709.8163568209208 330.90155493467876 998.76800000004 286.77490234375 291.7980994752338 280.11188332665915 9740.58981524 9740.58981524 396.714452671247 19.99158747813474 935182.2746046205 932406.2746046205 840.0 128.0 182695.0#182695.0#840_184695.0#184695.0#840_186696.0#186696.0#840_188693.0#188693.0#840_190710.0#190710.0#840 184691.0#184691.0#128_186694.0#186694.0#128_188691.0#188691.0#128_190706.0#190706.0#128
192000 200000 1316.8546406249516 722.8279472656335 254.36656998424263 996.2210000000196 348.38200000004144 255.1622692101284 242.10660931150292 10889.641116872883 10049.641116872883 347.90043281123315 20.703041192305157 739111.6420073118 722901.6847666858 624.0 128.0 190710.0#190710.0#840_192714.0#192714.0#840_194686.0#194686.0#480_196690.0#196690.0#480_198686.0#198686.0#480 192713.0#192713.0#128_195160.0#195160.0#128_197157.0#197157.0#128_199159.0#199159.0#128
200000 208000 2123.791960937466 699.3653671875019 273.6547375941316 999.5370000000112 353.84130859375 204.8452167002485 192.8420858573933 10006.567291141278 10006.567291141278 260.9421438810391 20.0 610096.5562954913 602920.5135361173 480.0 128.0 200691.0#200691.0#480_202683.0#202683.0#480_204694.0#204694.0#480_206684.0#206684.0#480 201158.0#201158.0#128_203154.0#203154.0#128_205156.0#205156.0#128_207158.0#207158.0#128
208000 216000 802.3842519531026 650.747542724619 357.82893048758467 997.3490000000165 0.0 266.9089258018023 249.67388575704518 13988.640732640188 13988.640732640188 388.5664491120238 28.295394796966338 823435.9582432448 796571.9582432448 552.0 128.0 208680.0#208680.0#480_209200.0#209200.0#480_210686.0#210686.0#480_212699.0#212699.0#480_214698.0#214698.0#840 209157.0#209157.0#128_209499.0#209499.0#128_211156.0#211156.0#128_212697.0#212697.0#128_214695.0#214695.0#128
216000 224000 187.0939980467956 727.617783900685 366.44905339336003 999.2479999999923 0.0 323.30469400664356 311.2909010192906 10015.448179502946 10015.448179502946 448.5495899224759 19.00689649367647 984166.3668813267 974768.3668813267 840.0 128.0 214698.0#214698.0#840_216704.0#216704.0#840_218699.0#218699.0#840_220699.0#220699.0#840_222692.0#222692.0#840 216702.0#216702.0#128_218696.0#218696.0#128_220695.0#220695.0#128_222691.0#222691.0#128
224000 232000 67.86808789055794 745.7655317007336 320.0385265705043 999.5009999999893 286.4008789062791 342.55794205036085 330.8622611901743 9748.412479540111 9748.412479540111 446.18685882169416 19.997972150829355 952738.4629239194 939129.4629239194 840.0 128.0 224700.0#224700.0#840_226703.0#226703.0#840_228704.0#228704.0#840_230710.0#230710.0#840 224696.0#224696.0#128_226701.0#226701.0#128_228702.0#228702.0#128_230707.0#230707.0#128
232000 240000 2753.8198417968524 699.255635298307 267.07478030899136 997.2530000000261 346.075927734375 193.815511603885 180.4081466783084 11649.191806313756 11649.191806313756 281.2503093915784 24.181339298129444 574723.5955546799 573530.8171402962 508.8 128.0 230710.0#230710.0#840_234006.0#234006.0#840_236697.0#236697.0#288_238699.0#238699.0#288_239341.0#239341.0#288 234003.0#234003.0#128_237163.0#237163.0#128_239157.0#239157.0#128
240000 248000 4155.176994140667 492.6381132812414 276.88423694300667 804.24099999998 30.028072265617084 180.27842924225513 167.98605760930388 10249.592171679067 10249.592171679067 277.44679275222774 22.518397260398388 460693.6163968295 433047.394811213 288.0 128.0 239341.0#239341.0#288_242686.0#242686.0#288_243078.0#243078.0#288_244695.0#244695.0#288_246689.0#246689.0#288 239157.0#239157.0#128_240077.0#240077.0#128_243158.0#243158.0#128_243412.0#243412.0#128_245154.0#245154.0#128_247158.0#247158.0#128
248000 256000 3187.577185546863 648.858884375001 251.71965547750276 971.6259999999893 288.49300000007497 203.38734164178422 189.96616378336216 11198.633699224398 11198.633699224398 328.4212367575515 23.842355716844057 524720.0614013342 511037.06140133424 288.0 128.0 248698.0#248698.0#288_250693.0#250693.0#288_253589.0#253589.0#288_254698.0#254698.0#288_255538.0#255538.0#288 249157.0#249157.0#128_251156.0#251156.0#128_254013.0#254013.0#128_255156.0#255156.0#128_255657.0#255657.0#128
256000 264000 1301.9296894530999 611.1520955528875 372.42618688070394 999.6219999999739 125.11011328123277 320.47125497918864 307.307951173021 10975.486082385032 10975.486082385032 468.3140823603059 21.449885115450776 800777.9678577211 789832.9678577211 619.2 128.0 255538.0#255538.0#288_256704.0#256704.0#288_258729.0#258729.0#840_260693.0#260693.0#840_262702.0#262702.0#840 255657.0#255657.0#128_256702.0#256702.0#128_258725.0#258725.0#128_260691.0#260691.0#128_262701.0#262701.0#128
264000 272000 4002.48806835938 618.2112759486606 396.2774199423093 991.3889999999665 0.0 124.06042867307545 117.67190190631568 5294.463720626277 5294.463720626277 190.9812694113117 11.653776030404037 363502.80624788854 363502.80624788854 720.0 128.0 262702.0#262702.0#840_264701.0#264701.0#840_271696.0#271696.0#480 264699.0#264699.0#128
272000 280000 690.1531621093163 739.5863402343821 318.2740315584976 999.7420000000275 0.0 336.0256237034119 316.424613023377 15975.47284851939 15975.47284851939 504.3490831035299 34.355160400498214 1018592.6337323659 978887.8512527482 480.0 128.0 271696.0#271696.0#480_272459.0#272459.0#480_273599.0#273599.0#480_274860.0#274860.0#480_276684.0#276684.0#480_278702.0#278702.0#480_279214.0#279214.0#480 272159.0#272159.0#128_272996.0#272996.0#128_273656.0#273656.0#128_275158.0#275158.0#128_277156.0#277156.0#128_279157.0#279157.0#128_279882.0#279882.0#128
280000 288000 1858.5040898437728 636.2009412667248 356.3376349728284 995.914999999979 106.71206054685172 250.05535100253977 237.62937011392413 10361.943649244902 10361.943649244902 347.934328367301 21.698822736802914 683719.5307606901 651026.3132403078 480.0 128.0 279214.0#279214.0#480_280681.0#280681.0#480_282690.0#282690.0#480_284699.0#284699.0#480_286692.0#286692.0#480 279882.0#279882.0#128_281158.0#281158.0#128_283157.0#283157.0#128_285159.0#285159.0#128_287156.0#287156.0#128
288000 296000 728.6340390624246 769.0153510044703 350.2865460626548 999.2170000000042 123.49699999997392 338.7850354800794 324.49220096407674 11925.12430312217 11925.12430312217 485.1993664480741 24.292834516002646 952512.8296906566 905697.8296906566 624.0 128.0 288683.0#288683.0#480_289557.0#289557.0#480_290727.0#290727.0#480_292702.0#292702.0#840_294698.0#294698.0#840 289160.0#289160.0#128_290135.0#290135.0#128_290791.0#290791.0#128_292697.0#292697.0#128_294694.0#294694.0#128
