ts te idle avg_span std_span max_span min_span c_bytes_all s_bytes_all avg_video_rate avg_audio_rate video_requests_sequence audio_requests_sequence
0.0 6000.0 6000.0 0.0 0.0 0.0 0.0 0.0 0.0 0.0 0.0 - -
6000.0 12000.0 3331.0371171875013 889.6542942708329 187.29924290019488 997.9929999999986 673.3798828125 27791.806589027274 815507.8529893823 582.8571428571429 128.0 9779.0#9779.0#840_9780.0#9780.0#840_10492.0#10492.0#480_10493.0#10493.0#480_11006.0#11006.0#480_11387.0#11387.0#480_11844.0#11844.0#480 9776.0#9776.0#128_9777.0#9777.0#128_10504.0#10504.0#128_11033.0#11033.0#128_11480.0#11480.0#128_11974.0#11974.0#128
12000.0 18000.0 38.45088671874328 851.6498733258939 265.38850088728884 998.0540000000001 320.3731171875006 37225.903705125296 1485935.8762721536 990.0 128.0 11844.0#11844.0#480_12387.0#12387.0#480_12600.0#12600.0#480_13122.0#13122.0#480_14220.0#14220.0#1500_14222.0#14222.0#1500_16220.0#16220.0#1500_17845.0#17845.0#1500 11974.0#11974.0#128_12463.0#12463.0#128_12782.0#12782.0#128_13191.0#13191.0#128_14218.0#14218.0#128_16218.0#16218.0#128_17842.0#17842.0#128
18000.0 24000.0 839.7968886718663 737.1718730468763 353.35743383000636 999.9210000000021 179.610107421875 27096.77579478998 1197563.6711783365 1500.0 128.0 17845.0#17845.0#1500_19857.0#19857.0#1500_21852.0#21852.0#1500_23838.0#23838.0#1500 19854.0#19854.0#128_21849.0#21849.0#128_23836.0#23836.0#128
24000.0 30000.0 32.071152343756694 852.5612639508919 312.8026045723768 999.6820000000007 159.67895507811772 27292.09292456065 1179867.967365213 1500.0 128.0 23838.0#23838.0#1500_25843.0#25843.0#1500_27841.0#27841.0#1500_29841.0#29841.0#1500 25840.0#25840.0#128_27839.0#27839.0#128_29839.0#29839.0#128
30000.0 36000.0 67.37590429688134 847.5177279575884 333.0624709936086 998.0809999999983 104.10205078125 28583.186034201008 1187833.7756909383 1500.0 128.0 29841.0#29841.0#1500_31846.0#31846.0#1500_33848.0#33848.0#1500_35846.0#35846.0#1500 31843.0#31843.0#128_33846.0#33846.0#128_35844.0#35844.0#128
36000.0 42000.0 50.080070312505995 849.9885613839277 338.58713722693847 998.9040000000023 87.22998046875 27046.281854296354 1273165.3202748676 1500.0 128.0 35846.0#35846.0#1500_37843.0#37843.0#1500_39849.0#39849.0#1500_41844.0#41844.0#1500 38222.0#38222.0#128_40221.0#40221.0#128
42000.0 48000.0 33.11599609375844 852.4120005580345 345.70578251677364 999.9060000000027 71.833984375 27738.948971540813 1204638.3477912769 1500.0 128.0 41844.0#41844.0#1500_43844.0#43844.0#1500_45841.0#45841.0#1500_47840.0#47840.0#1500 42219.0#42219.0#128_44219.0#44219.0#128_46219.0#46219.0#128
48000.0 54000.0 24.640039062513097 853.6228515624981 351.02731654419193 999.6370000000024 59.7939453125 33973.229216056345 1557705.2360691824 1500.0 128.0 47840.0#47840.0#1500_49848.0#49848.0#1500_51838.0#51838.0#1500_52917.0#52917.0#1500_53969.0#53969.0#1500 48216.0#48216.0#128_50219.0#50219.0#128_52215.0#52215.0#128_53015.0#53015.0#128
54000.0 60000.0 37.026923828118015 851.8532965959831 358.86933643366854 999.6180000000022 39.572021484375 28569.568014552817 1273370.5756507865 1500.0 128.0 52917.0#52917.0#1500_53969.0#53969.0#1500_55845.0#55845.0#1500_57842.0#57842.0#1500_59847.0#59847.0#1500 54070.0#54070.0#128_56216.0#56216.0#128_58218.0#58218.0#128
60000.0 66000.0 30.830707031243946 852.738470424108 365.98014277656745 999.8380000000034 23.497314453125 27638.282820261265 1221916.2200816756 1500.0 128.0 59847.0#59847.0#1500_61846.0#61846.0#1500_63842.0#63842.0#1500_65843.0#65843.0#1500 60215.0#60215.0#128_62220.0#62220.0#128_64218.0#64218.0#128
66000.0 72000.0 883.9873750000115 852.6687708333315 325.12898585802867 998.7050000000017 189.637939453125 27831.22328431853 1211362.0613678736 1500.0 128.0 65843.0#65843.0#1500_67850.0#67850.0#1500_69847.0#69847.0#1500_71851.0#71851.0#1500 66216.0#66216.0#128_68217.0#68217.0#128_70220.0#70220.0#128
72000.0 78000.0 35.571046874989406 852.0612790178586 307.4412603973212 999.3040000000037 173.139892578125 26759.790221712472 1199962.9322022425 1500.0 128.0 71851.0#71851.0#1500_73847.0#73847.0#1500_75837.0#75837.0#1500_77842.0#77842.0#1500 72216.0#72216.0#128_74218.0#74218.0#128_76217.0#76217.0#128
78000.0 84000.0 1953.8316308593785 809.2336738281243 331.66594169674005 998.125 230.84326171876455 26660.153068526855 1204131.5364250515 1500.0 128.0 77842.0#77842.0#1500_78985.0#78985.0#1500_80162.0#80162.0#1500_83852.0#83852.0#1500 78216.0#78216.0#128_79001.0#79001.0#128_80169.0#80169.0#128_83850.0#83850.0#128
84000.0 90000.0 72.3633457031683 846.8052363281188 307.267075734715 999.9610000000102 177.763916015625 36611.68940071593 1629118.718508031 1766.6666666666667 128.0 83852.0#83852.0#1500_85080.0#85080.0#1500_86162.0#86162.0#1500_87858.0#87858.0#1500_89852.0#89852.0#2300_89855.0#89855.0#2300 84217.0#84217.0#128_86223.0#86223.0#128_87856.0#87856.0#128_89847.0#89847.0#128_89850.0#89850.0#128
90000.0 96000.0 40.314021484402474 851.3837112165139 316.34382388232297 999.9059999999881 149.94189453123545 39340.63581344236 1791967.2121142603 2300.0 128.0 89852.0#89852.0#2300_89855.0#89855.0#2300_91853.0#91853.0#2300_93849.0#93849.0#2300_95849.0#95849.0#2300 91850.0#91850.0#128_93846.0#93846.0#128_95846.0#95846.0#128
96000.0 102000.0 70.79584374999104 847.0291651785727 336.07610546297576 999.0500000000029 95.60205078123545 38113.409860744076 1762159.1471575801 2300.0 128.0 95849.0#95849.0#2300_97851.0#97851.0#2300_99849.0#99849.0#2300_101849.0#101849.0#2300 97850.0#97850.0#128_99847.0#99847.0#128_101847.0#101847.0#128
102000.0 108000.0 55.578162109377445 849.2031196986603 338.4832645407391 999.8390000000072 85.660888671875 37858.17053995462 1786119.7989261956 2300.0 128.0 101849.0#101849.0#2300_103852.0#103852.0#2300_105852.0#105852.0#2300_107856.0#107856.0#2300 103850.0#103850.0#128_105848.0#105848.0#128_107853.0#107853.0#128
108000.0 114000.0 38.52898437494878 851.6387165178645 347.75264195595423 998.8230000000185 66.451904296875 38670.336154895806 1804003.8220341282 2300.0 128.0 107856.0#107856.0#2300_109849.0#109849.0#2300_111847.0#111847.0#2300_113861.0#113861.0#2300 109847.0#109847.0#128_111846.0#111846.0#128_113859.0#113859.0#128
114000.0 120000.0 29.438962890650146 852.9372910156214 353.0741331356401 999.0100000000093 54.18994140625 35259.67041458598 1623829.9062091352 1820.0 128.0 113861.0#113861.0#2300_115855.0#115855.0#2300_117848.0#117848.0#1500_117851.0#117851.0#1500_119844.0#119844.0#1500 115851.0#115851.0#128_118221.0#118221.0#128
120000.0 126000.0 65.6526386718906 847.7639087611585 361.42647000671565 999.2289999999921 29.435302734375 35930.258408920876 1576699.5218242006 1500.0 128.0 119844.0#119844.0#1500_121846.0#121846.0#1500_123757.0#123757.0#1500_124864.0#124864.0#1500 120223.0#120223.0#128_122220.0#122220.0#128_124784.0#124784.0#128_124908.0#124908.0#128
126000.0 132000.0 33.00325195316691 852.4281068638332 373.0101639939709 999.9020000000019 6.85205078125 36266.83694292465 1586963.4998674884 2100.0 128.0 124864.0#124864.0#1500_126105.0#126105.0#1500_127858.0#127858.0#1500_129858.0#129858.0#3000_129859.0#129859.0#3000 126115.0#126115.0#128_127856.0#127856.0#128_129854.0#129854.0#128
132000.0 138000.0 1767.953152343718 705.341141276047 457.7071471403851 998.8990000000049 22.260949218762107 33982.266910033395 1523534.7054432672 2250.0 128.0 129859.0#129859.0#3000_133854.0#133854.0#3000_136134.0#136134.0#1500_137067.0#137067.0#1500 133852.0#133852.0#128_134215.0#134215.0#128_137223.0#137223.0#128
138000.0 144000.0 70.41463085939176 847.083624162944 307.3050167825074 998.734999999986 174.249267578125 35772.354781686634 1591664.2190139196 1820.0 128.0 137067.0#137067.0#1500_138281.0#138281.0#1500_139856.0#139856.0#1500_141859.0#141859.0#2300_143853.0#143853.0#2300 138388.0#138388.0#128_139851.0#139851.0#128_141854.0#141854.0#128_143851.0#143851.0#128
144000.0 150000.0 85.13615820312407 844.9805488281252 321.4324946095761 997.4469999999856 130.412109375 39742.84603486815 1762817.505437874 2300.0 128.0 143853.0#143853.0#2300_145851.0#145851.0#2300_147853.0#147853.0#2300_149852.0#149852.0#2300 145848.0#145848.0#128_147851.0#147851.0#128_149850.0#149850.0#128
150000.0 156000.0 59.3831855468743 848.6595449218751 341.48125419479254 998.9809999999998 81.971923828125 39893.73325662107 1874738.9807239296 2300.0 128.0 149852.0#149852.0#2300_151852.0#151852.0#2300_153848.0#153848.0#2300_155852.0#155852.0#2300 149850.0#149850.0#128_151849.0#151849.0#128_153845.0#153845.0#128_155850.0#155850.0#128
156000.0 162000.0 26.762019531219266 853.3197114955401 345.8763144313381 999.4400000000023 71.951904296875 38388.94284612235 1803590.2376336355 2300.0 128.0 155852.0#155852.0#2300_157848.0#157848.0#2300_159852.0#159852.0#2300_161851.0#161851.0#2300 157846.0#157846.0#128_159851.0#159851.0#128_161849.0#161849.0#128
162000.0 168000.0 26.192939453059807 853.4010086495629 349.3927923804762 998.0050000000338 63.18896484375 35741.15291070703 1631684.3565495228 1900.0 128.0 161851.0#161851.0#2300_163847.0#163847.0#2300_165844.0#165844.0#1500_167839.0#167839.0#1500 161849.0#161849.0#128_163845.0#163845.0#128_166220.0#166220.0#128_166223.0#166223.0#128
168000.0 174000.0 34.555675781244645 852.2063320312508 356.8453588317213 999.1179999999877 44.5712890625 35102.7473061414 1561036.1135943448 1500.0 128.0 167839.0#167839.0#1500_169839.0#169839.0#1500_171833.0#171833.0#1500_172902.0#172902.0#1500_173977.0#173977.0#1500 168219.0#168219.0#128_170217.0#170217.0#128_172220.0#172220.0#128_173015.0#173015.0#128
174000.0 180000.0 865.2910195311997 855.7848300781334 326.82146155973777 998.4820000000182 189.55126953125 34418.77702801433 1492681.9372124276 1900.0 128.0 172902.0#172902.0#1500_173977.0#173977.0#1500_175849.0#175849.0#1500_177856.0#177856.0#2300_177859.0#177859.0#2300_179842.0#179842.0#2300 174102.0#174102.0#128_175848.0#175848.0#128_177853.0#177853.0#128_179839.0#179839.0#128
180000.0 186000.0 32.522357421868946 852.4968060825902 307.84949206676066 998.8999999999942 172.4099121093459 39460.40334212447 1805535.2752616017 2300.0 128.0 179842.0#179842.0#2300_181850.0#181850.0#2300_183842.0#183842.0#2300_185855.0#185855.0#2300 181846.0#181846.0#128_183840.0#183840.0#128_185853.0#185853.0#128
186000.0 192000.0 59.798794921836816 848.6001721540233 314.74174466454207 998.2110000000393 149.2451171875 38694.77890071546 1761800.127159988 2300.0 128.0 185855.0#185855.0#2300_187849.0#187849.0#2300_189847.0#189847.0#2300_191853.0#191853.0#2300 187846.0#187846.0#128_189844.0#189844.0#128_191849.0#191849.0#128
192000.0 198000.0 45.001074218715075 850.7141322544693 322.10749661757205 999.3439999999828 130.89404296875 40490.905875790166 1839019.2733429621 2300.0 128.0 191853.0#191853.0#2300_193848.0#193848.0#2300_195848.0#195848.0#2300_197852.0#197852.0#2300 193844.0#193844.0#128_195845.0#195845.0#128_197847.0#197847.0#128
198000.0 204000.0 70.59510156250326 847.0578426339281 345.60816537289156 999.6500000000233 71.0649414062791 38951.151954572626 1814598.9657306746 2300.0 128.0 197852.0#197852.0#2300_199851.0#199851.0#2300_201850.0#201850.0#2300_203863.0#203863.0#2300 199847.0#199847.0#128_201848.0#201848.0#128_203860.0#203860.0#128
204000.0 210000.0 31.888955078145955 852.5872921316934 355.1863135898191 999.8969999999972 49.385986328125 39600.749158563856 1820908.9537463216 2300.0 128.0 203863.0#203863.0#2300_205852.0#205852.0#2300_207843.0#207843.0#2300_209851.0#209851.0#2300 203860.0#203860.0#128_205850.0#205850.0#128_207841.0#207841.0#128_209848.0#209848.0#128
210000.0 216000.0 25.059904296853347 853.5628708147352 362.41746334961994 999.5199999999895 32.68408203125 36035.658623745054 1666581.6011330343 1820.0 128.0 209851.0#209851.0#2300_211848.0#211848.0#2300_213840.0#213840.0#1500_213843.0#213843.0#1500_215848.0#215848.0#1500 209848.0#209848.0#128_211844.0#211844.0#128_214221.0#214221.0#128
216000.0 222000.0 860.9650371093012 856.5058271484498 312.2681024014894 999.5370000000112 220.1960449219332 34741.88109033534 1504230.5909647082 1500.0 128.0 215848.0#215848.0#1500_217869.0#217869.0#1500_219842.0#219842.0#1500_220947.0#220947.0#1500 216220.0#216220.0#128_218217.0#218217.0#128_220216.0#220216.0#128_221085.0#221085.0#128
222000.0 228000.0 809.17794531252 741.5460078124971 374.99757197126524 999.9770000000426 91.5270996093459 36104.82905019496 1500253.6463212492 1820.0 128.0 220947.0#220947.0#1500_222064.0#222064.0#1500_223842.0#223842.0#1500_225951.0#225951.0#2300_227855.0#227855.0#2300 222199.0#222199.0#128_223841.0#223841.0#128_225946.0#225946.0#128_225948.0#225948.0#128_227851.0#227851.0#128
228000.0 234000.0 21.69311132817529 854.0438412388321 345.5943931507607 999.9819999999891 74.18798828125 39554.0828472909 1868146.387365759 2300.0 128.0 227855.0#227855.0#2300_229851.0#229851.0#2300_231838.0#231838.0#2300_233854.0#233854.0#2300 229849.0#229849.0#128_231835.0#231835.0#128_233851.0#233851.0#128
234000.0 240000.0 1951.3710703124816 809.7257859375037 327.9232068955247 999.6739999999991 228.69091796875 25503.840470044168 1182045.8793542203 2300.0 128.0 233854.0#233854.0#2300_235854.0#235854.0#2300_239851.0#239851.0#2300 235850.0#235850.0#128_239849.0#239849.0#128
240000.0 246000.0 29.918939453084022 852.8687229352737 296.33326075034677 998.9029999999912 208.9279785155959 40750.266890521656 1821250.4363793563 1660.0 128.0 239851.0#239851.0#2300_241621.0#241621.0#1500_243697.0#243697.0#1500_244802.0#244802.0#1500_245992.0#245992.0#1500 240220.0#240220.0#128_244070.0#244070.0#128_244909.0#244909.0#128
246000.0 252000.0 110.06089453113964 841.4198722098372 302.6909205103687 999.8670000000275 176.361083984375 29600.419016555905 1257068.5213573882 1500.0 128.0 245992.0#245992.0#1500_247843.0#247843.0#1500_249851.0#249851.0#1500_251839.0#251839.0#1500 246007.0#246007.0#128_248219.0#248219.0#128_250218.0#250218.0#128
252000.0 258000.0 1955.7487851561746 674.0418691406376 443.81466278228027 998.7270000000135 0.0 19366.489564979074 842873.0143330838 1500.0 128.0 251839.0#251839.0#1500_253847.0#253847.0#1500_257833.0#257833.0#1500 252216.0#252216.0#128_254217.0#254217.0#128
258000.0 264000.0 63.2663066405803 848.1048133370599 307.739078358646 999.7999999999884 178.4169921875 38348.932481916985 1625659.2322203694 1500.0 128.0 257833.0#257833.0#1500_258926.0#258926.0#1500_259988.0#259988.0#1500_261841.0#261841.0#1500_263843.0#263843.0#1500 258216.0#258216.0#128_259026.0#259026.0#128_260140.0#260140.0#128_262220.0#262220.0#128
264000.0 270000.0 76.61205664061708 846.198277622769 330.20721387636394 999.5019999999786 112.408935546875 28321.87284287757 1189084.3837697695 1500.0 128.0 263843.0#263843.0#1500_265850.0#265850.0#1500_267845.0#267845.0#1500_269845.0#269845.0#1500 264220.0#264220.0#128_266216.0#266216.0#128_268218.0#268218.0#128
270000.0 276000.0 50.76994335924974 849.8900080915357 333.34817864099915 998.8950000000186 99.5419921875 28335.619134048273 1232692.7884697134 1500.0 128.0 269845.0#269845.0#1500_271839.0#271839.0#1500_273843.0#273843.0#1500_275842.0#275842.0#1500 270219.0#270219.0#128_272220.0#272220.0#128_274217.0#274217.0#128
276000.0 282000.0 49.25402539066272 850.1065678013339 340.08437346579797 998.8090000000084 83.115966796875 28572.288917356072 1258986.0155721004 1500.0 128.0 275842.0#275842.0#1500_277838.0#277838.0#1500_279837.0#279837.0#1500_281839.0#281839.0#1500 276219.0#276219.0#128_278218.0#278218.0#128_280217.0#280217.0#128
282000.0 288000.0 31.238046875048894 852.6802790178501 347.222605839291 999.4319999999716 68.742919921875 28550.276123969576 1229498.4812288997 1500.0 128.0 281839.0#281839.0#1500_283845.0#283845.0#1500_285834.0#285834.0#1500_287835.0#287835.0#1500 282217.0#282217.0#128_284219.0#284219.0#128_286218.0#286218.0#128
288000.0 294000.0 34.474945312482305 852.2178649553597 353.3029706321803 999.9239999999991 53.073974609375 35072.89256490694 1548955.039765643 1500.0 128.0 287835.0#287835.0#1500_289844.0#289844.0#1500_291836.0#291836.0#1500_292943.0#292943.0#1500 288218.0#288218.0#128_290218.0#290218.0#128_292219.0#292219.0#128_293050.0#293050.0#128
294000.0 300000.0 31.501853515626863 852.6425923549104 361.95100781154184 998.9340000000084 32.97412109375 30522.644390726913 1298090.3344092986 1500.0 128.0 292943.0#292943.0#1500_294021.0#294021.0#1500_295841.0#295841.0#1500_297833.0#297833.0#1500_299841.0#299841.0#1500 294167.0#294167.0#128_296219.0#296219.0#128_298217.0#298217.0#128
