ts te idle avg_span std_span max_span min_span c_bytes_all s_bytes_all avg_video_rate avg_audio_rate video_requests_sequence audio_requests_sequence
0.0 6000.0 6000.0 0.0 0.0 0.0 0.0 0.0 0.0 0.0 0.0 - -
6000.0 12000.0 2208.018878906252 947.995280273437 98.43916026779283 998.7330000000002 800.34912109375 27321.769016575563 1249967.2315965681 840.0 128.0 8469.0#8469.0#840_8470.0#8470.0#840_9517.0#9517.0#840_10146.0#10146.0#840_10811.0#10811.0#840_11489.0#11489.0#840 8467.0#8467.0#128_8468.0#8468.0#128_9522.0#9522.0#128_10325.0#10325.0#128_11030.0#11030.0#128_11774.0#11774.0#128
12000.0 18000.0 1056.3230332031162 706.2395666852691 380.4237056283131 999.8739999999998 197.74087890625015 25227.26790787713 1500051.6775481994 1005.0 128.0 11489.0#11489.0#840_12226.0#12226.0#840_12813.0#12813.0#840_13434.0#13434.0#840_14129.0#14129.0#840_14886.0#14886.0#840_16561.0#16561.0#1500_16562.0#16562.0#1500 11774.0#11774.0#128_12461.0#12461.0#128_13130.0#13130.0#128_13826.0#13826.0#128_14457.0#14457.0#128_15009.0#15009.0#128_16558.0#16558.0#128_16560.0#16560.0#128
18000.0 24000.0 39.261837890633615 851.5340231584809 250.60381169446188 999.7609999999986 459.1929121093708 18556.358187645714 1199203.9010547057 1500.0 128.0 18565.0#18565.0#1500_20565.0#20565.0#1500_22552.0#22552.0#1500 18562.0#18562.0#128_20563.0#20563.0#128_22550.0#22550.0#128
24000.0 30000.0 72.21325000000797 846.8266785714275 257.27749637318976 999.6399999999921 460.0 19099.251766321937 1217363.0764706966 1500.0 128.0 24560.0#24560.0#1500_26560.0#26560.0#1500_28559.0#28559.0#1500 24557.0#24557.0#128_26558.0#26558.0#128_28556.0#28556.0#128
30000.0 36000.0 850.0479999999952 858.3253333333341 202.53949536785802 999.4820000000036 527.6569999999992 19152.353121579657 1270035.11332983 1500.0 128.0 30527.0#30527.0#1500_32558.0#32558.0#1500_33934.0#33934.0#1500 30524.0#30524.0#128_33007.0#33007.0#128_34100.0#34100.0#128
36000.0 42000.0 1567.223003906256 886.5553992187488 200.54779088010525 998.2949999999983 535.02099609375 17894.01038263237 1078369.4420719477 1060.0 128.0 36547.0#36547.0#840_36549.0#36549.0#840_37124.0#37124.0#840_38559.0#38559.0#840_40563.0#40563.0#1500_40566.0#40566.0#1500 37008.0#37008.0#128_37011.0#37011.0#128_37523.0#37523.0#128_38556.0#38556.0#128_40558.0#40558.0#128_40561.0#40561.0#128
42000.0 48000.0 135.30008398438076 837.814273716517 256.61116246546766 999.5429999999978 460.2220039062522 18847.11063774513 1203949.3449913382 1500.0 128.0 42559.0#42559.0#1500_44553.0#44553.0#1500_46557.0#46557.0#1500 42557.0#42557.0#128_44550.0#44550.0#128_46557.0#46557.0#128
48000.0 54000.0 2217.980912109386 630.3365146484357 412.15712753408866 998.3589999999967 33.66599999999744 13683.878979622505 883342.212936714 1500.0 128.0 48551.0#48551.0#1500_52558.0#52558.0#1500 48549.0#48549.0#128_52555.0#52555.0#128
54000.0 60000.0 1211.4489999999932 957.7102000000014 88.50915618567143 998.2250000000058 799.4030000000057 16765.0 990029.0 840.0 128.0 54553.0#54553.0#840_54555.0#54555.0#840_55345.0#55345.0#840_56551.0#56551.0#840_58571.0#58571.0#840 55010.0#55010.0#128_55012.0#55012.0#128_55566.0#55566.0#128_57008.0#57008.0#128_58569.0#58569.0#128
60000.0 66000.0 494.8589687500207 917.5235052083299 196.7942994224064 999.7859999999928 515.83203125 20570.901447680502 1296378.4480099324 1500.0 128.0 60571.0#60571.0#1500_60575.0#60575.0#1500_62559.0#62559.0#1500_63778.0#63778.0#1500_65510.0#65510.0#1500 60567.0#60567.0#128_60569.0#60569.0#128_62558.0#62558.0#128_63007.0#63007.0#128_65508.0#65508.0#128
66000.0 72000.0 77.76811914061545 846.033125837055 257.9417561255083 999.5850000000064 461.409912109375 22432.957542967553 1457865.716677376 1500.0 128.0 65510.0#65510.0#1500_67095.0#67095.0#1500_68560.0#68560.0#1500_70554.0#70554.0#1500 67089.0#67089.0#128_68558.0#68558.0#128_70552.0#70552.0#128
72000.0 78000.0 368.3766640625108 804.5176194196413 302.2690737270462 998.9679999999935 268.479248046875 19018.749787509078 1232563.1645527175 1500.0 128.0 72842.0#72842.0#1500_74555.0#74555.0#1500_76554.0#76554.0#1500 72836.0#72836.0#128_74553.0#74553.0#128_76553.0#76553.0#128
78000.0 84000.0 1910.688146484361 817.8623707031278 246.6468446778431 998.7970000000205 522.8291015625 12450.398360864838 779299.1884495433 1500.0 128.0 80548.0#80548.0#1500_82560.0#82560.0#1500 80544.0#80544.0#128_82556.0#82556.0#128
84000.0 90000.0 118.28101757811964 840.2455689174114 254.07609268249348 999.9619999999995 462.986083984375 19702.99698723562 1215350.9984199493 1104.0 128.0 84547.0#84547.0#1500_86551.0#86551.0#1500_88556.0#88556.0#840_88559.0#88559.0#840_89138.0#89138.0#840 85011.0#85011.0#128_87009.0#87009.0#128_89009.0#89009.0#128_89011.0#89011.0#128_89510.0#89510.0#128
90000.0 96000.0 1050.0130351562402 824.99782747396 228.502483082181 999.7829999999958 533.0289160156244 14853.743013070009 900416.5747817262 1236.0 128.0 89138.0#89138.0#840_90554.0#90554.0#840_92566.0#92566.0#1500_92568.0#92568.0#1500_94564.0#94564.0#1500 89510.0#89510.0#128_90552.0#90552.0#128_92561.0#92561.0#128_92564.0#92564.0#128_94559.0#94559.0#128
96000.0 102000.0 2558.1500488281163 688.3699902343767 404.9215728356288 998.2069999999949 83.93500000001222 15935.2528606724 976393.909108755 1005.0 128.0 98583.0#98583.0#1500_99719.0#99719.0#840_99722.0#99722.0#840_100556.0#100556.0#840 98580.0#98580.0#128_99866.0#99866.0#128_99869.0#99869.0#128_100563.0#100563.0#128
102000.0 108000.0 2392.1630000000587 721.5673999999883 334.6646115087483 998.4409999999916 352.3549999999814 16928.0 1056378.0 1335.0 128.0 102555.0#102555.0#840_104552.0#104552.0#1500_104553.0#104553.0#1500_106556.0#106556.0#1500 102552.0#102552.0#128_104549.0#104549.0#128_104550.0#104550.0#128_106552.0#106552.0#128
108000.0 114000.0 1107.6527089843294 815.3912151692784 283.94334255136613 997.3950000000186 382.8690000000206 20968.239393682066 1274647.8907816433 1500.0 128.0 108565.0#108565.0#1500_110554.0#110554.0#1500_112559.0#112559.0#1500_113692.0#113692.0#1500 108559.0#108559.0#128_110552.0#110552.0#128_112558.0#112558.0#128_113007.0#113007.0#128
114000.0 120000.0 19.54336914063606 854.3509472656234 245.35646925166228 999.8640000000014 475.4047089843807 30459.33787321591 1927303.5438140093 2140.0 128.0 113692.0#113692.0#1500_114974.0#114974.0#2300_114977.0#114977.0#2300_116875.0#116875.0#2300_118732.0#118732.0#2300 114970.0#114970.0#128_114972.0#114972.0#128_116872.0#116872.0#128_118730.0#118730.0#128
120000.0 126000.0 757.8996152343461 748.8714835379506 317.174957539406 998.3399999999965 277.289306640625 24079.55208748593 1477244.0479252494 1820.0 128.0 118732.0#118732.0#2300_120597.0#120597.0#2300_123726.0#123726.0#1500_123727.0#123727.0#1500_125018.0#125018.0#1500 120594.0#120594.0#128_123717.0#123717.0#128_123720.0#123720.0#128_125018.0#125018.0#128
126000.0 132000.0 195.2972851562081 829.2432449776845 299.93985908525406 999.9320000000007 246.572021484375 21672.677186281908 1357548.7982614327 1500.0 128.0 125018.0#125018.0#1500_126561.0#126561.0#1500_128561.0#128561.0#1500_130564.0#130564.0#1500 126558.0#126558.0#128_128558.0#128558.0#128_130559.0#130559.0#128
132000.0 138000.0 930.8240644531325 844.862655924478 193.94451248284818 998.5899999999965 539.35595703125 19367.759380072148 1202127.0175596667 1500.0 128.0 132555.0#132555.0#1500_134562.0#134562.0#1500_136560.0#136560.0#1500 132553.0#132553.0#128_134559.0#134559.0#128_136558.0#136558.0#128
138000.0 144000.0 427.23589648437337 796.1091576450896 368.45021188306737 999.7179999999935 66.66504296875792 18717.29769004993 1151129.873234604 1500.0 128.0 136560.0#136560.0#1500_138564.0#138564.0#1500_140702.0#140702.0#1500_142565.0#142565.0#1500 138561.0#138561.0#128_140698.0#140698.0#128_142561.0#142561.0#128
144000.0 150000.0 266.7749843750207 819.0321450892827 289.15946682003676 999.1069999999891 321.028076171875 19236.54216473252 1182268.1024958591 1500.0 128.0 144564.0#144564.0#1500_146560.0#146560.0#1500_148747.0#148747.0#1500 144559.0#144559.0#128_146556.0#146556.0#128_148744.0#148744.0#128
150000.0 156000.0 1893.937984374992 821.2124031250016 243.43001977861252 999.3880000000063 533.194091796875 20023.632509927043 1254647.127593114 1820.0 128.0 152563.0#152563.0#2300_152563.0#152563.0#2300_154436.0#154436.0#1500_154436.0#154436.0#1500_155542.0#155542.0#1500 152560.0#152560.0#128_152562.0#152562.0#128_154511.0#154511.0#128_154513.0#154513.0#128_155712.0#155712.0#128
156000.0 162000.0 767.4400917969178 872.093318033847 215.92635252074848 999.3679999999877 465.9289082031173 21612.961714552544 1276510.5983344214 1236.0 128.0 155542.0#155542.0#1500_156772.0#156772.0#1500_158550.0#158550.0#1500_160548.0#160548.0#840_160550.0#160550.0#840 155712.0#155712.0#128_156779.0#156779.0#128_159010.0#159010.0#128_161010.0#161010.0#128_161011.0#161011.0#128
162000.0 168000.0 3039.6180000000168 740.0954999999958 424.9933744789434 997.3579999999783 109.71499999999651 13122.0 736655.0 840.0 128.0 162559.0#162559.0#840_164562.0#164562.0#840_166555.0#166555.0#840 163011.0#163011.0#128_165011.0#165011.0#128_167008.0#167008.0#128
168000.0 174000.0 2064.14300000004 983.96424999999 16.379479364437156 997.0819999999949 963.1639999999898 13195.0 737564.0 840.0 128.0 168559.0#168559.0#840_170552.0#170552.0#840_172557.0#172557.0#840 169009.0#169009.0#128_171008.0#171008.0#128_173010.0#173010.0#128
174000.0 180000.0 3081.1320000000123 972.9559999999959 35.559630439575294 994.2149999999965 931.9040000000095 12722.0 716049.0 840.0 128.0 174546.0#174546.0#840_176557.0#176557.0#840_178545.0#178545.0#840 175008.0#175008.0#128_177010.0#177010.0#128_179010.0#179010.0#128
180000.0 186000.0 1997.1106914062111 800.5778617187577 206.05731105571203 999.5409999999974 535.34130859375 17145.692438631144 963185.2532188522 840.0 128.0 180547.0#180547.0#840_182549.0#182549.0#840_183132.0#183132.0#840_184553.0#184553.0#840 181010.0#181010.0#128_183010.0#183010.0#128_183439.0#183439.0#128_184549.0#184549.0#128
186000.0 192000.0 92.95622070305399 843.8633970424208 263.8579917222259 999.8969999999972 454.5900878906541 19814.005476390474 1197476.3164233717 1500.0 128.0 186578.0#186578.0#1500_186581.0#186581.0#1500_188576.0#188576.0#1500_190567.0#190567.0#1500 186573.0#186573.0#128_186575.0#186575.0#128_188573.0#188573.0#128_190563.0#190563.0#128
192000.0 198000.0 199.5621210936515 828.6339827009069 266.8037531959994 999.6590000000433 357.115966796875 26277.795583808875 1649402.1450458982 2300.0 128.0 192564.0#192564.0#2300_192566.0#192566.0#2300_194603.0#194603.0#2300_196556.0#196556.0#2300 192560.0#192560.0#128_192562.0#192562.0#128_194602.0#194602.0#128_196554.0#196554.0#128
198000.0 204000.0 178.73486132797552 831.6093055245749 279.5143437708562 999.6730000000389 270.80810546875 28969.383686594858 1863928.7378113517 2300.0 128.0 196556.0#196556.0#2300_198558.0#198558.0#2300_200550.0#200550.0#2300_202321.0#202321.0#2300 198557.0#198557.0#128_200547.0#200547.0#128_201010.0#201010.0#128
204000.0 210000.0 811.3711054687737 864.771482421871 128.49265690273572 999.2479999999923 710.3099999999977 24109.12281457465 1535217.5475005263 1716.0 128.0 202321.0#202321.0#2300_204553.0#204553.0#2300_206555.0#206555.0#2300_208546.0#208546.0#840_208548.0#208548.0#840 204550.0#204550.0#128_206554.0#206554.0#128_209012.0#209012.0#128_209014.0#209014.0#128
210000.0 216000.0 2214.482000000018 946.3794999999955 91.33911035805481 998.8299999999872 809.8679999999877 12970.0 735801.0 840.0 128.0 210546.0#210546.0#840_212556.0#212556.0#840_214556.0#214556.0#840 211012.0#211012.0#128_213013.0#213013.0#128_215014.0#215014.0#128
216000.0 222000.0 2352.1609999999637 911.9597500000091 97.01987576221434 999.1419999999925 814.8390000000363 12206.0 678757.0 840.0 128.0 216556.0#216556.0#840_218547.0#218547.0#840_220546.0#220546.0#840 217012.0#217012.0#128_219011.0#219011.0#128_221012.0#221012.0#128
222000.0 228000.0 1084.6590000000433 983.0681999999913 32.86071181060789 999.6719999999914 924.3209999999963 13267.0 747169.0 840.0 128.0 222544.0#222544.0#840_224567.0#224567.0#840_226546.0#226546.0#840 223010.0#223010.0#128_225012.0#225012.0#128_227010.0#227010.0#128
228000.0 234000.0 2535.764999999985 866.0587500000038 222.719321700921 997.4130000000005 533.8669999999984 16912.0 964579.0 840.0 128.0 228598.0#228598.0#840_230548.0#230548.0#840_232579.0#232579.0#840_233040.0#233040.0#840 229012.0#229012.0#128_231011.0#231011.0#128_233012.0#233012.0#128_233385.0#233385.0#128
234000.0 240000.0 2968.4260000000068 757.8934999999983 451.48785583408903 999.4400000000023 81.36100000000442 11481.0 664399.0 1280.0 128.0 234556.0#234556.0#840_236576.0#236576.0#1500_236576.0#236576.0#1500 234552.0#234552.0#128_236573.0#236573.0#128_236574.0#236574.0#128
240000.0 246000.0 4022.347931640659 494.4130170898352 409.7784124469558 998.1559999999881 57.086999999999534 8661.728327691959 492093.0416277009 1060.0 128.0 240550.0#240550.0#1500_245705.0#245705.0#840_245706.0#245706.0#840 240549.0#240549.0#128_245898.0#245898.0#128_245901.0#245901.0#128
246000.0 252000.0 1156.4378124999057 807.2603645833491 215.60890474226335 999.7030000000086 533.437255859375 22220.0433725274 1273563.2087893311 840.0 128.0 245706.0#245706.0#840_246479.0#246479.0#840_247220.0#247220.0#840_248546.0#248546.0#840_250547.0#250547.0#840_251242.0#251242.0#840 245898.0#245898.0#128_245901.0#245901.0#128_246625.0#246625.0#128_247334.0#247334.0#128_249010.0#249010.0#128_251009.0#251009.0#128_251497.0#251497.0#128
252000.0 258000.0 1943.644005859387 676.0593323567688 383.71903461643 999.9569999999949 81.07400000002235 17140.533319970982 967255.1474892974 840.0 128.0 251242.0#251242.0#840_254543.0#254543.0#840_255028.0#255028.0#840_256544.0#256544.0#840_257117.0#257117.0#840 251497.0#251497.0#128_255008.0#255008.0#128_255376.0#255376.0#128_257011.0#257011.0#128_257447.0#257447.0#128
258000.0 264000.0 87.14316015632357 844.6938342633823 259.29770373681475 998.0069999999832 454.01708984375 18626.5172533059 1105091.9405292089 1335.0 128.0 258575.0#258575.0#840_260566.0#260566.0#1500_260568.0#260568.0#1500_262563.0#262563.0#1500 257447.0#257447.0#128_258573.0#258573.0#128_260562.0#260562.0#128_260563.0#260563.0#128_262561.0#262561.0#128
264000.0 270000.0 136.56199023430236 837.6340013950996 265.66485932637886 998.75900000002 367.402099609375 24560.51931648641 1519328.8402811405 2100.0 128.0 264569.0#264569.0#1500_266518.0#266518.0#2300_266520.0#266520.0#2300_268548.0#268548.0#2300 264567.0#264567.0#128_266517.0#266517.0#128_266518.0#266518.0#128_268546.0#268546.0#128
270000.0 276000.0 1918.4552207030356 816.3089558593929 249.73302229428123 999.8520000000135 519.9008789063082 15991.174389278272 991553.3176941941 1900.0 128.0 268548.0#268548.0#2300_272563.0#272563.0#2300_274545.0#274545.0#1500_274547.0#274547.0#1500 272562.0#272562.0#128_275014.0#275014.0#128_275016.0#275016.0#128
276000.0 282000.0 89.72458789055236 844.3250588727782 255.20247958353661 999.8300000000163 466.373291015625 20791.675144889454 1206315.0369299827 972.0 128.0 276545.0#276545.0#1500_278555.0#278555.0#840_278558.0#278558.0#840_279099.0#279099.0#840_280558.0#280558.0#840 277008.0#277008.0#128_279010.0#279010.0#128_279013.0#279013.0#128_279469.0#279469.0#128_280554.0#280554.0#128
282000.0 288000.0 1985.4242499999236 802.9151500000153 268.3021716486908 999.9519999999902 481.11170898441924 12857.479773022735 768684.596330384 1500.0 128.0 282577.0#282577.0#1500_282579.0#282579.0#1500_286549.0#286549.0#1500 282574.0#282574.0#128_282576.0#282576.0#128_286546.0#286546.0#128
288000.0 294000.0 597.2730410156073 900.4544931640654 216.93096976578747 999.9870000000228 459.3039589843829 23190.329102826887 1387450.87032876 1236.0 128.0 288560.0#288560.0#1500_289789.0#289789.0#1500_291035.0#291035.0#1500_292576.0#292576.0#840_292578.0#292578.0#840 289006.0#289006.0#128_290035.0#290035.0#128_291041.0#291041.0#128_293011.0#293011.0#128_293014.0#293014.0#128
294000.0 300000.0 1607.6120761717902 878.477584765642 207.9694066441909 999.564000000013 518.721923828125 21184.52473899051 1303909.9065950208 1935.0 128.0 294569.0#294569.0#840_296569.0#296569.0#2300_296571.0#296571.0#2300_298558.0#298558.0#2300 294566.0#294566.0#128_296566.0#296566.0#128_296567.0#296567.0#128_298557.0#298557.0#128
