ts te idle avg_span std_span max_span min_span c_bytes_all s_bytes_all avg_video_rate avg_audio_rate video_requests_sequence audio_requests_sequence
0 6000 5994.0400390625 5.9599609375  5.9599609375 5.9599609375 95.77203435040389 4393.212146600569    
6000 12000 59.844650390557945 990.0258916015737 14.595646449701766 999.9720000000088 960.893310546875 70276.363755149 4207643.654943086    
12000 18000 718.5853105468559 754.4878127790206 420.0728371890552 999.6070000000182 38.70268945314456 53275.8642105006 3545903.132910313    
18000 24000 2125.57988085947 774.884023828106 403.9457047648407 998.8520000000135 66.94000000000233 32653.530283094886 2228883.5833582412    
24000 30000 53.14118945313385 849.5512586495523 305.5530628088509 999.7080000000424 183.3618808593601 55973.95117817649 4129109.7703255513    
30000 36000 81.4160019531846 845.5119997209737 294.1480303209844 999.744000000006 226.4060703124851 51803.38683811552 3833802.9928650022    
36000 42000 137.18196679698303 837.5454333147167 294.50099920607124 999.9569999999949 240.1160722656059 57122.353687351875 4161513.0861075553    
42000 48000 17.968929687631316 854.5758671874812 259.839262034011 999.7029999999795 354.7910390624893 56306.33628245145 3946300.665126758    
48000 54000 1936.1669765624683 812.7666046875063 320.2880920697851 999.7760000000126 259.04296875 40918.20167308253 2870361.295900976    
54000 60000 2406.09005468752 718.781989062496 331.97584088471984 999.0480000000098 189.7719453125028 34948.240057727264 2485749.606315916    
60000 66000 252.7291113283136 957.8784814452811 98.2825057522133 999.9099999999744 757.285888671875 53489.81801529941 3559337.7466388033    
66000 72000 3333.464888671937 533.3070222656127 439.8441495391532 996.4969999999739 45.401999999943655 28554.18198470059 1647532.2533611967    
72000 78000 248.3537089844467 958.6077151692589 98.58905068062447 999.8979999999283 757.373291015625 62992.621183064366 3926428.9580380316    
78000 84000 71.34503320307704 846.9507095424176 285.9795856528303 998.5400000000373 242.5367089844076 58145.27120924252 4009882.768055436    
84000 90000 1926.2592167967814 678.9567972005365 435.65954566898625 999.9760000000242 0.0 41736.375309763986 2969001.472610105    
90000 96000 26.514085937466007 853.355130580362 300.22121400553624 999.8960000000079 195.92595898441505 61659.573825884 4295496.261390975    
96000 102000 23.228855468856636 853.8244492187348 296.13965451450883 999.8549999999814 209.31804492184892 58473.50756164043 4228349.611957609    
102000 108000 1980.7700664062868 669.8716555989522 444.194830673816 998.9310000000405 30.84299999999348 40529.82313682313 2668129.210671545    
108000 114000 85.66906445322093 844.9044193638256 305.5365925823199 998.9749999999185 184.10696679685498 48711.81197892693 3288992.669193031    
114000 120000 1954.4729179688147 809.105416406237 329.5007565359719 999.4639999999781 236.92803125001956 37042.062449852725 2439962.7003858234    
120000 126000 20.598066406266298 854.2002762276762 304.4716982727114 999.7710000000079 184.77194921881892 55775.56272863497 3683702.003676198    
126000 132000 85.946064453281 844.8648479352456 298.79009093753547 998.1179999999586 200.48101562500233 55119.169588038254 3978959.6284782686    
132000 138000 1235.6858417970361 794.052359700494 293.05717335881945 999.1339999999618 251.60308007808635 48323.3675833233 3256698.5774841793    
138000 144000 1041.4850117189344 826.4191647135109 323.3017524132921 998.8929999999236 183.24592187500093 48967.70685349353 3358463.323562308    
144000 150000 24.728179687459487 853.6102600446486 304.464322606626 999.3790000000736 185.25693359377328 59037.41378489557 4152282.740965458    
150000 156000 2935.2448867186904 612.9510226562619 460.24350906847894 997.7970000000205 38.95400000002701 30770.73280641631 2028172.073531033    
156000 162000 1962.5539999998873 807.4892000000225 426.98926516854414 999.9600000000792 43.6720000000787 35389.0 2343699.0    
162000 168000 2102.5668867188506 779.4866226562299 394.4844455410915 999.2880000000005 88.78800000000047 40621.75484461169 2563284.5026997924    
168000 174000 1284.889210937603 785.8517981770661 315.60692814760915 998.9659999999567 186.98188671877142 47115.10400474415 3229186.513823892    
174000 180000 1960.7169863281888 673.2138356119685 437.11719577724483 999.1869999999763 48.18400000000838 40120.7514811087 2439280.8794347323    
180000 186000 918.7389160155435 846.8768473307427 325.6805275819876 999.9980000000214 185.2040839844267 51057.38966953545 3555161.1040415834    
186000 192000 263.5811093749944 956.0698151041676 99.01880429667247 997.9089999999851 753.962890625 50055.36252133425 3393492.4237405015    
192000 198000 38.84877148439409 851.5930326450865 286.37860262233653 999.5719999999856 241.93810937501257 58963.912911778374 4158545.327548674    
198000 204000 1483.0711796873948 752.8214700521008 321.37523540101944 998.8860000000568 265.7688808593666 39062.01543732081 2777195.9505075607    
204000 210000 81.55695703125093 845.4918632812498 306.719699892616 999.1530000000494 183.9770605468657 57262.15531623811 4193218.751555305    
210000 216000 1664.589093749877 722.5684843750205 361.1656676559971 999.6920000000391 255.10101757815573 41810.27212021685 2670856.1304263105    
216000 222000 92.05698437499814 843.9918593750002 307.3095222661933 999.920999999973 183.83411132812034 60146.33569767391 3908073.7350575197    
222000 228000 37.02381640614476 851.8537405134078 280.3363121995249 999.9529999999795 263.32709570310544 58058.26059808944 3946310.5419711787    
228000 234000 1826.6060878906865 834.6787824218627 308.90379351898895 997.4300000000512 283.7729121093871 36029.685397348265 2312693.139192949    
234000 240000 211.80998242192436 964.6983362630126 77.99777488387316 999.6589999999851 805.718017578125 58526.243666173184 4030550.6667651525    
240000 246000 1450.692103515612 758.217982747398 318.12905480003553 999.5820000000531 191.8969824218657 43407.23773832351 2795004.971882691    
246000 252000 133.13801757793408 838.1231403460094 280.6100125351258 999.6380000000354 283.9680859375512 57995.06859364481 3656872.422492239    
252000 258000 108.6419980468927 841.6225717075868 252.81784841671896 999.6300000000047 375.0771035156213 52411.07972308341 3440388.4328190237    
258000 264000 1948.232833984308 810.3534332031384 244.61317388182422 998.5620000000345 400.46210156253073 38461.4103359388 2340106.802003404    
264000 270000 168.89500195311848 833.014999720983 298.1036225903265 997.6010000000242 184.33693554683123 48360.639237130774 3080478.858778988    
270000 276000 1977.4820839844178 670.4196526692637 429.55486178918267 999.1609999999637 26.584999999962747 42446.73707579015 2662709.9834707826    
276000 282000 1565.6879003905924 739.052016601568 342.77227950465203 999.2160000000149 209.92102148442063 46297.12688239534 3122405.5094994125    
282000 288000 1811.3240781250643 698.1126536458227 458.1581454031359 998.625 30.013999999966472 38867.45674752002 2586768.352288307    
288000 294000 256.4740703125717 957.2543216145714 95.97620851277819 998.9320000000298 761.3779296875 48670.39399732614 3305973.6771517443    
294000 300000 2004.7136816405691 665.8810530599052 449.34435798000237 1000.0 5.456000000005588 39847.612727884756 2679833.08554015    
300000 306000 5817.633248046855 182.36675195314456  182.36675195314456 182.36675195314456 1832.993274789109 136069.2373081063    
