ts te idle avg_span std_span max_span min_span c_bytes_all s_bytes_all avg_video_rate avg_audio_rate video_requests_sequence audio_requests_sequence
0 9000 8064.865999999998 935.1340000000018  935.1340000000018 935.1340000000018 6722.0 10302.0    
9000 18000 3231.2078828124904 721.0990146484387 349.01244500379914 999.9510000000009 118.4951171875 39452.76823109311 9830925.310780168    
18000 27000 6000.777054687518 499.87049088541363 338.44028461334716 873.7258828124977 93.31099999999424 21821.271427833693 6615648.822313022    
27000 36000 6153.307062499996 569.3385875000007 110.19206173132781 681.9689375000016 419.1560000000027 38944.960341073194 11590911.86690681    
36000 45000 5954.624082031252 609.0751835937496 295.56132231368616 852.2589999999909 121.94091796875 28837.6801676676 8071146.891042347    
45000 54000 4920.563917968742 679.9060136718763 332.19701980609494 991.801999999996 99.63300000000163 40522.3198323324 11705338.108957652    
54000 63000 6429.374103515613 514.1251792968775 221.6097215540924 653.7020000000048 124.993896484375 29432.673954539998 8347599.708438935    
63000 72000 5638.981896484373 672.2036207031255 192.32731502742405 946.1440000000002 467.04899999999907 34580.32604546 9787703.291561065    
72000 81000 6544.830927734365 491.033814453127 344.8033565609383 817.1849999999977 112.17600000000675 29026.563737021337 8413175.6635411    
81000 90000 6639.290072265634 472.1419855468732 104.76026104288586 624.2319999999891 328.46992773437523 32726.436262978663 9496946.3364589    
90000 99000 5010.927999999971 664.8453333333382 337.35616748633765 999.9110000000073 110.42499999998836 34964.0 10028580.0    
99000 108000 7090.141999999978 477.4645000000055 27.217585228429087 504.2130000000179 444.8920000000071 27012.0 7941317.0    
108000 117000 6115.145101562448 576.9709796875104 310.3179109263177 985.5670000000391 124.9208984375 36346.20042299814 10379524.658625117    
117000 126000 6398.786898437509 433.5355169270818 327.64883116969116 983.1600000000035 103.89000000001397 32878.79957700186 9602556.341374883    
126000 135000 5657.42204296877 557.0963261718716 396.33404890838 999.9189999999944 101.9659999999858 29334.974321395435 8509313.941275768    
135000 144000 6683.253957031266 463.3492085937469 77.8082280277531 571.3669999999984 353.5540429687535 32783.025678604565 9534713.058724232    
144000 153000 6888.067976562481 422.38640468750384 171.80248617143752 570.4720000000088 125.3740234375 29034.786223373732 8432953.616521172    
153000 162000 6748.72002343749 450.2559953125019 64.05696728004322 506.82600000000093 339.9099765625142 32758.213776626268 9570891.383478828    
162000 171000 6883.062992187508 423.38740156249844 180.1873489469014 616.6529999999912 125.4580078125 29766.056380898997 8624223.456432704    
171000 180000 6283.636007812514 543.2727984374972 123.13686847935935 760.0529921874986 462.2519999999786 38691.943619101 11281481.543567296    
180000 189000 6767.743994140677 446.4512011718645 192.92284379290007 644.5509999999776 125.4060058593459 29613.178221385915 8628980.267248036    
189000 198000 4973.33500585935 671.1108323567751 280.94218681486507 999.4459999999963 334.8309941406478 39608.82177861409 11412250.732751964    
198000 207000 4739.685070312495 710.0524882812509 310.4343620691512 999.2989999999991 124.5029296875 30343.827998176253 8399523.804051103    
207000 216000 4773.424003906228 603.7965708705389 407.10021793586327 999.9560000000638 101.46800000002258 33729.842555119634 9612375.194517283    
216000 225000 5582.903925781226 569.5160123697957 258.1297020689446 875.5370742187661 113.51999999998952 27833.329446704112 7995880.001431615    
225000 234000 4707.038999999932 715.4935000000114 356.1408600600234 999.1359999999986 117.14100000003236 41570.0 12001622.0    
234000 243000 7124.637999999919 468.84050000002026 249.7350354469167 718.5530000000435 129.77900000000955 21161.0 6004046.0    
243000 252000 5930.902999999991 613.8194000000018 318.29042297923263 834.0509999999776 67.04800000000978 41263.0 11963061.0    
252000 261000 6597.107902343676 480.5784195312648 201.19866903476515 613.2139999999781 125.60009765630821 29484.23129904268 8433327.447182974    
261000 270000 6604.238097656169 479.1523804687662 103.63083550376183 627.0380000000005 341.94699999998556 33444.76870095732 9624039.552817026    
270000 279000 6724.3720468749525 455.1255906250095 220.54469887076206 662.390000000014 125.751953125 28615.6920785771 8148253.98649717    
279000 288000 5202.065953124955 759.586809375009 156.06099285786001 955.7980000000098 594.9160000000265 40847.3079214229 11575915.013502829    
288000 297000 7151.748914062453 369.6502171875094 368.52626823362255 788.9380000000237 71.61099999997532 28810.008552982188 8368638.745223547    
297000 306000 7457.380085937504 771.3099570312479 3.7094214071462424 773.9329140625196 768.6869999999763 13609.991447017812 3799740.2547764527    
