ts te idle avg_span std_span max_span min_span c_bytes_all s_bytes_all avg_video_rate avg_audio_rate video_requests_sequence audio_requests_sequence
0 8000 8000.0 0.0 0.0 0.0 0.0 0.0 0.0 0.0 0.0 - -
8000 16000 381.0029843749944 952.3746269531257 83.51885202534496 999.2600000000093 757.416015625 37901.2143049125 912973.5833509269 288.0 128.0 8538.0#8538.0#288_10344.0#10344.0#288_11664.0#11664.0#288_12875.0#12875.0#288_14119.0#14119.0#288_14860.0#14860.0#288_15806.0#15806.0#288 8532.0#8532.0#128_10356.0#10356.0#128_11672.0#11672.0#128_12922.0#12922.0#128_14190.0#14190.0#128_14886.0#14886.0#128_15815.0#15815.0#128
16000 24000 187.4137070312281 868.0651436631969 256.5890014832377 998.1809999999823 235.1649843750056 27374.798468488796 662017.066271872 288.0 128.0 15806.0#15806.0#288_16679.0#16679.0#288_18354.0#18354.0#288_20594.0#20594.0#288_23139.0#23139.0#288 15815.0#15815.0#128_16726.0#16726.0#128_18374.0#18374.0#128_20753.0#20753.0#128_23169.0#23169.0#128
24000 32000 83.25404492189409 879.6384394531228 243.33463721516196 999.9370000000345 295.0926914063166 33329.62936847977 759211.6322150496 288.0 128.0 23139.0#23139.0#288_24720.0#24720.0#288_25715.0#25715.0#288_27104.0#27104.0#288_28501.0#28501.0#288_29621.0#29621.0#288_30836.0#30836.0#288 23169.0#23169.0#128_24869.0#24869.0#128_26060.0#26060.0#128_27163.0#27163.0#128_28606.0#28606.0#128_30095.0#30095.0#128_31369.0#31369.0#128
32000 40000 101.58624609390972 877.6015282117878 241.10229057220388 996.9990000000107 310.7837363281287 27938.160920090726 599569.132570349 288.0 128.0 30836.0#30836.0#288_33040.0#33040.0#288_34749.0#34749.0#288_35963.0#35963.0#288_37235.0#37235.0#288_38978.0#38978.0#288 31369.0#31369.0#128_33056.0#33056.0#128_34780.0#34780.0#128_36368.0#36368.0#128_37869.0#37869.0#128_39370.0#39370.0#128
40000 48000 484.0141132812714 835.1095429687476 257.08392421964453 999.6479999999865 336.9739824218559 23710.590516994896 524404.9131007508 288.0 128.0 38978.0#38978.0#288_40899.0#40899.0#288_42877.0#42877.0#288_44810.0#44810.0#288_47216.0#47216.0#288 39370.0#39370.0#128_40874.0#40874.0#128_42874.0#42874.0#128_44808.0#44808.0#128_46872.0#46872.0#128
48000 56000 133.15279882826144 874.0941334635265 239.7572278524867 999.3839999999618 390.3081054686918 21824.734786534715 454084.103220219 288.0 128.0 47216.0#47216.0#288_49127.0#49127.0#288_50770.0#50770.0#288_53534.0#53534.0#288_55880.0#55880.0#288 46872.0#46872.0#128_48854.0#48854.0#128_50875.0#50875.0#128_52972.0#52972.0#128_54978.0#54978.0#128
56000 64000 691.7039843751118 812.0328906249875 309.3293144718181 999.7739999999758 122.84912109369179 29497.276800843236 661875.6533222347 288.0 128.0 53534.0#53534.0#288_55880.0#55880.0#288_57209.0#57209.0#288_58485.0#58485.0#288_59860.0#59860.0#288_61872.0#61872.0#288_63876.0#63876.0#288 54978.0#54978.0#128_57219.0#57219.0#128_58491.0#58491.0#128_59867.0#59867.0#128_62372.0#62372.0#128_63874.0#63874.0#128
64000 72000 505.82285937515553 832.6863489583161 319.88632828975784 999.0160000000033 32.84326171869179 21853.18768668299 529630.9075316505 288.0 128.0 63876.0#63876.0#288_65879.0#65879.0#288_69315.0#69315.0#288_70909.0#70909.0#288 63874.0#63874.0#128_65878.0#65878.0#128_67875.0#67875.0#128_71095.0#71095.0#128
72000 80000 109.54795117187314 986.3065061035159 12.597349686702401 999.6010000000242 959.6537382812239 23580.32813185791 499672.9542793036 288.0 128.0 70909.0#70909.0#288_72793.0#72793.0#288_74819.0#74819.0#288_76601.0#76601.0#288_78545.0#78545.0#288 71095.0#71095.0#128_72875.0#72875.0#128_74878.0#74878.0#128_76795.0#76795.0#128_78657.0#78657.0#128
80000 88000 113.06022265623324 876.3266419270852 325.7003466405344 999.8209999999963 9.118689453112893 29918.706489502743 542881.7094201163 288.0 128.0 78545.0#78545.0#288_80806.0#80806.0#288_82774.0#82774.0#288_84451.0#84451.0#288_86063.0#86063.0#288_87795.0#87795.0#288 80858.0#80858.0#128_82876.0#82876.0#128_84585.0#84585.0#128_86231.0#86231.0#128_87817.0#87817.0#128
88000 96000 751.7771210937062 805.3580976562548 336.8475806831428 998.6300000000047 52.42191210936289 26569.078112695606 604229.6062060054 288.0 128.0 87795.0#87795.0#288_89320.0#89320.0#288_90705.0#90705.0#288_92744.0#92744.0#288_94821.0#94821.0#288 87817.0#87817.0#128_89348.0#89348.0#128_90691.0#90691.0#128_92743.0#92743.0#128_94371.0#94371.0#128
96000 104000 100.41167968738591 877.7320355902905 232.76496147166935 999.9349999999977 386.269287109375 25230.12636995416 548529.1074926041 288.0 128.0 94821.0#94821.0#288_96748.0#96748.0#288_99179.0#99179.0#288_101141.0#101141.0#288_102656.0#102656.0#288 96754.0#96754.0#128_98372.0#98372.0#128_100806.0#100806.0#128_102373.0#102373.0#128
104000 112000 212.66332812496694 865.2596302083371 259.70646968147344 996.1900000000023 257.282958984375 22198.425169238402 488963.75983958505 288.0 128.0 102656.0#102656.0#288_104203.0#104203.0#288_106375.0#106375.0#288_109067.0#109067.0#288_110908.0#110908.0#288 104212.0#104212.0#128_106372.0#106372.0#128_108370.0#108370.0#128_110879.0#110879.0#128
112000 120000 131.47797070309753 874.2802254774336 277.6475397019679 998.1450000000186 168.1879882811918 23696.08749234153 520738.0238037329 288.0 128.0 110908.0#110908.0#288_112903.0#112903.0#288_114407.0#114407.0#288_116693.0#116693.0#288_118772.0#118772.0#288 112783.0#112783.0#128_113873.0#113873.0#128_116691.0#116691.0#128_118372.0#118372.0#128_119873.0#119873.0#128
120000 128000 166.08100390608888 870.4354440104346 298.48318336121457 999.814000000013 87.708984375 17691.830254600132 366442.2514530039 288.0 128.0 118772.0#118772.0#288_121041.0#121041.0#288_125208.0#125208.0#288_127421.0#127421.0#288 119873.0#119873.0#128_121488.0#121488.0#128_127427.0#127427.0#128
128000 136000 142.74602734402288 873.0282191839974 311.98297499054047 999.935999999987 46.85595703119179 25274.1087385619 581351.0582495094 288.0 128.0 127421.0#127421.0#288_129462.0#129462.0#288_131631.0#131631.0#288_133482.0#133482.0#288_134795.0#134795.0#288 127427.0#127427.0#128_129484.0#129484.0#128_131728.0#131728.0#128_133494.0#133494.0#128_135292.0#135292.0#128
136000 144000 95.88695703144185 988.0141303710698 16.061382626219235 999.7660000000033 951.6410429687239 29500.716388219993 649355.5376730866 288.0 128.0 134795.0#134795.0#288_136586.0#136586.0#288_138507.0#138507.0#288_139883.0#139883.0#288_141519.0#141519.0#288_142726.0#142726.0#288 135292.0#135292.0#128_136892.0#136892.0#128_138515.0#138515.0#128_139892.0#139892.0#128_141702.0#141702.0#128_142869.0#142869.0#128
144000 152000 149.06396484392462 981.3670043945094 21.231871858267315 997.8969999999972 942.68603515625 28571.30022567272 665374.819076239 288.0 128.0 142726.0#142726.0#288_144047.0#144047.0#288_145454.0#145454.0#288_146503.0#146503.0#288_148376.0#148376.0#288_150106.0#150106.0#288 144154.0#144154.0#128_145464.0#145464.0#128_146621.0#146621.0#128_148374.0#148374.0#128_150368.0#150368.0#128
152000 160000 186.07405859377468 868.2139934895806 309.88026190515757 996.4929999999586 52.414964843774214 18590.84646943779 379925.5525512533 288.0 128.0 150106.0#150106.0#288_153091.0#153091.0#288_155523.0#155523.0#288_159013.0#159013.0#288 150368.0#150368.0#128_153088.0#153088.0#128_155369.0#155369.0#128_156872.0#156872.0#128
160000 168000 150.01596875005635 872.2204479166604 280.0549360246848 999.8379999999888 152.21002343751024 23607.168283204534 517001.0171976508 288.0 128.0 159013.0#159013.0#288_160206.0#160206.0#288_162627.0#162627.0#288_164639.0#164639.0#288_166590.0#166590.0#288 160372.0#160372.0#128_162809.0#162809.0#128_164747.0#164747.0#128_166596.0#166596.0#128
168000 176000 369.0711230468005 847.8809863281333 266.5165520093124 997.8449999999721 218.8139921874972 21651.181999085034 466548.9513384686 288.0 128.0 166590.0#166590.0#288_168318.0#168318.0#288_170407.0#170407.0#288_172788.0#172788.0#288_175329.0#175329.0#288 168370.0#168370.0#128_170414.0#170414.0#128_172872.0#172872.0#128_175372.0#175372.0#128
176000 184000 130.33687890623696 874.4070134548625 232.55978990704872 997.8159999999916 369.52011523442343 31059.531094073845 646994.7117175072 288.0 128.0 175329.0#175329.0#288_177071.0#177071.0#288_179600.0#179600.0#288_181210.0#181210.0#288_182164.0#182164.0#288_183238.0#183238.0#288 175372.0#175372.0#128_177091.0#177091.0#128_179613.0#179613.0#128_181257.0#181257.0#128_182231.0#182231.0#128_183369.0#183369.0#128
184000 192000 356.776902343845 849.2470108506839 245.84926510707277 999.1840000000084 413.6819941406138 29138.16242558401 660954.1880893923 288.0 128.0 183238.0#183238.0#288_184168.0#184168.0#288_185147.0#185147.0#288_186879.0#186879.0#288_188982.0#188982.0#288_190499.0#190499.0#288 184248.0#184248.0#128_185212.0#185212.0#128_186876.0#186876.0#128_188980.0#188980.0#128_190720.0#190720.0#128
192000 200000 956.3628300779965 880.4546462402504 204.23875367143424 999.2240000000456 514.3768964844057 28569.440455639324 480673.6060935605 288.0 128.0 190499.0#190499.0#288_192366.0#192366.0#288_194580.0#194580.0#288_196381.0#196381.0#288_198377.0#198377.0#288 192373.0#192373.0#128_194578.0#194578.0#128_196377.0#196377.0#128_198375.0#198375.0#128
200000 208000 208.4822519532172 865.7241942274203 255.50539817589444 999.3240000000224 410.50772656244226 22452.093563732084 454814.31953699613 288.0 128.0 198377.0#198377.0#288_200037.0#200037.0#288_201940.0#201940.0#288_204125.0#204125.0#288_206568.0#206568.0#288 200297.0#200297.0#128_201952.0#201952.0#128_204372.0#204372.0#128_206373.0#206373.0#128
208000 216000 208.75602148426697 865.693775390637 250.1591093989513 998.1040000000503 313.25 23502.712574450292 525618.4739316428 288.0 128.0 206568.0#206568.0#288_208738.0#208738.0#288_210613.0#210613.0#288_212484.0#212484.0#288_214733.0#214733.0#288 208736.0#208736.0#128_210369.0#210369.0#128_211870.0#211870.0#128_214729.0#214729.0#128
216000 224000 241.02769726561382 862.108033637154 269.3378298947093 999.2020000000484 244.935302734375 27645.116710059283 599821.2517793113 288.0 128.0 214733.0#214733.0#288_216747.0#216747.0#288_218650.0#218650.0#288_220362.0#220362.0#288_221777.0#221777.0#288_223381.0#223381.0#288 216744.0#216744.0#128_218649.0#218649.0#128_219874.0#219874.0#128_221373.0#221373.0#128_223379.0#223379.0#128
224000 232000 1440.5313027342781 937.066956752246 102.92145879942426 998.0189999999711 740.8346972656436 21953.44619906109 495029.108687978 288.0 128.0 223381.0#223381.0#288_225234.0#225234.0#288_226974.0#226974.0#288_228875.0#228875.0#288 225249.0#225249.0#128_226869.0#226869.0#128_228872.0#228872.0#128
232000 240000 3376.018115234212 770.6636474609646 275.4837270450902 999.8209999999963 296.18700000003446 30959.649498438685 612346.6672593952 326.4 128.0 232375.0#232375.0#288_232953.0#232953.0#288_234872.0#234872.0#288_236592.0#236592.0#288_238384.0#238384.0#480 232374.0#232374.0#128_232788.0#232788.0#128_234871.0#234871.0#128_236591.0#236591.0#128_238379.0#238379.0#128
240000 248000 2891.839884765679 729.7371593191887 393.41599364311537 998.0679999999702 11.403999999980442 29872.350501561315 708836.3327406048 480.0 128.0 240373.0#240373.0#480_242775.0#242775.0#480_244187.0#244187.0#480_246377.0#246377.0#480 240694.0#240694.0#128_242774.0#242774.0#128_244193.0#244193.0#128_246375.0#246375.0#128
248000 256000 3752.9667128906585 849.4066574218683 247.2192611209023 984.4259999999776 410.019287109375 35378.028346261446 724168.1699390479 480.0 128.0 248583.0#248583.0#480_250380.0#250380.0#480_252380.0#252380.0#480_254602.0#254602.0#480_255410.0#255410.0#480_255705.0#255705.0#480 248580.0#248580.0#128_250378.0#250378.0#128_252377.0#252377.0#128_254600.0#254600.0#128_255378.0#255378.0#128_255779.0#255779.0#128
256000 264000 1418.0813964842819 731.3242892795242 417.11929364994694 999.8370000000577 0.0 40495.28378101017 1006777.5784384148 768.0 128.0 255705.0#255705.0#480_257884.0#257884.0#840_259874.0#259874.0#840_261874.0#261874.0#840_263379.0#263379.0#840 255779.0#255779.0#128_257877.0#257877.0#128_259872.0#259872.0#128_261872.0#261872.0#128_263377.0#263377.0#128
264000 272000 1700.4728964843089 899.9324433593845 197.37429522189825 999.4599999999627 471.593994140625 41681.168182768175 1040990.049390581 840.0 128.0 263379.0#263379.0#840_266588.0#266588.0#840_267944.0#267944.0#840_269365.0#269365.0#840_271085.0#271085.0#840 266586.0#266586.0#128_267377.0#267377.0#128_269377.0#269377.0#128_271082.0#271082.0#128
272000 280000 100.789109375095 877.6900989583228 226.60500497190753 996.4799999999814 433.431884765625 45870.67654610051 1118446.0437480856 840.0 128.0 271085.0#271085.0#840_273380.0#273380.0#840_275382.0#275382.0#840_276900.0#276900.0#840_278872.0#278872.0#840 273379.0#273379.0#128_275379.0#275379.0#128_276871.0#276871.0#128_278871.0#278871.0#128
280000 288000 130.8309218750801 874.3521197916577 241.84407596639383 999.6350000000093 388.386962890625 44575.952798559396 1152347.2282753314 840.0 128.0 278872.0#278872.0#840_280630.0#280630.0#840_282875.0#282875.0#840_284636.0#284636.0#840_286594.0#286594.0#840 280628.0#280628.0#128_282874.0#282874.0#128_284634.0#284634.0#128_286593.0#286593.0#128
288000 296000 90.65603906242177 878.8159956597309 240.76004231362484 998.9980000000214 333.596923828125 44768.96959199205 1114595.2703313984 840.0 128.0 288381.0#288381.0#840_290382.0#290382.0#840_292602.0#292602.0#840_294382.0#294382.0#840 288378.0#288378.0#128_290380.0#290380.0#128_292600.0#292600.0#128_294380.0#294380.0#128
