ts te idle avg_span std_span max_span min_span c_bytes_all s_bytes_all avg_video_rate avg_audio_rate video_requests_sequence audio_requests_sequence
0 8000 8000.0 0.0 0.0 0.0 0.0 0.0 0.0 0.0 0.0 - -
8000 16000 2499.678117187461 916.7203138020899 142.27674319221 998.195000000007 632.2548828125 17340.4028497821 354743.90366327955 288.0 128.0 11459.0#11459.0#288_14939.0#14939.0#288 11453.0#11453.0#128_14967.0#14967.0#128
16000 24000 193.93594921857584 867.340450086825 236.68781318747457 999.8260000000009 367.6121171875275 18041.518257820342 474941.35925844364 288.0 128.0 14939.0#14939.0#288_17596.0#17596.0#288_19664.0#19664.0#288_21619.0#21619.0#288_23739.0#23739.0#288 14967.0#14967.0#128_17667.0#17667.0#128_19878.0#19878.0#128_21781.0#21781.0#128_23779.0#23779.0#128
24000 32000 376.97965039056726 847.0022610677147 266.85486363681076 999.5979999999981 317.915283203125 18318.689473295675 516672.47262527683 288.0 128.0 23739.0#23739.0#288_25693.0#25693.0#288_27788.0#27788.0#288_29427.0#29427.0#288_31863.0#31863.0#288 23779.0#23779.0#128_25879.0#25879.0#128_27876.0#27876.0#128_29641.0#29641.0#128_31882.0#31882.0#128
32000 40000 212.7733593750745 865.2474045138806 274.98872735627947 992.6089999999967 184.221923828125 20119.093993102982 553083.243405411 288.0 128.0 31863.0#31863.0#288_33238.0#33238.0#288_35142.0#35142.0#288_37071.0#37071.0#288_38980.0#38980.0#288 31882.0#31882.0#128_33381.0#33381.0#128_35155.0#35155.0#128_37201.0#37201.0#128_39202.0#39202.0#128
40000 48000 158.56703906250186 871.2703289930554 287.2802264021587 998.9629999999306 121.056884765625 21065.476472801423 569504.6758682521 288.0 128.0 38980.0#38980.0#288_40735.0#40735.0#288_42419.0#42419.0#288_44010.0#44010.0#288_45517.0#45517.0#288_47403.0#47403.0#288 39202.0#39202.0#128_40878.0#40878.0#128_42548.0#42548.0#128_44154.0#44154.0#128_45706.0#45706.0#128_47542.0#47542.0#128
48000 56000 151.0476347656222 872.1058183593753 310.04469676576207 998.0680000000284 51.53125 19753.713654090083 543017.3168484796 288.0 128.0 47403.0#47403.0#288_49270.0#49270.0#288_51202.0#51202.0#288_52799.0#52799.0#288_54517.0#54517.0#288 47542.0#47542.0#128_49279.0#49279.0#128_51246.0#51246.0#128_52827.0#52827.0#128_54707.0#54707.0#128
56000 64000 197.49625781254144 975.3129677734323 25.32348352534035 998.7189999999828 927.1807499999995 21299.29626161659 563663.3456690498 288.0 128.0 54517.0#54517.0#288_56519.0#56519.0#288_58174.0#58174.0#288_59416.0#59416.0#288_61531.0#61531.0#288_63181.0#63181.0#288 56525.0#56525.0#128_58378.0#58378.0#128_59879.0#59879.0#128_61843.0#61843.0#128_63377.0#63377.0#128
64000 72000 185.9410097655491 868.2287766927168 315.13604746600794 998.9409999999916 41.80600781249814 18557.595123704312 488278.9752471 288.0 128.0 63181.0#63181.0#288_65194.0#65194.0#288_67473.0#67473.0#288_69460.0#69460.0#288_71453.0#71453.0#288 63377.0#63377.0#128_65230.0#65230.0#128_67484.0#67484.0#128_69608.0#69608.0#128_71575.0#71575.0#128
72000 80000 257.8160703125759 860.2426588541582 276.5453693493024 995.8849999999511 153.24801757815294 21477.24800998676 601430.8535903268 288.0 128.0 71453.0#71453.0#288_73361.0#73361.0#288_75326.0#75326.0#288_76943.0#76943.0#288_78251.0#78251.0#288_79597.0#79597.0#288 71575.0#71575.0#128_73381.0#73381.0#128_75356.0#75356.0#128_77048.0#77048.0#128_78681.0#78681.0#128
80000 88000 149.51661328139016 872.2759318576233 260.0541901557757 997.2909999999683 241.73308789060684 22227.921786455478 619630.9899089927 288.0 128.0 78251.0#78251.0#288_79597.0#79597.0#288_81261.0#81261.0#288_82924.0#82924.0#288_84474.0#84474.0#288_86267.0#86267.0#288 78681.0#78681.0#128_80416.0#80416.0#128_81940.0#81940.0#128_83265.0#83265.0#128_84677.0#84677.0#128_86381.0#86381.0#128
88000 96000 150.76538867183262 872.1371790364631 241.6080190861856 999.1780000000726 328.4617011718801 20521.964909747323 578508.8546447429 288.0 128.0 86267.0#86267.0#288_88044.0#88044.0#288_89851.0#89851.0#288_91339.0#91339.0#288_93030.0#93030.0#288_95013.0#95013.0#288 88054.0#88054.0#128_89857.0#89857.0#128_91382.0#91382.0#128_93093.0#93093.0#128_95022.0#95022.0#128
96000 104000 1120.7028242187225 859.9121469726597 217.61781344794358 998.6459999999497 400.8700898437528 34089.91236735707 957357.6683083888 1932.8 128.0 95013.0#95013.0#288_96452.0#96452.0#288_98276.0#98276.0#288_100213.0#100213.0#4400_103557.0#103557.0#4400 95022.0#95022.0#128_96685.0#96685.0#128_98289.0#98289.0#128_100303.0#100303.0#128_103647.0#103647.0#128
104000 112000 321.75611523428233 853.1382094184131 274.762938927996 999.0910000000149 215.665914062527 55782.498482292336 1361550.9424015167 2077.714285714286 128.0 100213.0#100213.0#4400_103557.0#103557.0#4400_108317.0#108317.0#4400_109390.0#109390.0#480_110275.0#110275.0#288_110963.0#110963.0#288_111598.0#111598.0#288 103647.0#103647.0#128_109495.0#109495.0#128_110376.0#110376.0#128_111020.0#111020.0#128_111677.0#111677.0#128
112000 120000 1284.816019531223 746.1315533854197 385.6487619843238 999.5740000000224 100.074951171875 53737.5994029172 1278077.7418166164 426.0 128.0 111598.0#111598.0#288_112338.0#112338.0#288_113021.0#113021.0#288_113567.0#113567.0#288_114280.0#114280.0#288_114942.0#114942.0#288_116892.0#116892.0#840_118481.0#118481.0#840 112380.0#112380.0#128_113036.0#113036.0#128_113682.0#113682.0#128_114307.0#114307.0#128_114949.0#114949.0#128_116887.0#116887.0#128_118602.0#118602.0#128
120000 128000 936.0839980468736 882.9895002441408 183.54166535472334 998.6529999999912 569.626953125 39882.60690820723 999907.9798176592 840.0 128.0 118481.0#118481.0#840_120369.0#120369.0#840_122383.0#122383.0#840_124381.0#124381.0#840_126694.0#126694.0#840 120379.0#120379.0#128_122381.0#122381.0#128_124379.0#124379.0#128_126654.0#126654.0#128
128000 136000 132.9670175780775 874.1147758246581 237.6504313995901 999.8640000000014 399.53804687497905 43030.44535749543 1104018.5224086307 840.0 128.0 128398.0#128398.0#840_129891.0#129891.0#840_131896.0#131896.0#840_133889.0#133889.0#840_135891.0#135891.0#840 128393.0#128393.0#128_129887.0#129887.0#128_131891.0#131891.0#128_133885.0#133885.0#128_135885.0#135885.0#128
136000 144000 78.84784960927209 880.1280167100808 230.17431360076736 999.4519999999902 467.5380859375 39604.6533274619 968256.4914048507 840.0 128.0 135891.0#135891.0#840_137896.0#137896.0#840_139525.0#139525.0#840_141892.0#141892.0#840_143507.0#143507.0#840 135885.0#135885.0#128_137891.0#137891.0#128_139521.0#139521.0#128_141887.0#141887.0#128_143505.0#143505.0#128
144000 152000 67.32419921876863 881.4084223090257 227.3843106479549 998.5869999999995 434.2338867186918 42383.25624809459 1085216.9502504885 840.0 128.0 143507.0#143507.0#840_145387.0#145387.0#840_147391.0#147391.0#840_149388.0#149388.0#840_151388.0#151388.0#840 145384.0#145384.0#128_147386.0#147386.0#128_149386.0#149386.0#128_151386.0#151386.0#128
152000 160000 741.7179355469998 806.4757849392222 318.58771717219315 999.5320000000065 104.824951171875 43192.66958405353 1131553.634957244 840.0 128.0 151388.0#151388.0#840_153390.0#153390.0#840_154912.0#154912.0#840_156888.0#156888.0#840_158891.0#158891.0#840 153386.0#153386.0#128_154884.0#154884.0#128_156885.0#156885.0#128_158886.0#158886.0#128
160000 168000 94.93669531255728 878.3403671874936 306.6317346570371 999.7980000000098 66.687255859375 44432.18133432989 1141580.6669607074 840.0 128.0 158891.0#158891.0#840_160886.0#160886.0#840_162886.0#162886.0#840_164882.0#164882.0#840_166294.0#166294.0#840 160882.0#160882.0#128_162884.0#162884.0#128_164880.0#164880.0#128_166312.0#166312.0#128
168000 176000 923.8359843749786 884.5205019531277 189.48023580797005 998.5420000000158 574.6199999999953 39323.335941523896 958299.6914974476 840.0 128.0 168892.0#168892.0#840_170267.0#170267.0#840_172391.0#172391.0#840_174386.0#174386.0#840 168887.0#168887.0#128_170278.0#170278.0#128_172387.0#172387.0#128_174383.0#174383.0#128
176000 184000 420.72236718743807 842.1419592013958 241.85397798208172 998.9619999999995 392.9537285155966 45019.95520239464 1175254.0072186359 840.0 128.0 176392.0#176392.0#840_178149.0#178149.0#840_179885.0#179885.0#840_181890.0#181890.0#840_183884.0#183884.0#840 176389.0#176389.0#128_178157.0#178157.0#128_179880.0#179880.0#128_181886.0#181886.0#128_183883.0#183883.0#128
184000 192000 383.83090039069066 846.241011067701 227.71192924384792 999.8229999999749 468.25909570319345 46089.98225124156 1195944.0283365808 840.0 128.0 183884.0#183884.0#840_185887.0#185887.0#840_187888.0#187888.0#840_189507.0#189507.0#840_191365.0#191365.0#840 183883.0#183883.0#128_185885.0#185885.0#128_187885.0#187885.0#128_189504.0#189504.0#128_191384.0#191384.0#128
192000 200000 1100.7839082032442 862.4020114745945 254.23342301797675 999.4189999999944 372.4669960937463 38843.82677586425 980595.7994161285 840.0 128.0 191365.0#191365.0#840_193507.0#193507.0#840_195389.0#195389.0#840_197385.0#197385.0#840_199391.0#199391.0#840 193505.0#193505.0#128_195385.0#195385.0#128_197383.0#197383.0#128_199387.0#199387.0#128
200000 208000 1787.693080078112 776.538364990236 328.40582212484054 998.6010000000242 110.416015625 42892.01120258938 1133698.0354536483 840.0 128.0 199391.0#199391.0#840_200892.0#200892.0#840_203384.0#203384.0#840_204887.0#204887.0#840_206893.0#206893.0#840 200889.0#200889.0#128_203381.0#203381.0#128_204885.0#204885.0#128_206887.0#206887.0#128
208000 216000 74.19493164075539 880.6450075954716 309.0295293815581 999.1949999999488 62.611083984375 41394.528746977376 1021858.9661170684 840.0 128.0 206893.0#206893.0#840_208603.0#208603.0#840_210888.0#210888.0#840_212889.0#212889.0#840_214885.0#214885.0#840 208616.0#208616.0#128_210884.0#210884.0#128_212887.0#212887.0#128_214881.0#214881.0#128
216000 224000 561.8360117188422 929.7704985351447 145.9332184442938 999.4279999999562 573.174072265625 44988.43572877909 1175776.2729195622 840.0 128.0 214885.0#214885.0#840_216393.0#216393.0#840_218390.0#218390.0#840_220385.0#220385.0#840_222393.0#222393.0#840_223997.0#223997.0#840 216391.0#216391.0#128_218386.0#218386.0#128_220381.0#220381.0#128_222389.0#222389.0#128
224000 232000 221.39918945310637 864.2889789496548 227.04845838692694 998.655999999959 419.917927734321 44659.28480938862 1079863.9038220611 840.0 128.0 223997.0#223997.0#840_225890.0#225890.0#840_227889.0#227889.0#840_229885.0#229885.0#840_231889.0#231889.0#840 224007.0#224007.0#128_225886.0#225886.0#128_227885.0#227885.0#128_229882.0#229882.0#128_231886.0#231886.0#128
232000 240000 92.88795507815666 878.5680049913159 235.03157355825525 999.390000000014 453.450927734375 43359.4901727991 1077729.0281332678 840.0 128.0 231889.0#231889.0#840_233885.0#233885.0#840_235503.0#235503.0#840_237889.0#237889.0#840_239519.0#239519.0#840 231886.0#231886.0#128_233882.0#233882.0#128_235498.0#235498.0#128_237884.0#237884.0#128_239517.0#239517.0#128
240000 248000 212.8149824218126 865.2427797309097 254.19243293695726 998.2010000000009 317.6689453125 43773.63125776634 1107838.8246016828 840.0 128.0 239519.0#239519.0#840_241389.0#241389.0#840_243390.0#243390.0#840_245395.0#245395.0#840_247359.0#247359.0#840 241384.0#241384.0#128_243386.0#243386.0#128_245392.0#245392.0#128_247383.0#247383.0#128
248000 256000 1715.586949218763 785.5516313476546 305.91342622709624 999.9309999999823 114.14599609375 47184.98968937261 1166449.215352159 840.0 128.0 247359.0#247359.0#840_248926.0#248926.0#840_251389.0#251389.0#840_252924.0#252924.0#840_254885.0#254885.0#840 248883.0#248883.0#128_251385.0#251385.0#128_252881.0#252881.0#128_254883.0#254883.0#128
256000 264000 561.2167187500745 826.5314756944362 349.1108318560707 999.7989999999991 61.00927734375 43137.66639133498 1078213.372881801 840.0 128.0 254885.0#254885.0#840_256890.0#256890.0#840_258882.0#258882.0#840_260883.0#260883.0#840_262892.0#262892.0#840 256887.0#256887.0#128_258881.0#258881.0#128_260881.0#260881.0#128_262888.0#262888.0#128
264000 272000 1549.585173828178 806.3018532714777 208.69933213929903 996.9189999999944 475.1030000000028 44799.11548353145 1099305.175758001 840.0 128.0 262892.0#262892.0#840_264396.0#264396.0#840_266383.0#266383.0#840_268386.0#268386.0#840_270394.0#270394.0#840 264390.0#264390.0#128_266379.0#266379.0#128_268382.0#268382.0#128_270389.0#270389.0#128
272000 280000 176.51010156259872 869.2766553819334 239.25594802960686 999.4570000000531 386.2658964843722 46001.53713324272 1219249.6878351762 840.0 128.0 272386.0#272386.0#840_273936.0#273936.0#840_275888.0#275888.0#840_277889.0#277889.0#840_279889.0#279889.0#840 272383.0#272383.0#128_273882.0#273882.0#128_275886.0#275886.0#128_277885.0#277885.0#128_279885.0#279885.0#128
280000 288000 115.56598828127608 876.0482235243027 228.9373917098533 999.7889999999898 465.114013671875 43424.353248044084 1115918.9020538756 840.0 128.0 279889.0#279889.0#840_281890.0#281890.0#840_283509.0#283509.0#840_285880.0#285880.0#840_287497.0#287497.0#840 279885.0#279885.0#128_281886.0#281886.0#128_283507.0#283507.0#128_285878.0#285878.0#128_287494.0#287494.0#128
288000 296000 52.29995703115128 883.0777825520943 228.4630037388795 999.9570000000531 431.258056640625 41876.38710650069 1032665.2641400801 840.0 128.0 287497.0#287497.0#840_289393.0#289393.0#840_291395.0#291395.0#840_293391.0#293391.0#840_295390.0#295390.0#840 289388.0#289388.0#128_291389.0#291389.0#128_293387.0#293387.0#128_295385.0#295385.0#128
