ts te idle avg_span std_span max_span min_span c_ack_cnt c_ack_cnt_p c_bytes_all s_ack_cnt s_ack_cnt_p s_bytes_all avg_video_rate avg_audio_rate video_requests_sequence audio_requests_sequence
0 3000 3000.0 0.0 0.0 0.0 0.0 0.0 0.0 0.0 0.0 0.0 0.0 0.0 0.0 0 0
3000 6000 3000.0 0.0 0.0 0.0 0.0 0.0 0.0 0.0 0.0 0.0 0.0 0.0 0.0 0 0
6000 9000 3000.0 0.0 0.0 0.0 0.0 0.0 0.0 0.0 0.0 0.0 0.0 0.0 0.0 0 0
9000 12000 3000.0 0.0 0.0 0.0 0.0 0.0 0.0 0.0 0.0 0.0 0.0 0.0 0.0 0 0
12000 15000 3000.0 0.0 0.0 0.0 0.0 0.0 0.0 0.0 0.0 0.0 0.0 0.0 0.0 0 0
15000 18000 3000.0 0.0 0.0 0.0 0.0 0.0 0.0 0.0 0.0 0.0 0.0 0.0 0.0 0 0
18000 21000 1876.923078125008 270.2459671874982 273.7748817979068 609.031999999992 23.635999999998603 11.769424422989912 7.624516400030294 3695.840749122286 21.23479277063103 5.312258200015147 15932.70422130457 288.0 128.0 "49280.0-49612.916=288 49282.0-52839.323=288" "49277.0:50765.31=128 49279.0:51806.692=128"
21000 24000 316.1109570312474 655.6110182291668 334.9046374959362 996.3300000000017 130.91100000000006 81.23057557701009 71.3754835999697 9528.159250877714 130.76520722936897 12.687741799984853 162189.29577869544 288.0 128.0 "49280.0-49612.916=288 49282.0-52839.323=288" "49277.0:50765.31=128 49279.0:51806.692=128"
24000 27000 186.073974609375 606.6571439732132 354.6037336044745 993.1619999999893 0.0 54.04364585011288 51.04364585011288 2501.0 106.38117089662894 3.0 153608.63925528052 288.0 128.0 "49282.0-52839.323=288 54074.0-56553.081=288" 54090.0:56359.349=128
27000 30000 0.0 729.3424960937504 303.5391899752451 992.9879999999976 238.10899999999674 134.82221913650704 129.9648339979898 4042.060901492982 178.06024144478368 4.85738513851722 257694.4968554561 288.0 128.0 "54074.0-56553.081=288 56576.0-58228.995=288 57601.0-58681.984=288" "54090.0:56359.349=128 56588.0:58931.991=128"
30000 33000 23.32494335937372 701.5767420247388 379.15512236632424 994.9579999999987 0.0 121.27446002843797 115.3668628804494 4924.524219171881 186.4426215653128 5.907597147988569 254219.2315773057 288.0 128.0 "57601.0-58681.984=288 58957.0-63612.746=288 60160.0-62715.136=288" "56588.0:58931.991=128 58951.0:61447.703=128"
33000 36000 0.0 566.4635420809665 315.9004166975925 999.5520000000033 80.35693359375 75.55135912049684 71.67799407340121 3214.6266395603184 117.3610395632349 3.8733650470956174 151273.5433805692 288.0 128.0 "58957.0-63612.746=288 60160.0-62715.136=288 63630.0-65906.181=288" "61478.0:64381.521=128 64421.0:67051.82=128"
36000 39000 0.0 617.7790614346588 325.5001790169664 996.398000000001 181.029296875 108.31112628388856 102.95021304687161 4471.898837359817 129.7576352930887 5.360913237016952 166677.80559381095 288.0 128.0 "63630.0-65906.181=288 66024.0-67283.358=288 67089.0-69339.843=288" "64421.0:67051.82=128 67075.0:69079.299=128"
39000 42000 0.0 566.4563329190344 345.2485341201718 991.573000000004 82.6552734375 120.76889485714669 116.76815542776505 3334.889402415002 137.98795134403252 4.000739429381642 184102.01042570316 288.0 128.0 "67089.0-69339.843=288 69046.0-70673.895=288" "67075.0:69079.299=128 69093.0:72995.547=128"
42000 45000 0.0 685.1711869140636 362.1263937168855 990.4600000000064 86.595947265625 129.92449889172917 125.50990804312791 3681.9644958530425 147.43843695038927 4.4145908486012715 196144.0031821418 288.0 128.0 "69046.0-70673.895=288 70654.0-72233.314=288 72060.0-74566.645=288" "69093.0:72995.547=128 73048.0:74706.509=128"
45000 48000 0.0 661.2104931640628 414.3329555876247 999.7880000000005 15.844970703125 105.59743469196978 101.97320941974696 3013.318337121856 122.13219479833892 3.624225272222818 160436.37152097243 288.0 128.0 "72060.0-74566.645=288 74728.0-77743.423=288 76425.0-78840.49=288" "73048.0:74706.509=128 74721.0:79662.993=128"
48000 51000 0.0 803.6912072265623 286.38604197723294 984.4529999999941 46.48500000000058 89.21022840763443 85.24904452845853 3289.717167025101 108.1302358967206 3.961183879175911 138943.9864573303 288.0 128.0 "74728.0-77743.423=288 76425.0-78840.49=288 78578.0-80310.941=288" 74721.0:79662.993=128
51000 54000 0.0 617.3078949218747 358.12442754004223 993.4239999999991 18.45801757813024 81.95665005889188 77.95665005889188 3341.0 92.96020742540004 4.0 121803.20012314015 288.0 128.0 "78578.0-80310.941=288 80521.0-84398.708=288" "74721.0:79662.993=128 79705.0:81008.311=128 81020.0:84133.401=128"
54000 57000 21.6610429687571 642.7316251953104 311.9731228875794 982.9529999999941 180.404052734375 60.81892482832515 57.612563868637416 2670.2159869439447 77.65141038612661 3.2063609596877374 103906.03624120781 288.0 128.0 "80521.0-84398.708=288 84524.0-88304.438=288" "81020.0:84133.401=128 84145.0:86436.744=128"
57000 60000 0.0 745.4961537642058 253.63063889616456 999.4850000000006 395.43896484375 86.06723711212751 82.37735356474836 3064.029646936145 104.65253235241461 3.689883547379168 136620.04477616632 288.0 128.0 84524.0-88304.438=288 "84145.0:86436.744=128 86452.0:88498.766=128"
60000 63000 0.0 732.6099893465911 273.27855605383974 998.8420000000042 287.35791015623545 115.60931856250464 110.24703807649213 4469.559208879495 153.59310461666624 5.36228048601251 201084.86132375454 288.0 128.0 "88517.0-90917.817=288 91021.0-93365.526=288" "86452.0:88498.766=128 88510.0:90360.759=128 90381.0:91289.221=128 91306.0:95967.334=128"
63000 66000 37.61923242190096 541.0040208984385 339.28862396500637 996.9189999999799 0.3319999999948777 92.59635178588708 89.8548767789665 2280.195157240415 114.7967598847589 2.7414750069205844 154368.08655390717 288.0 128.0 "91021.0-93365.526=288 93523.0-95378.298=288" 91306.0:95967.334=128
66000 69000 0.0 637.3172194010403 371.95706931744894 994.1900000000023 0.0 75.99334059400807 72.91259243489013 2568.909201818189 99.05374105572278 3.0807481591179418 129761.16593496122 288.0 128.0 "93523.0-95378.298=288 95523.0-97640.345=288" "91306.0:95967.334=128 95984.0:103986.48=128"
69000 72000 38.80689453125524 580.5683986328135 383.8972808737545 996.8889999999956 0.0 54.562172809883236 51.64292096900118 2413.090798181811 76.68460998603122 2.9192518408820582 99276.49658975635 288.0 128.0 "95523.0-97640.345=288 97805.0-101286.991=288" 95984.0:103986.48=128
72000 75000 17.998941406258382 518.5473373325887 397.06685967162804 987.5659999999916 0.0 63.161021599054806 59.8551227082908 2755.0522594012355 62.02786637064876 2.382609793753967 80413.62068542065 288.0 128.0 "97805.0-101286.991=288 101523.0-103308.116=288" 95984.0:103986.48=128
75000 78000 0.0 575.6723531605134 447.37563551986426 999.5050000000047 15.885986328125 85.13143245353301 81.33357761852872 2312.3471450964284 97.40837843599105 4.721143932014317 124273.3378798467 288.0 128.0 103523.0-105656.613=288 "95984.0:103986.48=128 104087.0:106432.438=128"
78000 81000 59.46902734375908 936.616126953127 35.68001280731495 972.8190136718767 884.2880000000005 44.59968292786123 40.70343665362952 3234.6005955023365 58.47986173370943 3.896246274231715 73082.0616432688  128.0  "106455.0:108391.795=128 108411.0:111985.557=128"
81000 84000 51.7548828125 685.811602783202 263.63675095653645 994.2970000000059 322.5540000000037 72.63392584312828 69.60062471712746 2529.372440238126 87.56864715480808 3.033301126000815 116345.10762967191 288.0 128.0 110021.0-112703.743=288 "108411.0:111985.557=128 111999.0:113404.502=128"
84000 87000 0.0 649.7516191406278 330.6908994569435 985.9949999999953 150.910888671875 96.66610528389168 92.90888881112646 3132.4822301600993 119.759591378481 3.757216472765224 157869.1639172345 288.0 128.0 "110021.0-112703.743=288 113021.0-116190.759=288" "111999.0:113404.502=128 113425.0:115105.873=128 115119.0:116532.782=128"
87000 90000 0.0 695.1024048828156 335.67665897546584 998.1270000000077 0.0 102.89122008434553 98.31126987057404 3812.338292133297 129.2914829533843 4.579950213771487 170388.68359688378 288.0 128.0 "113021.0-116190.759=288 116524.0-120424.314=288" "115119.0:116532.782=128 116550.0:118382.1=128 118398.0:119686.004=128"
90000 93000 0.0 601.2057867187483 352.0482018382117 994.4379999999946 69.98603515623836 67.43929253631288 62.99468145886502 3704.3456654602032 97.0850699133272 4.41986016842087 125187.58003486594 288.0 128.0 "116524.0-120424.314=288 120521.0-125260.988=288" "118398.0:119686.004=128 119705.0:121374.095=128 121390.0:122642.466=128"
93000 96000 0.0 698.7424479166673 368.25292186354795 998.9320000000007 23.03609179687919 83.36287271742614 80.17795160741154 2645.4613720082752 103.28862506510396 3.209672019041604 136231.2478724902 288.0 128.0 120521.0-125260.988=288 "121390.0:122642.466=128 122666.0:124147.471=128"
96000 99000 74.09593554688036 592.0928921440936 401.87207504453687 997.625 140.82403906249965 81.37301071868183 77.81945083887372 2962.4430518969057 105.02841546883462 3.5535598798081063 138443.64054724798 288.0 128.0 "120521.0-125260.988=288 125281.0-128110.465=288" 125288.0:127909.419=128
99000 102000 82.66580078122206 620.607035373268 426.0696284685543 989.8920000000217 0.0 86.23025048167706 82.7465180073937 2890.919817894015 107.5375533774328 3.483732474283357 142409.5178400054 288.0 128.0 "125281.0-128110.465=288 128126.0-131102.786=288" "125288.0:127909.419=128 128140.0:129311.995=128"
102000 105000 40.41768945311196 573.1848526475725 448.2094301952746 984.2520000000077 0.0 78.35013223605111 75.17725743108893 2642.2218635854338 99.60938522311844 3.1728748049621807 129596.4959672091 288.0 128.0 "128126.0-131102.786=288 131119.0-134035.145=288" 131132.0:132201.533=128
105000 108000 0.0 826.1998635253913 246.82850907276534 997.445000000007 306.56689453125 77.38033477838044 73.28118584144164 3408.2407872572894 113.72726481189548 4.099148936938789 151264.96954494203 288.0 128.0 "131119.0-134035.145=288 134055.0-136989.993=288" 134071.0:137098.067=128
108000 111000 0.0 634.9588126953109 373.7657593985799 997.9459999999963 47.67700390625396 91.68330814665788 87.23038028415513 3710.6986159119087 92.8112355960663 4.452927862502757 119437.77875022443 288.0 128.0 "134055.0-136989.993=288 137011.0-139276.878=288 139299.0-146570.19=288" "134071.0:137098.067=128 137110.0:138810.834=128 139307.0:140113.911=128"
111000 114000 134.49902539062896 673.9214768880192 300.6616594055959 985.1689999999944 127.11702539061662 40.840512707271785 38.60275666576697 1851.4758634544478 49.60643597482863 2.2377560415048103 63999.003983417875 288.0 128.0 139299.0-146570.19=288 139307.0:140113.911=128
114000 117000 256.7835585937428 597.7539185267898 348.05654480993445 966.5240000000049 180.947998046875 28.008547697413558 26.539093074948305 1204.9527904215092 37.28701789752049 1.4694546224652552 46959.99212209715 288.0  139299.0-146570.19=288 
117000 120000 230.12532031250885 656.0664572753922 319.46768525260813 978.119000000006 204.4950019531243 46.75367214202778 43.22312676449303 2936.0472095784908 71.01978576583467 3.530545377534745 91874.53300660008 288.0 128.0 "139299.0-146570.19=288 146593.0-152458.029=288" 146615.0:148927.101=128
120000 123000 138.26581054687267 521.7735102539082 402.299352114913 984.1659999999974 0.0 37.48280008770611 36.27574891394489 989.7819624842031 49.80705907331244 1.2070511737612233 64524.32914756724 288.0 128.0 146593.0-152458.029=288 146615.0:148927.101=128
123000 126000 117.60584960939013 747.299363769529 273.3928979567817 999.0199999999895 177.157958984375 66.48786837906914 62.694919552830356 3151.218037515797 82.23144033810519 3.792948826238777 106641.57002841742 288.0 128.0 "146593.0-152458.029=288 152471.0-158357.815=288" 152480.0:153981.898=128
126000 129000 601.2759355468734 769.2808687500016 64.26682850449058 812.7392578125 666.619000000006 29.32329972580348 27.48367310470351 1508.493829301978 44.15115039390606 1.8396266210999732 55766.82316062031 288.0  152471.0-158357.815=288 
129000 132000 142.0791523437365 643.7658403320311 362.9469584584335 987.7969999999914 87.07795507812989 61.98682477145716 58.82645139255713 2632.5061706980223 83.01855903703712 3.160373378900027 109434.77004270014 288.0 128.0 "152471.0-158357.815=288 158477.0-161181.155=288" 158559.0:161376.514=128
132000 135000 0.0 623.5727103515586 350.3284904504817 996.0270000000019 124.70700976561056 98.63375190600246 94.49703099209734 3445.6753539552074 111.09219263992657 3.538425459000373 146811.1044307328 288.0 128.0 "158477.0-161181.155=288 161200.0-163744.339=288" "158559.0:161376.514=128 161395.0:163822.098=128"
135000 138000 0.0 594.5489067382805 370.081589864403 998.2099999999919 144.951904296875 95.03099294620719 88.99835834936957 5405.480258680047 123.56558995199148 7.43157990647178 156159.48175389462 288.0 128.0 "161200.0-163744.339=288 163776.0-166091.241=288 165852.0-168998.634=288" "161395.0:163822.098=128 163843.0:166306.797=128 166322.0:168833.914=128"
138000 141000 0.0 563.4093813920441 357.73360719432037 992.4349999999977 114.351318359375 85.53882282089985 81.69554630036642 3289.4242710020694 101.19698098126142 4.042626665804056 130326.44856523124 288.0 128.0 165852.0-168998.634=288 "166322.0:168833.914=128 169032.0:172660.554=128"
141000 144000 73.20811523438897 561.5584750976583 385.39333605346275 976.7509999999893 0.0 59.000394546310716 53.207899073094076 4104.764564508186 96.12515163005344 6.581307835592867 118863.57527093342 288.0 128.0 171130.0-173243.349=288 169032.0:172660.554=128
144000 147000 0.0 613.5244160156267 348.80740596395594 999.5799999999872 104.22806835937081 77.63933806082912 66.44446556532196 8657.65555185449 136.8743755684106 13.406060133130925 164057.3970595088 288.0 128.0 "171130.0-173243.349=288 173524.0-177820.255=288" "169032.0:172660.554=128 173523.0:176907.251=128"
147000 150000 11.885234374989523 570.4091740451404 361.784132272768 991.7300000000105 6.952880859375 51.41857093929836 49.41857093929836 1661.0 52.48700750374104 2.0 68004.81050523746 288.0 128.0 "173524.0-177820.255=288 178020.0-181110.443=288" 173523.0:176907.251=128
150000 153000 0.0 730.4295789930588 311.4244141869404 996.4059999999881 181.4892578125 78.9352151422219 74.42083388400805 2922.544359053125 100.57556984870828 4.514381258213872 137291.20402015257 288.0 128.0 "178020.0-181110.443=288 181122.0-183397.743=288" 178521.0:184776.906=128
153000 156000 0.0 601.558555555559 389.83803311646426 993.7790000000678 11.683097656234168 74.78133507134376 72.29571632955764 2059.455640946875 84.89504366935549 2.3736397823342976 113507.42544836923 288.0 128.0 "181122.0-183397.743=288 183521.0-186159.581=288" 178521.0:184776.906=128
156000 159000 82.38758203125326 693.4945648871621 335.45454311967677 991.1089999999967 111.52790820316295 96.62984972143366 92.34372090820642 3571.978140188133 119.53742656386497 4.398107772679083 157447.46065474392 288.0 128.0 "183521.0-186159.581=288 186521.0-189315.838=288" "178521.0:184776.906=128 184791.0:186898.182=128 186912.0:188794.557=128"
159000 162000 78.24881054690923 613.0833792968799 332.3176282701078 990.5860000000102 181.4186914062302 93.11939810875312 88.76814223312908 3625.424998446934 124.79013045238018 4.351255875624018 165112.78261360675 288.0 128.0 "186521.0-189315.838=288 189334.0-191661.363=288" "186912.0:188794.557=128 188812.0:190375.606=128"
162000 165000 0.0 687.3226692708429 303.52919627322876 996.1849999999977 284.38692382813315 116.88517649825982 112.72085724259301 3462.9940958697634 135.35594036259732 4.164319255666816 179046.80939937368 288.0 128.0 "189334.0-191661.363=288 191677.0-193960.354=288" "190481.0:191918.188=128 191937.0:193203.471=128"
165000 168000 78.38510546876932 632.4337271205358 353.9971625377313 987.6459999999788 144.06089453128516 86.28596775867899 82.48857272100447 3167.445009519148 105.27046529786807 3.797395037674516 139043.64365246112 288.0 128.0 "191677.0-193960.354=288 193984.0-196605.345=288" 193992.0:195198.781=128
168000 171000 31.065025390620576 596.3047748046869 287.1550707504164 980.8280000000086 180.33203125 92.18174523567595 88.5864565183838 3249.599891494678 128.24064704607608 3.8011967970351113 170429.07625596164 288.0 128.0 "193984.0-196605.345=288 196628.0-199277.663=288 199051.0-201807.106=288" 196638.0:200347.243=128
171000 174000 0.0 562.6735107421971 337.0305353494442 985.1520000000019 46.010986328125 103.40461539485875 97.54741339414515 5120.692804872928 152.1714114925636 6.651293920970655 203833.36090912216 288.0 128.0 "199051.0-201807.106=288 201648.0-204210.173=288" "196638.0:200347.243=128 200360.0:202250.614=128 202267.0:203685.364=128"
174000 177000 0.0 676.8126134765596 290.8513098254804 982.7809999999881 180.06689453125 93.81839385507004 89.2718321711247 3789.3491946062595 127.3641647736229 4.546561683945344 172009.9236843034 288.0 128.0 "201648.0-204210.173=288 204237.0-205996.026=288" "202267.0:203685.364=128 204255.0:211068.803=128"
177000 180000 38.78617578127887 639.8329158203153 369.40935480136864 995.1149999999907 120.97210546876886 75.78531821025636 73.38346959440008 1990.5158650021567 122.70690671400432 2.401848615856289 165743.10207136316 288.0 128.0 "204237.0-205996.026=288 206010.0-210011.683=288" 204255.0:211068.803=128
180000 183000 22.894890624971595 564.8487673828058 325.08212766788427 986.7609999999986 129.93972656250116 53.790918973034806 50.33052977414564 2883.73484643728 79.94632979849221 3.4603891988891573 102244.93923016134 288.0 128.0 "206010.0-210011.683=288 209779.0-212493.912=288" "204255.0:211068.803=128 211098.0:215160.253=128"
183000 186000 28.117863281222526 730.1657242187532 264.83389592015857 999.4379999999946 322.54290234376094 90.77591698045806 87.23630617934722 2938.26515356272 107.09123848527167 3.5396108011108427 139428.7501637357 288.0 128.0 "209779.0-212493.912=288 212524.0-214739.881=288" 211098.0:215160.253=128
186000 189000 0.0 706.3724224076749 325.6644048988351 999.5620000000054 153.02099609375 60.43446789810064 56.43446789810064 3321.0 83.3086861891252 3.326591104481489 107721.81799971021 288.0 128.0 "212524.0-214739.881=288 214616.0-221522.527=288" "211098.0:215160.253=128 215182.0:218280.41=128"
189000 192000 0.0 623.5467248046916 319.9388852854687 971.6499999999942 168.6540527344041 59.808115374251514 57.637736749073056 1799.710472646338 77.05035855423631 2.673408895518511 101384.79649685926 288.0 128.0 214616.0-221522.527=288 "215182.0:218280.41=128 218308.0:221265.002=128"
192000 195000 0.0 637.6744607421919 352.18489630824666 999.5860000000102 108.389892578125 80.18819446628055 75.97843114969804 3513.0059195976514 90.57277149454163 4.380141941760963 115979.67040769619 288.0 128.0 "214616.0-221522.527=288 221566.0-226487.635=288" "218308.0:221265.002=128 221293.0:223034.358=128 223053.0:224554.638=128"
195000 198000 29.53900195308961 654.376023437504 334.40657343462993 993.6379999999772 192.4560000000056 71.72938769172832 69.6385430397637 1724.3833330792236 78.13374408989188 2.090844651964617 102743.77780941635 288.0 128.0 221566.0-226487.635=288 223053.0:224554.638=128
198000 201000 0.0 683.9313439670238 345.96907745768146 997.8910000000615 181.260986328125 84.68024657624825 80.34829886525526 3609.84516942543 120.95915558155868 4.3319477109929885 161674.85078836055 288.0 128.0 "221566.0-226487.635=288 226505.0-229138.956=288 229158.0-231536.131=288" "226514.0:227838.069=128 229174.0:231888.038=128"
201000 204000 0.0 686.4591361328115 362.89072169631424 999.8919999999925 64.8532714844041 82.82082042427652 78.75243458476184 3388.9640264072787 113.79034652378189 4.06838583951467 150655.52905656007 288.0 128.0 "229158.0-231536.131=288 231572.0-235684.914=288" "229174.0:231888.038=128 231903.0:234917.469=128"
204000 207000 0.0 770.711957031257 291.6779798623532 988.1749999999884 127.51993554687942 79.15897487961327 77.26316533564739 1557.1374231673574 105.90529380467365 1.8958095439658806 143929.4520351998 288.0 128.0 231572.0-235684.914=288 231903.0:234917.469=128
207000 210000 0.0 677.5013268229216 332.6810483695841 993.8990000000049 226.02799999999115 89.17837770295655 84.18332769747727 4173.101192824185 147.33106531251258 4.995050005479281 196078.70340507175 288.0 128.0 "231572.0-235684.914=288 235465.0-238001.546=288 238028.0-239795.461=288" "235523.0:238432.176=128 238441.0:241270.737=128"
210000 213000 0.0 564.7319969815329 419.30565703600354 997.8760000000184 0.0 128.5325637927413 125.42605072740663 2590.6846911263383 188.0414566478053 3.1065130653347013 256959.16781925777 288.0 128.0 "238028.0-239795.461=288 239805.0-241573.856=288" "238441.0:241270.737=128 241287.0:243628.517=128"
213000 216000 0.0 500.3466861979153 427.16233389510995 992.4009999999835 0.0 85.83511216749551 80.75521328818127 3332.5489227642292 124.13092161953342 4.260385732348169 165738.05676837562 288.0 128.0 "239805.0-241573.856=288 243423.0-245004.966=288" "241287.0:243628.517=128 243640.0:246349.03=128"
216000 219000 0.0 661.2146962139411 330.6820083161115 970.3390000000072 0.0 110.49560385727085 100.14808840221373 8847.348807404915 138.77636622362672 12.167028602023185 164255.38777803417 288.0 128.0 "243423.0-245004.966=288 244749.0-247996.834=288" "243640.0:246349.03=128 246358.0:247891.239=128"
219000 222000 0.0 705.518191583817 301.77090964111716 999.0020000000368 135.72802734375 93.4535212981671 87.7592650604069 3905.027944219615 121.59485470983022 5.694256237760197 151580.14907161176 288.0 128.0 "244749.0-247996.834=288 248014.0-250536.35=288" "246358.0:247891.239=128 248030.0:250451.634=128"
222000 225000 0.0 690.7503480902815 323.3215015443795 976.4709999999905 138.52773437500582 98.53367142930863 94.31568172725274 3519.0873375067313 165.42693896834461 4.2179897020558865 227716.808127879 288.0 128.0 "248014.0-250536.35=288 250559.0-252470.843=288 252497.0-254679.526=288" "248030.0:250451.634=128 250564.0:252224.219=128 252515.0:256527.149=128"
225000 228000 0.0 586.3911953125048 345.03731096371894 998.3610000000044 49.256912109354744 95.43565349583196 91.72680074844962 3079.8801045975893 151.44519565354602 3.7088527473823425 218523.66806873513 288.0 128.0 "252497.0-254679.526=288 254710.0-258828.117=288" 252515.0:256527.149=128
228000 231000 0.0 649.3886078559057 379.5359590836277 990.323000000004 57.76199999998789 49.18515961704827 47.29190962724001 1572.8679581320714 78.64623900984247 1.8932499898082602 108012.18462804791 288.0 128.0 "254710.0-258828.117=288 258838.0-259819.408=288" "252515.0:256527.149=128 256556.0:258994.178=128"
231000 234000 11.543982421891997 701.6265768229205 359.283783481031 998.292999999976 103.643310546875 154.9113058604837 146.57904798167516 6960.114575744537 227.06973155879115 8.332257878808548 302133.80267922767 288.0 128.0 "258838.0-259819.408=288 260112.0-261564.537=288 261013.0-262502.837=288" "260110.0:260564.089=128 260664.0:261159.309=128 261530.0:262398.935=128"
234000 237000 9.772718749998603 536.6616604003866 380.95108505504373 995.8640000000014 55.533074218721595 151.94434890024723 146.7810729352996 4307.538561748198 188.70021477606213 5.163275964947632 252498.28969308158 288.0 128.0 "261013.0-262502.837=288 262477.0-263555.851=288 263600.0-265535.71=288 265329.0-267062.657=288" "262525.0:263001.528=128 263609.0:263961.854=128"
237000 240000 0.0 634.3691197916729 319.0139926785533 991.50900000002 99.9147031250177 158.6419882423553 149.7306680550465 7751.2096034149645 223.27968553110284 9.911320187308842 287985.56932269176 288.0 128.0 "263600.0-265535.71=288 265329.0-267062.657=288 266906.0-268391.563=288 268174.0-270353.656=288" "265525.0:267592.419=128 267612.0:268432.604=128 268444.0:270556.483=128"
240000 243000 0.0 662.9319239908849 367.8048509989094 999.5729999999749 82.96302929689409 180.88038355826393 174.10817706305644 4810.639184638146 221.25820734264744 5.92858709174337 296637.28890528134 288.0 128.0 "268174.0-270353.656=288 270017.0-270877.109=288 270710.0-272155.714=288" "268444.0:270556.483=128 270568.0:271920.849=128"
243000 246000 8.391933593724389 645.471086825297 370.62049349393175 997.4650000000256 1.5 146.64728649007796 138.635255054685 7169.173911841637 205.50681070294507 9.855650838857091 266609.71202693327 288.0 128.0 "270710.0-272155.714=288 271897.0-273439.106=288 273311.0-275882.783=288" "270568.0:271920.849=128 271938.0:273309.564=128 273328.0:274163.264=128 274177.0:275216.657=128"
246000 249000 84.95098632806912 751.5633391927113 260.88129850509995 999.4579999999842 360.6000000000349 112.02423815402986 107.56826508677305 3705.161808208196 155.1439635663449 4.4559730672567985 228953.2555554887 288.0 128.0 "273311.0-275882.783=288 275645.0-283652.018=288" "274177.0:275216.657=128 275525.0:277558.204=128"
249000 252000 240.33537890628213 578.9724255022344 338.7794895674621 888.6279999999679 47.61072070314549 32.415712593382445 30.87323339269587 1274.5690515053707 45.26720486723294 1.5424792006865753 59542.8655790204 288.0 128.0 275645.0-283652.018=288 "275525.0:277558.204=128 277600.0:279075.12=128"
252000 255000 605.9729472656618 457.6126733941039 335.81429672141513 997.1610000000219 0.0 36.25133491425284 33.34562769710268 1910.5701862647868 47.319682679513186 2.9057072171501614 60926.95763639106 288.0  "275645.0-283652.018=288 282133.0-287372.826=288" 
255000 258000 0.0 697.3692011718697 302.47304457431443 985.1529999999912 196.708984375 68.86293387524145 64.76864109239162 3072.429813735213 86.82491615587217 4.0942927828498386 114859.09118163491 288.0  "275645.0-283652.018=288 282133.0-287372.826=288 283754.0-288241.599=288" 
258000 261000 22.28416796872625 517.1298468750144 365.2417647627494 999.4380000000237 0.0 75.00244202258908 71.73281269583919 2722.0960479349137 96.10441609514902 3.269629326749895 129563.26919576494 288.0 128.0 "282133.0-287372.826=288 283754.0-288241.599=288 288265.0-292102.846=288" 288276.0:289960.196=128
261000 264000 0.0 676.6737001953297 245.164577839239 989.2670000000508 393.7392578125 95.50057682169731 92.38875324182746 2579.728293800167 103.90491350310401 3.1118235798698417 137429.71542495384 288.0 128.0 "288265.0-292102.846=288 292129.0-293029.664=288" "288276.0:289960.196=128 292150.0:292466.533=128"
264000 267000 37.87428515619831 533.5421591797087 419.545870339781 999.695000000007 7.740966796875 179.7020285223675 171.72102377303705 6684.196741531541 272.84853609747967 7.981004749330442 368150.87328528595 288.0 128.0 "292129.0-293029.664=288 293066.0-293731.634=288 293743.0-294640.815=288 294657.0-295776.959=288" "292150.0:292466.533=128 293097.0:293347.574=128 293752.0:294309.622=128 294662.0:297189.754=128"
267000 270000 23.46597460936755 665.5385920138991 332.7312079352455 992.5439999999944 166.62109375 114.27087657599395 109.63333423194413 3860.9789167333774 178.9263823438496 4.637542344049822 244354.47890092406 288.0 128.0 "294657.0-295776.959=288 295758.0-297293.04=288 297307.0-300724.012=288" "294662.0:297189.754=128 297219.0:298776.418=128"
270000 273000 0.0 862.7093701172053 149.7104676164825 993.0489999999991 535.9560546875 86.75469067097347 81.75469067097347 4161.0 120.72148072166038 5.0 157409.07301032453 288.0 128.0 "297307.0-300724.012=288 299888.0-302298.239=288" "297219.0:298776.418=128 298790.0:299584.186=128 300022.0:303808.18=128"
273000 276000 4.365982421848457 717.1206614583368 270.75116399237913 997.1660000000265 372.12099999998463 141.54452382731242 137.54452382731242 3342.0 168.57853694395695 3.921800077392245 227336.43161319065 288.0 128.0 "299888.0-302298.239=288 302201.0-303430.998=288 303524.0-304974.21=288" "300022.0:303808.18=128 303831.0:305888.042=128"
276000 279000 0.0 623.405006747169 365.46617205805194 996.9000000000233 77.03310156252701 130.5861033052087 126.2245563312731 3642.2647618535198 172.21507231001195 4.43974689654336 230559.0563984224 288.0 128.0 "303524.0-304974.21=288 304738.0-306426.3=288 306229.0-307918.013=288" "303831.0:305888.042=128 305912.0:308229.208=128"
279000 282000 0.0 631.1233739483242 401.87618525052073 998.4430000000284 12.6259765625 215.86835748752094 202.05269605974823 12029.483025054647 315.2235153698048 14.815661427772742 432793.5980853463 288.0 128.0 "306229.0-307918.013=288 307759.0-308473.491=288 308417.0-309594.943=288 309336.0-310245.14=288 310149.0-311000.581=288" "305912.0:308229.208=128 308248.0:308686.699=128 308708.0:308964.366=128 308976.0:309274.017=128 309285.0:309635.224=128 309651.0:310195.753=128 310264.0:310562.985=128"
282000 285000 1575.5369882812374 369.1726018415232 374.65609734583535 963.7960234375205 40.45000000001164 93.97406896686495 89.40562297151106 3801.027534155959 164.3439489626425 4.568445995353878 218577.10997170725 384.0 128.0 "310149.0-311000.581=288 310932.0-311525.328=288 313367.0-313410.08=480 313370.0-314324.642=480" "310264.0:310562.985=128 311381.0:311692.017=128 313363.0:313809.748=128"
285000 288000 632.0662031249958 526.5374739583349 328.2530780289162 944.994000000006 153.56099999998696 138.1972280329229 131.94288242998513 4382.224678935874 220.53409388579234 6.254345602937777 293810.03839242546 480.0 128.0 "313370.0-314324.642=480 315031.0-315976.86=480" "313363.0:313809.748=128 315028.0:315284.941=128"
288000 291000 1685.101843749988 350.7135032552081 290.86936445243936 893.2380000000121 60.26900000002934 110.30110953436791 105.24948152667136 4213.645778479509 170.10048709984864 5.05162800769655 228500.6337196324 480.0 128.0 "317030.0-317924.176=480 319030.0-319879.463=480" "317027.0:317298.663=128 319028.0:319312.313=128"
291000 294000 1636.4420781249646 473.19299511719146 330.5241894000926 930.2110000000102 141.31804882810684 103.69889046563209 99.75051847332864 3289.3542215204907 157.89951290015136 3.94837199230345 218135.36628036757 480.0 128.0 "319030.0-319879.463=480 321028.0-321959.185=480" 321026.0:321248.362=128
294000 297000 1159.7719609374763 683.0428164062556 305.4881230952968 918.30908203125 307.8180000000284 171.04884041199185 165.10349151547348 4956.038421971947 241.13605179013473 5.945348896518368 331248.8284673472 480.0 128.0 "323031.0-323949.711=480 324529.0-325501.226=480" "323028.0:323336.888=128 324528.0:324780.22=128"
297000 300000 2137.218082031235 549.436305989589 430.02011893679605 809.6940000000177 53.087917968747206 73.95115958800815 70.89650848452652 2546.961578028053 106.8639482098653 3.0546511034816324 144776.1715326528 480.0 128.0 "324529.0-325501.226=480 326530.0-327316.59=480" 326528.0:326843.025=128
300000 303000 3000.0 0.0 0.0 0.0 0.0 0.0 0.0 0.0 0.0 0.0 0.0 0.0 0.0 0 0
