ts te idle avg_span std_span max_span min_span c_ack_cnt c_ack_cnt_p c_bytes_all s_ack_cnt s_ack_cnt_p s_bytes_all avg_video_rate avg_audio_rate video_requests_sequence audio_requests_sequence
0 3000 3000.0 0.0 0.0 0.0 0.0 0.0 0.0 0.0 0.0 0.0 0.0 0.0 0.0 0 0
3000 6000 3000.0 0.0 0.0 0.0 0.0 0.0 0.0 0.0 0.0 0.0 0.0 0.0 0.0 0 0
6000 9000 3000.0 0.0 0.0 0.0 0.0 0.0 0.0 0.0 0.0 0.0 0.0 0.0 0.0 0 0
9000 12000 3000.0 0.0 0.0 0.0 0.0 0.0 0.0 0.0 0.0 0.0 0.0 0.0 0.0 0 0
12000 15000 3000.0 0.0 0.0 0.0 0.0 0.0 0.0 0.0 0.0 0.0 0.0 0.0 0.0 0 0
15000 18000 3000.0 0.0 0.0 0.0 0.0 0.0 0.0 0.0 0.0 0.0 0.0 0.0 0.0 0 0
18000 21000 2300.650999999998 699.349000000002  699.349000000002 699.349000000002 9.0 6.0 2718.0 12.0 4.0 6911.0    
21000 24000 485.8010039062574 433.7593333333328 454.07798089212173 986.5500000000029 31.62000000000262 4.0 3.0 829.0 10.0 1.0 6252.0 288.0 128.0 50160.0-50673.291=288 "50156.0:51445.835=128 50159.0:53894.07=128"
24000 27000 96.50390625 624.7786349158649 345.9639158268387 993.4250000000029 0.0 90.38247809776219 73.82959101795983 15220.758388196287 188.0064020881361 19.825553022309318 248505.73875478745 288.0 128.0 52257.0-54542.154=288 "50156.0:51445.835=128 50159.0:53894.07=128"
27000 30000 0.0 513.0114359975952 411.0753895075957 996.4979999999996 0.0 137.58162225563086 131.1345093354332 4398.241611803713 203.42208695781636 7.174446977690684 284842.145909546 288.0 128.0 "52257.0-54542.154=288 54569.0-56260.806=288 56071.0-57536.749=288" "54573.0:56367.33=128 56382.0:60907.443=128"
30000 33000 0.0 663.1859023437493 310.8073437383756 985.476999999999 0.0 146.16634239480928 140.2306974437591 4110.22885986115 180.94290309032405 5.0 262028.0643264537 288.0 128.0 "56071.0-57536.749=288 57388.0-58219.989=288 58375.0-59283.168=288 59117.0-60393.356=288" 56382.0:60907.443=128
33000 36000 0.0 569.6448339843714 341.8636173458999 999.8099999999904 64.20902734374977 77.29488418086505 74.23052913191523 2553.7711401388497 109.4806721371623 4.0 144550.28066608112 288.0 128.0 "59117.0-60393.356=288 60218.0-65328.686=288" "56382.0:60907.443=128 60935.0:65492.596=128"
36000 39000 0.0 672.1283599076698 238.16631831561415 987.8050000000003 195.19071874999645 101.92450257171436 97.543026194192 3643.33332090153 149.71088371967673 3.4483595932171194 202614.17915073928 288.0 128.0 "60218.0-65328.686=288 63540.0-65110.286=288 65514.0-68738.016=288" 60935.0:65492.596=128
39000 42000 0.0 487.80633463541454 321.42848360932317 989.3479999999981 64.91992578124336 109.94487506618289 102.73218752511622 5864.309964900932 153.4484921970536 9.637415271634525 191885.6394516118 288.0 128.0 "65514.0-68738.016=288 68364.0-71875.518=288" 67610.0:70495.477=128
42000 45000 0.0 577.6873199462898 363.87986476808254 984.3329999999987 0.0 99.4153572224167 93.82129352075856 4896.467915205169 157.61738407245338 6.102452755395535 206577.57031040618 288.0 128.0 "68364.0-71875.518=288 69914.0-73839.79=288" "67610.0:70495.477=128 70513.0:71555.643=128 71577.0:72444.592=128"
45000 48000 0.0 736.0582370383516 278.4074254865045 999.2010000000009 143.669921875 136.21623234081613 129.11183054804357 5088.697505928954 146.61430222616374 7.104401792772566 186190.00027126117 288.0 128.0 "69914.0-73839.79=288 74065.0-77783.148=288" "71577.0:72444.592=128 72456.0:73402.029=128 73419.0:74230.396=128 74284.0:74918.362=128 74939.0:75812.803=128"
48000 51000 44.549947265622905 748.9732775878911 258.44674931950436 961.150999999998 271.83203125 90.02259452960745 86.0383250989132 3327.7530340219228 114.73818803539923 3.9842694306942397 153518.02037055796 288.0 128.0 "74065.0-77783.148=288 77801.0-81294.912=288" "74939.0:75812.803=128 75826.0:76774.506=128 77811.0:85520.313=128"
51000 54000 13.458855468750698 709.8296410590281 308.48695482413007 971.7090000000026 32.439888671869994 61.99291336046541 59.269812204179395 2247.4382590414916 88.96048749608477 2.7231011562860155 123710.88361693385 288.0 128.0 77801.0-81294.912=288 77811.0:85520.313=128
54000 57000 212.25262109375035 709.2709108072935 319.08817367787117 978.778999999995 24.345087890629657 65.76490948223702 62.96885940113821 2330.4781182041074 78.27007958252096 2.79605008109882 103697.641301991 288.0 128.0 "77801.0-81294.912=288 81319.0-83399.511=288 83566.0-86298.367=288" 77811.0:85520.313=128
57000 60000 0.0 691.7785000000022 376.2960029314931 996.7590000000055 199.5719453125057 87.5740486234186 83.4899720168631 3392.967095892806 124.16982868054207 4.0840766065555005 173414.13144341944 288.0 128.0 "83566.0-86298.367=288 86457.0-89023.496=288" "77811.0:85520.313=128 85535.0:90102.582=128"
60000 63000 38.5760820312571 682.852351074218 347.97929571855946 993.0090000000055 59.6958906249929 83.18492049878284 80.50295886419542 2232.7089765861574 102.46882942385467 2.68196163458743 137414.41413527942 288.0 128.0 "86457.0-89023.496=288 89066.0-92270.745=288" 85535.0:90102.582=128
63000 66000 0.0 626.523334147137 328.01687658373294 999.3840000000055 0.0 109.67273012068523 105.23481844292698 3688.8458093169293 153.8704288653508 4.437911677758249 204481.30780311645 288.0 128.0 "89066.0-92270.745=288 91786.0-93587.356=288" "85535.0:90102.582=128 90124.0:91975.224=128 91992.0:94147.504=128"
66000 69000 11.670150390622439 643.0706283203166 376.32249922808177 984.4089999999997 0.0 124.14777868118959 119.62709247259241 3778.897101430232 161.11642278949614 4.520686208597184 215651.4278125193 288.0 128.0 "91786.0-93587.356=288 93708.0-95448.899=288 95570.0-97413.17=288" "91992.0:94147.504=128 94168.0:95596.504=128 95613.0:97543.067=128"
69000 72000 0.0 696.8678022017015 314.78623398374884 995.2550000000047 109.22412109376455 131.5685317523995 124.97575898357047 5459.408439607774 164.8103893816208 6.592772768829013 216253.08221446536 288.0 128.0 "95570.0-97413.17=288 97572.0-99444.788=288" "95613.0:97543.067=128 97564.0:99597.347=128"
72000 75000 0.0 765.5027343749971 273.18702092454606 980.073000000004 321.012000000017 79.31388912258954 76.42734810001573 2405.6944589619943 102.8024439894618 2.886541022573803 137622.7870871951 288.0 128.0 "97572.0-99444.788=288 99319.0-103324.417=288" "97564.0:99597.347=128 99620.0:105194.581=128"
75000 78000 0.0 775.2945629340344 344.7668628159732 987.1100000000006 108.02099609376455 82.78603547636882 79.67642980142674 2573.0687669513445 104.72693435143898 3.109605674942077 136365.07997951345 288.0 128.0 "99319.0-103324.417=288 103135.0-106105.519=288" 99620.0:105194.581=128
78000 81000 0.0 683.0495429687471 413.25682572254374 999.3429999999935 0.0 72.52819110045492 68.63779677539699 3248.9312330486555 107.76861353381422 3.890394325057923 141771.687059841 288.0 128.0 "103135.0-106105.519=288 106564.0-110635.022=288" "99620.0:105194.581=128 105216.0:106869.171=128 106887.0:114894.459=128"
81000 84000 142.526160156267 652.5988782552045 279.33508640549553 956.6219999999885 283.9520000000048 39.12393042487399 36.67308451196519 2019.1614127562968 56.62476828750169 2.4508459129087954 74267.49132443006 288.0 128.0 "106564.0-110635.022=288 111068.0-113987.511=288" 106887.0:114894.459=128
84000 87000 0.0 567.5615538194478 330.83725103825446 994.5529999999999 0.0 63.652211624482625 61.155686770118194 2065.2057254208935 84.68942194363913 2.4965248543644303 111498.22545456 288.0 128.0 "111068.0-113987.511=288 114063.0-117001.19=288" 106887.0:114894.459=128
87000 90000 0.0 609.284238444007 365.0839025154312 998.0789999999979 42.4169921875 91.87448104145791 83.69436012149514 3484.809798744812 129.2898708952088 5.180120919962792 170261.53997089184 288.0 128.0 "114063.0-117001.19=288 117065.0-119991.584=288" "106887.0:114894.459=128 114996.0:116592.576=128 116616.0:117868.96=128"
90000 93000 16.41407226563024 718.8628825954851 415.33272936731237 995.2690000000002 0.0 119.91977711598511 114.85093141634948 4570.626376985949 175.32367690751647 5.80095816192617 239800.94997745377 288.0 128.0 "117065.0-119991.584=288 119355.0-125871.881=288" "116616.0:117868.96=128 117881.0:119320.707=128 119341.0:120852.729=128"
93000 96000 0.0 750.3754244140567 283.98836342169517 976.7849999999889 266.3329863281251 98.74985489713706 90.94619228400869 5749.196686092049 123.4049678278879 8.071550150837812 155103.58147911992 288.0 128.0 119355.0-125871.881=288 "119341.0:120852.729=128 120874.0:122126.646=128 122153.0:123121.328=128"
96000 99000 118.28166015628085 628.9128655133931 326.3853221337731 987.1150000000198 204.63300000000163 53.33609789508035 50.943699160403675 1990.0073358630862 58.82270507067211 2.392398734676678 76492.08047751206 288.0 128.0 119355.0-125871.881=288 "122153.0:123121.328=128 123135.0:124359.736=128"
99000 102000 0.0 798.5944216579875 227.4994523302464 992.2250000000058 339.839111328125 73.39367224254369 69.78607097722036 2990.992664136914 100.4316785691603 3.607601265323322 131221.38012252699 288.0 128.0 126135.0-129727.259=288 126140.0:129307.554=128
102000 105000 0.0 803.9424990234372 230.9203023089551 994.4670000000042 298.833984375 98.3136775138612 93.52473754093984 3990.00496933564 124.81087790059445 4.788939972921355 162116.63321102993 288.0 128.0 "126135.0-129727.259=288 129744.0-132067.518=288" "126140.0:129307.554=128 129753.0:132200.069=128"
105000 108000 0.0 571.2724620028404 311.6008720025357 991.5530000000144 116.24299999998766 77.01180395112084 73.8007439240422 2672.99503066436 80.83166536624968 3.211060027078645 106677.60385827815 288.0 128.0 "132090.0-133895.82=288 133691.0-137522.259=288" "129753.0:132200.069=128 132215.0:136414.253=128"
108000 111000 0.0 770.2669687500036 223.52873241410572 985.1499999999942 367.35595703125 84.47698835289391 81.47698835289391 2501.0 99.11076649468744 3.0 131009.84798134741 288.0 128.0 "133691.0-137522.259=288 137004.0-138587.406=288" "132215.0:136414.253=128 136433.0:138920.158=128"
111000 114000 0.0 716.520293359374 313.7063219693426 999.75 132.82605468749534 92.80146302884242 87.99698303746705 3997.567672746691 116.18990062458464 4.804479991375375 151390.75051995096 288.0 128.0 "137004.0-138587.406=288 138940.0-140433.431=288 140563.0-142212.044=288" "136433.0:138920.158=128 138931.0:143021.258=128"
114000 117000 0.0 586.990073046874 363.0432704269425 995.5929999999935 21.727294921875 97.92377212054323 92.72825211191862 4770.432327253309 123.89877424129413 6.195520008624625 159174.40322417812 288.0 128.0 "140563.0-142212.044=288 142162.0-144306.135=288" "138931.0:143021.258=128 143037.0:145304.103=128"
117000 120000 0.0 783.5845446777312 316.1460415527265 992.359999999986 221.7827285156236 76.74857887404168 71.74857887404168 4161.0 113.10567110808203 5.0 146667.726079285 288.0 128.0 "142162.0-144306.135=288 144555.0-148146.389=288" "143037.0:145304.103=128 145315.0:146779.208=128 146829.0:148033.999=128"
120000 123000 0.0 750.1140501302111 361.8963950069409 993.4530000000086 106.71507617188036 129.29610535532538 124.3319335997221 3310.9042747067406 147.34513487918798 4.964171755603262 192899.77802436467 288.0 128.0 "144555.0-148146.389=288 148161.0-150563.287=288" "146829.0:148033.999=128 148051.0:149350.318=128 149370.0:150800.064=128"
123000 126000 19.710158203117317 633.8215966796881 408.950843671088 993.5450000000128 35.36691992188571 84.92923227709576 79.1765211671124 4794.136712081097 130.54332030792182 5.752711109983379 168567.85287711382 288.0 128.0 "148161.0-150563.287=288 150608.0-152225.532=288 152247.0-153875.257=288" "149370.0:150800.064=128 150812.0:152070.372=128 152257.0:153972.194=128"
126000 129000 7.721105468750466 671.910515842015 362.17565496346066 997.5719999999856 137.21675195312127 96.0284407670221 92.74532363260876 2738.959013212162 127.22716950947884 3.283117134413359 170393.15300540536 288.0 128.0 "152247.0-153875.257=288 153897.0-157140.416=288" "152257.0:153972.194=128 153984.0:156522.497=128"
129000 132000 5.61897656248766 677.7842513020878 300.9942381567562 980.2820000000065 152.39291601561126 105.93707563929634 97.93707563929634 7595.0 118.40385744796185 10.0 139998.92074683294 288.0 128.0 "153897.0-157140.416=288 156465.0-160308.467=288" "153984.0:156522.497=128 156569.0:159489.233=128"
132000 135000 200.97802734375 602.5944341796828 348.4046744012715 997.6810000000114 0.0 66.63993470317746 61.69037640204374 3342.0 122.68168274322221 4.949558301133731 162221.00037497663 288.0 128.0 "156465.0-160308.467=288 160322.0-164179.872=288" "156569.0:159489.233=128 160329.0:166627.589=128"
135000 138000 154.05979296873556 450.68505007102664 367.6431274407418 999.9079999999958 0.0 36.995424085130104 32.94498238626383 3010.0 58.95367604508536 5.050441698866269 80453.50192865396 288.0 128.0 "160322.0-164179.872=288 162424.0-170196.593=288" 160329.0:166627.589=128
138000 141000 261.7512539062591 571.4830119357599 405.339969884805 996.9599999999919 18.10999999998603 44.36464121169243 38.36464121169243 4120.0 53.36464121169243 6.0 59566.497696369406 288.0 128.0 162424.0-170196.593=288 "160329.0:166627.589=128 166639.0:169113.11=128"
141000 144000 1017.4928261718887 566.70499316406 338.35598001616387 936.3880000000063 0.0 13.559025494499815 10.977561994922906 1309.0108031441805 23.210733491115086 2.581463499576909 26056.97798815345 288.0 128.0 "162424.0-170196.593=288 170529.0-173562.332=288" 166639.0:169113.11=128
144000 147000 159.79806640624884 643.3543237847238 337.40024040090873 996.6449999999895 0.0 80.34647146428166 67.2309195535896 9561.506490505228 149.3624337008316 14.047899310236815 183682.05122853146 288.0 128.0 "170529.0-173562.332=288 173349.0-181197.344=288" 173565.0:181241.096=128
147000 150000 0.0 530.775921274037 315.20634590223597 958.7039999999979 6.442017578112427 29.811930809694097 23.508946219963057 2871.4827063505927 41.496557288348335 5.370637190186274 51971.58505572811 288.0 128.0 173349.0-181197.344=288 173565.0:181241.096=128
150000 153000 278.26613867186825 489.57901258680954 331.14692196021946 943.2840000000142 0.0 24.71890081067267 23.71890081067267 820.0 26.845380291902636 1.0 31876.53240866369 288.0 128.0 173349.0-181197.344=288 173565.0:181241.096=128
153000 156000 0.0 552.1849296874981 322.8323491706964 961.0499999999884 17.864999999990687 55.320588018869195 45.74713544652842 5262.91392014361 84.05749404052247 8.097936763121034 105780.0548580088 288.0 128.0 "173349.0-181197.344=288 181566.0-188335.486=288" "173565.0:181241.096=128 181564.0:183302.892=128"
156000 159000 0.0 645.1348713107614 297.0250295531378 981.8979999999865 0.9780976562469732 26.75033389884838 20.696973846972703 3634.0724317138806 49.534651684145686 5.528875861095417 69171.95726050544 288.0 128.0 181566.0-188335.486=288 181564.0:183302.892=128
159000 162000 213.3949687499844 558.5791247209917 285.2636730881388 828.2609999999986 200.451904296875 11.995840059319084 9.37110740544309 1126.0136481425093 15.24738533741153 2.624732653875994 10567.167979067892 288.0  181566.0-188335.486=288 
162000 165000 0.0 562.9007701823042 378.99779519429035 991.4010000000126 21.86699999999837 56.53313669678836 48.5786743648067 4796.867021115544 100.29909269937555 6.954462331981659 120921.99253805348 288.0  "189672.0-191652.878=288 192068.0-194145.07=288" 
165000 168000 38.72916406253353 483.8775668569702 377.8410063816415 985.8329999999842 0.0 71.83464543758447 63.48577985079233 8428.912627756916 98.63307495378403 10.34886558679215 114140.55406727215 288.0 128.0 "192068.0-194145.07=288 194167.0-198703.223=288" 192563.0:195309.506=128
168000 171000 0.0 651.9963374310789 313.5684754539086 983.2550000000338 134.48091796878725 110.68035964290658 95.55757890212436 10003.658130380169 177.82870447130455 17.12278074078222 204503.87883940944 288.0 128.0 194167.0-198703.223=288 "192563.0:195309.506=128 195328.0:198351.132=128"
171000 174000 0.0 579.1887583007725 393.0367338238814 997.7099999999919 20.43905859370716 80.1561193399892 75.26067351571241 3338.5622207473707 91.83384745668906 4.895445824276786 111904.94241937296 288.0 128.0 "194167.0-198703.223=288 198912.0-201417.243=288" "195328.0:198351.132=128 198921.0:199723.603=128"
174000 177000 0.0 571.9099850852455 340.69834505485915 991.505999999994 33.97500000006403 96.3090256272528 90.40437106924546 3728.9001671206147 137.5341294829461 5.90465455800734 180643.39805063195 288.0 128.0 "198912.0-201417.243=288 201432.0-203649.188=288 203681.0-204856.689=288" 201439.0:205344.577=128
177000 180000 3.951699218741851 579.8091056189979 385.98521484591123 990.390000000014 31.007000000041444 151.14240934004076 142.62155525520905 7634.850250533569 204.65132202376364 9.520854084831708 278103.03138145886 288.0 128.0 "203681.0-204856.689=288 204821.0-206385.99=288 206180.0-207891.359=288" "201439.0:205344.577=128 205380.0:206757.008=128 206774.0:207673.016=128"
180000 183000 0.0 703.7547001065449 358.6653968106652 998.344000000041 79.09804687500582 159.68086167957188 153.40130093927147 5239.982057575705 205.04321346039973 6.279560740300439 280062.2902376049 288.0 128.0 "206180.0-207891.359=288 207907.0-209219.586=288 208970.0-210246.801=288" "206774.0:207673.016=128 207702.0:208774.969=128 208793.0:210366.989=128"
183000 186000 0.0 587.2313387044342 370.22181585293885 998.1339999999909 23.611083984404104 132.29838503646798 127.6764196223758 3861.380554461912 169.92714871523927 4.621965414092158 226682.63404160878 288.0 128.0 "208970.0-210246.801=288 210120.0-212390.715=288 212046.0-219763.072=288" "208793.0:210366.989=128 210386.0:212159.692=128 212189.0:215723.441=128"
186000 189000 0.0 537.4085279447094 398.3572373250881 982.4010000000126 0.0 98.29541366800888 96.02294544490981 1903.3230765524684 101.57445400110487 2.2724682230990743 135452.773576107 288.0 128.0 "212046.0-219763.072=288 213432.0-215765.987=288" "212189.0:215723.441=128 215743.0:218878.663=128"
189000 192000 71.08098828129005 488.9127432725735 323.94735883349733 997.7319999999891 0.0 35.54485045487795 32.3079551118008 2665.542319035565 44.5366668821222 3.236895343077156 52085.09975304325 288.0 128.0 212046.0-219763.072=288 "215743.0:218878.663=128 219065.0:221650.535=128"
192000 195000 0.0 728.1358746093726 284.828168510653 997.5049999999756 232.7849121093459 102.54632836742795 96.73201659767851 4847.76477407411 126.77192658581593 5.814311769749453 163064.6500063999 288.0 128.0 "212046.0-219763.072=288 219794.0-221650.013=288 221704.0-222832.08=288" "219065.0:221650.535=128 221689.0:222092.191=128"
195000 198000 0.0 596.2551662109443 335.77143440622916 955.2789999999804 86.41488867183216 161.97722388860845 155.17462108997455 5695.823521460753 244.6459424481653 6.8026027986339255 327108.35468808276 288.0 128.0 "221704.0-222832.08=288 222854.0-223750.952=288 223775.0-225005.309=288 225020.0-226273.417=288" "221689.0:222092.191=128 222142.0:222887.001=128 222897.0:223455.133=128 223781.0:224361.072=128 225027.0:226177.074=128"
198000 201000 0.0 665.4585842013831 395.7162561233832 997.5829999999842 61.40307812500396 122.97325661844118 118.2032086354537 3988.2567082933765 178.03386869257184 4.7700479829874975 241807.82782987834 288.0 128.0 "225020.0-226273.417=288 226288.0-228662.588=288" "225027.0:226177.074=128 226293.0:227991.688=128"
201000 204000 0.0 709.2890980468743 348.54844448216323 989.4919999999984 15.480000000010477 149.00789409919796 142.07384879574374 5786.645660689944 214.91156911169097 6.934045303454211 283085.6323316643 288.0 128.0 "226288.0-228662.588=288 228142.0-229234.378=288 229263.0-230521.346=288 230241.0-231849.741=288" "228294.0:229666.619=128 229684.0:230783.735=128 230809.0:231557.174=128"
204000 207000 0.0 654.7423787109525 378.7673627017859 996.243999999977 113.55071874998976 156.4929889140966 151.22349489425483 4408.530910201982 186.6061697352759 5.269494019841776 247561.6866370899 288.0 128.0 "230241.0-231849.741=288 231667.0-233152.938=288 232989.0-234450.798=288" "230809.0:231557.174=128 231868.0:232928.494=128 233066.0:233691.854=128"
207000 210000 81.9329902343743 720.4939339192788 309.2467285350392 992.5100000000093 194.54499804688385 91.6497486070696 85.83053636530393 4850.167818656249 139.70269945716245 5.819212241765671 182798.83492337656 288.0 128.0 "232989.0-234450.798=288 234473.0-236077.203=288 236570.0-238724.972=288" 234485.0:235047.806=128
210000 213000 15.805169921863126 627.3075431640697 292.47158630827073 988.969000000041 208.15868359376327 114.20388793899104 109.02310018075673 3493.832181343751 159.43210218811225 5.180787758234329 213593.24071079734 288.0 128.0 "236570.0-238724.972=288 238743.0-240562.343=288" 238673.0:241053.846=128
213000 216000 426.28898242188734 562.913321180557 391.64339677935624 992.6399999999849 69.43798828125 137.3043998548404 130.3556655332167 5798.885564485528 168.1580304501059 6.9487343216236965 218715.0739324473 288.0 128.0 "238743.0-240562.343=288 241068.0-242106.138=288 242188.0-243132.609=288" "238673.0:241053.846=128 241068.0:242161.586=128 242178.0:242790.942=128 242810.0:243292.714=128"
216000 219000 793.5610390623624 412.4890164620717 413.7153732765946 999.1130000000412 48.383060546882916 90.75301062742402 86.55224354921037 3509.84511277768 124.7459727417978 4.20076707821365 164920.41365518296 288.0 128.0 "242188.0-243132.609=288 244074.0-245953.42=288 245935.0-247101.441=288" "242810.0:243292.714=128 244070.0:244463.913=128 245981.0:247256.758=128"
219000 222000 17.37500976564479 558.3101074218835 380.11116152517286 999.1240000000107 11.093994140654104 112.54404258689291 107.69354398673026 4036.2693227367918 191.6822082518516 4.850498600162654 257046.81467594186 288.0 128.0 "245935.0-247101.441=288 248070.0-250648.031=288" "245981.0:247256.758=128 248068.0:252498.948=128"
222000 225000 142.08940039062873 602.3544978515623 310.9152037124866 994.7550000000047 39.55998437499511 69.90204567617707 65.51641222699145 3954.775092212404 73.49398645165927 5.026844035054729 89117.36528526152 288.0 128.0 "248070.0-250648.031=288 250672.0-251920.805=288 251771.0-254046.659=288" 248068.0:252498.948=128
225000 228000 26.23561328125652 487.51456295072927 398.24209920992945 996.2880000000005 0.0 126.1483845266078 121.34313265383581 4165.759463553935 201.2078256658941 5.164041286902869 274554.8833752655 288.0 128.0 "251771.0-254046.659=288 253882.0-255301.917=288" "248068.0:252498.948=128 252524.0:256284.335=128"
228000 231000 0.0 732.6788541666659 276.012503853382 962.4180000000051 137.7680664062791 92.02597147228113 88.39217965887158 3016.7006952347106 163.2116421528007 3.6337918134095366 219022.83484032162 288.0 128.0 "253882.0-255301.917=288 255566.0-260808.186=288" "252524.0:256284.335=128 256297.0:260735.175=128"
231000 234000 0.0 556.1181157226625 392.2393612873447 990.80799999999 23.195000000006985 67.49519639812976 63.92265486023794 2979.420142691693 73.77415129716697 3.572541537891824 94802.50520445146 288.0 128.0 "255566.0-260808.186=288 258362.0-259955.285=288 261066.0-263538.708=288" "256297.0:260735.175=128 260751.0:264404.83=128"
234000 237000 0.0 663.6536390269995 367.6561973777744 985.6529999999912 7.548878906236496 111.867126402025 108.45632441452152 2846.8899820084625 149.17006599297417 3.4108019875034734 199636.38564739624 288.0 128.0 "261066.0-263538.708=288 262868.0-264273.104=288" 260751.0:264404.83=128
237000 240000 1184.3389824218466 435.47295068358653 301.16720657180235 924.468017578125 90.81300000002375 154.6583362901704 147.68713598872458 5818.472092805677 192.2597933550449 6.971200301445825 257676.0187379531 288.0 128.0 "262868.0-264273.104=288 264104.0-264698.361=288 265968.0-266748.133=288" "260751.0:264404.83=128 265881.0:266118.681=128 266145.0:266428.204=128 266450.0:266949.123=128 266959.0:267460.993=128"
240000 243000 138.21662109374302 606.2951336495545 357.9353134794502 989.5920000000042 73.43898242188152 117.58015075613999 111.11180819697687 5413.406634565565 198.01285100005518 6.4683425591631165 267583.84231908794 288.0 128.0 "267897.0-268639.816=288 269712.0-270500.666=288" "266959.0:267460.993=128 267481.0:267866.226=128 267885.0:269679.631=128 269698.0:270081.072=128"
243000 246000 1773.9880839844118 309.73484114582726 255.60786322909667 749.7949999999837 79.56699999998091 74.89170949580497 70.13927301717635 3953.575896927553 126.56290444084851 4.752436478628624 165316.71351617988 288.0 128.0 "269712.0-270500.666=288 271567.0-272044.383=288" "270107.0:270560.221=128 272069.0:272318.333=128"
246000 249000 1860.6188144531334 340.4638186849091 244.23215983107482 631.6909999999916 34.45100000000093 106.23009381772007 100.31247494631485 4927.7793177287485 138.94612165827658 5.917618871405243 184949.37730685962 416.0 128.0 "274069.0-274701.492=288 275579.0-275614.984=480 275581.0-276479.435=480" "274067.0:274344.359=128 275577.0:275813.934=128"
249000 252000 1848.3029667968513 531.7815219726617 255.7707889460108 756.4459999999963 239.46305468748324 105.76990618227993 101.68752505368516 3404.2206822712515 130.0538783417234 4.082381128594757 174983.6226931404 480.0 128.0 "275581.0-276479.435=480 277571.0-278308.003=480" 277570.0:277895.313=128
252000 255000 505.0386113281129 742.3603750000009 247.22702042007396 994.5690000000177 487.31689453125 124.27298396005469 119.76469552641608 3768.4705726900743 177.73316093093285 4.045620165799399 240666.72836639994 480.0 128.0 "279572.0-280591.683=480 281575.0-284298.179=480" "279569.0:279823.51=128 281572.0:282503.942=128"
255000 258000 211.56367578124627 523.9425249023479 303.2650667814091 998.0619999999763 12.656005859375 119.75050745346752 115.22961717017745 3759.0395495300427 158.10779961454335 4.9835585511293115 213647.11330022546 480.0 128.0 "281575.0-284298.179=480 284325.0-285388.204=480" "281572.0:282503.942=128 283649.0:283909.239=128 285070.0:285505.263=128"
258000 261000 147.35295312508242 607.643820963538 404.9666172188518 999.5540000000037 46.523999999975786 189.9765085864778 185.00568730340652 4157.4898777798835 257.1590394545238 4.97082128307129 354295.15833337454 480.0 128.0 "284325.0-285388.204=480 285236.0-286143.213=480 287070.0-287946.276=480" "285070.0:285505.263=128 287068.0:287295.01=128"
261000 264000 322.64995117182843 710.01869563803 363.8063975881883 999.0229999999865 0.9560546875 102.72296395833676 97.01886602689238 4742.877905482088 150.69403743282987 5.704097931444383 207269.57672224694 720.0 128.0 "289078.0-289922.563=480 291080.0-291130.055=840 291082.0-292522.477=840" "289073.0:290290.867=128 291077.0:291458.57=128"
264000 267000 11.728175781259779 638.3531174316449 401.6870104996549 997.0769999999902 45.34799023438245 177.27076602730813 172.9748639587525 3589.122094517911 279.8235229454513 4.295902068555618 388510.39382756606 840.0 128.0 "291080.0-291130.055=840 291082.0-292522.477=840 293078.0-294510.266=840" "291077.0:291458.57=128 293074.0:293402.253=128"
267000 270000 0.0 722.2847310267888 383.49038224008444 999.619000000006 14.685302734375 165.30415163329573 160.35509998625088 4119.112197048949 241.53628971306077 4.8578651783116245 330998.19378747296 840.0 128.0 "293078.0-294510.266=840 294509.0-295954.029=840 297069.0-298248.005=840" "295067.0:296281.2=128 297068.0:297434.002=128"
270000 273000 4.973332031222526 678.6376217448075 374.9485595557185 996.4920000000275 90.54807226563571 201.79235651389467 196.83374819011397 4128.1689790280025 285.5138285082845 5.049794792513927 403697.75781867455 840.0 128.0 "297069.0-298248.005=840 298572.0-299760.303=840" "297068.0:297434.002=128 298570.0:298912.922=128"
273000 276000 34.568218750006054 553.2250013951062 409.67747563236986 991.8200000000652 91.22603906248696 174.38404997224464 169.464904704796 4112.0620293116335 307.6489499932752 4.919145267448629 422352.41254126944 840.0 128.0 "300572.0-302337.269=840 302259.0-303570.606=840" "300570.0:300870.557=128 302343.0:302713.838=128"
276000 279000 339.71260351565434 613.5892683593789 363.22817211469606 996.9970000000321 172.62702929688385 147.73044848049082 143.52447527292452 3503.8629046590295 215.40616187806785 4.20597320756632 295469.9713082167 840.0 128.0 "302259.0-303570.606=840 304567.0-305868.726=840" 304566.0:304975.873=128
279000 282000 10.459761718753725 486.91096020506666 446.37757262571125 997.2480000000214 6.468994140625 171.1828938134301 166.21567225927058 4144.793889952385 304.4256633289056 4.9672215541595 415829.5261662145 840.0 128.0 "306250.0-307501.501=840 308074.0-309302.496=840" "306246.0:306617.362=128 308071.0:308503.939=128"
282000 285000 742.9081796875107 418.1697103794681 410.9218798858251 999.3320000000531 10.240966796875 150.20157132198835 145.1912344496903 3349.6933096026655 192.20230774818972 3.010336872298056 263533.7623744122 840.0 128.0 "308074.0-309302.496=840 310080.0-311568.111=840 312073.0-313373.637=840" "310077.0:310481.771=128 312072.0:312427.531=128"
285000 288000 18.035892578132916 506.7556384277268 414.8581931132223 997.5939999999828 9.22607421875 182.6237871096596 177.62486359801642 4161.085412907987 319.87888382711276 5.989663127701943 436206.3154643433 840.0 128.0 "312073.0-313373.637=840 314073.0-315400.524=840" "312072.0:312427.531=128 314071.0:314461.583=128"
288000 291000 686.9731542968657 404.88311411830364 425.57295229119416 996.1020000000135 5.501953125 123.67172548974207 120.64834223805617 2520.6474646931592 177.15733008743203 3.0326436356271493 243362.94819242097 840.0 128.0 "314073.0-315400.524=840 316072.0-317395.116=840 318078.0-319313.15=840" "316070.0:316476.841=128 318075.0:318370.656=128"
291000 294000 8.981068359396886 643.7080136718661 339.3111715168249 997.6840000000084 161.97499999997672 214.53851130498504 207.06001742415492 6223.929326620288 327.8021246690485 6.967356364372851 451667.3155997361 840.0 128.0 "318078.0-319313.15=840 319572.0-320872.048=840" "318075.0:318370.656=128 319571.0:319986.709=128"
294000 297000 6.336718749953434 664.9226077009059 257.3407543828554 997.3560000000289 398.423000000068 178.82512689469974 174.17852135789565 3871.7973181026564 255.4840034641672 4.801032380216401 353261.93492118537 840.0 128.0 "321571.0-322821.32=840 323571.0-324830.502=840" "321568.0:321898.237=128 323571.0:323975.974=128"
297000 300000 415.40526757820044 612.9902962239479 383.0164343171597 999.5069999999832 108.36599999992177 144.75164747992437 140.90939053318573 3201.8471680732446 228.42689640417473 4.198967619783599 309672.89127624076 840.0 128.0 "323571.0-324830.502=840 325568.0-326692.637=840" 325567.0:325977.922=128
