ts te idle avg_span std_span max_span min_span c_ack_cnt c_ack_cnt_p c_bytes_all c_bytes_uniq s_ack_cnt s_ack_cnt_p s_bytes_all s_bytes_uniq avg_video_rate avg_audio_rate video_requests_sequence audio_requests_sequence
0 9000 4924.499009765623 596.4892727272726 446.0662411653872 999.7829999999994 63.76800000000003 589.0 569.0 18129.0 18129.0 830.0 24.0 1328757.0 1220957.0 1500.0 128.0 5573.0#5573.0#1500_5574.0#5574.0#1500_6671.0#6671.0#1500_7567.0#7567.0#1500_8632.0#8632.0#1500 5572.0#5572.0#128_5573.0#5573.0#128_6677.0#6677.0#128_7699.0#7699.0#128_8634.0#8634.0#128
9000 18000 33.29685937499744 719.8914332217263 340.2015099963065 999.7669999999998 121.37000000000262 1767.1916092072101 1743.6437069054075 18867.279887478067 18867.279887478067 2626.287413810815 23.547902301802523 4104111.3030015887 3912880.683112056 1500.0 128.0 8632.0#8632.0#1500_9660.0#9660.0#1500_10856.0#10856.0#1500_11827.0#11827.0#1500_12547.0#12547.0#1500_13402.0#13402.0#1500_14207.0#14207.0#1500_15090.0#15090.0#1500_16122.0#16122.0#1500_16991.0#16991.0#1500 9806.0#9806.0#128_10955.0#10955.0#128_11896.0#11896.0#128_12751.0#12751.0#128_13460.0#13460.0#128_14343.0#14343.0#128_15230.0#15230.0#128_16252.0#16252.0#128_17071.0#17071.0#128
18000 27000 625.1132343750069 714.3950552978499 327.0137832578747 999.8260000000009 66.24199999999837 1463.8601816308876 1447.981495559858 13240.522578244247 13240.522578244247 2251.143449191996 15.452097698197477 3632292.071703367 3514303.7967050397 3000.0 128.0 18964.0#18964.0#3000_18966.0#18966.0#3000_20426.0#20426.0#3000_22128.0#22128.0#3000_24186.0#24186.0#3000_25853.0#25853.0#3000 18962.0#18962.0#128_20457.0#20457.0#128_22150.0#22150.0#128_24185.0#24185.0#128_25734.0#25734.0#128
27000 36000 185.72644531251717 667.8659934895817 382.90936546696514 999.6429999999964 88.03899999999703 1330.1702787098093 1316.2947255116255 11572.60073707308 11572.60073707308 2206.804709808939 14.30214157101591 3483898.4164280286 3393887.311315888 3000.0 128.0 25853.0#25853.0#3000_27706.0#27706.0#3000_29736.0#29736.0#3000_31693.0#31693.0#3000_33706.0#33706.0#3000_35697.0#35697.0#3000 27704.0#27704.0#128_29733.0#29733.0#128_31691.0#31691.0#128_33704.0#33704.0#128_35696.0#35696.0#128
36000 45000 41.2635742187631 700.0589997209811 383.1826371302934 999.9989999999962 99.00999999999476 1392.6637416291255 1379.3498537501084 11106.90124073203 11106.90124073203 2269.755534166736 13.313887879017134 3621014.2481737514 3524340.3673542286 3000.0 128.0 35697.0#35697.0#3000_37883.0#37883.0#3000_39680.0#39680.0#3000_41679.0#41679.0#3000_43695.0#43695.0#3000 37881.0#37881.0#128_39676.0#39676.0#128_41677.0#41677.0#128_43693.0#43693.0#128
45000 54000 89.87944140624313 726.1371777343765 324.20199922619736 999.5120000000024 58.744000000006054 1663.9479321135848 1648.7679501138628 12671.470344857538 12671.470344857538 2784.7628227032064 15.179981999722232 4245415.836527002 4106968.4717008853 3000.0 128.0 43695.0#43695.0#3000_45661.0#45661.0#3000_47699.0#47699.0#3000_49674.0#49674.0#3000_51056.0#51056.0#3000_52332.0#52332.0#3000_53825.0#53825.0#3000 45659.0#45659.0#128_47697.0#47697.0#128_49673.0#49673.0#128_49957.0#49957.0#128_51958.0#51958.0#128_53741.0#53741.0#128
54000 63000 338.9068886718742 680.2590791666677 402.20696705182024 999.3559999999998 9.030074218753725 1304.5611446365097 1290.8015089423393 11478.412341073281 11478.412341073281 2199.532136843574 13.759635694170322 3568385.5173023725 3501571.9039457673 3000.0 128.0 52332.0#52332.0#3000_53825.0#53825.0#3000_55711.0#55711.0#3000_57683.0#57683.0#3000_59641.0#59641.0#3000_61727.0#61727.0#3000 53741.0#53741.0#128_55959.0#55959.0#128_57681.0#57681.0#128_59639.0#59639.0#128_61724.0#61724.0#128
63000 72000 2379.3865390624997 600.5229098557667 340.17384065838115 999.4440000000031 108.99599999999919 1017.4999523696323 1005.2442363074723 10210.084168387588 10210.084168387588 1695.5960461821044 12.255716062160053 2693899.7210826115 2647466.580084855 3000.0 128.0 61727.0#61727.0#3000_63682.0#63682.0#3000_65724.0#65724.0#3000_68515.0#68515.0#3000_71715.0#71715.0#3000 63680.0#63680.0#128_65724.0#65724.0#128_68513.0#68513.0#128_71713.0#71713.0#128_71957.0#71957.0#128
72000 81000 15.074917968784575 639.2017972005204 383.9790187973869 999.8150000000023 65.14699999998265 1473.2072092882527 1454.702402882146 15040.987784151934 15040.987784151934 2448.0356401189165 19.504806406106745 3858118.4254774936 3726186.788020424 2600.0 128.0 71715.0#71715.0#3000_73349.0#73349.0#3000_74816.0#74816.0#2300_74818.0#74818.0#2300_76051.0#76051.0#2300_77749.0#77749.0#2300_79719.0#79719.0#3000 71957.0#71957.0#128_74962.0#74962.0#128_76289.0#76289.0#128_77745.0#77745.0#128_79718.0#79718.0#128
81000 90000 1771.5309765624988 697.6204023437516 339.07240074188064 999.2189999999973 42.935302734375 1321.5926764413352 1307.7241097522103 11565.91941110881 11565.91941110881 2143.146445802695 13.868566689124956 3312132.0235623317 3271179.6610194007 3000.0 128.0 79719.0#79719.0#3000_83167.0#83167.0#3000_84716.0#84716.0#3000_86284.0#86284.0#3000_87841.0#87841.0#3000_89705.0#89705.0#3000 83166.0#83166.0#128_83460.0#83460.0#128_86346.0#86346.0#128_87959.0#87959.0#128_89956.0#89956.0#128
90000 99000 789.6418945312616 682.3143341238849 411.3088261677655 999.9700000000157 22.604980468764552 1232.1505739428462 1219.2726954316308 10744.854416108217 10744.854416108217 2063.0628679966094 12.877878511215492 3260998.801700568 3220398.801700568 2580.0 128.0 89705.0#89705.0#3000_91677.0#91677.0#3000_93735.0#93735.0#2300_96525.0#96525.0#2300_97794.0#97794.0#2300 89956.0#89956.0#128_91960.0#91960.0#128_93957.0#93957.0#128_96959.0#96959.0#128_97925.0#97925.0#128
99000 108000 776.1423847656115 612.0200680803599 387.4033039400823 998.9750000000058 41.06201171875 923.1689123774357 909.4089685738758 11471.421499174618 11471.421499174618 1631.6153219026573 13.759943803559896 2523126.4895878043 2500726.4895878043 2300.0 128.0 97794.0#97794.0#2300_99675.0#99675.0#2300_101698.0#101698.0#2300_103717.0#103717.0#2300_105733.0#105733.0#2300_107690.0#107690.0#2300 99958.0#99958.0#128_101958.0#101958.0#128_103960.0#103960.0#128_105957.0#105957.0#128_107958.0#107958.0#128
108000 117000 1239.2058593749825 740.7121976318394 307.71335680112276 999.255999999994 126.38500000000931 1310.4022744974682 1295.3764417058005 12548.891156944683 12548.891156944683 2215.5744992375476 15.025832791667463 3455241.219334582 3350241.219334582 2533.3333333333335 128.0 107690.0#107690.0#2300_108839.0#108839.0#2300_111724.0#111724.0#2300_112893.0#112893.0#2300_114154.0#114154.0#3000_116151.0#116151.0#3000 107958.0#107958.0#128_108956.0#108956.0#128_111721.0#111721.0#128_111957.0#111957.0#128_113713.0#113713.0#128_115693.0#115693.0#128
117000 126000 557.7724609374709 647.953206722865 386.6376335105812 999.7850000000035 0.0 1459.1902647205761 1445.543808982206 11372.002773737853 11372.002773737853 2385.6295596668783 13.646455738370413 3694180.3314035772 3521713.9529405613 2750.0 128.0 116151.0#116151.0#3000_118069.0#118069.0#3000_120071.0#120071.0#3000_122658.0#122658.0#3000_124596.0#124596.0#3000_125928.0#125928.0#1500 117697.0#117697.0#128_119731.0#119731.0#128_121767.0#121767.0#128_123674.0#123674.0#128_125958.0#125958.0#128
126000 135000 3870.003039062518 571.4497834821398 411.21687900592616 999.6540000000095 0.08499999999185093 724.4483193605971 711.7634023212828 10583.774243877375 10583.774243877375 1109.2605273618292 12.643886770169233 1774799.3340306145 1716323.2701168272 1750.0 128.0 124596.0#124596.0#3000_125928.0#125928.0#1500_129726.0#129726.0#1500_130642.0#130642.0#1500_133726.0#133726.0#1500_134555.0#134555.0#1500 125958.0#125958.0#128_129724.0#129724.0#128_129957.0#129957.0#128_133959.0#133959.0#128_134958.0#134958.0#128
135000 144000 910.7168085937155 622.6225377604171 393.0026070612577 999.801999999996 86.52700000000186 1038.023941541713 1022.8965596507564 12616.494413380602 12616.494413380602 1762.872488368666 15.168412160101484 2799638.7119260305 2746496.1543028336 2250.0 128.0 134555.0#134555.0#1500_135692.0#135692.0#1500_137691.0#137691.0#1500_139688.0#139688.0#3000_141708.0#141708.0#3000_143692.0#143692.0#3000 134958.0#134958.0#128_135958.0#135958.0#128_137689.0#137689.0#128_139686.0#139686.0#128_141707.0#141707.0#128_143689.0#143689.0#128
144000 153000 25.956292968825437 678.079847935265 406.4776278717721 999.8839999999909 89.92800000001444 1276.3811322798092 1263.0541652115728 11117.696913719186 11117.696913719186 2169.2087547905717 13.009910495917406 3428186.0870063966 3374440.1405852106 3000.0 128.0 143692.0#143692.0#3000_145693.0#145693.0#3000_147673.0#147673.0#3000_149674.0#149674.0#3000_151686.0#151686.0#3000 145692.0#145692.0#128_147671.0#147671.0#128_149672.0#149672.0#128_151684.0#151684.0#128
153000 162000 91.09678515611449 699.0990107996382 373.5777213490939 999.8729999999632 60.24609375 1495.9492487046416 1480.725489973323 12705.156337629858 12705.156337629858 2499.94160953546 15.540815303637228 3830098.6939280895 3726216.735319771 3000.0 128.0 151686.0#151686.0#3000_153672.0#153672.0#3000_155700.0#155700.0#3000_157689.0#157689.0#3000_159670.0#159670.0#3000_160937.0#160937.0#3000 153670.0#153670.0#128_155697.0#155697.0#128_157687.0#157687.0#128_159668.0#159668.0#128_159957.0#159957.0#128_161748.0#161748.0#128
162000 171000 268.07061914060614 681.742322021486 343.88743660679586 999.9860000000044 98.74299999998766 1510.8073751390355 1497.075690100452 11457.86199138889 11457.86199138889 2452.2446913454523 13.436906581313826 3798853.789185721 3699548.6942152255 3000.0 128.0 160937.0#160937.0#3000_162330.0#162330.0#3000_164138.0#164138.0#3000_165776.0#165776.0#3000_167710.0#167710.0#3000_169702.0#169702.0#3000 163999.0#163999.0#128_165746.0#165746.0#128_167705.0#167705.0#128_169698.0#169698.0#128
171000 180000 148.61001562493038 663.6979235677223 386.3774608715316 999.9619999999995 63.934000000037486 1237.3819244487363 1223.7186918189623 11391.516557244227 11391.516557244227 2177.4142868131703 13.958011087043849 3421923.562044159 3392169.6566821197 3000.0 128.0 169702.0#169702.0#3000_171704.0#171704.0#3000_173707.0#173707.0#3000_175824.0#175824.0#3000_177666.0#177666.0#3000_179747.0#179747.0#3000 171700.0#171700.0#128_173705.0#173705.0#128_175725.0#175725.0#128_177664.0#177664.0#128_179744.0#179744.0#128
180000 189000 113.34886914063827 664.3780592912912 415.4841487255818 999.8850000000093 58.986999999993714 1314.2013618233973 1301.1222360849974 10909.321735512978 10909.321735512978 2252.8304203294474 13.07912573839985 3537865.8328397446 3449572.924243795 3000.0 128.0 179747.0#179747.0#3000_181683.0#181683.0#3000_183678.0#183678.0#3000_185718.0#185718.0#3000_187701.0#187701.0#3000 181679.0#181679.0#128_183675.0#183675.0#128_185716.0#185716.0#128_187698.0#187698.0#128
189000 198000 4192.811511718639 515.6232771810028 417.5843598550462 999.4990000000398 32.32000000003609 679.8856805037058 667.2175957864193 10978.829468174934 10978.829468174934 1131.0394217554456 13.668084717286504 1738468.6587132113 1712565.378247883 2650.0 128.0 187701.0#187701.0#3000_189748.0#189748.0#3000_196238.0#196238.0#2300_197423.0#197423.0#2300 189744.0#189744.0#128_196465.0#196465.0#128_197455.0#197455.0#128
198000 207000 68.11805078116595 699.109039496535 306.1880815448645 999.9760000000242 125.43299999998999 1615.8542642419927 1596.8542642419927 15054.0 15054.0 2774.9473817783273 19.0 4206623.898868566 4163592.525960712 2300.0 128.0 197423.0#197423.0#2300_198800.0#198800.0#2300_200104.0#200104.0#2300_201290.0#201290.0#2300_202632.0#202632.0#2300_203894.0#203894.0#2300_205091.0#205091.0#2300_206275.0#206275.0#2300 198861.0#198861.0#128_200174.0#200174.0#128_201439.0#201439.0#128_202816.0#202816.0#128_203957.0#203957.0#128_205254.0#205254.0#128_206472.0#206472.0#128
207000 216000 1878.213699218788 610.2882805524611 413.12066184819696 999.2099999999919 15.532000000035623 1173.90952374025 1160.90952374025 10828.0 10828.0 1955.9337662861792 13.0 3093881.9800917367 3019294.8367506647 2720.0 128.0 206275.0#206275.0#2300_209702.0#209702.0#2300_211700.0#211700.0#3000_213188.0#213188.0#3000_214832.0#214832.0#3000 209699.0#209699.0#128_211694.0#211694.0#128_211960.0#211960.0#128_214894.0#214894.0#128
216000 225000 951.0587265624781 679.4424365234463 319.17766513084786 999.9560000000347 155.6149999999907 1372.4004162668753 1358.0871103022346 11946.91089100524 11946.91089100524 2279.5750315198375 14.313305964640538 3530335.6861844193 3478911.1551041794 2766.6666666666665 128.0 214832.0#214832.0#3000_217349.0#217349.0#3000_218864.0#218864.0#3000_220459.0#220459.0#3000_221891.0#221891.0#2300_223723.0#223723.0#2300 217459.0#217459.0#128_218957.0#218957.0#128_220642.0#220642.0#128_221957.0#221957.0#128_223721.0#223721.0#128
225000 234000 5456.5936621093715 521.9091087890614 354.8754168741987 994.7699999999895 26.06300000002375 462.74740016866417 451.9416937256131 8158.988419786456 8158.988419786456 730.4085314564306 10.805706443051033 1102292.5984963141 1079416.600136358 2300.0 128.0 223723.0#223723.0#2300_229487.0#229487.0#2300_232528.0#232528.0#2300 229683.0#229683.0#128_230458.0#230458.0#128
234000 243000 46.30480468738824 615.6152968750079 379.6665493749359 999.9729999999981 0.042000000015832484 1784.4370246185658 1760.577372534152 20946.136191561087 20946.136191561087 2615.445370031821 25.859652084413874 4227914.32357421 4003783.463686649 2022.2222222222222 128.0 232528.0#232528.0#2300_234318.0#234318.0#2300_235635.0#235635.0#2300_236849.0#236849.0#2300_237942.0#237942.0#1500_238652.0#238652.0#1500_239491.0#239491.0#1500_240276.0#240276.0#1500_242021.0#242021.0#3000 234457.0#234457.0#128_235725.0#235725.0#128_236959.0#236959.0#128_237965.0#237965.0#128_238935.0#238935.0#128_239620.0#239620.0#128_240457.0#240457.0#128_242015.0#242015.0#128
243000 252000 591.8698515624856 654.4243395833338 344.25635615594194 999.880999999994 21.30388867185684 1314.2428613235904 1300.9366788528926 11085.330218231458 11085.330218231458 2117.0042177100054 13.306182470697696 3325027.148255268 3232627.148255268 3000.0 128.0 242021.0#242021.0#3000_243794.0#243794.0#3000_245795.0#245795.0#3000_247891.0#247891.0#3000_249732.0#249732.0#3000_251952.0#251952.0#3000 243788.0#243788.0#128_245792.0#245792.0#128_247887.0#247887.0#128_249728.0#249728.0#128_251949.0#251949.0#128
252000 261000 185.8556894530775 712.755341657375 366.51174212568014 999.6390000000829 20.24900000001071 1388.770423544875 1374.7012048663778 11740.968105281881 11740.968105281881 2347.677984820811 14.06921867849701 3677738.395558882 3626668.552274141 3000.0 128.0 251952.0#251952.0#3000_253865.0#253865.0#3000_255733.0#255733.0#3000_257782.0#257782.0#3000_259673.0#259673.0#3000 251949.0#251949.0#128_253862.0#253862.0#128_255729.0#255729.0#128_257780.0#257780.0#128_259671.0#259671.0#128
261000 270000 2815.497078124841 609.0135164388145 386.9826175760192 999.1170000000275 0.0 1050.1784535941797 1039.5850030106737 8823.79477666089 8823.79477666089 1740.7654591872276 10.59345058350574 2663327.2158261393 2633197.0591108804 2860.0 128.0 259673.0#259673.0#3000_261744.0#261744.0#3000_265686.0#265686.0#3000_267186.0#267186.0#3000_269676.0#269676.0#2300 261741.0#261741.0#128_265684.0#265684.0#128_265960.0#265960.0#128_269965.0#269965.0#128
270000 279000 1868.4008593750186 755.1728535156232 281.4180365563645 999.9629999999888 227.32099999999627 1343.4848680961666 1327.4323843209725 13403.871397472987 13403.871397472987 2181.9683032649814 16.052483775194112 3332971.8259753846 3275571.8259753846 2300.0 128.0 269676.0#269676.0#2300_270850.0#270850.0#2300_272078.0#272078.0#2300_275722.0#275722.0#2300_276942.0#276942.0#2300_278086.0#278086.0#2300 269965.0#269965.0#128_270959.0#270959.0#128_272192.0#272192.0#128_275719.0#275719.0#128_275957.0#275957.0#128_278226.0#278226.0#128
279000 288000 335.3012519531185 641.9549945518221 327.0860460920972 999.4830000000075 159.99300000001676 1421.2885230503252 1404.9137187636893 12837.003287726935 12837.003287726935 2323.553091602406 15.374804286636007 3600985.194941561 3533350.194941561 2600.0 128.0 278086.0#278086.0#2300_279675.0#279675.0#2300_281050.0#281050.0#2300_282433.0#282433.0#2300_284471.0#284471.0#3000_286131.0#286131.0#3000_287968.0#287968.0#3000 278226.0#278226.0#128_279959.0#279959.0#128_281232.0#281232.0#128_282459.0#282459.0#128_284466.0#284466.0#128_285962.0#285962.0#128_287964.0#287964.0#128
288000 297000 54.50810742174508 796.7631998698033 267.1615495195482 999.5910000000149 235.2270781249972 1481.4411524125603 1467.4814038989198 11637.330008499997 11637.330008499997 2291.1414762499376 13.95974851364074 3682092.92652905 3538586.92652905 3000.0 128.0 287968.0#287968.0#3000_289965.0#289965.0#3000_291969.0#291969.0#3000_293911.0#293911.0#3000_295697.0#295697.0#3000 287964.0#287964.0#128_289962.0#289962.0#128_291966.0#291966.0#128_293793.0#293793.0#128_295696.0#295696.0#128
