ts te idle avg_span std_span max_span min_span c_ack_cnt c_ack_cnt_p c_bytes_all c_bytes_uniq s_ack_cnt s_ack_cnt_p s_bytes_all s_bytes_uniq avg_video_rate avg_audio_rate video_requests_sequence audio_requests_sequence
0 6000 6000.0 0.0 0.0 0.0 0.0 0.0 0.0 0.0 0.0 0.0 0.0 0.0 0.0 0.0 0.0 - -
6000 12000 295.58461914062354 732.5360592830885 275.5458549076257 998.6880000000019 269.12800000000425 1081.7561445861988 1044.6670196913444 31718.41957336703 26509.41957336703 1528.137410692083 58.178249789708815 2421492.857859223 2104828.777997973 1132.0 128.0 6369.0#6369.0#2300_6370.0#6370.0#2300_7604.0#7604.0#840_7606.0#7606.0#840_8646.0#8646.0#840_9293.0#9293.0#840_9833.0#9833.0#840_10718.0#10718.0#840_11174.0#11174.0#840_11732.0#11732.0#840 6364.0#6364.0#128_6367.0#6367.0#128_7624.0#7624.0#128_8818.0#8818.0#128_9372.0#9372.0#128_9945.0#9945.0#128_10748.0#10748.0#128_11245.0#11245.0#128_11747.0#11747.0#128
12000 18000 31.219310546883207 603.6474859374997 372.82501740190855 998.6399999999921 0.0 1048.997744880973 1034.6580680928787 11973.773840309856 11132.773840309856 1576.1957359953435 26.67935357618853 2827278.8861235287 2760033.859183384 2554.285714285714 128.0 11732.0#11732.0#840_12371.0#12371.0#840_13219.0#13219.0#1500_13221.0#13221.0#1500_14490.0#14490.0#4400_14492.0#14492.0#4400_16349.0#16349.0#4400 12444.0#12444.0#128_13244.0#13244.0#128_14750.0#14750.0#128_16437.0#16437.0#128
18000 24000 2752.0619511718833 485.0445878906221 313.70533102813613 998.9879999999976 69.09599999999045 469.24611053282837 461.674912215777 6241.806586323115 3781.806586323115 659.6668533125735 12.142396634102656 1282491.2560172481 1269349.362818643 4400.0 128.0 16349.0#16349.0#4400_18263.0#18263.0#4400 18258.0#18258.0#128
24000 30000 1833.995087890631 751.7124481534073 249.80724504048916 999.6109999999971 436.9059999999954 1114.6639646549077 1102.1423722259497 10435.180825182557 8775.180825182557 1858.9163255344663 21.04318485791581 2988192.7960971263 2455785.922227498 3000.0 128.0 25842.0#25842.0#3000_25843.0#25843.0#3000_27066.0#27066.0#3000_28206.0#28206.0#3000_29598.0#29598.0#3000 26246.0#26246.0#128_27247.0#27247.0#128_28246.0#28246.0#128
30000 36000 104.006880859386 682.9763278645818 334.898702301531 999.8759999999893 85.43899999999849 1412.762892774673 1401.6202429230088 9310.782690540116 9310.782690540116 2124.0578458477876 20.346888269611547 3822123.5563748837 3726226.171197401 2766.6666666666665 128.0 29598.0#29598.0#3000_30850.0#30850.0#3000_32034.0#32034.0#3000_33091.0#33091.0#3000_34242.0#34242.0#2300_35089.0#35089.0#2300 28246.0#28246.0#128_35350.0#35350.0#128_35886.0#35886.0#128
36000 42000 165.08877734374983 710.1660151367183 338.9697243992421 999.8000000000029 114.37400000000343 926.5276070318712 914.1918493124933 10308.036484277327 10308.036484277327 1454.8463240257465 22.60992687247264 2674451.9940007376 2652387.253047849 3350.0 128.0 35089.0#35089.0#2300_37246.0#37246.0#2300_39254.0#39254.0#4400_40873.0#40873.0#4400 35886.0#35886.0#128_36108.0#36108.0#128_36362.0#36362.0#128_36519.0#36519.0#128_37320.0#37320.0#128_37461.0#37461.0#128_39250.0#39250.0#128_41026.0#41026.0#128
42000 48000 95.18316015625169 853.4991851917604 209.93678235235538 999.9679999999935 355.1959707031274 1115.382333598791 1106.382333598791 7506.0 7506.0 1740.5187594585966 17.583349082092013 3202735.655497378 3153713.655497378 4400.0 128.0 40873.0#40873.0#4400_43264.0#43264.0#4400_44997.0#44997.0#4400_47151.0#47151.0#4400 43260.0#43260.0#128_45006.0#45006.0#128_46746.0#46746.0#128
48000 54000 77.82447851562756 748.2997369791677 255.01327262461845 999.8840000000055 245.60791015625 1257.7936582038774 1247.7936582038774 8326.0 7506.0 1913.9341536301272 17.416650917907987 3492292.5280094766 3458812.5280094766 4400.0 128.0 47151.0#47151.0#4400_48775.0#48775.0#4400_50460.0#50460.0#4400_52753.0#52753.0#4400 48750.0#48750.0#128_50693.0#50693.0#128_52752.0#52752.0#128
54000 60000 11.198890624989872 644.1894296874998 316.7703027197143 998.4750000000058 252.1649999999936 1267.6138162683717 1258.1475918831932 7897.628483549946 7897.628483549946 1947.7754490723707 17.932448770357016 3630379.4514375236 3594245.4514375236 4400.0 128.0 52753.0#52753.0#4400_54403.0#54403.0#4400_56394.0#56394.0#4400_58286.0#58286.0#4400 54536.0#54536.0#128_56245.0#56245.0#128_58246.0#58246.0#128
60000 66000 17.536175781249767 609.0124158528657 355.54714526500214 999.224000000002 23.12109375 1275.7666187581192 1265.6849813910158 8417.491437060271 7765.931476755162 1838.0157275997042 20.07343732852823 3389973.93267788 3347986.2036657063 4400.0 128.0 58286.0#58286.0#4400_60255.0#60255.0#4400_62258.0#62258.0#4400_64082.0#64082.0#4400_65967.0#65967.0#4400 60251.0#60251.0#128_62254.0#62254.0#128_64089.0#64089.0#128_65976.0#65976.0#128
66000 72000 1843.704015624986 594.5878943359392 344.7033322611486 997.2390000000014 74.30000000000291 829.4891087093887 822.0369704616708 6202.880079389783 5172.440039694891 1204.935414831201 13.994113901114758 2297779.085904994 2288254.814917167 4400.0 128.0 65967.0#65967.0#4400_68037.0#68037.0#4400 65976.0#65976.0#128_68047.0#68047.0#128
72000 78000 160.76221093752247 817.8998402944663 299.06676445254834 999.4839999999967 211.469970703125 1295.3139026421636 1281.8158873043526 11287.604261597877 10090.770882174418 1937.574744017743 22.286119031740313 3696956.0677048075 3673686.0677048075 3560.0 128.0 72151.0#72151.0#4400_73583.0#73583.0#4400_75348.0#75348.0#3000_76676.0#76676.0#3000_77788.0#77788.0#3000 72148.0#72148.0#128_72745.0#72745.0#128_75675.0#75675.0#128_76747.0#76747.0#128_77963.0#77963.0#128
78000 84000 2.187048828112893 738.7105440204367 306.49207356689186 997.2010000000009 129.20004687500477 1126.4534792468878 1113.951494584699 9612.395738402123 8285.22911782558 1660.8378513200903 20.297641061009905 3124770.1511812625 3118405.1511812625 3700.0 128.0 77788.0#77788.0#3000_79452.0#79452.0#3000_81260.0#81260.0#4400_83140.0#83140.0#4400 77963.0#77963.0#128_79659.0#79659.0#128_81255.0#81255.0#128_83161.0#83161.0#128
84000 90000 75.12831054689013 847.3082321213923 240.74725108020093 999.5679999999993 398.444091796875 1289.4727623256447 1280.0594051330536 7844.95289792477 7844.95289792477 1841.8876907540332 18.829597099840964 3470498.1267897207 3427373.3714465965 4400.0 128.0 83140.0#83140.0#4400_85257.0#85257.0#4400_87250.0#87250.0#4400_89033.0#89033.0#4400 85254.0#85254.0#128_87249.0#87249.0#128_89219.0#89219.0#128
90000 96000 26.67111328127794 773.7389172175474 266.9355461949669 999.1350000000093 264.20700000000943 1217.8636606133698 1208.277017805961 8007.04710207523 7167.04710207523 1695.380348158437 17.586642807408815 3155403.960042617 3104076.8019611365 4400.0 128.0 89033.0#89033.0#4400_91252.0#91252.0#4400_93151.0#93151.0#4400_94920.0#94920.0#4400 91249.0#91249.0#128_93249.0#93249.0#128_94928.0#94928.0#128
96000 102000 11.997388671865338 764.9080907315312 266.35883488277585 999.8450000000012 206.1989999999787 1284.3538313746658 1273.3538313746658 9190.0 7506.0 1889.4244084712752 17.0 3521251.2520674076 3419567.3016701746 4400.0 128.0 94920.0#94920.0#4400_96821.0#96821.0#4400_98904.0#98904.0#4400_100724.0#100724.0#4400 96748.0#96748.0#128_98501.0#98501.0#128_100734.0#100734.0#128
102000 108000 5.001095703133615 670.3883684430797 281.06084159324075 998.9990000000107 274.6070000000036 1257.272034871311 1240.9087804809649 14108.501143987276 10247.56684394537 1827.4465414826238 19.363254390346118 3377426.2594745792 3294851.123296417 4400.0 128.0 100724.0#100724.0#4400_102617.0#102617.0#4400_104611.0#104611.0#4400_106677.0#106677.0#4400 102555.0#102555.0#128_104749.0#104749.0#128_106245.0#106245.0#128
108000 114000 10.6190527343133 549.112723958337 373.8563549634634 999.7220000000088 0.0 1683.9305616196727 1673.3474928336182 8831.302970542083 7730.237270583991 2667.7608257779675 19.583068786054547 4454099.219317331 3682945.219317331 4400.0 128.0 106677.0#106677.0#4400_108369.0#108369.0#4400_110217.0#110217.0#4400_112289.0#112289.0#4400 108248.0#108248.0#128_110257.0#110257.0#128_112246.0#112246.0#128
114000 120000 7.949121093726717 666.4919295372607 381.5597071946926 999.5620000000054 44.02304687499418 1142.3026292020963 1132.6020224415765 8095.104138881057 7253.104138881057 1690.4193197621837 18.347536697440315 3355791.2555671865 3345807.7890102398 4400.0 128.0 114003.0#114003.0#4400_115954.0#115954.0#4400_117606.0#117606.0#4400_119756.0#119756.0#4400 114009.0#114009.0#128_115748.0#115748.0#128_118244.0#118244.0#128_119752.0#119752.0#128
120000 126000 6.361863281257683 612.2415626302051 351.5665595360522 999.9590000000026 137.443115234375 1447.7657775853036 1434.7110397205704 10884.229535228467 8382.229535228467 2163.138784507565 20.109475729466862 3771410.8752988195 3637143.9106975053 5660.0 128.0 119756.0#119756.0#4400_121812.0#121812.0#4400_123860.0#123860.0#6500_123861.0#123861.0#6500_125631.0#125631.0#6500 119752.0#119752.0#128_121745.0#121745.0#128_123742.0#123742.0#128_125750.0#125750.0#128
126000 132000 0.15022265625884756 786.0499074707004 266.3617866210841 999.9489999999932 254.35693359375 1833.2587319319664 1824.4487011284687 7345.6890396882545 7130.775625524686 2776.2698962674426 17.108363001843514 4711544.591235265 4193972.975489552 6500.0 128.0 123861.0#123861.0#6500_125631.0#125631.0#6500_128054.0#128054.0#6500_130452.0#130452.0#6500 125750.0#125750.0#128_127745.0#127745.0#128_129245.0#129245.0#128_131745.0#131745.0#128
132000 138000 9.57373046875 769.6843540736611 259.34065126373395 999.9679999999935 279.3969999999972 1449.1448120450934 1436.6992732959807 10391.156756479515 7244.0701706430855 2172.1498367606664 16.90230939957729 4133597.5144682173 4102242.618017571 5625.0 128.0 130452.0#130452.0#6500_132740.0#132740.0#6500_134943.0#134943.0#6500_137542.0#137542.0#3000 131745.0#131745.0#128_133245.0#133245.0#128_135245.0#135245.0#128
138000 144000 162.42958789062686 646.7236669921882 298.8350882446263 998.4770000000135 248.75200000000768 1320.391293864932 1308.348531219196 10055.016415193346 9235.016415193346 1931.5335939880683 21.585991995271357 3647738.933156436 3622061.876511056 3280.0 128.0 137542.0#137542.0#3000_138678.0#138678.0#3000_139951.0#139951.0#3000_141139.0#141139.0#3000_142780.0#142780.0#4400 138747.0#138747.0#128_140244.0#140244.0#128_141253.0#141253.0#128_142779.0#142779.0#128
144000 150000 31.860416015639203 718.9768628906255 322.70531956991886 999.5290000000095 183.9667089843715 1192.037855701815 1180.9953286544337 9191.29744932655 8371.29744932655 1789.9173101283914 15.521263523690694 3350870.9988162387 3296821.9988162387 4400.0 128.0 142780.0#142780.0#4400_144743.0#144743.0#4400_146475.0#146475.0#4400_148481.0#148481.0#4400 144741.0#144741.0#128_146472.0#146472.0#128_148749.0#148749.0#128
150000 156000 18.54181640627212 710.1801068359346 293.9854582597474 998.7049999999872 252.98099999999977 1217.420769111989 1206.8770226568126 8801.44682277091 7121.446822770909 1821.10754891436 18.478736476309308 3355516.0901257014 3333608.710221627 4400.0 128.0 148481.0#148481.0#4400_150476.0#150476.0#4400_152480.0#152480.0#4400_154491.0#154491.0#4400 150474.0#150474.0#128_152478.0#152478.0#128_154488.0#154488.0#128
156000 162000 245.77669531252468 681.1067689302906 320.4737578833944 999.6180000000168 93.82495117193321 1382.1322686277733 1370.825911567437 9415.25320050017 7775.25320050017 2090.4292566080294 17.98653044617292 3659287.2061198717 3517366.5860239463 4400.0 128.0 154491.0#154491.0#4400_157001.0#157001.0#4400_158661.0#158661.0#4400_160199.0#160199.0#4400_161905.0#161905.0#4400 156999.0#156999.0#128_158247.0#158247.0#128_160249.0#160249.0#128
162000 168000 9.392115234426456 627.7575644531274 356.346108276849 999.5960000000196 177.337890625 1212.131837759207 1201.1064150282912 9209.167294202622 8369.167294202622 1809.815495531994 19.204254050764177 3426508.7162155486 3425274.855802761 4400.0 128.0 160199.0#160199.0#4400_161905.0#161905.0#4400_163816.0#163816.0#4400_165808.0#165808.0#4400_167790.0#167790.0#4400 162079.0#162079.0#128_163747.0#163747.0#128_166157.0#166157.0#128_167746.0#167746.0#128
168000 174000 4.115113281295635 652.1193847656273 366.85876666071533 999.0580000000191 22.585003906249767 1374.1610994253515 1364.8402971774167 7774.732447176658 7262.688534874559 2057.6527856718294 17.67735050047842 3510959.868030772 3405913.7284435597 4400.0 128.0 167790.0#167790.0#4400_169746.0#169746.0#4400_171770.0#171770.0#4400_173373.0#173373.0#4400 167746.0#167746.0#128_169753.0#169753.0#128_171746.0#171746.0#128_173574.0#173574.0#128
174000 180000 275.86858007800765 705.7632433035906 324.47812911240396 999.9280000000435 221.7272949219332 1304.0470786027047 1293.2859341444494 8986.102786023092 7818.146698325189 1834.3095752711577 19.353614472453394 3348715.8969491045 3304408.8969491045 4400.0 128.0 173373.0#173373.0#4400_175528.0#175528.0#4400_177477.0#177477.0#4400_179490.0#179490.0#4400 173574.0#173574.0#128_175745.0#175745.0#128_177486.0#177486.0#128_179247.0#179247.0#128
180000 186000 2.802818359370576 832.4338152669297 228.53668729150476 998.2360000000335 277.23199999995995 1526.7987418581974 1517.7987418581974 7506.0 7506.0 2194.8874183233843 18.778250530131086 3721207.8388321055 3642595.8388321055 4400.0 128.0 179490.0#179490.0#4400_181233.0#181233.0#4400_183144.0#183144.0#4400_185047.0#185047.0#4400 181248.0#181248.0#128_183153.0#183153.0#128_185057.0#185057.0#128
186000 192000 188.2919414061471 792.0837686298316 292.7347348346876 999.1889999999839 121.06400000004214 1216.1619607659184 1206.020451848312 8467.150508624547 7265.050169541516 1696.1825479057716 17.427672611737567 3039681.13292031 2830689.13292031 4400.0 128.0 185047.0#185047.0#4400_187252.0#187252.0#4400_189634.0#189634.0#4400_191394.0#191394.0#4400 187250.0#187250.0#128_188749.0#188749.0#128_190745.0#190745.0#128
192000 198000 165.35203906250536 761.321173295458 232.82898975262233 999.4079999999958 285.67692968749907 1388.2298585316428 1378.3713674492492 8228.849491375453 7746.949830458484 2050.693121323097 17.572327388262433 3835457.2190567255 3761218.2190567255 4400.0 128.0 191394.0#191394.0#4400_193592.0#193592.0#4400_195105.0#195105.0#4400_196895.0#196895.0#4400 192745.0#192745.0#128_194746.0#194746.0#128_196523.0#196523.0#128
198000 204000 24.636980468552792 720.4285004882986 297.1896331552183 999.9390000000421 312.8979999999865 1314.5235586617284 1303.5235586617284 9186.0 7506.0 1923.03149631944 16.0 3339385.5964374444 3272979.5964374444 4400.0 128.0 196895.0#196895.0#4400_198564.0#198564.0#4400_200342.0#200342.0#4400_202570.0#202570.0#4400 198550.0#198550.0#128_200499.0#200499.0#128_202488.0#202488.0#128
204000 210000 195.1594980468799 637.728825260431 300.7444667549022 999.4830000000366 254.14400000005844 1274.4186263813965 1261.9676637145283 9569.710565503055 7885.7105655030555 1986.5615493870932 18.901925333736475 3573996.3062147098 3543022.3244227073 4400.0 128.0 202570.0#202570.0#4400_204886.0#204886.0#4400_206831.0#206831.0#4400_208685.0#208685.0#4400 204248.0#204248.0#128_206247.0#206247.0#128_208247.0#208247.0#128
210000 216000 4.59690039063571 698.4054196777397 300.89043308245624 999.5190000000002 185.10205078125 1431.6290266423898 1417.531564523027 11401.935352699491 10663.58827024044 2043.6668024076025 25.674210321148397 3669586.493822537 3581883.07745378 4400.0 128.0 208685.0#208685.0#4400_210182.0#210182.0#4400_212019.0#212019.0#4400_213942.0#213942.0#4400_215719.0#215719.0#4400 210251.0#210251.0#128_212027.0#212027.0#128_213745.0#213745.0#128_215728.0#215728.0#128
216000 222000 87.48006640624953 709.2770870768267 295.25066033034483 999.695000000007 156.0393066406541 1371.4709847918646 1361.1094235494052 8646.017241922007 6654.560795104833 1945.1273250333013 16.490896661240985 3330641.1873838827 3245392.7338949167 4400.0 128.0 215719.0#215719.0#4400_217780.0#217780.0#4400_220178.0#220178.0#4400_221843.0#221843.0#4400 217745.0#217745.0#128_219749.0#219749.0#128_221748.0#221748.0#128
222000 228000 901.0813828123792 610.0264967913016 349.08625829708575 999.8649999999907 37.797119140654104 1292.1252161945238 1282.384046362529 8112.781305899317 7498.584835175542 1896.043451757812 17.23527940524395 3327058.444235175 3212802.426225896 4400.0 128.0 220178.0#220178.0#4400_221843.0#221843.0#4400_223355.0#223355.0#4400_226485.0#226485.0#4400_227961.0#227961.0#4400 221748.0#221748.0#128_223692.0#223692.0#128_226483.0#226483.0#128_227746.0#227746.0#128
228000 234000 432.85088281237404 696.3457839006816 276.6479098670624 999.2250000000349 205.73300976559403 1084.0932150682231 1070.8923407884158 11045.964912270505 8521.964912270505 1728.6830650689647 18.549718419122325 3179332.17661282 3107094.0462718247 4400.0 128.0 226485.0#226485.0#4400_227961.0#227961.0#4400_230334.0#230334.0#4400_232061.0#232061.0#4400 227746.0#227746.0#128_229245.0#229245.0#128_231249.0#231249.0#128_233246.0#233246.0#128
234000 240000 12.050718749989755 738.8869865885431 311.5937078095732 999.9960000000428 112.92290234370739 1494.8145463059027 1482.0659992724345 10630.07448394487 8128.07448394487 2279.0735087846706 19.976300651267554 4078688.3750087973 3973741.3274555034 4400.0 128.0 232061.0#232061.0#4400_234110.0#234110.0#4400_236104.0#236104.0#4400_237592.0#237592.0#4400_239145.0#239145.0#4400 235250.0#235250.0#128_237246.0#237246.0#128_238827.0#238827.0#128
240000 246000 8.950994140584953 700.6791865234409 317.99458486275864 999.6699999999837 144.86509960936382 1266.3827489005448 1257.9833260745054 7008.516137760754 7008.516137760754 1937.68064364861 16.171669208240314 3566921.8654661365 3449259.9130194304 4400.0 128.0 239145.0#239145.0#4400_240588.0#240588.0#4400_243109.0#243109.0#4400_244925.0#244925.0#4400 240745.0#240745.0#128_243108.0#243108.0#128_244540.0#244540.0#128
246000 252000 11.338687499926891 745.7013822798458 294.03954639890725 999.0300000000279 195.42529296875 1181.6548725468876 1171.4464975834405 8501.45171922249 7681.451719222489 1796.5326219598865 15.208374963447138 3439044.1133121774 3406133.1133121774 4400.0 128.0 244925.0#244925.0#4400_246803.0#246803.0#4400_248538.0#248538.0#4400_250800.0#250800.0#4400 246552.0#246552.0#128_248530.0#248530.0#128_250798.0#250798.0#128
252000 258000 16.71336523431819 728.5840662286923 232.42196450020495 999.2700000000186 290.1599999999744 1280.394330829863 1268.6027057933102 10255.54828077751 9435.54828077751 1871.0951953792687 19.791625036552862 3385212.3471305547 3367858.0102900863 4400.0 128.0 250800.0#250800.0#4400_252713.0#252713.0#4400_254772.0#254772.0#4400_256357.0#256357.0#4400 252710.0#252710.0#128_254772.0#254772.0#128_256247.0#256247.0#128
258000 264000 368.5693906249362 569.2986125300566 351.33450048281225 999.6739999999991 130.42900000000373 1556.3130064005877 1546.7825107381743 7941.0064431789015 7941.0064431789015 2395.8582768340025 17.530495662413294 4119023.7145367535 3391600.099562355 4400.0 128.0 256357.0#256357.0#4400_258285.0#258285.0#4400_259987.0#259987.0#4400_262472.0#262472.0#4400 258249.0#258249.0#128_260172.0#260172.0#128_262471.0#262471.0#128
264000 270000 1018.6488398436923 649.0101035156307 287.395305598669 997.9089999999851 245.110107421875 1165.42676632022 1155.8808724836815 7970.294280204198 7763.392453070697 1665.276176763707 18.130830064389098 3024186.939282183 2917118.89109705 4400.0 128.0 262472.0#262472.0#4400_264511.0#264511.0#4400_265893.0#265893.0#4400_268061.0#268061.0#4400_269754.0#269754.0#4400 264509.0#264509.0#128_265747.0#265747.0#128_267748.0#267748.0#128_269751.0#269751.0#128
270000 276000 123.45306640630588 701.0001516927053 305.37490862370316 999.0160000000033 213.998046875 1017.4461465836036 1005.5225360825555 9970.6992766169 8495.601103750401 1455.378275700143 20.338674273197608 2734967.2342271376 2711990.5966843697 4400.0 128.0 269754.0#269754.0#4400_271748.0#271748.0#4400_273391.0#273391.0#4400_275296.0#275296.0#4400 271747.0#271747.0#128_273748.0#273748.0#128_275303.0#275303.0#128
276000 282000 19.975423828116618 815.7377180397797 246.66528380213376 999.7060000000056 259.2280000000028 1151.2693340366952 1141.2693340366952 8326.0 7506.0 1698.963479422511 17.471160365573795 3296846.4490127102 3284453.086555478 4400.0 128.0 275296.0#275296.0#4400_277185.0#277185.0#4400_279014.0#279014.0#4400_281251.0#281251.0#4400 277191.0#277191.0#128_279025.0#279025.0#128_281250.0#281250.0#128
282000 288000 12.64847265620483 801.3670958658962 263.6005932065474 999.4290000000037 270.81099999998696 1428.769971384663 1417.769971384663 9166.0 7506.0 1938.9270191686671 17.528839634426205 3519584.9191089193 3464961.9191089193 4400.0 128.0 281251.0#281251.0#4400_283255.0#283255.0#4400_285147.0#285147.0#4400_286925.0#286925.0#4400 283253.0#283253.0#128_285250.0#285250.0#128_286838.0#286838.0#128
288000 294000 9.319751953065861 748.0724798828247 259.70349513654537 999.265000000014 248.56689453125 1307.6876305303351 1297.4350858038165 8560.642659728685 7718.6426597286845 1801.3083530063905 17.0 3359767.85306075 3309166.85306075 4400.0 128.0 286925.0#286925.0#4400_288727.0#288727.0#4400_290633.0#290633.0#4400_292750.0#292750.0#4400 288565.0#288565.0#128_290748.0#290748.0#128_292747.0#292747.0#128
