ts te idle avg_span std_span max_span min_span c_bytes_all s_bytes_all avg_video_rate avg_audio_rate video_requests_sequence audio_requests_sequence
0 9000 9000.0 0.0 0.0 0.0 0.0 0.0 0.0 0.0 0.0 - -
9000 18000 1112.856951171765 985.8928811035294 17.782980276458453 998.938000000082 942.800048828125 28861.44447481224 766850.4764518226 288.0 128.0 10797.0#10797.0#288_12880.0#12880.0#288_14609.0#14609.0#288_15967.0#15967.0#288_17356.0#17356.0#288 10793.0#10793.0#128_12887.0#12887.0#128_14031.0#14031.0#128_15083.0#15083.0#128_16207.0#16207.0#128_17687.0#17687.0#128
18000 27000 160.40574023447698 883.9594259765523 296.20463260356473 996.7700000000186 47.4839511718601 29224.96909627313 848646.8925158519 288.0 128.0 17356.0#17356.0#288_18196.0#18196.0#288_19502.0#19502.0#288_20560.0#20560.0#288_22739.0#22739.0#288_24165.0#24165.0#288_25004.0#25004.0#288_26077.0#26077.0#288 17687.0#17687.0#128_18707.0#18707.0#128_19888.0#19888.0#128_21207.0#21207.0#128_22851.0#22851.0#128_24207.0#24207.0#128_25161.0#25161.0#128_26207.0#26207.0#128
27000 36000 259.20336328150006 874.07966367185 278.8962233335926 997.0530000000144 114.06269140623044 27555.37092969492 783300.6771632113 288.0 128.0 26077.0#26077.0#288_27165.0#27165.0#288_28208.0#28208.0#288_29474.0#29474.0#288_30938.0#30938.0#288_31684.0#31684.0#288_33718.0#33718.0#288_35716.0#35716.0#288 26207.0#26207.0#128_27209.0#27209.0#128_28213.0#28213.0#128_29716.0#29716.0#128_31712.0#31712.0#128_33716.0#33716.0#128_35714.0#35714.0#128
36000 45000 479.2566796877072 852.0743320312292 290.92094316645114 999.570000000007 256.91505468747346 20130.02835216018 450453.6001741181 288.0 128.0 35716.0#35716.0#288_38250.0#38250.0#288_42076.0#42076.0#288_44548.0#44548.0#288 35714.0#35714.0#128_37848.0#37848.0#128_39766.0#39766.0#128_42381.0#42381.0#128_44566.0#44566.0#128
45000 54000 139.4962597656413 886.0503740234359 242.68107030013567 997.9020000000019 266.156005859375 26191.331226668277 595015.4914078512 288.0 128.0 44548.0#44548.0#288_46201.0#46201.0#288_48204.0#48204.0#288_50246.0#50246.0#288_52048.0#52048.0#288_53396.0#53396.0#288 44566.0#44566.0#128_46207.0#46207.0#128_48212.0#48212.0#128_50260.0#50260.0#128_52055.0#52055.0#128_53454.0#53454.0#128
54000 63000 142.04903710942017 885.7950962890579 261.6075407898294 997.6759999999776 179.54296875 26913.14668917503 599852.1225818207 288.0 128.0 53396.0#53396.0#288_55445.0#55445.0#288_56949.0#56949.0#288_58993.0#58993.0#288_60594.0#60594.0#288_62414.0#62414.0#288 53454.0#53454.0#128_55662.0#55662.0#128_57058.0#57058.0#128_59010.0#59010.0#128_60662.0#60662.0#128_62429.0#62429.0#128
63000 72000 134.0216816405882 886.5978318359412 280.1688738223808 998.5750000000698 109.019287109375 20522.117438992263 480255.51874048344 288.0 128.0 62414.0#62414.0#288_65828.0#65828.0#288_68373.0#68373.0#288_70342.0#70342.0#288 62429.0#62429.0#128_66136.0#66136.0#128_68381.0#68381.0#128_70727.0#70727.0#128
72000 81000 191.65427343762713 978.7050807291525 36.025382358411925 998.0669999999227 884.1257128905854 30371.436435379037 735581.7444470534 288.0 128.0 70342.0#70342.0#288_72867.0#72867.0#288_74417.0#74417.0#288_75754.0#75754.0#288_77292.0#77292.0#288_78633.0#78633.0#288_80379.0#80379.0#288 70727.0#70727.0#128_72883.0#72883.0#128_74554.0#74554.0#128_75903.0#75903.0#128_77297.0#77297.0#128_78709.0#78709.0#128_80454.0#80454.0#128
81000 90000 189.22996875015087 881.0770031249849 303.97014454027817 999.0590000000084 21.957986328110565 28871.786794126947 737079.9474699314 288.0 128.0 80379.0#80379.0#288_81608.0#81608.0#288_83176.0#83176.0#288_84549.0#84549.0#288_85455.0#85455.0#288_87709.0#87709.0#288_89613.0#89613.0#288 80454.0#80454.0#128_81708.0#81708.0#128_83709.0#83709.0#128_85708.0#85708.0#128_87707.0#87707.0#128_89211.0#89211.0#128
90000 99000 1345.0831289063208 850.5463190104088 286.7755371232893 999.9810000000289 109.0989550781087 22403.353688480474 489484.3704283327 288.0 128.0 89613.0#89613.0#288_91118.0#91118.0#288_92941.0#92941.0#288_95215.0#95215.0#288_97217.0#97217.0#288 89211.0#89211.0#128_91211.0#91211.0#128_92938.0#92938.0#128_95213.0#95213.0#128_97215.0#97215.0#128
99000 108000 397.2280039063189 860.2771996093682 300.5931973072582 997.8709999999846 66.33308398438385 15836.631965321154 308451.64424560283 288.0 128.0 97217.0#97217.0#288_103121.0#103121.0#288_106482.0#106482.0#288 97215.0#97215.0#128_100442.0#100442.0#128_103209.0#103209.0#128_106492.0#106492.0#128
108000 117000 194.57463281252421 880.5425367187476 223.0518704403198 996.9639999999781 367.2350878905854 22086.747485865595 469526.8389645966 288.0 128.0 106482.0#106482.0#288_109641.0#109641.0#288_112411.0#112411.0#288_115283.0#115283.0#288 106492.0#106492.0#128_109649.0#109649.0#128_112417.0#112417.0#128_115290.0#115290.0#128
117000 126000 210.22339062509127 878.9776609374909 220.2010821408309 999.5860000000102 427.0747207031236 27901.09504209315 602059.2402090607 288.0 128.0 115283.0#115283.0#288_117197.0#117197.0#288_119214.0#119214.0#288_121043.0#121043.0#288_122732.0#122732.0#288_124555.0#124555.0#288 117205.0#117205.0#128_119250.0#119250.0#128_121049.0#121049.0#128_122805.0#122805.0#128_124561.0#124561.0#128
126000 135000 340.9370000002091 865.9062999999791 244.7958740555634 998.3150000000023 339.910888671875 23546.615529382394 521305.3977372763 288.0 128.0 124555.0#124555.0#288_127705.0#127705.0#288_129321.0#129321.0#288_131154.0#131154.0#288_132931.0#132931.0#288 124561.0#124561.0#128_129708.0#129708.0#128_131163.0#131163.0#128_132948.0#132948.0#128
135000 144000 298.978570312378 870.1021429687622 275.41389543220066 998.7910000000848 143.601318359375 21243.13530890847 437170.6075615235 288.0 128.0 132931.0#132931.0#288_136982.0#136982.0#288_140198.0#140198.0#288_142340.0#142340.0#288 132948.0#132948.0#128_137006.0#137006.0#128_140210.0#140210.0#128_142351.0#142351.0#128
144000 153000 160.57234570296714 883.9427654297033 295.22986561853463 999.8030000000144 57.77197265625 27551.08995094904 566038.144493344 288.0 128.0 142340.0#142340.0#288_144540.0#144540.0#288_147270.0#147270.0#288_149295.0#149295.0#288_151087.0#151087.0#288_152839.0#152839.0#288 144706.0#144706.0#128_147282.0#147282.0#128_149344.0#149344.0#128_151093.0#151093.0#128_152844.0#152844.0#128
153000 162000 98.61496484355303 890.1385035156447 310.69876343038123 999.6910000000498 7.4580078125 38088.79016453442 821312.6330600217 288.0 128.0 152839.0#152839.0#288_154175.0#154175.0#288_155349.0#155349.0#288_156583.0#156583.0#288_157914.0#157914.0#288_159250.0#159250.0#288_160589.0#160589.0#288_161754.0#161754.0#288 152844.0#152844.0#128_154213.0#154213.0#128_155483.0#155483.0#128_156588.0#156588.0#128_158013.0#158013.0#128_159255.0#159255.0#128_160594.0#160594.0#128_161878.0#161878.0#128
162000 171000 102.88291406247299 988.5685651041697 8.8754755712863 996.460000000021 972.4560000000056 32467.919344939633 737399.4881947269 288.0 128.0 161754.0#161754.0#288_163160.0#163160.0#288_164615.0#164615.0#288_166813.0#166813.0#288_168320.0#168320.0#288_169847.0#169847.0#288 161878.0#161878.0#128_163165.0#163165.0#128_164707.0#164707.0#128_166821.0#166821.0#128_168579.0#168579.0#128_170119.0#170119.0#128
171000 180000 1080.1071835938492 791.9892816406151 375.76071872719086 996.8119999999763 20.090906249999534 34323.454593943 744728.5545950938 288.0 128.0 169847.0#169847.0#288_171479.0#171479.0#288_172844.0#172844.0#288_174375.0#174375.0#288_176055.0#176055.0#288_177105.0#177105.0#288_178908.0#178908.0#288 170119.0#170119.0#128_171604.0#171604.0#128_173098.0#173098.0#128_174658.0#174658.0#128_176144.0#176144.0#128_177197.0#177197.0#128_178905.0#178905.0#128
180000 189000 248.01000781246694 875.1989992187533 291.2875987794352 997.7029999999795 58.77490234375 26474.36170298185 551268.3953701542 288.0 128.0 178908.0#178908.0#288_181214.0#181214.0#288_183991.0#183991.0#288_185442.0#185442.0#288_186816.0#186816.0#288_188545.0#188545.0#288 181211.0#181211.0#128_183208.0#183208.0#128_184707.0#184707.0#128_186709.0#186709.0#128_188708.0#188708.0#128
189000 198000 1157.4378066406352 871.3957992621516 209.8770567585206 997.4429999999702 464.548095703125 24795.807948616337 583769.2858540015 288.0 128.0 188545.0#188545.0#288_190373.0#190373.0#288_192712.0#192712.0#288_194892.0#194892.0#288_197535.0#197535.0#288 188708.0#188708.0#128_190457.0#190457.0#128_192710.0#192710.0#128_194708.0#194708.0#128_197534.0#197534.0#128
198000 207000 4928.676046875073 678.5539921874879 209.0693643345489 965.5849999999627 360.7369999999646 33826.27514627428 698960.9816612339 352.0 128.0 197535.0#197535.0#288_198128.0#198128.0#288_200217.0#200217.0#288_202217.0#202217.0#288_204217.0#204217.0#480_206216.0#206216.0#480 198207.0#198207.0#128_200215.0#200215.0#128_202215.0#202215.0#128_204212.0#204212.0#128_206214.0#206214.0#128
207000 216000 1038.4077871094923 796.1592212890507 370.8076082277206 999.8739999999525 98.34326171875 32937.051467862715 751420.5853919758 480.0 128.0 206216.0#206216.0#480_207714.0#207714.0#480_209720.0#209720.0#480_211713.0#211713.0#480_213721.0#213721.0#480_215722.0#215722.0#480 207712.0#207712.0#128_209716.0#209716.0#128_211711.0#211711.0#128_213716.0#213716.0#128_215717.0#215717.0#128
216000 225000 179.8332617187407 980.0185264756955 35.56728176267472 998.9459999999963 888.3137382812565 35419.03922256544 835975.3612809111 480.0 128.0 215722.0#215722.0#480_217716.0#217716.0#480_219214.0#219214.0#480_221714.0#221714.0#480_223219.0#223219.0#480 217714.0#217714.0#128_219212.0#219212.0#128_221712.0#221712.0#128_223216.0#223216.0#128
225000 234000 1012.8080273435917 887.4657747396009 275.1809078006026 999.8969999999972 165.39697265625 52160.08491614052 1293492.1185113713 840.0 128.0 225216.0#225216.0#840_226927.0#226927.0#840_228712.0#228712.0#840_230959.0#230959.0#840_232712.0#232712.0#840 225212.0#225212.0#128_226925.0#226925.0#128_228711.0#228711.0#128_230956.0#230956.0#128_232710.0#232710.0#128
234000 243000 52.03907031251583 894.7960929687484 270.9490948734043 999.75 138.02490234375 49218.3013846549 1156976.0258906526 840.0 128.0 232712.0#232712.0#840_234714.0#234714.0#840_236714.0#236714.0#840_238224.0#238224.0#840_238388.0#238388.0#840_240718.0#240718.0#840_242711.0#242711.0#840 234713.0#234713.0#128_236712.0#236712.0#128_238217.0#238217.0#128_238479.0#238479.0#128_240715.0#240715.0#128_242710.0#242710.0#128
243000 252000 476.10990234371275 947.0988997395875 103.27600156565427 998.7759999999544 700.3379999999888 49390.61369920458 1344151.8555979761 840.0 128.0 242711.0#242711.0#840_244211.0#244211.0#840_246284.0#246284.0#840_248178.0#248178.0#840_250058.0#250058.0#840 242710.0#242710.0#128_244209.0#244209.0#128_246279.0#246279.0#128_248208.0#248208.0#128_250206.0#250206.0#128
252000 261000 854.7280507814139 905.0302165798429 251.14284443818437 999.4039999999804 237.02294921875 48591.91856715007 1231344.4152566434 840.0 128.0 252220.0#252220.0#840_254210.0#254210.0#840_255716.0#255716.0#840_257720.0#257720.0#840_259711.0#259711.0#840 252217.0#252217.0#128_254209.0#254209.0#128_255715.0#255715.0#128_257717.0#257717.0#128_259709.0#259709.0#128
261000 270000 559.1390683593927 844.0860931640607 288.63939855751823 999.4799999999814 119.452880859375 45175.74324854242 1113609.8761029686 840.0 128.0 261720.0#261720.0#840_263724.0#263724.0#840_265250.0#265250.0#840_267214.0#267214.0#840_269717.0#269717.0#840 261718.0#261718.0#128_263719.0#263719.0#128_265712.0#265712.0#128_267212.0#267212.0#128_269715.0#269715.0#128
270000 279000 99.56980664050207 890.0430193359498 286.3313472517831 999.6119999999646 81.97607421875 50240.863572121416 1261556.1956154522 840.0 128.0 269717.0#269717.0#840_271153.0#271153.0#840_273214.0#273214.0#840_275213.0#275213.0#840_276715.0#276715.0#840_278946.0#278946.0#840 269715.0#269715.0#128_271178.0#271178.0#128_273210.0#273210.0#128_275211.0#275211.0#128_276714.0#276714.0#128_278940.0#278940.0#128
279000 288000 62.90579882799648 893.7094201172004 299.8243356376479 999.533000000054 43.957275390625 56206.76636634471 1404343.8904067823 840.0 128.0 278946.0#278946.0#840_280809.0#280809.0#840_282718.0#282718.0#840_284721.0#284721.0#840_286713.0#286713.0#840 278940.0#278940.0#128_280710.0#280710.0#128_282714.0#282714.0#128_284718.0#284718.0#128_286711.0#286711.0#128
288000 297000 492.5973613283131 945.2669598524096 92.67630038093988 999.4479999999749 783.5529999999562 47803.692384294845 1182529.8805600815 840.0 128.0 288714.0#288714.0#840_290717.0#290717.0#840_292215.0#292215.0#840_294210.0#294210.0#840_296215.0#296215.0#840 288711.0#288711.0#128_290715.0#290715.0#128_292212.0#292212.0#128_294209.0#294209.0#128_296212.0#296212.0#128
