ts te idle avg_span std_span max_span min_span c_bytes_all s_bytes_all avg_video_rate avg_audio_rate video_requests_sequence audio_requests_sequence
0 10000 8318.647064453107 840.6764677734463 223.8240905581381 998.9440000000177 682.408935546875 22354.960239005537 889862.4492859715 2300.0 128.0 8793.0#8793.0#2300 8788.0#8788.0#128_9182.0#9182.0#128
10000 20000 300.8629355468438 881.7397331321051 259.54303571033734 999.810999999987 314.9650644531357 100605.03976099446 6735817.550714029 2300.0 128.0 10103.0#10103.0#2300_11008.0#11008.0#2300_11674.0#11674.0#2300_12609.0#12609.0#2300_13586.0#13586.0#2300_14411.0#14411.0#2300_15379.0#15379.0#2300_16189.0#16189.0#2300_17062.0#17062.0#2300_17844.0#17844.0#2300_18822.0#18822.0#2300 10459.0#10459.0#128_11036.0#11036.0#128_11926.0#11926.0#128_12931.0#12931.0#128_13718.0#13718.0#128_14439.0#14439.0#128_15425.0#15425.0#128_16327.0#16327.0#128_17172.0#17172.0#128_18928.0#18928.0#128
20000 30000 1077.8349999999627 991.3516666666708 11.606255123846163 999.4199999999837 963.2910000000265 83363.0 5222018.0 4400.0 128.0 20993.0#20993.0#4400_22721.0#22721.0#4400_24938.0#24938.0#4400_27074.0#27074.0#4400_28428.0#28428.0#4400 20986.0#20986.0#128_22931.0#22931.0#128_24932.0#24932.0#128_27068.0#27068.0#128_28426.0#28426.0#128
30000 40000 974.1097246091813 902.5890275390818 301.2548371765036 999.3769999999786 45.207275390625 77038.46372056933 5243706.2344180215 4400.0 128.0 30939.0#30939.0#4400_32495.0#32495.0#4400_34329.0#34329.0#4400_36905.0#36905.0#4400_38985.0#38985.0#4400 30936.0#30936.0#128_32425.0#32425.0#128_34347.0#34347.0#128_36901.0#36901.0#128_38983.0#38983.0#128
40000 50000 1025.7433964843513 897.4256603515648 244.76193316511876 999.9480000000331 220.15087890625 88110.49850411319 6061647.153994608 4400.0 128.0 38985.0#38985.0#4400_40559.0#40559.0#4400_42261.0#42261.0#4400_43870.0#43870.0#4400_46952.0#46952.0#4400_48519.0#48519.0#4400 40423.0#40423.0#128_41927.0#41927.0#128_43931.0#43931.0#128_46949.0#46949.0#128_47927.0#47927.0#128
50000 60000 356.7289394532563 876.6610055042494 290.35622207525364 999.5229999998701 29.762939453125 85317.88565196462 5611889.923942181 4400.0 128.0 48519.0#48519.0#4400_50875.0#50875.0#4400_52986.0#52986.0#4400_54569.0#54569.0#4400_56769.0#56769.0#4400_59002.0#59002.0#4400 50871.0#50871.0#128_52982.0#52982.0#128_53427.0#53427.0#128_55427.0#55427.0#128_58997.0#58997.0#128_59425.0#59425.0#128
60000 70000 34.571990234428085 905.9480008877792 294.34830791135806 999.9100000000326 18.897949218691792 102352.21198698481 7048306.704352878 4400.0 128.0 59002.0#59002.0#4400_60781.0#60781.0#4400_62468.0#62468.0#4400_63902.0#63902.0#4400_65652.0#65652.0#4400_67388.0#67388.0#4400_69163.0#69163.0#4400 61426.0#61426.0#128_63070.0#63070.0#128_64927.0#64927.0#128_66925.0#66925.0#128_69149.0#69149.0#128
70000 80000 259.16903125023236 974.0830968749767 41.391678116244634 999.8389999999199 886.5179999999236 83279.42405115574 5465250.89056519 4400.0 128.0 69163.0#69163.0#4400_70946.0#70946.0#4400_72982.0#72982.0#4400_75002.0#75002.0#4400_76405.0#76405.0#4400_78892.0#78892.0#4400 70928.0#70928.0#128_72941.0#72941.0#128_74997.0#74997.0#128_76429.0#76429.0#128_78890.0#78890.0#128
80000 90000 199.95900000014808 890.9128181818047 270.4419969249414 999.4650000000256 89.58108203130541 91983.66097098931 6155145.901782364 4400.0 128.0 78892.0#78892.0#4400_80996.0#80996.0#4400_82559.0#82559.0#4400_84305.0#84305.0#4400_87075.0#87075.0#4400_88413.0#88413.0#4400_89963.0#89963.0#4400 80994.0#80994.0#128_82424.0#82424.0#128_84428.0#84428.0#128_87070.0#87070.0#128_87930.0#87930.0#128
90000 100000 1654.2679179688566 834.5732082031143 290.6587429351627 999.9619999999995 164.33008203125792 87287.855114223 5981134.190944759 4400.0 128.0 88413.0#88413.0#4400_89963.0#89963.0#4400_92903.0#92903.0#4400_94625.0#94625.0#4400_96181.0#96181.0#4400_97583.0#97583.0#4400 90106.0#90106.0#128_92899.0#92899.0#128_93929.0#93929.0#128_95925.0#95925.0#128_97428.0#97428.0#128
100000 110000 809.2467519532074 919.0753248046792 250.20849707296745 999.8009999999776 206.979248046875 95140.65898905763 6262331.827838695 4400.0 128.0 100870.0#100870.0#4400_102311.0#102311.0#4400_104040.0#104040.0#4400_105639.0#105639.0#4400_107438.0#107438.0#4400_109162.0#109162.0#4400 100867.0#100867.0#128_101429.0#101429.0#128_103427.0#103427.0#128_105425.0#105425.0#128_107433.0#107433.0#128_109360.0#109360.0#128
110000 120000 81.98915429686895 901.6373496093755 248.3473359211679 999.9210000000312 176.12109375 86437.61994559954 5870781.992040573 4400.0 128.0 109162.0#109162.0#4400_111576.0#111576.0#4400_113094.0#113094.0#4400_115282.0#115282.0#4400_116718.0#116718.0#4400_118932.0#118932.0#4400 111573.0#111573.0#128_113090.0#113090.0#128_114924.0#114924.0#128_116863.0#116863.0#128_118928.0#118928.0#128
120000 130000 2006.4551523439004 799.35448476561 294.41201368412044 999.8129999999655 217.56494140625 81374.57382042341 5003548.250690202 3933.3333333333335 128.0 118932.0#118932.0#4400_120646.0#120646.0#4400_124157.0#124157.0#4400_126867.0#126867.0#4400_128544.0#128544.0#3000_129929.0#129929.0#3000 120665.0#120665.0#128_124157.0#124157.0#128_126865.0#126865.0#128_127424.0#127424.0#128_129990.0#129990.0#128
130000 140000 121.93497656250838 898.0059112215902 266.75498285270015 999.9070000000065 117.81396484375 96123.1966438593 6149307.121040852 3933.3333333333335 128.0 129929.0#129929.0#3000_130977.0#130977.0#3000_132914.0#132914.0#4400_134906.0#134906.0#4400_136894.0#136894.0#4400_138495.0#138495.0#4400 129990.0#129990.0#128_130991.0#130991.0#128_132908.0#132908.0#128_134900.0#134900.0#128_136893.0#136893.0#128_138427.0#138427.0#128_139924.0#139924.0#128
140000 150000 1560.6010566406185 843.9398943359381 243.99337620433346 999.5210000000079 220.180908203125 80363.72752386292 5385487.194250261 4400.0 128.0 138495.0#138495.0#4400_140020.0#140020.0#4400_141928.0#141928.0#4400_143929.0#143929.0#4400_145751.0#145751.0#4400_148873.0#148873.0#4400 139924.0#139924.0#128_141926.0#141926.0#128_143926.0#143926.0#128_145430.0#145430.0#128_148870.0#148870.0#128_149431.0#149431.0#128
150000 160000 75.71985351573676 902.2072860440239 253.53640377351795 999.6670000000158 163.9560546875 93128.7696145243 6447303.954158321 4400.0 128.0 148873.0#148873.0#4400_150271.0#150271.0#4400_152874.0#152874.0#4400_154433.0#154433.0#4400_155892.0#155892.0#4400_157638.0#157638.0#4400_159332.0#159332.0#4400 152872.0#152872.0#128_153427.0#153427.0#128_155425.0#155425.0#128_157430.0#157430.0#128_159060.0#159060.0#128
160000 170000 301.53596875001676 969.8464031249983 52.430783121022294 999.890999999945 833.6809453124879 92180.35019459056 6179332.398111586 4400.0 128.0 159332.0#159332.0#4400_160877.0#160877.0#4400_162983.0#162983.0#4400_164929.0#164929.0#4400_166932.0#166932.0#4400_168620.0#168620.0#4400 160932.0#160932.0#128_162980.0#162980.0#128_164927.0#164927.0#128_166928.0#166928.0#128_168797.0#168797.0#128
170000 180000 2950.0790449217893 704.9920955078211 419.6770730412317 999.9560000000056 43.39000000001397 66707.66312147581 4390967.219658274 4400.0 128.0 168620.0#168620.0#4400_170488.0#170488.0#4400_172436.0#172436.0#4400_174910.0#174910.0#4400_178973.0#178973.0#4400 170501.0#170501.0#128_172433.0#172433.0#128_174907.0#174907.0#128_178969.0#178969.0#128_179427.0#179427.0#128
180000 190000 2025.6890488280915 797.4310951171908 356.4515976057495 999.0619999999763 68.5419921875 97308.24581623545 5354070.484866701 3350.0 128.0 178973.0#178973.0#4400_180468.0#180468.0#3000_182893.0#182893.0#3000_183943.0#183943.0#3000_185328.0#185328.0#3000_186905.0#186905.0#3000_187902.0#187902.0#3000_189941.0#189941.0#4400 182931.0#182931.0#128_184094.0#184094.0#128_185423.0#185423.0#128_186925.0#186925.0#128_187916.0#187916.0#128_189935.0#189935.0#128
190000 200000 1599.4430097654695 840.055699023453 317.0740060099205 999.6350000000093 217.781982421875 86086.89201564707 5570716.563097717 4400.0 128.0 189941.0#189941.0#4400_191935.0#191935.0#4400_193478.0#193478.0#4400_196982.0#196982.0#4400_198705.0#198705.0#4400 189935.0#189935.0#128_191931.0#191931.0#128_193424.0#193424.0#128_196979.0#196979.0#128_197423.0#197423.0#128_199424.0#199424.0#128
200000 210000 71.15203710948117 902.6225420809562 249.88602498046433 999.5559999999823 175.4189453125 104338.5899098792 6897187.10630997 4400.0 128.0 198705.0#198705.0#4400_200367.0#200367.0#4400_202027.0#202027.0#4400_203612.0#203612.0#4400_205187.0#205187.0#4400_207010.0#207010.0#4400_208934.0#208934.0#4400 201424.0#201424.0#128_203430.0#203430.0#128_205309.0#205309.0#128_207059.0#207059.0#128_208930.0#208930.0#128
210000 220000 235.53496484388597 887.6786395596467 296.6510052173314 999.6650000000373 8.35498046875 94394.68242592616 5833654.391431006 4400.0 128.0 208934.0#208934.0#4400_210983.0#210983.0#4400_212932.0#212932.0#4400_214937.0#214937.0#4400_216628.0#216628.0#4400_218935.0#218935.0#4400 210981.0#210981.0#128_212928.0#212928.0#128_214932.0#214932.0#128_216783.0#216783.0#128_218930.0#218930.0#128
220000 230000 138.53289453138132 986.1467105468619 25.90913990854163 999.9170000000158 934.2880859375 85199.83316804103 5727758.174824492 4400.0 128.0 218935.0#218935.0#4400_220900.0#220900.0#4400_222898.0#222898.0#4400_224938.0#224938.0#4400_226875.0#226875.0#4400_228910.0#228910.0#4400 220897.0#220897.0#128_222896.0#222896.0#128_224934.0#224934.0#128_226871.0#226871.0#128_228905.0#228905.0#128
230000 240000 1946.0960917968769 805.3903908203123 357.7243964397237 999.140000000014 65.15191406244412 87197.72415826624 5254241.127174109 4400.0 128.0 228910.0#228910.0#4400_230379.0#230379.0#4400_234988.0#234988.0#4400_236527.0#236527.0#4400_238038.0#238038.0#4400_239535.0#239535.0#4400 230432.0#230432.0#128_234986.0#234986.0#128_235422.0#235422.0#128_238157.0#238157.0#128_239669.0#239669.0#128
240000 250000 40.717027343809605 905.3893611505628 242.66096656177237 999.2589999999618 200.615966796875 100887.56945865626 6683096.53002274 4400.0 128.0 239535.0#239535.0#4400_241159.0#241159.0#4400_243592.0#243592.0#4400_245357.0#245357.0#4400_247026.0#247026.0#4400_248085.0#248085.0#4400_249744.0#249744.0#4400 241168.0#241168.0#128_244089.0#244089.0#128_245423.0#245423.0#128_247145.0#247145.0#128_248304.0#248304.0#128_249427.0#249427.0#128
250000 260000 123.81706250016578 897.8348124999849 262.0602918407805 999.7970000000205 128.701904296875 83537.61551103948 6012036.526631111 4400.0 128.0 248085.0#248085.0#4400_249744.0#249744.0#4400_251382.0#251382.0#4400_253428.0#253428.0#4400_255119.0#255119.0#4400_256936.0#256936.0#4400_258933.0#258933.0#4400 251037.0#251037.0#128_253426.0#253426.0#128_255023.0#255023.0#128_256930.0#256930.0#128_258927.0#258927.0#128
260000 270000 1942.684646484442 895.2572615017286 260.4398096722114 999.9889999999432 212.4892578125 74028.49082518934 5477564.374126906 4400.0 128.0 258933.0#258933.0#4400_262893.0#262893.0#4400_264617.0#264617.0#4400_266250.0#266250.0#4400_267779.0#267779.0#4400_269527.0#269527.0#4400 262889.0#262889.0#128_263424.0#263424.0#128_264753.0#264753.0#128_266944.0#266944.0#128_268424.0#268424.0#128
270000 280000 77.24114453129005 902.0689868607918 248.38108349233963 999.579000000027 177.51611328125 85248.75378621613 6333073.076658362 4400.0 128.0 269527.0#269527.0#4400_271224.0#271224.0#4400_272982.0#272982.0#4400_274466.0#274466.0#4400_276895.0#276895.0#4400_278154.0#278154.0#4400 270938.0#270938.0#128_272980.0#272980.0#128_274423.0#274423.0#128_276892.0#276892.0#128_277927.0#277927.0#128
280000 290000 1087.679138671956 891.2320861328044 259.49650199106156 999.9510000000009 170.448974609375 80331.71201779383 5823629.747990717 4400.0 128.0 278154.0#278154.0#4400_280048.0#280048.0#4400_282862.0#282862.0#4400_284978.0#284978.0#4400_286665.0#286665.0#4400_288155.0#288155.0#4400_289868.0#289868.0#4400 280061.0#280061.0#128_282854.0#282854.0#128_284974.0#284974.0#128_285928.0#285928.0#128_287928.0#287928.0#128_289944.0#289944.0#128
290000 300000 1401.5138613278978 859.8486138672102 261.0813638593515 999.2110000000102 190.64111328125 82064.74805560747 5927429.834763371 4400.0 128.0 289868.0#289868.0#4400_292869.0#292869.0#4400_294635.0#294635.0#4400_296177.0#296177.0#4400_297579.0#297579.0#4400_299277.0#299277.0#4400 289944.0#289944.0#128_292867.0#292867.0#128_293425.0#293425.0#128_295426.0#295426.0#128_297426.0#297426.0#128_299106.0#299106.0#128
