ts te idle avg_span std_span max_span min_span c_ack_cnt c_ack_cnt_p c_bytes_all c_bytes_uniq s_ack_cnt s_ack_cnt_p s_bytes_all s_bytes_uniq avg_video_rate avg_audio_rate video_requests_sequence audio_requests_sequence
0 4000 4000.0 0.0 0.0 0.0 0.0 0.0 0.0 0.0 0.0 0.0 0.0 0.0 0.0 0.0 0.0 - -
4000 8000 2808.242919921875 547.6558109375001 371.70260469087 979.9609999999993 186.8349609375 131.0330207190303 116.12211900142334 13704.054777108016 13704.054777108016 194.7228717900388 23.336182928878095 300327.5211541162 274361.8714806046 480.0 128.0 7080.0#7080.0#480_7082.0#7082.0#480_7779.0#7779.0#480 7077.0#7077.0#128_7078.0#7078.0#128_7787.0#7787.0#128
8000 12000 0.0 732.5964732572113 294.6163497654117 999.581000000002 76.58390625000175 430.87760841429014 417.85980733922554 10935.984271528705 10094.984271528705 723.9866260764386 26.521222656464882 1040273.6102023844 725633.4072807113 480.0 128.0 7779.0#7779.0#480_8180.0#8180.0#480_8610.0#8610.0#480_9419.0#9419.0#480_10245.0#10245.0#480_11255.0#11255.0#480 8313.0#8313.0#128_8624.0#8624.0#128_9476.0#9476.0#128_10548.0#10548.0#128_11621.0#11621.0#128
12000 16000 1205.2293105468634 576.9170792968762 410.93447026567844 989.3389999999999 0.0 363.0893708666796 353.0180736593511 8423.960951363279 8423.960951363279 488.29050213352264 19.142594414657026 732910.8686434994 673653.7212386841 480.0 128.0 10245.0#10245.0#480_11255.0#11255.0#480_12575.0#12575.0#480_13069.0#13069.0#480_13558.0#13558.0#480_14044.0#14044.0#480 12584.0#12584.0#128_13125.0#13125.0#128_13623.0#13623.0#128_14124.0#14124.0#128
16000 20000 1070.2529023437673 614.0537164713496 364.1677745341757 994.0999999999985 244.8989999999976 258.0388415871198 251.20171055051657 5696.864332819948 5696.864332819948 401.47514518595153 11.674262073206528 692653.0096112316 676274.3528213279 1500.0 128.0 17165.0#17165.0#1500_17168.0#17168.0#1500_19166.0#19166.0#1500 17164.0#17164.0#128_19164.0#19164.0#128
20000 24000 94.30544335937884 708.7660848214281 339.37789886900885 998.8009999999995 162.12970117187797 296.84900337993247 290.8742088250507 4982.777015210457 4982.777015210457 444.8677844356851 9.723425428567118 802783.1204660962 780711.7824642053 1500.0 128.0 19166.0#19166.0#1500_21206.0#21206.0#1500_23192.0#23192.0#1500 21204.0#21204.0#128_23192.0#23192.0#128
24000 28000 53.65976757813041 641.6767773437496 370.3146476510937 996.8320000000022 99.2640312500007 296.06326070167194 290.3068894301115 4799.728016927831 4799.728016927831 421.36689619786887 9.331087276251441 821176.8295657083 796961.103010441 1500.0 128.0 23192.0#23192.0#1500_25196.0#25196.0#1500_27182.0#27182.0#1500 23192.0#23192.0#128_25622.0#25622.0#128_27624.0#27624.0#128
28000 32000 762.212220703128 597.3363201171866 388.45188231261193 995.6869999999981 75.19600000000355 482.4139772753704 474.4618882676012 6647.1590804109055 6647.1590804109055 674.1525014798658 15.311996963604454 1113782.655191555 1043075.7970713924 1500.0 128.0 27182.0#27182.0#1500_29159.0#29159.0#1500_30324.0#30324.0#1500_31365.0#31365.0#1500 27624.0#27624.0#128_29626.0#29626.0#128_30527.0#30527.0#128_31603.0#31603.0#128
32000 36000 45.18743749999703 590.5958515625009 355.257453539731 995.0279999999984 77.55175195312768 307.7445413883425 300.4496990692452 6079.893690536813 6079.893690536813 438.7477937690206 12.58968463819458 823314.1049351098 814751.5374919425 1900.0 128.0 31365.0#31365.0#1500_33186.0#33186.0#1500_35182.0#35182.0#2300_35185.0#35185.0#2300 31603.0#31603.0#128_33183.0#33183.0#128_35179.0#35179.0#128
36000 40000 19.516326171877154 652.9014266183034 398.2819948408116 995.3119999999981 80.55099999999948 421.6044305421698 415.58386499789094 5021.31618828277 5021.31618828277 626.0873515918589 10.041131088557648 1250763.6936807788 1238633.8405911706 2300.0 128.0 35185.0#35185.0#2300_37287.0#37287.0#2300_39167.0#39167.0#2300 37286.0#37286.0#128_39165.0#39165.0#128
40000 44000 36.78397070312349 718.4518761160715 325.9364931370892 999.5210000000006 163.3650371093754 417.73319531441723 411.7647295229984 4977.448196374688 4977.448196374688 616.4607228982853 9.936931582837738 1149809.3627992892 1117434.4854081892 2300.0 128.0 39167.0#39167.0#2300_41173.0#41173.0#2300_43195.0#43195.0#2300 41170.0#41170.0#128_43194.0#43194.0#128
44000 48000 7.259996093736845 779.6212667410728 307.3703086990441 996.5859999999957 195.5369042968814 426.76301974241073 420.8092544844666 4965.56341083551 4965.56341083551 628.9987559082333 9.928074834494636 1240664.7720721608 1217725.161974616 2300.0 128.0 43195.0#43195.0#2300_45322.0#45322.0#2300_47246.0#47246.0#2300 45288.0#45288.0#128_47211.0#47211.0#128
48000 52000 15.082986328125116 499.38578754340256 443.6771390344735 998.7620000000024 0.0 390.3151399052845 384.24861144706614 5059.523898173309 5059.523898173309 574.8943334256512 10.11251259783035 1108866.5663231427 1100913.8650360855 2300.0 128.0 47246.0#47246.0#2300_49206.0#49206.0#2300_51175.0#51175.0#2300 47211.0#47211.0#128_49204.0#49204.0#128_51172.0#51172.0#128
52000 56000 1728.939191406258 534.3837781249982 329.5011730547879 918.2259999999951 175.40394921874395 229.083843251207 225.0756490124902 3328.899548999544 3328.899548999544 328.02808970044697 7.016388477433597 611195.069186045 608817.4044588282 2300.0 128.0 51175.0#51175.0#2300_55171.0#55171.0#2300 55170.0#55170.0#128
56000 60000 9.933058593756869 702.3026754557286 319.6774838778079 997.9220000000059 166.31205859374313 518.4178070156531 509.5492445981672 6575.3295555232135 6575.3295555232135 721.831518981115 15.737124834972006 1419647.4545276107 1385239.3080305296 1700.0 128.0 55171.0#55171.0#2300_56807.0#56807.0#1500_58060.0#58060.0#1500_59300.0#59300.0#1500 57074.0#57074.0#128_58126.0#58126.0#128_59330.0#59330.0#128
60000 64000 700.8126875000016 688.6814941406246 334.4796877988319 997.9349999999977 246.278999999995 379.9729398964203 373.67424979439534 5255.49706590501 5255.49706590501 523.0891064260172 12.597380204049903 987759.3616412717 959098.3616412717 1500.0 128.0 59300.0#59300.0#1500_60321.0#60321.0#1500_61512.0#61512.0#1500 60517.0#60517.0#128_61622.0#61622.0#128
64000 68000 1085.0310332031222 708.6562445312505 312.2890089181932 999.4400000000023 369.687255859375 279.67213033535074 274.194665396254 4565.070548841269 4565.070548841269 439.0168859555317 8.569930909833694 855490.5980607988 841777.5093268161 1900.0 128.0 65185.0#65185.0#2300_67170.0#67170.0#1500 65182.0#65182.0#128_67629.0#67629.0#128
68000 72000 824.052716796883 587.5658476562494 385.6262096575963 995.929999999993 27.696000000010827 294.24598539911034 288.0827352164281 5142.828760244338 5142.828760244338 417.01894802815974 10.391141772834779 753746.4534612964 738188.542195279 1500.0 128.0 67170.0#67170.0#1500_69165.0#69165.0#1500_71192.0#71192.0#1500 67629.0#67629.0#128_69624.0#69624.0#128_71626.0#71626.0#128
72000 76000 3.2401074218796566 656.1247310546881 389.6205033441095 999.7449999999953 52.442070312506985 488.4698250259671 480.2784117524727 6844.752799734614 6844.752799734614 713.944067283689 15.703184107878371 1287484.316272928 1250716.316272928 1500.0 128.0 71192.0#71192.0#1500_72415.0#72415.0#1500_73614.0#73614.0#1500_75169.0#75169.0#1500 71626.0#71626.0#128_72619.0#72619.0#128_73622.0#73622.0#128_75167.0#75167.0#128
76000 80000 37.28164062499127 703.5659709821422 385.85521733871104 999.0430000000051 130.71699999998964 344.38348012310524 338.3659332810658 5018.774440997225 5018.774440997225 508.7197605161161 10.035093684078918 994860.8995095294 979762.8995095294 2033.3333333333333 128.0 75169.0#75169.0#1500_77194.0#77194.0#2300_79156.0#79156.0#2300 77189.0#77189.0#128_79154.0#79154.0#128
80000 84000 7.436220703122672 793.848472656251 298.5124465549325 996.7679999999818 149.22588867187733 424.893674903576 419.1844825945677 4759.20129777982 4759.20129777982 635.6379103846432 10.387697820592095 1142127.3349335839 1097629.21506682 2300.0 128.0 79156.0#79156.0#2300_81831.0#81831.0#2300_83411.0#83411.0#2300 81829.0#81829.0#128_83273.0#83273.0#128
84000 88000 13.596626953105442 659.3603830566408 372.71336145404405 999.8300000000017 29.12407226562209 454.20790623458885 447.87557269408467 5285.0690544677755 5285.0690544677755 679.094601903501 10.74975333502017 1323528.2931997792 1304228.7502541263 2300.0 128.0 83411.0#83411.0#2300_85359.0#85359.0#2300_87254.0#87254.0#2300 83273.0#83273.0#128_85290.0#85290.0#128_87253.0#87253.0#128
88000 92000 16.20433007812244 715.6977656249983 338.08376068631355 999.5650000000023 54.099117187506636 431.82759380356066 425.8829850653828 4956.054970587652 4956.054970587652 605.0737719537974 9.83481801976837 1193348.9232311156 1175952.586043532 2300.0 128.0 87254.0#87254.0#2300_89208.0#89208.0#2300_91165.0#91165.0#2300 87253.0#87253.0#128_89207.0#89207.0#128_91162.0#91162.0#128
92000 96000 39.789978515618714 659.6531713169617 367.45064369358 997.5479999999952 163.91991796875664 394.24093492751376 388.30317990571297 4951.589728356283 4951.589728356283 601.7736427780474 9.875510043601622 1157596.0960216802 1147972.0960216802 2300.0 128.0 91165.0#91165.0#2300_93194.0#93194.0#2300_95228.0#95228.0#2300 93191.0#93191.0#128_95221.0#95221.0#128
96000 100000 1120.9483183593838 589.3339332031203 333.1454275075651 903.5859999999957 225.790718749995 155.60276853051082 152.60418373567305 2480.808397253409 2480.808397253409 204.03686012144 4.997169589675556 359750.5850657499 354198.5850657499 2300.0 0.0 95228.0#95228.0#2300 -
100000 104000 228.01683984376723 692.900141210937 375.5409414565586 999.3239999999932 106.7549999999901 483.4718705560653 475.0276769714218 7058.062618558498 7058.062618558498 709.0679762843689 16.914197313618292 1300687.9546973365 1236025.455692307 1500.0 128.0 100173.0#100173.0#1500_101320.0#101320.0#1500_102453.0#102453.0#1500_103759.0#103759.0#1500 100634.0#100634.0#128_101697.0#101697.0#128_102473.0#102473.0#128_103865.0#103865.0#128
104000 108000 0.0 775.5982617187532 309.375067686259 996.8139999999985 24.632685546879657 417.19420051932013 408.7083436035929 7095.475932411192 7095.475932411192 681.7583318485747 16.78633362860785 1300943.451327173 1268600.9820938616 1500.0 128.0 103759.0#103759.0#1500_105175.0#105175.0#1500_106271.0#106271.0#1500_107401.0#107401.0#1500 103865.0#103865.0#128_105628.0#105628.0#128_106468.0#106468.0#128_107567.0#107567.0#128
108000 112000 3.071205078129424 668.5855095214793 379.78950246174827 997.7639999999956 79.33097265624383 432.0112969374661 425.8864695815804 5108.668603998295 5108.668603998295 571.7762301373846 10.409224770286887 1151405.3834270895 1121743.3516654307 2033.3333333333333 128.0 107401.0#107401.0#1500_109183.0#109183.0#2300_111175.0#111175.0#2300 107567.0#107567.0#128_109178.0#109178.0#128_111173.0#111173.0#128
112000 116000 15.980082031252095 737.6396062011663 349.0066823143596 999.55799999999 172.2669472656271 415.25988561722886 409.0869131151271 5149.642846769631 5149.642846769631 603.0221855496632 8.345945004203399 1180298.774924583 1155984.774924583 2300.0 128.0 111175.0#111175.0#2300_113179.0#113179.0#2300_115177.0#115177.0#2300 113177.0#113177.0#128_115174.0#115174.0#128
116000 120000 120.7190214843722 698.7919137834813 366.5621164111675 998.6020000000135 10.163999999989755 487.8803990836534 482.2496700184327 4693.369050447263 4693.369050447263 671.2409711154376 9.261458130441397 1216439.7840528192 1180467.4122974195 2300.0 128.0 115177.0#115177.0#2300_117162.0#117162.0#2300_119221.0#119221.0#2300 117159.0#117159.0#128_119218.0#119218.0#128
120000 124000 77.89014062497881 564.9705805664125 397.4401266920183 995.5260000000126 139.90795117188827 358.7462136046098 353.081067242445 4721.75805941137 4721.75805941137 522.004305077346 10.330292724329702 1045218.7658896628 1033672.5827616688 2300.0 128.0 119221.0#119221.0#2300_121165.0#121165.0#2300_123704.0#123704.0#2300 119218.0#119218.0#128_121163.0#121163.0#128_123703.0#123703.0#128
124000 128000 17.72007617188501 716.6191590401743 197.56104115478925 999.6689999999944 410.7159999999858 450.7067873548993 444.00266278228486 5596.872890141367 5596.872890141367 682.941262852478 11.972125615928368 1292190.2073727387 1272282.4411734706 2300.0 128.0 123704.0#123704.0#2300_125375.0#125375.0#2300_127173.0#127173.0#2300 125291.0#125291.0#128_127172.0#127172.0#128
128000 132000 9.697265625 679.8508423549107 289.031180343476 999.4599999999919 408.9910000000091 488.66504311434693 482.66504311434693 5004.0 5004.0 714.3442827090448 10.436123529300533 1320820.9669896732 1285927.884597574 2300.0 128.0 127173.0#127173.0#2300_129206.0#129206.0#2300_131167.0#131167.0#2300 129203.0#129203.0#128_131165.0#131165.0#128
132000 136000 700.0113300781522 583.7795078124958 378.7013738522111 997.9029999999912 80.94500000000698 350.5200039291266 346.5200039291266 3322.0 3322.0 482.5280055007772 7.0 888648.2115624631 885867.6150372243 2300.0 128.0 131167.0#131167.0#2300_133214.0#133214.0#2300 133211.0#133211.0#128
136000 140000 1073.2391738281294 684.1108326822917 309.5436653282495 992.1389999999956 234.39599609375 332.4988723679045 324.224495875613 6902.750630017167 6902.750630017167 459.6508025826907 13.548752984583036 891455.2069192874 870269.3649201831 1205.0 128.0 137192.0#137192.0#2300_139162.0#139162.0#840_139166.0#139166.0#840_139764.0#139764.0#840 137188.0#137188.0#128_139625.0#139625.0#128_139970.0#139970.0#128
140000 144000 1263.9369023437612 696.4353339843705 229.0782995271853 978.9070000000065 316.5009999999893 265.5011276320955 258.775504124387 5612.249369982834 5612.249369982834 375.3491974173093 12.451247015416964 706448.7930807124 657643.6350798169 840.0 128.0 139764.0#139764.0#840_141175.0#141175.0#840_143176.0#143176.0#840 139970.0#139970.0#128_141624.0#141624.0#128_143174.0#143174.0#128
144000 148000 1093.8873378906283 688.8553984374972 337.88853307879987 996.1069999999891 275.11799999998766 225.10482680143298 219.31875339496594 4823.873808245232 4823.873808245232 358.5628461317287 9.572146812934042 724879.0240364039 724879.0240364039 1500.0 128.0 145189.0#145189.0#1500_147213.0#147213.0#1500 145182.0#145182.0#128_147212.0#147212.0#128
148000 152000 13.263261718762806 710.8509835379456 365.50986917922114 997.1639999999898 161.55999999999767 357.71805703025905 350.85858489031693 5726.051437014325 5726.051437014325 536.3196252351908 11.343049096857907 984263.5071655861 954710.4304946875 2033.3333333333333 128.0 147213.0#147213.0#1500_149182.0#149182.0#2300_151169.0#151169.0#2300 149174.0#149174.0#128_151165.0#151165.0#128_151621.0#151621.0#128
152000 156000 6.073101562506054 652.7488253038157 353.71893785268014 994.755999999994 165.83200976561056 447.23437056689625 441.35553188812105 4902.1479387818445 4902.1479387818445 634.2902954933163 10.862739322484394 1197846.9204584858 1171334.771775538 2300.0 128.0 151169.0#151169.0#2300_153052.0#153052.0#2300_155205.0#155205.0#2300 151621.0#151621.0#128_155203.0#155203.0#128_155623.0#155623.0#128
156000 160000 5.132867187465308 690.5874542968871 332.1857040649499 998.8310000000347 204.4659628906229 504.0256795798626 496.9371133996432 5920.031057308554 5920.031057308554 715.954296832717 11.44796557853115 1357075.8271704884 1320223.0525243348 2300.0 128.0 155205.0#155205.0#2300_156769.0#156769.0#2300_158667.0#158667.0#2300 155623.0#155623.0#128_157217.0#157217.0#128_159212.0#159212.0#128
160000 164000 0.0 792.2233154296904 245.80095485366945 997.244000000006 386.4910820312507 546.536065983814 540.7635120987834 4812.652961069504 4812.652961069504 777.138846376624 12.382517896240547 1529492.626873619 1494247.8003704802 2300.0 128.0 158667.0#158667.0#2300_160362.0#160362.0#2300_161956.0#161956.0#2300_163532.0#163532.0#2300 161317.0#161317.0#128_163313.0#163313.0#128
164000 168000 1595.6197812499886 563.970622802728 393.5149062132552 997.8160000000207 49.742999999958556 271.11002921784655 265.66352048068444 4537.797766816662 4537.797766816662 381.8957835179482 10.05560734814465 725147.4942646057 716517.3207677446 2300.0 128.0 161956.0#161956.0#2300_163532.0#163532.0#2300_167172.0#167172.0#2300 163313.0#163313.0#128_167170.0#167170.0#128_167624.0#167624.0#128
168000 172000 15.725050781184109 631.5492762784098 414.65878259686957 997.9010000000126 124.8740234375 509.297959507245 502.1299725348414 5987.445030763877 5987.445030763877 711.9470369148801 13.462251160667446 1356380.8031025236 1329902.8031025236 1900.0 128.0 167172.0#167172.0#2300_168654.0#168654.0#2300_170447.0#170447.0#1500_171601.0#171601.0#1500 170629.0#170629.0#128_171623.0#171623.0#128
172000 176000 1749.3320449219027 617.0947726562445 394.43685559931896 939.9279785155959 0.10999999998603016 193.17972774068494 188.46903658924091 3919.4803683208447 3919.4803683208447 306.0543359503898 9.336582733373737 576023.4367865324 570453.8708288475 1500.0 128.0 171601.0#171601.0#1500_175164.0#175164.0#1500 175163.0#175163.0#128_175624.0#175624.0#128
176000 180000 968.9599648437579 563.7186357421924 420.16188594111435 994.5899999999965 40.673021484399214 307.3967968991965 302.4701215986049 4103.656447716272 4103.656447716272 432.92738185998553 9.811872954837426 829924.7394932206 806987.3054509056 1500.0 128.0 175164.0#175164.0#1500_176803.0#176803.0#1500_179356.0#179356.0#1500 175624.0#175624.0#128_179625.0#179625.0#128
180000 184000 33.84428124994156 697.1261294922064 380.15318365975617 998.880999999994 55.24005664061406 513.6754158757817 505.8423667802892 6543.8236475251015 6543.8236475251015 725.3179540557334 14.571800010253636 1333806.7514893578 1252628.040829509 1500.0 128.0 179356.0#179356.0#1500_180333.0#180333.0#1500_181515.0#181515.0#1500_183181.0#183181.0#1500 180607.0#180607.0#128_181622.0#181622.0#128_183624.0#183624.0#128
184000 188000 779.2553808594239 528.0549794921862 387.8613006022604 999.8830000000016 94.17200976563618 309.95645975335 303.599706342565 5303.515799337401 5303.515799337401 396.97561721170166 10.807805002301242 766988.9430993428 754397.6537591913 1766.6666666666667 128.0 183181.0#183181.0#1500_185221.0#185221.0#1500_187172.0#187172.0#2300 183624.0#183624.0#128_185217.0#185217.0#128_187168.0#187168.0#128
188000 192000 857.5911035156169 652.3056494140619 449.84770011148333 999.362999999983 0.0 335.76461104363057 331.5917800019436 3467.5237371003805 3467.5237371003805 473.6159804197846 6.345662083373825 965140.9260598344 940318.9260598344 2300.0 128.0 187172.0#187172.0#2300_189172.0#189172.0#2300 189169.0#189169.0#128
192000 196000 1069.7519023437344 662.1204885253974 353.3771877102351 997.3980000000156 7.529000000009546 288.43795840671805 279.66277504403087 7711.38048922831 6871.38048922831 425.2131417694053 15.55036672537446 855970.5126496949 830054.5126496949 1570.0 128.0 193202.0#193202.0#2300_194963.0#194963.0#840 193198.0#193198.0#128_195125.0#195125.0#128
196000 200000 1296.157962890633 604.8073384486654 430.2648377307276 982.9960000000137 0.0 278.7015226446248 270.5729345683458 6838.805500370703 6838.805500370703 402.7026522322964 14.258122513999597 755730.4925287777 731074.4925287777 840.0 128.0 197179.0#197179.0#840_197856.0#197856.0#840_199172.0#199172.0#840 197624.0#197624.0#128_198161.0#198161.0#128_199622.0#199622.0#128
200000 204000 613.0990566406108 548.5104448784809 387.7106455686374 998.1380000000354 0.8899980468850117 308.029107064939 299.11386142738604 6612.426388830119 6612.426388830119 449.8508699352873 14.829544913664261 756152.3043899105 729464.2608734482 1005.0 128.0 199172.0#199172.0#840_201166.0#201166.0#840_201698.0#201698.0#840_203181.0#203181.0#1500 199622.0#199622.0#128_201622.0#201622.0#128_201978.0#201978.0#128_203178.0#203178.0#128
204000 208000 33.908056640590075 643.0117140066951 384.32623566075364 998.1479999999865 180.67271874999278 307.81954772593673 301.8301803786025 4995.047306455422 4995.047306455422 444.34130618413974 9.978734694668459 847623.6010449063 842805.6445613686 1766.6666666666667 128.0 203181.0#203181.0#1500_205202.0#205202.0#1500_207190.0#207190.0#2300 205199.0#205199.0#128_207184.0#207184.0#128
208000 212000 850.8502792968648 563.9942867838545 468.9824588411799 998.6540000000095 0.0 293.0118641577814 288.8202485816348 3483.340315115446 3483.340315115446 424.8920298788713 6.383231152293222 904103.0893867104 896072.0893867104 2300.0 128.0 207190.0#207190.0#2300_209187.0#209187.0#2300 209187.0#209187.0#128
212000 216000 1063.809642578126 812.4383173828295 333.7626777035253 999.1739999999991 152.76600000006147 339.065674288081 333.065674288081 5004.0 5004.0 493.18513316195003 11.0 935771.5285063033 904291.5285063033 1900.0 128.0 213175.0#213175.0#2300_214812.0#214812.0#1500 213174.0#213174.0#128_213620.0#213620.0#128
216000 220000 1101.0096816406003 640.2971565290312 393.4229561073271 999.7969999999914 102.55300000001444 324.934325711919 318.934325711919 5004.0 5004.0 451.81486683804997 11.0 879835.4714936967 856339.4714936967 1500.0 128.0 214812.0#214812.0#1500_217167.0#217167.0#1500_218558.0#218558.0#1500 217625.0#217625.0#128_218621.0#218621.0#128
220000 224000 1689.3641347656085 686.8942113281286 304.8411642083211 998.7099999999919 346.3739999999816 214.66046166274322 208.9057334410441 4798.726434448939 4798.726434448939 325.00029787502604 9.50945644339819 637879.98352237 617358.98352237 1500.0 128.0 221160.0#221160.0#1500_223173.0#223173.0#1500 221621.0#221621.0#128_223622.0#223622.0#128
224000 228000 1372.678890625044 584.4289812011775 356.8959717007956 990.5260000000417 55.63699999998789 281.2199663072945 275.24730782703 4982.113119469255 4982.113119469255 434.57500176927476 10.58162360954723 828609.5820046251 809714.5820046251 1500.0 128.0 223173.0#223173.0#1500_224360.0#224360.0#1500_227158.0#227158.0#1500 224593.0#224593.0#128_227626.0#227626.0#128
228000 232000 1248.6880976562097 526.0020524902429 402.1477943542095 997.8859999999986 55.00799023438594 299.90105911952844 293.8354647855857 5059.20084970065 5059.20084970065 409.63774860658464 11.552049639948983 832614.8828056458 820281.5801217688 1500.0 128.0 227158.0#227158.0#1500_228492.0#228492.0#1500_231174.0#231174.0#1500 227626.0#227626.0#128_228598.0#228598.0#128_231621.0#231621.0#128
232000 236000 0.0 694.4141728515708 384.3862348512698 997.8379999999888 38.95100000000093 496.5376526220879 488.44978300414294 6758.94648973158 6758.94648973158 673.1997019223894 15.178146287882537 1201926.152579755 1146463.455263632 1500.0 128.0 231174.0#231174.0#1500_232193.0#232193.0#1500_233604.0#233604.0#1500_235238.0#235238.0#1500 232415.0#232415.0#128_233626.0#233626.0#128_235622.0#235622.0#128
236000 240000 113.37808007802232 678.9097229352877 363.09784413283654 999.948000000004 59.54494531248929 292.9111182897617 286.9959878783802 4931.229163575577 4931.229163575577 418.6165610897801 9.770686149688622 865100.875935109 865100.875935109 1766.6666666666667 128.0 235238.0#235238.0#1500_237157.0#237157.0#1500_239207.0#239207.0#2300 237155.0#237155.0#128_239202.0#239202.0#128
240000 244000 86.72316406248137 675.6471049107162 345.6319438525086 994.8919999999925 202.9198847656371 390.30339591385894 384.77605563421946 4606.520764732952 4606.520764732952 580.8339165094205 9.804555921012039 1077551.5071637114 1034215.2794581895 2300.0 128.0 239207.0#239207.0#2300_241188.0#241188.0#2300_243421.0#243421.0#2300 241186.0#241186.0#128_243420.0#243420.0#128
244000 248000 7.789076171873603 643.9364269531216 374.89492361792014 999.89300000004 0.0 462.45519389898607 453.9079072498499 7634.738421362038 7634.738421362038 637.6024759249494 16.40939393953502 1292402.6765823676 1239582.9042878894 2033.3333333333333 128.0 243421.0#243421.0#2300_245196.0#245196.0#2300_247181.0#247181.0#1500 243420.0#243420.0#128_244621.0#244621.0#128_247204.0#247204.0#128
248000 252000 27.93967968749348 590.3301777343943 404.0665741416617 997.9780000000028 64.68688085937174 404.44271961852024 395.3133276125286 6793.52475697901 6793.52475697901 552.7421500077503 15.315093120994419 1068593.8856520618 1030176.8856520618 1500.0 128.0 247181.0#247181.0#1500_249180.0#249180.0#1500_250469.0#250469.0#1500_251602.0#251602.0#1500 249628.0#249628.0#128_250635.0#250635.0#128_251621.0#251621.0#128
252000 256000 15.157150390616152 843.3206975911453 154.6973185681186 994.6269999999786 568.2619999999879 411.46089842426653 405.62780908112603 4863.461226924293 4863.461226924293 589.6642430341592 10.368115017148744 1196562.5089508449 1175423.8515564625 2033.3333333333333 128.0 251602.0#251602.0#1500_253184.0#253184.0#2300_255167.0#255167.0#2300 253179.0#253179.0#128_255166.0#255166.0#128
256000 260000 42.68292773439316 579.4574736327995 404.44858377153656 993.0210000000079 78.51174804684706 454.2878422076021 448.28889504172014 5003.113513672613 5003.113513672613 691.2070590290668 10.174952888889127 1212587.549059625 1201542.8730813917 2300.0 128.0 255167.0#255167.0#2300_257191.0#257191.0#2300_259169.0#259169.0#2300 255166.0#255166.0#128_257189.0#257189.0#128_259168.0#259168.0#128
260000 264000 1909.633158203098 470.6846128906356 420.8154497033457 982.7910000000265 0.0 189.25189665327332 185.25473517551308 3319.609964274136 3319.609964274136 301.15166977318313 5.994322955520513 519099.7772350402 517934.11060765607 2300.0 128.0 259169.0#259169.0#2300_263176.0#263176.0#2300 263173.0#263173.0#128
264000 268000 565.7338847656501 670.8216866629331 341.2559745679019 997.1209999999846 169.60588671872392 415.61468809313135 409.776345685867 4869.421363434169 4869.421363434169 643.2034351793415 9.725136887064004 1116488.2591790645 1075157.1255957943 1766.6666666666667 128.0 263176.0#263176.0#2300_265174.0#265174.0#1500_267153.0#267153.0#1500 265627.0#265627.0#128_267622.0#267622.0#128
268000 272000 172.5269609374809 637.6210023437627 326.74230468206514 999.6180000000168 47.81996679690201 441.1340041250065 432.9658919942324 6826.013357594318 6826.013357594318 637.7214402292341 15.287772189013161 1156832.3085954871 1116853.4421787574 1500.0 128.0 267153.0#267153.0#1500_268005.0#268005.0#1500_269417.0#269417.0#1500_271165.0#271165.0#1500 267622.0#267622.0#128_268124.0#268124.0#128_269424.0#269424.0#128_271163.0#271163.0#128
272000 276000 23.789886718790513 654.9005876115989 379.67987085464165 999.4479999999749 164.07005664060125 351.98553779797226 345.9951855454965 4995.876596584601 4995.876596584601 538.7450156444004 9.98070450495155 1021661.3330867921 998161.3330867921 2033.3333333333333 128.0 271165.0#271165.0#1500_273177.0#273177.0#2300_275173.0#275173.0#2300 273173.0#273173.0#128_275170.0#275170.0#128
276000 280000 581.1130234375014 582.3017061941957 422.38318964746975 999.9120000000112 3.8069999999715947 334.83356526596685 330.6595700432639 3468.5039775158693 3468.5039775158693 469.09928340543985 7.347990445405864 909084.7176475001 889652.7176475001 2300.0 128.0 275173.0#275173.0#2300_277178.0#277178.0#2300 277174.0#277174.0#128
280000 284000 1305.9041347656166 666.0728542968748 307.6486291115668 998.5410000000265 371.9873046875 301.7635170890351 295.8627396463193 4919.653051881235 4919.653051881235 420.80904791691034 9.617244574222553 805257.4939621192 781529.5586683294 1570.0 128.0 281193.0#281193.0#2300_283160.0#283160.0#840 281191.0#281191.0#128_283627.0#283627.0#128
284000 288000 1079.2060957031208 579.2709612165179 307.297578935339 973.7089999999735 131.78703320311615 272.236482910965 264.1372603536807 6766.346948118766 6766.346948118766 416.19095208308966 14.382755425777447 759668.5060378808 751984.4413316706 840.0 128.0 283160.0#283160.0#840_284109.0#284109.0#840_285175.0#285175.0#840_287173.0#287173.0#840 283627.0#283627.0#128_284198.0#284198.0#128_285625.0#285625.0#128_287171.0#287171.0#128
288000 292000 1273.266289062507 653.8265929687419 303.1406998467268 997.0540000000037 311.2949999999837 222.90250800463087 217.2175951208561 4738.696648138362 4738.696648138362 346.73693256621664 10.369825767549555 696204.9926883068 696204.9926883068 1500.0 128.0 289188.0#289188.0#1500_291316.0#291316.0#1500 289182.0#289182.0#128_291312.0#291312.0#128
292000 296000 22.36369726556586 637.7719070870579 398.7467889098955 998.167000000074 113.7949999999837 298.75891798362 292.61566605210055 5124.6181263393855 5124.6181263393855 457.38052493851353 10.28650386303892 798437.1841428082 784767.4957015614 1500.0 128.0 291316.0#291316.0#1500_293184.0#293184.0#1500_295172.0#295172.0#1500 293182.0#293182.0#128_295168.0#295168.0#128
296000 300000 98.53707031247905 631.0807137276778 376.0865034157248 999.8090000000084 171.6966855468927 276.4278950828115 270.4576639405541 4978.934621780723 4978.934621780723 410.47241293453317 9.940462284514783 782953.7960982858 778729.4845395325 1500.0 128.0 295172.0#295172.0#1500_297201.0#297201.0#1500_299206.0#299206.0#1500 297199.0#297199.0#128_299203.0#299203.0#128
