ts te idle avg_span std_span max_span min_span c_bytes_all s_bytes_all avg_video_rate avg_audio_rate video_requests_sequence audio_requests_sequence
0.0 3000.0 3000.0 0.0 0.0 0.0 0.0 0.0 0.0 0.0 0.0 - -
3000.0 6000.0 3000.0 0.0 0.0 0.0 0.0 0.0 0.0 0.0 0.0 - -
6000.0 9000.0 2806.944091796875 193.055908203125  193.055908203125 193.055908203125 2234.61069335323 55751.603543237616 0.0 0.0 - -
9000.0 12000.0 24.106992187385913 743.9732519531535 386.3166109913934 997.1500000000815 181.388916015625 29969.093878162137 1020346.7320279337 480.0 128.0 9223.0#9223.0#480_9224.0#9224.0#480_9873.0#9873.0#480_10520.0#10520.0#480_10944.0#10944.0#480_11557.0#11557.0#480 9220.0#9220.0#128_9222.0#9222.0#128_9677.0#9677.0#128_10179.0#10179.0#128_10531.0#10531.0#128_11050.0#11050.0#128_11574.0#11574.0#128
12000.0 15000.0 920.3199160156073 693.2266946614642 293.4163613533266 906.0160000000033 358.50400000001537 23301.295428484635 778128.6644288285 480.0 128.0 11557.0#11557.0#480_12136.0#12136.0#480_12676.0#12676.0#480_13104.0#13104.0#480_13685.0#13685.0#480 12143.0#12143.0#128_12690.0#12690.0#128_13181.0#13181.0#128
15000.0 18000.0 405.94187890627654 864.6860403645745 115.65969658625886 993.3979999999865 769.47412109375 21899.210577789363 942364.121929361 2300.0 128.0 15192.0#15192.0#2300_15193.0#15193.0#2300_17440.0#17440.0#2300 15184.0#15184.0#128_15189.0#15189.0#128_17438.0#17438.0#128
18000.0 21000.0 16.471871093730442 745.8820322265674 364.09538807525144 999.7330000000075 227.44287890626583 20423.61328493131 986225.7526676082 2300.0 128.0 17440.0#17440.0#2300_19234.0#19234.0#2300 18682.0#18682.0#128
21000.0 24000.0 53.7199570312514 736.5700107421872 362.4295860675184 998.4650000000256 229.80574999999953 23499.351569621118 1026554.0828968517 2300.0 128.0 19234.0#19234.0#2300_21405.0#21405.0#2300_22901.0#22901.0#2300_23604.0#23604.0#2300_23607.0#23607.0#2300 21404.0#21404.0#128_22679.0#22679.0#128_23681.0#23681.0#128_23682.0#23682.0#128
24000.0 27000.0 54.91419335932005 736.27145166017 333.2141026513659 998.3910000000033 274.18070703127887 19299.02027810334 662794.4720708254 2300.0 128.0 23607.0#23607.0#2300_25332.0#25332.0#2300 25331.0#25331.0#128
27000.0 30000.0 22.85513476555934 744.2862163086102 340.3286874115182 999.64300000004 278.8689003906329 21901.204492430847 1042689.4879751857 2300.0 128.0 27330.0#27330.0#2300_29106.0#29106.0#2300 27328.0#27328.0#128_28680.0#28680.0#128
30000.0 33000.0 23.25192773435265 744.1870180664118 331.7074394611502 998.0499999999884 295.84103515627794 21686.074803751486 1065109.3383422487 2300.0 128.0 29106.0#29106.0#2300_30743.0#30743.0#2300_32492.0#32492.0#2300 30681.0#30681.0#128_32582.0#32582.0#128
33000.0 36000.0 107.83371679688571 723.0415708007786 312.8398870839462 993.9579999999842 307.51896289060824 22602.784567133443 1048439.5769682521 2300.0 128.0 32492.0#32492.0#2300_34200.0#34200.0#2300_35969.0#35969.0#2300 34182.0#34182.0#128_35980.0#35980.0#128
36000.0 39000.0 17.73405078140786 745.566487304648 316.91613819459576 999.2139999999199 338.10367968748324 18948.79096147635 882106.6516313779 2300.0 128.0 35969.0#35969.0#2300_38191.0#38191.0#2300 35980.0#35980.0#128_38189.0#38189.0#128
39000.0 42000.0 12.77830468735192 746.805423828162 312.94653235748615 997.5709999999963 349.4147304688231 23442.567143546636 1107851.728927915 2300.0 128.0 38191.0#38191.0#2300_40031.0#40031.0#2300_41840.0#41840.0#2300 40041.0#40041.0#128_41850.0#41850.0#128
42000.0 45000.0 18.3076816406101 745.4230795898475 309.25423594031764 994.5760000000009 354.42903515626676 20443.40701273046 1001670.1700733989 2300.0 128.0 41840.0#41840.0#2300_43682.0#43682.0#2300 41850.0#41850.0#128_43681.0#43681.0#128
45000.0 48000.0 70.21437890623929 732.4464052734402 318.1092883971107 998.3379999999888 352.7467167968862 19692.396082068008 912860.5202648578 2300.0 128.0 43682.0#43682.0#2300_45688.0#45688.0#2300_47690.0#47690.0#2300 45684.0#45684.0#128_47687.0#47687.0#128
48000.0 51000.0 20.41798437491525 744.8955039062712 300.72100382904966 999.4459999999963 405.7860957031953 19949.47146789402 920812.9798404616 2300.0 128.0 47690.0#47690.0#2300_49497.0#49497.0#2300 49504.0#49504.0#128
51000.0 54000.0 374.30095898441505 656.4247602538962 394.85992548095084 999.5989999999874 305.7099609375 20002.157899393867 892772.6643573291 2300.0 128.0 51683.0#51683.0#2300_53343.0#53343.0#2300 51681.0#51681.0#128_53442.0#53442.0#128
54000.0 57000.0 19.99299609370064 745.0017509765748 329.04487578276786 997.204000000027 301.93896484375 19228.577546195495 918522.3429782905 2300.0 128.0 53343.0#53343.0#2300_55599.0#55599.0#2300 55598.0#55598.0#128
57000.0 60000.0 11.23285156255588 747.191787109361 332.48600013640043 999.6959999999963 297.1411132811918 23519.906755756652 1083760.0912832161 2300.0 128.0 55599.0#55599.0#2300_57656.0#57656.0#2300_59302.0#59302.0#2300 57439.0#57439.0#128_59182.0#59182.0#128
60000.0 63000.0 10.357792968745343 747.4105517578137 333.3713273428402 997.9679999999935 293.9033203125 21192.491058282256 1057887.6807977243 2300.0 128.0 59302.0#59302.0#2300_60948.0#60948.0#2300_62843.0#62843.0#2300 60960.0#60960.0#128_62851.0#62851.0#128
63000.0 66000.0 921.1274335937924 692.9575221354025 81.30551584997147 767.6088867186918 606.3269999999902 15084.238260602782 677552.0195944668 2300.0 128.0 62843.0#62843.0#2300_65362.0#65362.0#2300 62851.0#62851.0#128_65360.0#65360.0#128
66000.0 69000.0 19.6177734376397 745.0955566405901 362.0251205937817 996.9369999999763 227.84011328127235 21543.833001863313 988583.3653450437 2300.0 128.0 65362.0#65362.0#2300_67344.0#67344.0#2300 67342.0#67342.0#128_68680.0#68680.0#128
69000.0 72000.0 52.03003515629098 736.9924912109273 359.13920210602066 997.9469999999274 236.12388671882218 18320.494646104893 900454.685569873 2300.0 128.0 67344.0#67344.0#2300_69234.0#69234.0#2300_71368.0#71368.0#2300 68680.0#68680.0#128_71366.0#71366.0#128
72000.0 75000.0 14.303154296823777 746.424211425794 339.7756517225778 999.9860000000335 278.4999218750163 22566.614379930856 1078716.2632499905 2300.0 128.0 71368.0#71368.0#2300_72825.0#72825.0#2300_74542.0#74542.0#2300 72683.0#72683.0#128_74680.0#74680.0#128
75000.0 78000.0 16.019005859445315 745.9952485351387 335.8512353248061 999.0869999999995 286.71407617192017 22066.62012487342 1057175.0633160993 2300.0 128.0 74542.0#74542.0#2300_76399.0#76399.0#2300 76521.0#76521.0#128
78000.0 81000.0 6.055947265645955 748.4860131835885 334.4644402818994 999.7419999999693 293.3410820312565 22048.800279672654 1036926.7944488146 2300.0 128.0 76399.0#76399.0#2300_78249.0#78249.0#2300_80202.0#80202.0#2300 78334.0#78334.0#128_80179.0#80179.0#128
81000.0 84000.0 682.7198593749199 579.32003515627 336.18472540546986 999.6270000000368 298.50002929690527 18327.790431818896 833131.399105507 2300.0 128.0 80202.0#80202.0#2300_82684.0#82684.0#2300 82681.0#82681.0#128
84000.0 87000.0 17.883011718804482 745.5292470702989 327.86392546323543 999.4209999999148 307.152099609375 20262.02770358466 885577.4007831648 2300.0 128.0 82684.0#82684.0#2300_84040.0#84040.0#2300_86195.0#86195.0#2300 84165.0#84165.0#128_86191.0#86191.0#128
87000.0 90000.0 18.02608203125419 745.4934794921865 330.2616944760109 997.75900000002 299.468017578125 21713.39261489015 995341.8190124417 2300.0 128.0 86195.0#86195.0#2300_87798.0#87798.0#2300 87895.0#87895.0#128
90000.0 93000.0 22.80502929695649 744.2987426757609 334.07144939897773 996.0239999999758 290.3129882811918 21169.20700837284 955810.3485345332 2300.0 128.0 90193.0#90193.0#2300_91940.0#91940.0#2300 90190.0#90190.0#128_91970.0#91970.0#128
93000.0 96000.0 30.470726562547497 742.3823183593631 345.2026786385629 999.2550000000047 269.0932617186918 22674.09367966216 1018984.22445425 2300.0 128.0 91940.0#91940.0#2300_93658.0#93658.0#2300_95501.0#95501.0#2300 93665.0#93665.0#128_95509.0#95509.0#128
96000.0 99000.0 27.875283203204162 743.031179199199 349.2503939777978 997.195000000007 255.302978515625 18856.89874611387 898758.880362204 2300.0 128.0 95501.0#95501.0#2300_97688.0#97688.0#2300 97685.0#97685.0#128
99000.0 102000.0 29.215955078136176 742.696011230466 348.09690134916224 994.2390000000014 250.3740234375 21300.803504654374 872549.4303404979 2300.0 128.0 97688.0#97688.0#2300_99495.0#99495.0#2300_101693.0#101693.0#2300 99458.0#99458.0#128_101690.0#101690.0#128
102000.0 105000.0 18.840917968773283 745.2897705078067 356.0238582247616 999.8539999999921 242.4331054686918 21891.53807009169 1088912.0573058992 2300.0 128.0 101693.0#101693.0#2300_103348.0#103348.0#2300 103412.0#103412.0#128
105000.0 108000.0 13.057121093734168 746.7357197265665 357.8160043062353 999.9780000000028 238.833984375 19330.0287766854 875364.6986328624 2300.0 128.0 103348.0#103348.0#2300_105196.0#105196.0#2300_107338.0#107338.0#2300 105192.0#105192.0#128_107336.0#107336.0#128
108000.0 111000.0 17.43788671877701 745.6405283203057 361.28255711246004 997.8009999999776 229.97509765625 21809.740699165057 1061450.2911951786 2300.0 128.0 107338.0#107338.0#2300_109107.0#109107.0#2300_110940.0#110940.0#2300 109186.0#109186.0#128_110952.0#110952.0#128
111000.0 114000.0 582.7232031251187 805.758932291627 32.15748942416231 832.1449999999604 769.939902343729 18227.354214464565 830081.5757315883 2300.0 128.0 110940.0#110940.0#2300_113185.0#113185.0#2300 110952.0#110952.0#128_113183.0#113183.0#128
114000.0 117000.0 17.441941406170372 745.6395146484574 385.93946432299333 997.8649999999907 182.31710546882823 21851.94862893307 996797.2972594947 2300.0 128.0 113185.0#113185.0#2300_114749.0#114749.0#2300_116692.0#116692.0#2300 114683.0#114683.0#128_116689.0#116689.0#128
117000.0 120000.0 10.496833984332625 747.3757915039168 381.97089916635053 999.4600000000792 192.10304687498137 20398.456130135964 961120.5629140344 2300.0 128.0 116692.0#116692.0#2300_118683.0#118683.0#2300 118682.0#118682.0#128
120000.0 123000.0 17.00211718759965 745.7494707031001 376.32494704350347 996.5169999999925 199.96988085936755 18523.057641182026 777797.6161319469 2300.0 128.0 118683.0#118683.0#2300_120558.0#120558.0#2300 120563.0#120563.0#128
123000.0 126000.0 46.79407617193647 738.3014809570159 392.6095463838192 998.130999999994 168.2549980469048 21700.316578252186 1035165.4053131752 2300.0 128.0 123166.0#123166.0#2300_124857.0#124857.0#2300 123165.0#123165.0#128_124681.0#124681.0#128
126000.0 129000.0 820.133925781236 726.622024739588 447.7448578060027 996.5329999999958 209.78107421874302 16381.719377840513 764663.13839403 2300.0 128.0 124857.0#124857.0#2300_126534.0#126534.0#2300 126659.0#126659.0#128
129000.0 132000.0 245.16673828131752 918.2777539062275 131.38226996685253 996.3919999999925 766.5932617186918 21473.644464392713 931259.7364229157 2300.0 128.0 129406.0#129406.0#2300_131410.0#131410.0#2300 129404.0#129404.0#128_130182.0#130182.0#128
132000.0 135000.0 13.40826367191039 746.6479340820224 362.58337604476566 999.9780000000028 230.45773828122765 22177.636030134727 1102347.7157965926 2300.0 128.0 131410.0#131410.0#2300_133064.0#133064.0#2300_134663.0#134663.0#2300 132181.0#132181.0#128_134179.0#134179.0#128
135000.0 138000.0 13.708068359293975 746.5729829101765 356.95620699142165 999.439000000013 241.61800195311662 23549.065429470502 1072644.748879786 2300.0 128.0 134663.0#134663.0#2300_136619.0#136619.0#2300_137938.0#137938.0#2300 136183.0#136183.0#128
138000.0 141000.0 20.60098437499255 744.8497539062519 352.2746240686047 999.814000000013 251.38807031250326 21916.19442448095 1056226.9343996018 2300.0 128.0 136619.0#136619.0#2300_137938.0#137938.0#2300_139623.0#139623.0#2300 138076.0#138076.0#128_139634.0#139634.0#128
141000.0 144000.0 15.503988281299826 746.124002929675 347.33826385449674 999.3819999999832 262.2740546875284 17904.21579879113 819696.4558174093 2300.0 128.0 139623.0#139623.0#2300_142182.0#142182.0#2300_143630.0#143630.0#2300 142180.0#142180.0#128_143681.0#143681.0#128
144000.0 147000.0 20.55183789046714 744.8620405273832 343.5979771477273 996.8570000000764 268.49004296882777 19913.54502956399 920566.3505024808 2300.0 128.0 143630.0#143630.0#2300_145688.0#145688.0#2300 145687.0#145687.0#128
147000.0 150000.0 34.484052734449506 741.3789868163876 339.1351219516812 998.6759999999776 278.8158808593871 22238.163060801424 1026783.7821593309 2300.0 128.0 145688.0#145688.0#2300_147530.0#147530.0#2300_149248.0#149248.0#2300 147413.0#147413.0#128_149263.0#149263.0#128
150000.0 153000.0 31.482103515591007 742.1294741211022 331.79481648244024 997.9199999999837 300.02293359377654 18686.719740071116 824286.8383992822 2300.0 128.0 149248.0#149248.0#2300_151691.0#151691.0#2300 151688.0#151688.0#128
153000.0 156000.0 217.4828828125028 695.6292792968743 325.59129651039837 999.7689999999711 325.21103710937314 19797.49864448517 903536.4204406805 2300.0 128.0 151691.0#151691.0#2300_153324.0#153324.0#2300_155547.0#155547.0#2300 153336.0#153336.0#128_155546.0#155546.0#128
156000.0 159000.0 23.565082031302154 744.1087294921745 292.9786868726103 997.3250000000116 466.38391992187826 21652.166682288065 992799.5917255242 2300.0 128.0 155547.0#155547.0#2300_157284.0#157284.0#2300 157180.0#157180.0#128
159000.0 162000.0 19.395070312544703 745.1512324218638 290.9283248500478 997.795999999973 483.5150019531138 20560.75489048804 958725.7056897687 2300.0 128.0 159182.0#159182.0#2300_160950.0#160950.0#2300 159181.0#159181.0#128_160963.0#160963.0#128
162000.0 165000.0 7.654867187608033 748.086283203098 290.6528833161413 999.8849999999511 496.13507226557704 20470.547739220623 889580.7656398312 2300.0 128.0 160950.0#160950.0#2300_162907.0#162907.0#2300 163047.0#163047.0#128
165000.0 168000.0 23.94616992183728 744.0134575195407 293.2727032324378 999.1530000000494 487.962890625 20592.755722816008 917357.267966775 2300.0 128.0 165450.0#165450.0#2300_167301.0#167301.0#2300 165448.0#165448.0#128_166684.0#166684.0#128
168000.0 171000.0 22.822919921891298 744.2942700195272 289.40911435767384 995.4430000000284 477.094970703125 22069.52970322805 1083728.371914891 2300.0 128.0 167301.0#167301.0#2300_168650.0#168650.0#2300_170551.0#170551.0#2300 168681.0#168681.0#128_170646.0#170646.0#128
171000.0 174000.0 13.581000000005588 746.6047499999986 289.4428564341543 997.9339999999502 470.594970703125 22711.971148495333 1030745.5851783728 2300.0 128.0 170551.0#170551.0#2300_172501.0#172501.0#2300 172598.0#172598.0#128
174000.0 177000.0 16.666955078137107 745.8332612304657 291.72951998877465 999.685999999987 459.416015625 18071.60048407699 791681.3943659763 2300.0 128.0 172501.0#172501.0#2300_175307.0#175307.0#2300_176960.0#176960.0#2300 175305.0#175305.0#128_176180.0#176180.0#128
177000.0 180000.0 14.157941406301688 746.4605146484246 292.18608695137357 999.1510000000126 456.2260742186918 23347.13850850226 1062035.6513022636 2300.0 128.0 175307.0#175307.0#2300_176960.0#176960.0#2300_178526.0#178526.0#2300 178686.0#178686.0#128
180000.0 183000.0 23.082183593767695 744.2294541015581 295.114380876364 998.13400000002 445.087890625 19160.956502594687 846212.5833410528 2300.0 128.0 178526.0#178526.0#2300_180098.0#180098.0#2300_182186.0#182186.0#2300 180109.0#180109.0#128_182184.0#182184.0#128
183000.0 186000.0 12.550005859404337 746.8624985351489 295.66204795385545 999.7170000000042 434.056884765625 22597.191043547453 1014541.7889436604 2300.0 128.0 182186.0#182186.0#2300_183801.0#183801.0#2300 183898.0#183898.0#128
186000.0 189000.0 15.697869140596595 746.0755327148509 295.2242778078443 997.8090000000084 426.666015625 21153.49149939582 988711.3695724054 2300.0 128.0 186184.0#186184.0#2300_188119.0#188119.0#2300 186182.0#186182.0#128_188183.0#188183.0#128
189000.0 192000.0 382.3830195313203 654.4042451171699 287.5942682897039 993.6880000000237 311.1459960936918 19000.238865747648 859514.3047607833 2300.0 128.0 188119.0#188119.0#2300_189665.0#189665.0#2300_191691.0#191691.0#2300 189682.0#189682.0#128_191688.0#191688.0#128
192000.0 195000.0 14.628072265652008 746.342981933587 331.05437126152765 999.9689999999246 302.971923828125 21642.02436312882 1013756.3288157802 2300.0 128.0 191691.0#191691.0#2300_193460.0#193460.0#2300 193521.0#193521.0#128
195000.0 198000.0 54.71485351561569 736.3212866210961 345.67865244890805 996.1790000000037 264.3720703125 22188.59939106677 975980.7119545316 2300.0 128.0 193460.0#193460.0#2300_195689.0#195689.0#2300_197420.0#197420.0#2300 195686.0#195686.0#128_197439.0#197439.0#128
198000.0 201000.0 16.86917187506333 745.7827070312342 352.1271063237009 999.6539999999804 251.6708984375 24602.342988376677 1092228.4372752423 2300.0 128.0 197420.0#197420.0#2300_199249.0#199249.0#2300 199259.0#199259.0#128
201000.0 204000.0 17.405923828133382 745.6485190429667 356.42872014516007 997.716999999946 241.323974609375 23843.370283640947 1038505.0650555453 2300.0 128.0 199249.0#199249.0#2300_201191.0#201191.0#2300_203127.0#203127.0#2300 201187.0#201187.0#128_203183.0#203183.0#128
204000.0 207000.0 633.2486933593173 788.917102213561 221.80360357431482 998.5 556.6380253906827 18634.072731224187 857160.1104345707 2300.0 128.0 203127.0#203127.0#2300_205183.0#205183.0#2300_206922.0#206922.0#2300 205181.0#205181.0#128_206928.0#206928.0#128
207000.0 210000.0 50.306396484491415 737.4234008788771 380.98326683898296 995.1459999999497 188.07771874999162 20092.816297167406 893294.7941264887 2300.0 128.0 206922.0#206922.0#2300_209187.0#209187.0#2300 206928.0#206928.0#128_209185.0#209185.0#128
210000.0 213000.0 14.01188476558309 746.4970288086042 363.24811908098025 998.6049999999814 226.6941152344225 22411.114646945447 1015808.2056581152 2300.0 128.0 209187.0#209187.0#2300_211004.0#211004.0#2300_212686.0#212686.0#2300 210682.0#210682.0#128_212683.0#212683.0#128
213000.0 216000.0 12.95909179688897 746.7602270507778 360.39385509285484 997.89300000004 232.5779999999795 21760.667635986378 1039251.7057604948 2300.0 128.0 212686.0#212686.0#2300_214688.0#214688.0#2300 214686.0#214686.0#128
216000.0 219000.0 19.01492187497206 745.246269531257 361.5136870369987 999.4930000000168 232.0560917968396 15314.138963443613 703207.9001212223 2300.0 128.0 214688.0#214688.0#2300_216690.0#216690.0#2300 216688.0#216688.0#128
219000.0 222000.0 84.76767773437314 728.8080805664067 355.8720181396447 999.3370000000577 232.65501367184334 19883.36903049729 848249.2952293548 2300.0 128.0 219318.0#219318.0#2300_221342.0#221342.0#2300 219316.0#219316.0#128_221340.0#221340.0#128
222000.0 225000.0 15.61032031243667 746.0974199218908 336.1645291326082 999.8320000000531 289.12869140622206 22880.94096109128 1057196.4553956005 2300.0 128.0 221342.0#221342.0#2300_222967.0#222967.0#2300_224412.0#224412.0#2300 222181.0#222181.0#128_224571.0#224571.0#128
225000.0 228000.0 20.444945312454365 744.8887636718864 331.22239077279863 997.185999999987 299.3370117187733 22881.077241272727 1087127.6326109127 2300.0 128.0 224412.0#224412.0#2300_226252.0#226252.0#2300 226184.0#226184.0#128
228000.0 231000.0 16.218132812529802 745.9454667968675 325.29170780467297 998.8449999999721 313.1189570312854 19659.503463652512 886756.4485219838 2300.0 128.0 228014.0#228014.0#2300_230185.0#230185.0#2300 228028.0#228028.0#128_230184.0#230184.0#128
231000.0 234000.0 19.469822265557013 745.1325444336107 323.6239402555279 997.5570000000298 320.0980898437556 23618.329060076314 1118520.6113848428 2300.0 128.0 230185.0#230185.0#2300_232141.0#232141.0#2300 232182.0#232182.0#128
234000.0 237000.0 16.898976562544703 745.7752558593638 319.80442843116793 999.1509999999544 330.80191210936755 19072.53340129568 870896.9865548658 2300.0 128.0 232141.0#232141.0#2300_234009.0#234009.0#2300_236194.0#236194.0#2300 234166.0#234166.0#128_236191.0#236191.0#128
237000.0 240000.0 19.18283593747765 745.2042910156306 316.567102413029 996.7060000000056 336.79088867187966 22995.204909775177 1093374.2870311253 2300.0 128.0 236194.0#236194.0#2300_237709.0#237709.0#2300_239542.0#239542.0#2300 237680.0#237680.0#128_239550.0#239550.0#128
240000.0 243000.0 49.15227539069019 737.7119311523275 313.6515807667143 997.4239999999991 346.18372460932005 23416.812405244375 1001963.4405096755 2300.0 128.0 239542.0#239542.0#2300_241337.0#241337.0#2300 241334.0#241334.0#128
243000.0 246000.0 182.16611132817343 704.4584721679566 340.98892530345404 999.4409999999916 367.670999999973 19218.198769554503 864030.0571796264 2300.0 128.0 241337.0#241337.0#2300_243905.0#243905.0#2300_245549.0#245549.0#2300 243904.0#243904.0#128_245405.0#245405.0#128
246000.0 249000.0 14.029615234467201 746.4925961913832 294.47744637162134 999.9529999999795 444.4052734375 22219.94237837944 1027125.7243013406 2300.0 128.0 245549.0#245549.0#2300_247379.0#247379.0#2300 247182.0#247182.0#128
249000.0 252000.0 375.26134375005495 656.1846640624863 395.2705892734427 998.8819999999832 302.6279296875 20149.70159155348 914692.7541856716 2300.0 128.0 247379.0#247379.0#2300_249690.0#249690.0#2300_251414.0#251414.0#2300 249687.0#249687.0#128_251410.0#251410.0#128
252000.0 255000.0 9.518847656203434 747.6202880859491 333.2683978642755 999.9150000000373 295.55908203125 23021.799833783025 1082396.8130500736 2300.0 128.0 251414.0#251414.0#2300_253197.0#253197.0#2300_254877.0#254877.0#2300 253181.0#253181.0#128_254894.0#254894.0#128
255000.0 258000.0 649.0099921874935 783.6633359375022 87.5461902586232 877.2789999999804 703.8189179687761 17405.068248516618 769989.4215911184 2300.0 128.0 254877.0#254877.0#2300_257315.0#257315.0#2300 254894.0#254894.0#128_257313.0#257313.0#128
258000.0 261000.0 9.386066406266764 747.6534833984333 365.6551010648768 999.8070000000298 224.37491015624255 23887.930320994703 1054966.6715268912 2300.0 128.0 257315.0#257315.0#2300_259022.0#259022.0#2300_260775.0#260775.0#2300 259117.0#259117.0#128_260803.0#260803.0#128
261000.0 264000.0 11.095921874977648 747.2260195312556 361.356594295114 998.4899999999907 231.66297656251118 21030.201107263067 994798.3943981552 2300.0 128.0 260775.0#260775.0#2300_262687.0#262687.0#2300 260803.0#260803.0#128_262682.0#262682.0#128
264000.0 267000.0 13.323111328063533 746.6692221679841 358.19457090134983 997.783000000054 237.47289843752515 23281.23244242325 1044151.6991711525 2300.0 128.0 262687.0#262687.0#2300_264414.0#264414.0#2300_266368.0#266368.0#2300 264505.0#264505.0#128_266374.0#266374.0#128
267000.0 270000.0 584.5640703124227 603.8589824218943 383.1124928925994 994.9810000000289 242.41800976567902 18594.497000188676 851217.7601669694 2300.0 128.0 266368.0#266368.0#2300_268689.0#268689.0#2300 268687.0#268687.0#128
270000.0 273000.0 24.267021484323777 743.933244628919 329.74800345957954 998.3800000000047 300.9208984375 20896.501468322473 928488.1262407246 2300.0 128.0 268689.0#268689.0#2300_270292.0#270292.0#2300_272189.0#272189.0#2300 270302.0#270302.0#128_272187.0#272187.0#128
273000.0 276000.0 16.89281835942529 745.7767954101437 329.12489502198855 993.515999999945 298.007080078125 19886.079259169423 928493.4179393682 2300.0 128.0 272189.0#272189.0#2300_274183.0#274183.0#2300 274182.0#274182.0#128
276000.0 279000.0 1127.6241093750577 624.1252968749808 454.1801573556722 999.9629999999888 119.44291992182843 16930.10576099796 612143.3333585176 2300.0 128.0 274183.0#274183.0#2300_277457.0#277457.0#2300 277454.0#277454.0#128_278183.0#278183.0#128
279000.0 282000.0 17.005031250067987 745.748742187483 354.409467363407 999.5100000000093 246.35302929684985 22947.668990919945 1100379.4470692866 2300.0 128.0 277457.0#277457.0#2300_279237.0#279237.0#2300_280989.0#280989.0#2300 280183.0#280183.0#128
282000.0 285000.0 15.424982421798632 746.1437543945503 351.45912365079437 999.609000000055 252.8960605468601 22674.656230851037 1072690.1711824671 2300.0 128.0 280989.0#280989.0#2300_282743.0#282743.0#2300_284252.0#284252.0#2300 282182.0#282182.0#128_283681.0#283681.0#128
285000.0 288000.0 16.99288476561196 745.751778808597 346.23555014433487 999.5130000000354 263.9070429687854 22371.68463663321 1058325.355002519 2300.0 128.0 284252.0#284252.0#2300_285967.0#285967.0#2300_287663.0#287663.0#2300 285684.0#285684.0#128_287674.0#287674.0#128
288000.0 291000.0 15.238031250075437 746.1904921874811 342.6317347119211 996.6350000000093 270.3909277343191 22344.269524500727 999196.2732254731 2300.0 128.0 287663.0#287663.0#2300_289526.0#289526.0#2300 289648.0#289648.0#128
291000.0 294000.0 212.3469472656725 696.9132631835819 361.31170510725434 999.3490000000456 273.65195898432285 20165.265555684535 933856.8271135386 2300.0 128.0 289526.0#289526.0#2300_291600.0#291600.0#2300_293231.0#293231.0#2300 291598.0#291598.0#128_293250.0#293250.0#128
294000.0 297000.0 15.711089843767695 746.0722275390581 291.01490527721995 999.8869999999879 478.96190624998417 18824.610590672703 855510.8696573924 2300.0 128.0 293231.0#293231.0#2300_295357.0#295357.0#2300 295353.0#295353.0#128
297000.0 300000.0 20.2951250000624 744.9262187499844 292.49406769900344 998.1970000000438 485.2919960936997 21914.11585360763 1004370.27890271 2300.0 128.0 295357.0#295357.0#2300_297326.0#297326.0#2300_299179.0#299179.0#2300 297325.0#297325.0#128_299187.0#299187.0#128
