ts te idle avg_span std_span max_span min_span c_bytes_all s_bytes_all avg_video_rate avg_audio_rate video_requests_sequence audio_requests_sequence
0 3000 3000.0 0.0 0.0 0.0 0.0 0.0 0.0 0.0 0.0 - -
3000 6000 3000.0 0.0 0.0 0.0 0.0 0.0 0.0 0.0 0.0 - -
6000 9000 3000.0 0.0 0.0 0.0 0.0 0.0 0.0 0.0 0.0 - -
9000 12000 2901.372999999963 98.62700000003679  98.62700000003679 98.62700000003679 3700.0 10899.0 0.0 0.0 - -
12000 15000 163.00604492187267 945.6646516927091 88.35705731701125 999.1390000000247 843.678955078125 43845.799996065536 1963934.4267884356 1500.0 128.0 12156.0#12156.0#1500_13209.0#13209.0#1500_14008.0#14008.0#1500_14912.0#14912.0#1500 12151.0#12151.0#128_12545.0#12545.0#128_13222.0#13222.0#128_14015.0#14015.0#128_14979.0#14979.0#128
15000 18000 16.02169921877794 745.9945751953055 402.55264867793665 999.7399999999907 154.04604492185172 36312.53269673983 1710334.5672050456 1500.0 128.0 14912.0#14912.0#1500_15702.0#15702.0#1500_16450.0#16450.0#1500_17251.0#17251.0#1500 14979.0#14979.0#128_15820.0#15820.0#128_16561.0#16561.0#128_17412.0#17412.0#128
18000 21000 34.50830859376583 741.3729228515585 391.5342537541655 993.2119999999995 167.25774414063198 29941.748089099237 1501632.9066435262 1500.0 128.0 17251.0#17251.0#1500_18191.0#18191.0#1500_19111.0#19111.0#1500_19908.0#19908.0#1500_20853.0#20853.0#1500 18202.0#18202.0#128_19203.0#19203.0#128_20068.0#20068.0#128
21000 24000 1128.1500605468173 467.9624848632957 368.4966433226141 997.4490000000224 182.59605273441412 21409.55389895206 1007015.7719814295 2000.0 128.0 20853.0#20853.0#1500_21602.0#21602.0#1500_23573.0#23573.0#3000 22049.0#22049.0#128_23567.0#23567.0#128
24000 27000 17.358765624987427 745.6603085937531 297.7316196831148 998.4720000000088 420.72412109375 25044.21792771287 1258131.8244089023 3000.0 128.0 23573.0#23573.0#3000_25562.0#25562.0#3000 25557.0#25557.0#128
27000 30000 26.293226562440395 743.4266933593899 300.06040409441295 998.5450000000419 412.44189453125 23519.011619306926 1182911.594753972 3000.0 128.0 27565.0#27565.0#3000_29562.0#29562.0#3000 27561.0#27561.0#128_29557.0#29557.0#128
30000 33000 10.448992187331896 747.387751953167 298.66089055139224 998.6060000000871 407.77490234375 23043.087555145514 1297141.539890535 3000.0 128.0 29562.0#29562.0#3000_31562.0#31562.0#3000 31555.0#31555.0#128
33000 36000 13.935017578129191 746.5162456054677 297.0363290596765 995.7619999999879 406.556884765625 22670.555240391834 1264311.745294795 3000.0 128.0 33080.0#33080.0#3000_35066.0#35066.0#3000 33075.0#33075.0#128_35064.0#35064.0#128
36000 39000 543.6188847656013 818.7937050781329 207.87915801317465 999.204000000027 591.4651152343722 18537.492976586193 1035225.6230333594 3000.0 128.0 35066.0#35066.0#3000_37093.0#37093.0#3000 37088.0#37088.0#128
39000 42000 67.57606054685311 977.4746464843823 38.505340854873786 999.875 933.012939453125 27177.024976727742 1514880.3327227603 3000.0 128.0 39066.0#39066.0#3000_40792.0#40792.0#3000 39059.0#39059.0#128_41079.0#41079.0#128
42000 45000 483.2289394532563 629.1927651366859 454.47892349024494 998.9529999999213 65.57906054687919 17503.975023272258 888661.6672772395 3000.0 128.0 40792.0#40792.0#3000_43059.0#43059.0#3000 43052.0#43052.0#128
45000 48000 110.05005273438292 963.3166490885391 60.83317452982951 999.9969999999157 893.095947265625 23503.364477527175 1377364.1764892845 3000.0 128.0 45104.0#45104.0#3000_46749.0#46749.0#3000 45099.0#45099.0#128_47109.0#47109.0#128
48000 51000 14.663853515696246 746.3340366210759 429.80334744423794 996.9979999999632 106.33405273442622 20680.47004087357 1186962.9195092397 3000.0 128.0 46749.0#46749.0#3000_48617.0#48617.0#3000_50642.0#50642.0#3000 48605.0#48605.0#128_50636.0#50636.0#128
51000 54000 11.596203124965541 747.1009492187586 426.0804716798153 998.6390000000247 113.4929062500014 25552.83663660314 1403767.8378759967 3000.0 128.0 50642.0#50642.0#3000_52490.0#52490.0#3000 52272.0#52272.0#128
54000 57000 406.522880859382 648.3692797851545 387.13247619366155 999.265000000014 119.88610937498743 20575.503903332552 1066023.3001876192 3000.0 128.0 52490.0#52490.0#3000_54240.0#54240.0#3000_56598.0#56598.0#3000 54256.0#54256.0#128_56591.0#56591.0#128
57000 60000 11.508925781294238 747.1227685546764 412.72971670501425 999.8589999999967 136.82899023441132 24926.021171224216 1283628.8986486052 3000.0 128.0 56598.0#56598.0#3000_58293.0#58293.0#3000 58287.0#58287.0#128
60000 63000 18.670017578231636 745.3324956054421 405.54239974074693 999.2409999999218 147.15191601560218 28782.770124094124 1389068.0047297685 3000.0 128.0 60098.0#60098.0#3000_62083.0#62083.0#3000 60092.0#60092.0#128_62078.0#62078.0#128
63000 66000 49.47275000001537 737.6318124999962 397.8788733569675 999.2210000000196 157.8789335937472 26508.794440875557 1279583.8627885254 3000.0 128.0 62083.0#62083.0#3000_64061.0#64061.0#3000_65724.0#65724.0#3000 64056.0#64056.0#128
66000 69000 58.62221289065201 735.344446777337 368.38817342391343 999.1849999999977 199.04368359374348 23900.15094768933 1193382.5979320118 3000.0 128.0 65724.0#65724.0#3000_68061.0#68061.0#3000 66108.0#66108.0#128_68057.0#68057.0#128
69000 72000 26.956808593764435 743.2607978515589 375.10592680361145 998.6809999999823 203.82889648439595 25137.844535229815 1259864.67361612 3000.0 128.0 68061.0#68061.0#3000_70078.0#70078.0#3000_71570.0#71570.0#3000 70074.0#70074.0#128
72000 75000 11.668976562446915 747.0827558593883 364.9746506781462 999.4050000000279 224.75370507815387 28382.5485470965 1402707.9067080799 3000.0 128.0 71570.0#71570.0#3000_73564.0#73564.0#3000 72056.0#72056.0#128_73559.0#73559.0#128
75000 78000 466.12431250006193 633.4689218749845 438.56066096096623 995.734999999986 109.31568164064083 22258.9539605609 1114225.5268594758 3000.0 128.0 73564.0#73564.0#3000_75570.0#75570.0#3000_77565.0#77565.0#3000 75564.0#75564.0#128_77558.0#77558.0#128
78000 81000 22.736074218701106 744.3159814453247 296.75189212659603 998.0040000000154 419.929931640625 25548.30111548025 1340168.2675503716 3000.0 128.0 77565.0#77565.0#3000_79561.0#79561.0#3000 79557.0#79557.0#128
81000 84000 9.827656249981374 747.5430859375047 298.01303017577993 999.3800000000047 414.457275390625 26958.57868054941 1349826.355321646 3000.0 128.0 79561.0#79561.0#3000_81278.0#81278.0#3000_83064.0#83064.0#3000 81561.0#81561.0#128_83058.0#83058.0#128
84000 87000 545.1121874999953 818.2959375000015 236.5013825949014 999.335000000021 550.7127246093587 22217.06472166115 1048830.2381274083 3000.0 128.0 83064.0#83064.0#3000_85098.0#85098.0#3000 85092.0#85092.0#128
87000 90000 183.49499023449607 704.126252441376 412.5598094243045 987.9469999999274 91.0919121093466 20129.669703500782 891322.7886971466 3000.0 128.0 87073.0#87073.0#3000_89085.0#89085.0#3000 87069.0#87069.0#128_89078.0#89078.0#128_89553.0#89553.0#128
90000 93000 9.617121093790047 747.5957197265525 413.57293965446456 998.3619999999646 134.8889023437514 28532.335101017798 1527462.4736117183 3000.0 128.0 89085.0#89085.0#3000_90118.0#90118.0#3000_91139.0#91139.0#3000_92701.0#92701.0#3000 91084.0#91084.0#128_92802.0#92802.0#128
93000 96000 19.25808203133056 745.1854794921674 410.7649215458575 998.0079999999725 137.94502343749627 24409.838135495913 1348494.1658864545 3000.0 128.0 92701.0#92701.0#3000_94584.0#94584.0#3000 94580.0#94580.0#128
96000 99000 16.81684570305515 745.7957885742362 407.9724161997605 999.5650000000023 144.30210546881426 21684.420456525095 1096964.5904867644 3000.0 128.0 94584.0#94584.0#3000_97101.0#97101.0#3000_98517.0#98517.0#3000 97093.0#97093.0#128_98559.0#98559.0#128
99000 102000 53.21797070308821 736.695507324228 392.82200400713623 999.2849999999744 159.6679511719267 23561.01198318178 1234488.342788184 3000.0 128.0 98517.0#98517.0#3000_100636.0#100636.0#3000 100631.0#100631.0#128
102000 105000 32.9927910156548 741.7518022460863 383.4747506936531 998.4319999999134 182.1129218750284 25001.653762961523 1298212.8306235364 3000.0 128.0 100636.0#100636.0#3000_102274.0#102274.0#3000_104246.0#104246.0#3000 102293.0#102293.0#128_104244.0#104244.0#128
105000 108000 33.243326171825174 741.6891684570437 375.0104485203264 999.7810000000172 196.61971289064968 25895.78860618664 1171413.8996208706 3000.0 128.0 104246.0#104246.0#3000_106081.0#106081.0#3000 106076.0#106076.0#128
108000 111000 38.0840351562947 740.4789912109263 371.7130763588685 995.3040000000037 203.80803906248184 27423.5773523758 1345803.0479445443 3000.0 128.0 108251.0#108251.0#3000_110133.0#110133.0#3000 108246.0#108246.0#128_110122.0#110122.0#128
111000 114000 20.20093164057471 744.9497670898563 364.8594906628274 999.9099999999744 222.2840742188273 24423.43839735997 1176232.3286776652 3000.0 128.0 110133.0#110133.0#3000_112064.0#112064.0#3000 112061.0#112061.0#128
114000 117000 22.621886718668975 744.3445283203328 363.3379282915677 999.4220000000787 227.4160058593843 34285.31034539637 1528561.3658316568 3000.0 128.0 114106.0#114106.0#3000_115683.0#115683.0#3000 114099.0#114099.0#128_115707.0#115707.0#128
117000 120000 50.66911132825771 737.3327221679356 351.9234114774604 996.3709999999264 242.88789257814642 23997.674883203203 1149687.7195061182 3000.0 128.0 115683.0#115683.0#3000_118109.0#118109.0#3000_119678.0#119678.0#3000 118102.0#118102.0#128_119712.0#119712.0#128
120000 123000 20.424019531230442 744.8939951171924 343.6402450984448 999.6350000000093 269.9440039062756 25680.640245385635 1294101.4810753302 3000.0 128.0 119678.0#119678.0#3000_121576.0#121576.0#3000 121568.0#121568.0#128
123000 126000 1724.4110722656478 425.19630924478406 422.26507023597486 901.201904296875 95.69599999999627 13700.774416466138 495766.68700631394 3000.0 128.0 121576.0#121576.0#3000_125223.0#125223.0#3000 125217.0#125217.0#128
126000 129000 2103.1859042968717 448.40704785156413 497.25721984793364 800.0210000000079 96.79309570312034 8049.663308145672 433934.71189954446 3000.0 0.0 125223.0#125223.0#3000 -
129000 132000 2484.84912109375 515.15087890625  515.15087890625 515.15087890625 6925.237070273815 202641.9388657788 4400.0 128.0 131738.0#131738.0#4400 131725.0#131725.0#128
132000 135000 579.2508789062267 806.9163736979244 281.15958314383454 976.9479999999749 482.3851210937719 35161.76292972619 1142164.0611342213 1112.0 128.0 131738.0#131738.0#4400_132102.0#132102.0#288_132530.0#132530.0#288_132685.0#132685.0#288_132927.0#132927.0#840_133339.0#133339.0#840_133969.0#133969.0#840 132095.0#132095.0#128_132376.0#132376.0#128_132606.0#132606.0#128_132840.0#132840.0#128_133040.0#133040.0#128_133492.0#133492.0#128_134038.0#134038.0#128
135000 138000 247.35589453129796 917.548035156234 71.81769188754161 999.5430000000051 865.8081054686918 20908.162835314408 907703.2836047176 2250.0 128.0 135102.0#135102.0#1500_137080.0#137080.0#3000 135090.0#135090.0#128_137067.0#137067.0#128
138000 141000 12.47700000012992 746.8807499999675 416.05440640642394 999.7679999999236 130.74289453122765 24831.315469214573 1284026.839290265 3000.0 128.0 137080.0#137080.0#3000_139116.0#139116.0#3000_140642.0#140642.0#3000 139109.0#139109.0#128_140743.0#140743.0#128
141000 144000 9.913218750152737 747.5216953124618 410.6818833921689 999.4020000000019 140.47089453117223 26863.669418948924 1329162.5334707662 3000.0 128.0 140642.0#140642.0#3000_142560.0#142560.0#3000 142558.0#142558.0#128
144000 147000 120.94680859375512 719.7632978515612 407.0249723674273 998.8729999999632 129.54911328130402 25378.04021034862 1184397.0772342184 3000.0 128.0 142560.0#142560.0#3000_145057.0#145057.0#3000_146436.0#146436.0#3000 145051.0#145051.0#128_146565.0#146565.0#128
147000 150000 188.24917382805143 702.9377065429871 359.1874595381598 999.4469999999856 227.21792187500978 25369.514486069857 1184812.2456605365 3000.0 128.0 146436.0#146436.0#3000_148803.0#148803.0#3000 148798.0#148798.0#128
150000 153000 348.49283398425905 662.8767915039352 320.0919603759353 999.7020000000484 345.4030957031064 23242.323522579885 1187780.7356869376 3000.0 128.0 148803.0#148803.0#3000_150216.0#150216.0#3000_152569.0#152569.0#3000 150382.0#150382.0#128_152561.0#152561.0#128
153000 156000 11.320123046869412 747.1699692382826 294.92798793623234 998.8680000000168 432.095947265625 29265.591614966503 1428865.7698141935 3000.0 128.0 152569.0#152569.0#3000_154296.0#154296.0#3000 154289.0#154289.0#128
156000 159000 11.202863281185273 747.1992841797037 296.01898137613375 999.7939999999944 424.236083984375 25538.300348933262 1244496.219698185 3000.0 128.0 156097.0#156097.0#3000_158062.0#158062.0#3000 156093.0#156093.0#128_158057.0#158057.0#128
159000 162000 450.7110839843517 849.762972005216 238.5250030145715 998.2529999999679 574.6269160156953 24858.082093623972 1171704.2955401803 3000.0 128.0 158062.0#158062.0#3000_160088.0#160088.0#3000 160081.0#160081.0#128
162000 165000 104.76911914063385 965.0769602864553 51.530312882346266 995.3439999999828 905.577880859375 31252.116992924668 1527176.628388652 3000.0 128.0 162102.0#162102.0#3000_163779.0#163779.0#3000 162092.0#162092.0#128_163803.0#163803.0#128
165000 168000 18.627908203110565 745.3430229492224 437.7185746601118 999.5480000000098 93.44111914059613 23059.209207178275 1217545.1195399717 3000.0 128.0 163779.0#163779.0#3000_166095.0#166095.0#3000_167535.0#167535.0#3000 166090.0#166090.0#128_167579.0#167579.0#128
168000 171000 23.138880859303754 744.2152797851741 427.50946125999786 999.2490000000107 109.59602734376676 28360.454401560943 1336314.6395077785 3000.0 128.0 167535.0#167535.0#3000_169589.0#169589.0#3000 169583.0#169583.0#128
171000 174000 56.725124999997206 735.8187187500007 413.31731150817933 999.8640000000014 127.36790820310125 24480.53906006286 1162177.7345197992 3000.0 128.0 169589.0#169589.0#3000_171570.0#171570.0#3000_173612.0#173612.0#3000 171565.0#171565.0#128_173606.0#173606.0#128
174000 177000 435.66004296881147 641.0849892577971 404.81208103691984 997.2889999999898 173.38203320320463 25218.549902545714 1285615.7303599904 3000.0 128.0 173612.0#173612.0#3000_175571.0#175571.0#3000 175565.0#175565.0#128
177000 180000 564.9916777344188 608.7520805663953 471.4465658186049 999.5989999999874 48.332076171878725 25862.1111927951 1230755.7377308193 3000.0 128.0 175571.0#175571.0#3000_177613.0#177613.0#3000_179183.0#179183.0#3000 177605.0#177605.0#128_179074.0#179074.0#128
180000 183000 13.918990234378725 746.5202524414053 303.5680664461526 997.8589999999967 383.187255859375 25018.256696167937 1240173.502115131 3000.0 128.0 179183.0#179183.0#3000_181107.0#181107.0#3000 181101.0#181101.0#128
183000 186000 6.461152343661524 748.3847119140846 305.8594878546513 999.5140000000829 377.881103515625 26746.567320419595 1275372.9475401137 3000.0 128.0 183078.0#183078.0#3000_185090.0#185090.0#3000 183074.0#183074.0#128_185082.0#185082.0#128
186000 189000 6.913167968741618 748.2717080078146 306.89290133586144 999.664999999979 373.533935546875 28441.27509239895 1364288.0227534787 3000.0 128.0 185090.0#185090.0#3000_187073.0#187073.0#3000_188730.0#188730.0#3000 187068.0#187068.0#128_188752.0#188752.0#128
189000 192000 801.1156464843662 732.9614511718779 181.7535039050178 942.8212890625 626.1680644531152 24037.402137660556 1193292.644076229 3000.0 128.0 188730.0#188730.0#3000_191061.0#191061.0#3000 191056.0#191056.0#128
192000 195000 17.674210937460884 745.5814472656348 463.807408478658 997.460000000021 51.124710937496275 27586.831610308855 1335101.2754741174 3000.0 128.0 191061.0#191061.0#3000_192473.0#192473.0#3000_194584.0#194584.0#3000 192584.0#192584.0#128_194580.0#194580.0#128
195000 198000 210.42907812498743 697.3927304687531 442.4482392576612 999.0069999999832 61.207921875000466 26765.686385976558 1343000.0179939189 3000.0 128.0 194584.0#194584.0#3000_196244.0#196244.0#3000 196240.0#196240.0#128
198000 201000 142.15605468751164 952.6146484374962 79.63727508279321 999.8470000000088 860.6689453125 23177.185895806295 1165155.029900444 3000.0 128.0 198632.0#198632.0#3000_200344.0#200344.0#3000 198628.0#198628.0#128_200291.0#200291.0#128
201000 204000 48.84097070316784 737.789757324208 408.16140947384827 999.5749999999534 138.35805468750186 24534.098643515223 1191564.064197906 3000.0 128.0 200344.0#200344.0#3000_202316.0#202316.0#3000 202311.0#202311.0#128
204000 207000 29.51998437498696 742.6200039062533 400.084476134761 999.8340000000317 156.95802539063152 27270.441739264304 1339233.7601762498 3000.0 128.0 204092.0#204092.0#3000_205320.0#205320.0#3000_205867.0#205867.0#3000 204087.0#204087.0#128_205061.0#205061.0#128_205913.0#205913.0#128
207000 210000 1070.975906250067 643.0080312499776 544.9064826815953 999.530999999959 15.757009765598923 19375.223495818514 910305.6424168154 3000.0 128.0 208087.0#208087.0#3000_209958.0#209958.0#3000 208083.0#208083.0#128
210000 213000 11.174181640613824 747.2064545898465 443.7084958466854 998.8029999999562 84.74491601565387 28752.396826314733 1577563.1204229458 3000.0 128.0 209958.0#209958.0#3000_211798.0#211798.0#3000 210054.0#210054.0#128_212099.0#212099.0#128
213000 216000 8.639626953052357 747.8400932617369 440.6779619584223 999.5620000000345 90.37709765625186 22716.30812538042 1058015.6367859552 3000.0 128.0 211798.0#211798.0#3000_214059.0#214059.0#3000_215484.0#215484.0#3000 214055.0#214055.0#128_215551.0#215551.0#128
216000 219000 1004.4949999999953 665.1683333333349 491.69695364360365 951.1369999999879 97.41072460939176 22529.226108743875 1085367.7763043544 3000.0 128.0 215484.0#215484.0#3000_218056.0#218056.0#3000 218052.0#218052.0#128
219000 222000 5.738162109279074 748.5654594726802 464.9478481283844 999.1940000000177 52.17872460943181 29428.283575215755 1385118.5500906906 3000.0 128.0 218056.0#218056.0#3000_219567.0#219567.0#3000_221564.0#221564.0#3000 219548.0#219548.0#128_221559.0#221559.0#128
222000 225000 12.89019921864383 746.777450195339 462.4327195358786 996.5990000000456 54.26388671877794 27302.300492961607 1313263.4018962057 3000.0 128.0 221564.0#221564.0#3000_223568.0#223568.0#3000 223561.0#223561.0#128
225000 228000 681.6969199217856 579.5757700195536 425.36857216442235 997.8270000000484 56.075085937511176 21516.801899795508 1083538.935027047 3000.0 128.0 223568.0#223568.0#3000_225183.0#225183.0#3000_227581.0#227581.0#3000 225087.0#225087.0#128_227576.0#227576.0#128
228000 231000 9.37867773429025 747.6553305664274 297.70701333581604 999.734000000055 417.29931640625 27574.121173816893 1432829.7051964644 3000.0 128.0 227581.0#227581.0#3000_229130.0#229130.0#3000 229124.0#229124.0#128
231000 234000 12.694412109442055 746.8263969726395 300.13403707633796 999.7419999999693 406.576904296875 25961.754738568583 1313210.9562727832 3000.0 128.0 231063.0#231063.0#3000_232722.0#232722.0#3000 231058.0#231058.0#128_233149.0#233149.0#128
234000 237000 1047.4329042969039 650.8556985676987 305.66831063593236 995.0949999999721 411.2260957030812 19515.857284798287 949129.4213121386 3000.0 128.0 232722.0#232722.0#3000_235074.0#235074.0#3000 235068.0#235068.0#128
237000 240000 86.0400390625 971.3199869791666 47.510622801319506 998.9560000000056 916.4599609375 29232.89115179517 1546007.8442847934 3000.0 128.0 237082.0#237082.0#3000_238628.0#238628.0#3000 237078.0#237078.0#128_238613.0#238613.0#128
240000 243000 538.6379609375726 615.3405097656068 453.5989352439471 999.1049999999814 83.06903906248044 20824.10884820483 949188.1557152068 3000.0 128.0 238628.0#238628.0#3000_240451.0#240451.0#3000 240608.0#240608.0#128
243000 246000 1641.2328984375345 679.3835507812328 433.3566829956495 985.8129999999655 372.9541015625 18034.838013412125 657469.4911992183 1500.0 128.0 244606.0#244606.0#1500_245582.0#245582.0#1500 244600.0#244600.0#128_245304.0#245304.0#128
246000 249000 581.5440175781259 806.1519941406247 161.0295968754744 928.9969999999739 623.8478984375251 24527.224081090215 1178752.5414247105 2000.0 128.0 245582.0#245582.0#1500_246535.0#246535.0#1500_248291.0#248291.0#3000 246562.0#246562.0#128_248281.0#248281.0#128
249000 252000 28.274988281307742 742.9312529296731 413.5961160421731 999.7029999999795 132.92591601563618 27792.986778928247 1200592.0815800042 3000.0 128.0 248291.0#248291.0#3000_250120.0#250120.0#3000 250116.0#250116.0#128
252000 255000 41.55383398430422 739.611541503924 398.3663463066992 994.7889999999898 155.4309042969253 27852.433780305306 1416028.397139521 3000.0 128.0 252112.0#252112.0#3000_254063.0#254063.0#3000 252106.0#252106.0#128_254058.0#254058.0#128
255000 258000 36.75829101563431 740.8104272460914 383.11902864236845 995.7269999999553 182.01773828128353 23907.128254217198 1138587.5971873323 3000.0 128.0 254063.0#254063.0#3000_256077.0#256077.0#3000 256071.0#256071.0#128
258000 261000 25.425976562546566 743.6435058593634 377.3335592816338 998.2219999999506 197.96502929693088 25239.064902345337 1190366.0103329723 3000.0 128.0 258054.0#258054.0#3000_260067.0#260067.0#3000 258050.0#258050.0#128_260063.0#260063.0#128
261000 264000 989.4069941405905 670.1976686198032 410.0368476774394 999.4799999999814 210.92100585938897 20903.32418970157 1058357.8811362411 3000.0 128.0 260067.0#260067.0#3000_261519.0#261519.0#3000 261546.0#261546.0#128
264000 267000 100.68690234376118 966.4376992187463 51.39182450197804 996.7439999999478 907.10009765625 31672.009333063528 1548482.850731725 3000.0 128.0 264092.0#264092.0#3000_265620.0#265620.0#3000 264087.0#264087.0#128_265549.0#265549.0#128
267000 270000 58.407835937454365 735.3980410156364 433.30959442428224 995.935999999987 91.64290234376676 21519.02938994246 1136079.139230466 3000.0 128.0 265620.0#265620.0#3000_267578.0#267578.0#3000_269578.0#269578.0#3000 267575.0#267575.0#128_269552.0#269552.0#128
270000 273000 226.27426171884872 693.4314345702878 409.0282796841538 999.8020000000251 133.82473828119691 28822.96127699401 1404762.010037809 3000.0 128.0 269578.0#269578.0#3000_271178.0#271178.0#3000 271585.0#271585.0#128
273000 276000 564.3380039061885 811.8873320312705 324.1032513863831 999.704000000027 437.64599609375 22583.283003863777 1147616.7702936146 3000.0 128.0 273561.0#273561.0#3000_275168.0#275168.0#3000 273555.0#273555.0#128_275602.0#275602.0#128
276000 279000 9.554087890661322 747.6114780273347 293.88856230937296 999.3860000000568 432.430908203125 26025.54911716692 1333584.9727771324 3000.0 128.0 275168.0#275168.0#3000_277080.0#277080.0#3000 277077.0#277077.0#128
279000 282000 25.021023437497206 743.7447441406257 295.7180528875169 996.0080000000307 420.181884765625 24068.546787364503 1130004.22564878 3000.0 128.0 279101.0#279101.0#3000_281067.0#281067.0#3000 279091.0#279091.0#128_281062.0#281062.0#128
282000 285000 11.749585937592201 747.062603515602 296.3193986783266 999.359999999986 417.331298828125 30319.754738070056 1527450.3016607119 3000.0 128.0 281067.0#281067.0#3000_282765.0#282765.0#3000_284631.0#284631.0#3000 283097.0#283097.0#128_284582.0#284582.0#128
285000 288000 793.2324140624842 735.5891953125052 170.21336696297257 918.681884765625 582.15270117193 22069.110744944846 1098040.4472779604 3000.0 128.0 284631.0#284631.0#3000_287086.0#287086.0#3000 287080.0#287080.0#128
288000 291000 83.51599804696161 729.1210004882596 436.0240778187688 997.7739999999758 80.55711523431819 26003.754651553965 1265959.0999182651 3000.0 128.0 287086.0#287086.0#3000_288673.0#288673.0#3000_290648.0#290648.0#3000 288601.0#288601.0#128_290635.0#290635.0#128
291000 294000 14.124982421984896 746.4687543945038 415.07303600379703 999.7929999999469 131.95711328124162 25482.722080835993 1308914.4035131377 3000.0 128.0 290648.0#290648.0#3000_292310.0#292310.0#3000 292618.0#292618.0#128
294000 297000 84.09587695309892 728.9760307617253 402.156790686936 999.2460000000428 136.62409570312593 24934.838927593544 1319918.9053487778 3000.0 128.0 294258.0#294258.0#3000_296245.0#296245.0#3000 294254.0#294254.0#128_296237.0#296237.0#128
297000 300000 45.353990234434605 738.6615024413913 382.38336261141393 999.1679999999469 177.2039726562798 23707.891351548707 1057650.0735618626 3000.0 128.0 296245.0#296245.0#3000_298585.0#298585.0#3000 298579.0#298579.0#128
