ts te idle avg_span std_span max_span min_span c_bytes_all s_bytes_all avg_video_rate avg_audio_rate video_requests_sequence audio_requests_sequence
0 3000 3000.0 0.0 0.0 0.0 0.0 0.0 0.0 0.0 0.0 - -
3000 6000 3000.0 0.0 0.0 0.0 0.0 0.0 0.0 0.0 0.0 - -
6000 9000 3000.0 0.0 0.0 0.0 0.0 0.0 0.0 0.0 0.0 - -
9000 12000 3000.0 0.0 0.0 0.0 0.0 0.0 0.0 0.0 0.0 - -
12000 15000 3000.0 0.0 0.0 0.0 0.0 0.0 0.0 0.0 0.0 - -
15000 18000 3000.0 0.0 0.0 0.0 0.0 0.0 0.0 0.0 0.0 - -
18000 21000 3000.0 0.0 0.0 0.0 0.0 0.0 0.0 0.0 0.0 - -
21000 24000 3000.0 0.0 0.0 0.0 0.0 0.0 0.0 0.0 0.0 - -
24000 27000 1334.694894531247 832.6525527343765 196.00214699265175 971.247000000003 694.05810546875 22958.975676864495 838992.4360978873 1104.0 128.0 25470.0#25470.0#1500_25475.0#25475.0#1500_26305.0#26305.0#840_26310.0#26310.0#840_26799.0#26799.0#840 25459.0#25459.0#128_25463.0#25463.0#128_26336.0#26336.0#128_26919.0#26919.0#128
27000 30000 9.135019531247963 747.716245117188 329.03156777103146 998.8910000000033 304.4788945312466 27788.478624876367 1496424.212926614 1205.0 128.0 26799.0#26799.0#840_27169.0#27169.0#840_27596.0#27596.0#840_28135.0#28135.0#840_28514.0#28514.0#840_28880.0#28880.0#840_29659.0#29659.0#2300_29662.0#29662.0#2300 26919.0#26919.0#128_27674.0#27674.0#128_27927.0#27927.0#128_28314.0#28314.0#128_28789.0#28789.0#128_29266.0#29266.0#128_29651.0#29651.0#128
30000 33000 598.0991289062513 600.4752177734372 293.33111835713794 999.5670000000027 307.55991406249814 19296.93652350595 1223501.1898601714 3700.0 128.0 29662.0#29662.0#2300_31588.0#31588.0#4400_31597.0#31597.0#4400 31583.0#31583.0#128
33000 36000 14.754638671882276 746.3113403320294 289.56199920134105 998.4989999999962 483.1013183593677 22591.778781771143 1562259.382695425 4400.0 128.0 31597.0#31597.0#4400_33710.0#33710.0#4400_35682.0#35682.0#4400 33704.0#33704.0#128_35640.0#35640.0#128
36000 39000 11.685265624997555 747.0786835937506 288.0476433213876 997.2790000000023 481.404052734375 23973.349942779212 1585578.9159378796 3466.6666666666665 128.0 35682.0#35682.0#4400_37752.0#37752.0#3000_37755.0#37755.0#3000 37677.0#37677.0#128
39000 42000 310.2889609374979 672.4277597656255 383.61961328969034 997.6900000000023 250.57694726562477 15542.06223460563 938424.6341555774 2533.3333333333335 128.0 37755.0#37755.0#3000_39635.0#39635.0#2300_41554.0#41554.0#2300 39931.0#39931.0#128_41924.0#41924.0#128
42000 45000 37.04014257812378 740.739964355469 298.8676282589033 997.4649999999965 418.52294921875 14775.198884219111 891782.2661272684 2300.0 128.0 41554.0#41554.0#2300_43578.0#43578.0#2300 41924.0#41924.0#128_43919.0#43919.0#128
45000 48000 47.07195312501426 738.2320117187464 306.00624913598784 999.2099999999919 409.39599609375 14168.543721848939 898204.2382190549 2300.0 128.0 45543.0#45543.0#2300_47525.0#47525.0#2300 45923.0#45923.0#128_47914.0#47914.0#128
48000 51000 446.5489960937557 851.1503346354148 228.12080001456073 996.4759999999951 588.226003906253 13853.675609529157 843753.7239801215 2300.0 128.0 47525.0#47525.0#2300_49536.0#49536.0#2300 47914.0#47914.0#128_49913.0#49913.0#128
51000 54000 1282.2339628906338 572.5886790364553 399.51655047608756 998.653999999995 206.37399999999616 13632.00534717317 844487.9297693663 2300.0 128.0 51524.0#51524.0#2300_53551.0#53551.0#2300 51913.0#51913.0#128_53925.0#53925.0#128
54000 57000 27.07091601564025 743.2322709960899 294.76784016492235 999.2109999999957 482.6199628906179 15120.969317946565 921220.6365353958 2300.0 128.0 53551.0#53551.0#2300_55527.0#55527.0#2300 53925.0#53925.0#128_55915.0#55915.0#128
57000 60000 27.33902148436755 743.1652446289081 295.04131383631807 998.8709999999992 473.152099609375 14392.101317607183 844522.3792610104 2300.0 128.0 57522.0#57522.0#2300_59532.0#59532.0#2300 57915.0#57915.0#128_59930.0#59930.0#128
60000 63000 43.900980468752095 739.024754882812 299.9659795988102 997.9400000000023 435.922119140625 15672.44985535642 934260.758887382 2300.0 128.0 59532.0#59532.0#2300_61519.0#61519.0#2300 59930.0#59930.0#128_61909.0#61909.0#128
63000 66000 34.65014453124604 741.3374638671885 304.80938168964667 999.9130000000005 406.198974609375 14907.755337006882 903450.6059411832 2300.0 128.0 63518.0#63518.0#2300_65517.0#65517.0#2300 63913.0#63913.0#128_65913.0#65913.0#128
66000 69000 15.227998046873836 746.1930004882815 299.6148368837754 998.7939999999944 399.8759765625 15617.666656725722 938217.6368070232 2300.0 128.0 65517.0#65517.0#2300_67518.0#67518.0#2300 65913.0#65913.0#128_67911.0#67911.0#128
69000 72000 48.7298652343743 737.8175336914064 307.5087297254118 998.6870000000054 395.339111328125 14763.301317076084 891980.5893359503 2300.0 128.0 69518.0#69518.0#2300_71516.0#71516.0#2300 69912.0#69912.0#128_71912.0#71912.0#128
72000 75000 17.731824218732072 745.567043945317 302.5039119121589 997.0570000000007 386.519287109375 22799.49540643329 1481253.4943508187 2300.0 128.0 71516.0#71516.0#2300_72557.0#72557.0#2300_73705.0#73705.0#2300 71912.0#71912.0#128_72662.0#72662.0#128_73790.0#73790.0#128
75000 78000 14.742978515598224 746.3142553711004 304.135229719217 996.7229999999981 379.84130859376455 14314.46121720977 874594.4078083942 2300.0 128.0 75531.0#75531.0#2300_77524.0#77524.0#2300 75915.0#75915.0#128_77912.0#77912.0#128
78000 81000 14.325205078130239 746.4186987304674 306.7437595213702 997.9860000000044 373.631103515625 15068.587870272686 947470.4628232331 2300.0 128.0 77524.0#77524.0#2300_79533.0#79533.0#2300 77912.0#77912.0#128_79909.0#79909.0#128
81000 84000 7.318021484403289 748.1704946288992 306.80469345442566 998.724000000002 371.30908203123545 14164.96398021335 851149.3103229313 2300.0 128.0 81527.0#81527.0#2300_83527.0#83527.0#2300 81911.0#81911.0#128_83914.0#83914.0#128
84000 87000 2427.4840820312384 286.2579589843808 344.4288266839886 529.8059179687552 42.7100000000064 4905.242376978883 269578.78815731173 2300.0 128.0 83527.0#83527.0#2300 83914.0#83914.0#128
87000 90000 505.41200976559776 831.5293300781341 287.6630055466469 997.9900000000198 499.364990234375 15725.004746636578 925237.9822607477 2300.0 128.0 87531.0#87531.0#2300_89519.0#89519.0#2300 87914.0#87914.0#128_89917.0#89917.0#128
90000 93000 1358.1499902343494 547.2833365885502 425.1911719588034 995.5310000000027 149.6860000000015 14620.99525336342 860288.0177392522 2300.0 128.0 89519.0#89519.0#2300_90562.0#90562.0#2300 89917.0#89917.0#128_90648.0#90648.0#128
93000 96000 493.4577050781372 835.5140983072876 281.706699659016 998.3479999999981 510.227294921875 22087.220079101713 1340780.6854238398 2300.0 128.0 93528.0#93528.0#2300_94641.0#94641.0#2300_95766.0#95766.0#2300 93914.0#93914.0#128_94724.0#94724.0#128_95864.0#95864.0#128
96000 99000 25.77535351565166 743.5561616210871 292.4002804545651 998.2909999999974 487.9857050781138 16782.486340455114 1012392.9328420482 2300.0 128.0 95766.0#95766.0#2300_97526.0#97526.0#2300 95864.0#95864.0#128_97915.0#97915.0#128
99000 102000 50.14095703123894 737.4647607421903 290.40042353959205 996.6860000000015 470.458984375 15286.818780040985 915086.6166244473 2300.0 128.0 99523.0#99523.0#2300_101576.0#101576.0#2300 99913.0#99913.0#128_101914.0#101914.0#128
102000 105000 12.909724609358818 746.7725688476603 290.7157704546249 999.1630000000005 465.541259765625 15428.013503399341 900557.4504658742 2300.0 128.0 101576.0#101576.0#2300_103532.0#103532.0#2300 101914.0#101914.0#128_103913.0#103913.0#128
105000 108000 84.67717187499511 728.8307070312512 302.62193506758774 998.3699999999953 414.215087890625 14715.717477618897 872449.8891118733 2300.0 128.0 105524.0#105524.0#2300_107543.0#107543.0#2300 105915.0#105915.0#128_107912.0#107912.0#128
108000 111000 23.084095703146886 744.2289760742133 302.3850644876914 998.6380000000063 396.5419921875 15764.072792044444 983828.4766455321 2300.0 128.0 107543.0#107543.0#2300_109537.0#109537.0#2300 107912.0#107912.0#128_109920.0#109920.0#128
111000 114000 13.786890624993248 746.5532773437517 303.1428601091116 998.7549999999901 387.3291015625 14145.10994902995 832421.6371486404 2300.0 128.0 111532.0#111532.0#2300_113545.0#113545.0#2300 111917.0#111917.0#128_113916.0#113916.0#128
114000 117000 10.658031250000931 747.3354921874998 306.6436395286113 999.8530000000028 377.6220703125 24439.339959941528 1490488.2135519483 2300.0 128.0 113545.0#113545.0#2300_114722.0#114722.0#2300_115710.0#115710.0#2300 113916.0#113916.0#128_114796.0#114796.0#128_115850.0#115850.0#128
117000 120000 13.890767578122905 746.5273081054693 308.7948395910134 999.6529999999912 369.685302734375 16466.102787365344 957068.2583621853 2300.0 128.0 117527.0#117527.0#2300_119545.0#119545.0#2300 117913.0#117913.0#128_119541.0#119541.0#128
120000 123000 72.62030273437267 731.8449243164068 335.7870833899482 999.4109999999928 302.47099999999045 18195.118331002686 1067745.839823611 2766.6666666666665 128.0 119545.0#119545.0#2300_121554.0#121554.0#3000_121556.0#121556.0#3000 121541.0#121541.0#128_121551.0#121551.0#128
123000 126000 1595.1049511718738 702.4475244140631 418.10866965500213 998.0950000000012 406.800048828125 6681.041529665317 326942.4950571757 3000.0 128.0 125453.0#125453.0#3000 125440.0#125440.0#128
126000 129000 8.122124999994412 747.9694687500014 300.0948143168841 999.0119999999879 401.596923828125 25047.205139271835 1642218.4554534669 3000.0 128.0 125453.0#125453.0#3000_126673.0#126673.0#3000_128114.0#128114.0#3000 126819.0#126819.0#128_128267.0#128267.0#128
129000 132000 115.97062695311615 721.007343261721 326.2226097143483 996.0100000000093 317.529296875 20610.462568520583 1285457.8674044195 3000.0 128.0 128114.0#128114.0#3000_129745.0#129745.0#3000_131541.0#131541.0#3000 129778.0#129778.0#128_131917.0#131917.0#128
132000 135000 10.018337890622206 747.4954155273444 323.58623569114286 997.8450000000012 316.282958984375 19428.78490729242 1290569.659876093 3000.0 128.0 131541.0#131541.0#3000_133542.0#133542.0#3000 131917.0#131917.0#128_133915.0#133915.0#128
135000 138000 7.47683984375908 748.1307900390602 326.9559842596671 999.7060000000056 312.547119140625 18263.966845827803 1119977.8077495592 3000.0 128.0 133542.0#133542.0#3000_135551.0#135551.0#3000_137542.0#137542.0#3000 135928.0#135928.0#128_137919.0#137919.0#128
138000 141000 9.446031249972293 747.6384921875069 328.7585752278436 999.9260000000068 306.590087890625 19078.42119277479 1215703.1636350893 3000.0 128.0 137542.0#137542.0#3000_139540.0#139540.0#3000 137919.0#137919.0#128_139917.0#139917.0#128
141000 144000 13.237996093725087 746.6905009765687 329.9685617509793 997.8360000000102 300.944091796875 17647.112972355906 1088612.5743171338 3000.0 128.0 139540.0#139540.0#3000_141543.0#141543.0#3000_143546.0#143546.0#3000 141918.0#141918.0#128_143922.0#143922.0#128
144000 147000 53.36497851560125 736.6587553710997 325.886081437309 999.1810000000114 291.26611328125 19177.695996961294 1209967.165262036 3000.0 128.0 143546.0#143546.0#3000_145660.0#145660.0#3000 143922.0#143922.0#128_145918.0#145918.0#128
147000 150000 8.116992187511642 747.9707519531221 337.8749582891323 999.6939999999886 285.09912109375 18810.812732821538 1182371.2448860144 3000.0 128.0 145660.0#145660.0#3000_147547.0#147547.0#3000_149550.0#149550.0#3000 147932.0#147932.0#128_149915.0#149915.0#128
150000 153000 16.596212890639435 745.8509467773401 336.9770230871415 995.3669999999984 281.555908203125 19555.202733762013 1212378.989633049 3000.0 128.0 149550.0#149550.0#3000_151550.0#151550.0#3000 149915.0#149915.0#128_151926.0#151926.0#128
153000 156000 14.604023437510477 746.3489941406224 340.50192789455946 998.4210000000021 276.056884765625 17660.241201918314 1081211.1967608295 3000.0 128.0 153551.0#153551.0#3000_155551.0#155551.0#3000 153916.0#153916.0#128_155918.0#155918.0#128
156000 159000 11.292632812488591 747.1768417968779 343.808756109116 999.2170000000042 269.583251953125 18859.0092429998 1242437.9479655952 3000.0 128.0 155551.0#155551.0#3000_157549.0#157549.0#3000 155918.0#155918.0#128_157928.0#157928.0#128
159000 162000 13.826333984354278 746.5434165039114 350.42120807975687 999.9580000000133 256.81591796875 17157.37351981614 1069341.674767854 3000.0 128.0 157549.0#157549.0#3000_159559.0#159559.0#3000_161550.0#161550.0#3000 159929.0#159929.0#128_161918.0#161918.0#128
162000 165000 10.42787109373603 747.393032226566 352.65373862687284 999.31700000001 251.248046875 19312.66462456811 1276758.903070863 3000.0 128.0 161550.0#161550.0#3000_163547.0#163547.0#3000 161918.0#161918.0#128_163919.0#163919.0#128
165000 168000 12.459130859439028 746.8852172851402 354.56226931765343 997.7850000000035 245.5139160155959 16606.128770764928 1027617.4772146294 3000.0 128.0 163547.0#163547.0#3000_165542.0#165542.0#3000_167544.0#167544.0#3000 165919.0#165919.0#128_167916.0#167916.0#128
168000 171000 18.772968750010477 745.3067578124974 361.46812459497926 999.3319999999949 231.5959472655959 20450.744865667857 1307943.8841132736 3000.0 128.0 167544.0#167544.0#3000_169542.0#169542.0#3000 167916.0#167916.0#128_169919.0#169919.0#128
171000 174000 10.952957031171536 747.2617607422071 362.6854438252618 998.512000000017 228.4899902344041 25856.52511367672 1654411.722796403 3000.0 128.0 169542.0#169542.0#3000_171029.0#171029.0#3000_172493.0#172493.0#3000_173916.0#173916.0#3000 171223.0#171223.0#128_172665.0#172665.0#128
174000 177000 14.003958984365454 746.4990102539086 368.0214260082887 999.5890000000072 218.83203125 23651.993450056165 1474614.1518797132 3000.0 128.0 172493.0#172493.0#3000_173916.0#173916.0#3000_175557.0#175557.0#3000 174191.0#174191.0#128_175912.0#175912.0#128
177000 180000 12.149753906240221 746.96256152344 373.9154908996406 999.7729999999865 207.75927734375 17462.60556988261 1068619.7938296588 3000.0 128.0 175557.0#175557.0#3000_177545.0#177545.0#3000_179543.0#179543.0#3000 177927.0#177927.0#128_179934.0#179934.0#128
180000 183000 11.106238281266997 747.2234404296833 373.9211662917096 999.4159999999974 206.0400390625 19991.9308535121 1277612.2641931989 3000.0 128.0 179543.0#179543.0#3000_181541.0#181541.0#3000 179934.0#179934.0#128_181918.0#181918.0#128
183000 186000 11.29803710943088 747.1754907226423 375.68919567872456 997.35699999996 202.552001953125 17101.528247967002 1084689.253372469 3000.0 128.0 181541.0#181541.0#3000_183536.0#183536.0#3000_185539.0#185539.0#3000 183918.0#183918.0#128_185917.0#185917.0#128
186000 189000 12.208029296802124 746.9479926757995 378.97112918405224 998.1089999999967 196.8969726562791 19147.321042096726 1225964.2407979823 3000.0 128.0 185539.0#185539.0#3000_187550.0#187550.0#3000 185917.0#185917.0#128_187914.0#187914.0#128
189000 192000 11.48190429690294 747.1295239257743 383.7246481921138 999.2790000000095 188.8200683593459 16943.439491761954 1054745.8696582224 3000.0 128.0 187550.0#187550.0#3000_189535.0#189535.0#3000_191544.0#191544.0#3000 189913.0#189913.0#128_191925.0#191925.0#128
192000 195000 11.1021054686571 747.2244736328357 388.34512038899487 999.9970000000321 180.2619628906541 20168.465938080575 1296622.482694372 3000.0 128.0 191544.0#191544.0#3000_193551.0#193551.0#3000 191925.0#191925.0#128_193915.0#193915.0#128
195000 198000 14.327992187492782 746.4180019531268 392.027071435283 997.9260000000068 172.219970703125 17333.020264623356 1073048.263736336 3000.0 128.0 195544.0#195544.0#3000_197555.0#197555.0#3000 195926.0#195926.0#128_197917.0#197917.0#128
198000 201000 15.668669921898982 746.0828325195253 397.65591159050877 999.2659999999742 162.13330078125 19356.30640231012 1256327.3270240505 3000.0 128.0 197555.0#197555.0#3000_199535.0#199535.0#3000 197917.0#197917.0#128_199919.0#199919.0#128
201000 204000 12.343277343694353 746.9141806640764 401.65696266640003 999.4809999999998 155.6240234375 17135.416753730067 1067800.1593524928 3000.0 128.0 199535.0#199535.0#3000_201549.0#201549.0#3000_203548.0#203548.0#3000 201916.0#201916.0#128_203929.0#203929.0#128
204000 207000 14.145998046849854 746.4635004882875 404.0595800004739 998.0049999999756 150.6760253906541 20186.512046103137 1302621.6827507324 3000.0 128.0 203548.0#203548.0#3000_205553.0#205553.0#3000 203929.0#203929.0#128_205919.0#205919.0#128
207000 210000 15.91490820312174 746.0212729492196 407.986841350408 999.0080000000016 143.6201171875 16452.34096516367 975127.0153229933 3000.0 128.0 205553.0#205553.0#3000_207541.0#207541.0#3000_209555.0#209555.0#3000 207919.0#207919.0#128_209918.0#209918.0#128
210000 213000 12.865015625022352 746.7837460937444 410.896470991003 996.9089999999851 138.5791015625 19993.02438358374 1312962.6931144285 3000.0 128.0 209555.0#209555.0#3000_211544.0#211544.0#3000 209918.0#209918.0#128_211917.0#211917.0#128
213000 216000 14.043113281222759 746.4892216796943 414.9443738645374 998.6380000000063 132.06298828125 22138.030498847096 1361112.5072972423 3000.0 128.0 211544.0#211544.0#3000_213546.0#213546.0#3000_215021.0#215021.0#3000 213928.0#213928.0#128_215175.0#215175.0#128
216000 219000 14.617101562471362 746.3457246093822 417.95241545930566 997.9649999999965 126.48388671875 24197.196824412724 1603097.6915147172 3000.0 128.0 215021.0#215021.0#3000_216513.0#216513.0#3000_217942.0#217942.0#3000 216600.0#216600.0#128_218153.0#218153.0#128
219000 222000 12.180972656205995 746.9547568359485 420.6525274752671 999.6059999999998 122.5869140625 19391.22366457719 1216007.463038155 3000.0 128.0 217942.0#217942.0#3000_219549.0#219549.0#3000_221587.0#221587.0#3000 219918.0#219918.0#128_221974.0#221974.0#128
222000 225000 273.44691406251513 908.8510286458283 79.35997316778213 999.1330000000016 850.112999999983 19226.249644626394 1152624.9104597508 2533.3333333333335 128.0 221587.0#221587.0#3000_223563.0#223563.0#2300_223569.0#223569.0#2300 221974.0#221974.0#128_223915.0#223915.0#128_223925.0#223925.0#128
225000 228000 1163.8757187500014 612.0414270833329 346.89454559142405 997.5840000000026 325.17699999999604 15296.599494726794 927112.0710713498 2300.0 128.0 225535.0#225535.0#2300_227528.0#227528.0#2300 225916.0#225916.0#128_227909.0#227909.0#128
228000 231000 25.21027343752212 743.6974316406195 295.1192192447228 999.8589999999967 485.7867187499942 15232.079963121652 871117.7075124364 2300.0 128.0 227528.0#227528.0#2300_229525.0#229525.0#2300 227909.0#227909.0#128_229909.0#229909.0#128
231000 234000 56.19906250000349 735.9502343749991 304.7277044287446 998.8649999999907 439.2939453125 14787.29388276012 848095.6095243808 2300.0 128.0 231528.0#231528.0#2300_233518.0#233518.0#2300 231914.0#231914.0#128_233911.0#233911.0#128
234000 237000 49.05503710938501 737.7362407226537 287.9744437690727 999.7039999999979 426.555908203125 15468.317587668407 953207.4828718504 2300.0 128.0 233518.0#233518.0#2300_235526.0#235526.0#2300 233911.0#233911.0#128_235909.0#235909.0#128
237000 240000 1956.4200019531127 521.7899990234437 9.420207740429452 528.4510917968873 515.12890625 5264.751593810933 288840.98387109063 2300.0 128.0 239530.0#239530.0#2300 239918.0#239918.0#128
240000 243000 22.837906249973457 744.2905234375066 290.7707811915249 996.6780000000435 484.0620937499916 24959.957477912096 1559734.145148892 2300.0 128.0 239530.0#239530.0#2300_240688.0#240688.0#2300_241828.0#241828.0#2300 239918.0#239918.0#128_240815.0#240815.0#128_241922.0#241922.0#128
243000 246000 2171.35107421875 828.64892578125  828.64892578125 828.64892578125 5041.060903198954 205035.58586791667 2300.0 128.0 245705.0#245705.0#2300 245919.0#245919.0#128
246000 249000 17.50501367187826 745.6237465820304 394.35630077483773 997.8780000000261 167.49307421874255 24346.056367190322 1546611.97392064 2300.0 128.0 245705.0#245705.0#2300_246834.0#246834.0#2300_247902.0#247902.0#2300 245919.0#245919.0#128_246915.0#246915.0#128_247923.0#247923.0#128
249000 252000 363.4858085937449 659.1285478515638 416.6253350777848 998.744000000006 145.54208789061522 15915.423118399842 919198.8763150389 2300.0 128.0 247902.0#247902.0#2300_249547.0#249547.0#2300_251530.0#251530.0#2300 249921.0#249921.0#128_251928.0#251928.0#128
252000 255000 12.909031250048429 746.7727421874879 287.9394419608983 997.8869999999879 491.674072265625 15288.992452320763 927424.399341901 2300.0 128.0 251530.0#251530.0#2300_253539.0#253539.0#2300 251928.0#251928.0#128_253919.0#253919.0#128
255000 258000 28.071041015617084 742.9822397460957 294.5975588579967 999.7000000000116 474.83203125 15013.104951346468 909570.2864483398 2300.0 128.0 255559.0#255559.0#2300_257531.0#257531.0#2300 255916.0#255916.0#128_257925.0#257925.0#128
258000 261000 21.123134765657596 744.7192163085856 285.53562950207 999.9259999999776 471.368896484375 15454.154007146808 921417.892372611 2300.0 128.0 257531.0#257531.0#2300_259534.0#259534.0#2300 257925.0#257925.0#128_259930.0#259930.0#128
261000 264000 14.904988281254191 746.2737529296865 293.7847893771996 999.6790000000037 457.930908203125 22362.817687279072 1378153.5455190514 2300.0 128.0 261531.0#261531.0#2300_262611.0#262611.0#2300_263753.0#263753.0#2300 261925.0#261925.0#128_262733.0#262733.0#128_263938.0#263938.0#128
264000 267000 27.58889648434706 743.1027758789132 289.4606689727683 998.4260000000359 448.31201171875 16521.149385435754 1029673.6665200087 2300.0 128.0 263753.0#263753.0#2300_265547.0#265547.0#2300 263938.0#263938.0#128_265919.0#265919.0#128
267000 270000 67.82202734367456 733.0444931640814 309.222249401788 998.2160000000149 394.083984375 14493.282422687385 853404.9693871767 2300.0 128.0 267545.0#267545.0#2300_269540.0#269540.0#2300 267919.0#267919.0#128_269929.0#269929.0#128
270000 273000 31.903871093760245 742.0240322265599 304.0241355070052 998.1269999999786 378.76611328125 14744.079060825512 923648.4953007005 2300.0 128.0 269540.0#269540.0#2300_271556.0#271556.0#2300 269929.0#269929.0#128_271920.0#271920.0#128
273000 276000 65.83514257805655 733.5412143554859 319.9895692824612 998.9610000000102 349.219970703125 13957.087703277448 855940.784246892 2300.0 128.0 273545.0#273545.0#2300_275554.0#275554.0#2300 273922.0#273922.0#128_275920.0#275920.0#128
276000 279000 11.374931640631985 747.156267089842 317.4959588336338 999.9239999999991 340.2900390625 16275.56088806907 1018441.7260957309 2300.0 128.0 275554.0#275554.0#2300_277538.0#277538.0#2300 275920.0#275920.0#128_277924.0#277924.0#128
279000 282000 7.484115234343335 748.1289711914142 316.24968569027607 999.5200000000186 338.971923828125 13989.260362562358 792871.5716464382 2300.0 128.0 279571.0#279571.0#2300_281591.0#281591.0#2300 279916.0#279916.0#128_281918.0#281918.0#128
282000 285000 13.35301953117596 746.661745117206 318.93459553688143 997.5740000000224 332.201904296875 16485.682187578073 1007146.802058587 2300.0 128.0 281591.0#281591.0#2300_283573.0#283573.0#2300 281918.0#281918.0#128_283924.0#283924.0#128
285000 288000 42.28801367187407 739.4279965820315 312.45594826875976 998.0709999999963 327.337890625 14393.004063926488 791969.1087112229 2300.0 128.0 285584.0#285584.0#2300_287591.0#287591.0#2300 285926.0#285926.0#128_287919.0#287919.0#128
288000 291000 14.474988281319384 746.3812529296702 322.59079742393016 996.6219999999739 320.27490234375 19280.172775672203 1158574.0850329064 2300.0 128.0 287591.0#287591.0#2300_289579.0#289579.0#2300_290611.0#290611.0#2300 287919.0#287919.0#128_289914.0#289914.0#128_290746.0#290746.0#128
291000 294000 18.1199374999851 745.4700156250037 323.94202014947666 996.2870000000112 314.06396484375 22011.729106636394 1287844.8300247989 2300.0 128.0 290611.0#290611.0#2300_291952.0#291952.0#2300_293577.0#293577.0#2300 292077.0#292077.0#128_293572.0#293572.0#128
294000 297000 11.676867187430616 747.0807832031423 327.51321319684644 998.2760000000126 308.4750976563082 18437.771717201766 1076380.2315151775 2766.6666666666665 128.0 293577.0#293577.0#2300_295591.0#295591.0#3000_295595.0#295595.0#3000 295582.0#295582.0#128_295587.0#295587.0#128
297000 300000 9.142117187555414 747.7144707031111 329.5280600631834 998.4479999999749 303.47998046875 18098.183426582153 1083412.1775140374 3000.0 128.0 295595.0#295595.0#3000_297583.0#297583.0#3000_299583.0#299583.0#3000 297578.0#297578.0#128_299580.0#299580.0#128
