ts te idle avg_span std_span max_span min_span c_bytes_all s_bytes_all avg_video_rate avg_audio_rate video_requests_sequence audio_requests_sequence
0.0 10000.0 10000.0 0.0 0.0 0.0 0.0 0.0 0.0 0.0 0.0 - -
10000.0 20000.0 885.9309843748924 911.4069015625107 163.74908482018412 999.1610000000219 556.916015625 50245.39114292963 1420296.3645394729 292.26666666666665 0.0 13402.999755859375#13402.999755859375#128_13404.0#13404.0#480_14089.0#14089.0#128_14186.0#14186.0#480_14447.000244140625#14447.000244140625#128_14831.000244140625#14831.000244140625#480_15188.0#15188.0#128_15949.0#15949.0#480_15956.0#15956.0#128_16783.000244140625#16783.000244140625#480_16834.0#16834.0#128_17801.0#17801.0#480_17866.999755859375#17866.999755859375#128_18879.000244140625#18879.000244140625#480_19090.999755859375#19090.999755859375#128 -
20000.0 30000.0 665.9480156249483 933.4051984375052 172.88048500151655 998.064000000013 442.3449843749986 40166.60885707037 1149200.6354605271 329.14285714285717 0.0 18879.000244140625#18879.000244140625#480_20113.0#20113.0#480_20207.000244140625#20207.000244140625#128_21140.0#21140.0#480_21258.0#21258.0#128_22377.0#22377.0#480_22546.0#22546.0#128_23405.0#23405.0#480_24399.000244140625#24399.000244140625#480_24591.000244140625#24591.000244140625#128_26177.0#26177.0#480_26599.000244140625#26599.000244140625#128_28097.0#28097.0#128_28101.0#28101.0#480 -
30000.0 40000.0 193.5308867189451 980.6469113281055 46.8280223166213 999.2540000000154 847.6411132811918 36668.33220906285 935886.5522489465 304.0 0.0 30093.0#30093.0#128_30095.000244140625#30095.000244140625#480_32098.999755859375#32098.999755859375#128_32102.0#32102.0#480_34082.0#34082.0#480_34093.0#34093.0#128_35943.000244140625#35943.000244140625#480_36090.0#36090.0#128_37682.999755859375#37682.999755859375#480_38092.0#38092.0#128_39590.0#39590.0#128_39738.999755859375#39738.999755859375#480 -
40000.0 50000.0 678.8798632812686 847.374557883521 275.65345458762283 998.9880000000121 143.52488671877654 35881.183093213076 961672.3129930756 320.0 0.0 39738.999755859375#39738.999755859375#480_41598.0#41598.0#128_41601.0#41601.0#480_43524.0#43524.0#128_43642.0#43642.0#480_45423.000244140625#45423.000244140625#128_45426.0#45426.0#480_47533.0#47533.0#128_47535.000244140625#47535.000244140625#480_49502.0#49502.0#128_49504.0#49504.0#480 -
50000.0 60000.0 4546.622250000073 681.6722187499909 223.6046877620562 994.5339999999851 424.4347500000149 36837.484697724074 1075850.134757978 364.0 0.0 49502.0#49502.0#128_49504.0#49504.0#480_51598.0#51598.0#128_51600.0#51600.0#480_53962.0#53962.0#128_53962.0#53962.0#480_55098.0#55098.0#128_55102.0#55102.0#480_57102.0#57102.0#128_57112.0#57112.0#840_59097.0#59097.0#128_59100.0#59100.0#840 -
60000.0 70000.0 3744.135931640514 781.9830085449357 294.481973865388 998.4610000000685 315.9349999999977 48782.876825985455 1729751.1618937757 682.0 0.0 61479.000244140625#61479.000244140625#128_61481.0#61481.0#840_63098.0#63098.0#128_63098.999755859375#63098.999755859375#840_64593.0#64593.0#128_64594.999755859375#64594.999755859375#1500_66597.0#66597.0#128_66600.0#66600.0#1500_68597.0#68597.0#128_68600.0#68600.0#1500 -
70000.0 80000.0 1773.2741093750228 822.6725890624978 263.4215495449345 999.9409999999916 357.5470000000205 57740.14199655436 2280345.8704121658 876.3636363636364 0.0 68600.0#68600.0#1500_70596.0#70596.0#128_70600.0#70600.0#1500_72598.0#72598.0#128_72599.00024414062#72599.00024414062#1500_74597.0#74597.0#128_74599.00024414062#74599.00024414062#1500_76096.0#76096.0#128_76098.0#76098.0#1500_78598.0#78598.0#128_78602.0#78602.0#1500 -
80000.0 90000.0 1231.2278789062984 876.8772121093701 174.0990826633961 999.5429999999469 574.132080078125 54898.38603891846 2324302.937332455 814.0 0.0 80097.0#80097.0#128_80098.99975585938#80098.99975585938#1500_82098.0#82098.0#128_82100.0#82100.0#1500_84098.0#84098.0#128_84101.0#84101.0#1500_85596.0#85596.0#128_85599.00024414062#85599.00024414062#1500_88098.99975585938#88098.99975585938#128_88102.0#88102.0#1500_89594.99975585938#89594.99975585938#128_89597.0#89597.0#1500 -
90000.0 100000.0 103.36678515613312 899.6939286221697 212.1785406261144 999.9189999999944 421.6659199218848 58961.002070050046 2510104.0213093907 1021.8181818181819 0.0 89597.0#89597.0#1500_91471.00024414062#91471.00024414062#128_91474.0#91474.0#1500_93597.0#93597.0#128_93599.00024414062#93599.00024414062#1500_95470.0#95470.0#128_95473.0#95473.0#1500_97472.0#97472.0#128_97476.0#97476.0#2300_99146.0#99146.0#2300_99592.0#99592.0#128 -
100000.0 110000.0 83.83018554700539 901.4699831320904 213.29415604479158 998.9550000000163 467.162109375 64253.89158722358 3006981.513922044 1312.7272727272727 0.0 99146.0#99146.0#2300_101097.0#101097.0#128_101100.0#101100.0#2300_103472.0#103472.0#128_103473.0#103473.0#2300_105094.0#105094.0#128_105241.0#105241.0#2300_107098.0#107098.0#128_107100.0#107100.0#2300_108849.0#108849.0#2300_109093.0#109093.0#128 -
110000.0 120000.0 622.5181015624548 937.7481898437545 149.9334752463391 999.9290000000037 527.9248906249995 68956.60102712188 3275978.718974894 1312.7272727272727 0.0 108849.0#108849.0#2300_110559.00024414062#110559.00024414062#2300_110594.0#110594.0#128_113098.99975585938#113098.99975585938#128_113103.00024414062#113103.00024414062#2300_114591.00024414062#114591.00024414062#128_114866.99975585938#114866.99975585938#2300_116577.0#116577.0#2300_116592.0#116592.0#128_118394.0#118394.0#2300_118592.0#118592.0#128 -
120000.0 130000.0 722.7650800782139 843.3849927201624 298.7942757318013 999.7189999999246 134.19099218747579 63360.75624113899 2697166.348674719 1094.5454545454545 0.0 118394.0#118394.0#2300_120375.00024414062#120375.00024414062#2300_120589.0#120589.0#128_122092.0#122092.0#128_122186.0#122186.0#2300_124752.0#124752.0#128_124770.0#124770.0#1500_126593.0#126593.0#128_126594.0#126594.0#1500_128100.0#128100.0#128_128102.0#128102.0#1500 -
130000.0 140000.0 773.120960937289 922.6879039062711 134.26736817295983 999.14300000004 599.4000722657074 58403.55237852876 2551626.523083233 1080.6666666666667 0.0 130093.0#130093.0#128_130093.0#130093.0#1500_132082.99975585938#132082.99975585938#1500_132090.0#132090.0#128_134106.0#134106.0#128_134114.99975585938#134114.99975585938#2300_136096.0#136096.0#128_136098.0#136098.0#2300_137559.00024414062#137559.00024414062#128_137906.99975585938#137906.99975585938#2300_139422.0#139422.0#2300_139497.0#139497.0#128 -
140000.0 150000.0 47.79502148437314 904.7459071377842 258.1905725983539 999.9510000000009 141.18203320313478 72452.41323341569 3362336.536844796 1312.7272727272727 0.0 139422.0#139422.0#2300_141295.00024414062#141295.00024414062#2300_141514.99975585938#141514.99975585938#128_143470.0#143470.0#128_143471.00024414062#143471.00024414062#2300_145438.0#145438.0#2300_145534.0#145534.0#128_147090.0#147090.0#128_147094.0#147094.0#2300_149036.0#149036.0#2300_149097.0#149097.0#128 -
150000.0 160000.0 33.80286523437826 906.0179213423293 251.56813998180374 999.9720000000088 165.90505468752235 68301.92069873301 3075270.337594848 1312.7272727272727 0.0 149036.0#149036.0#2300_151095.00024414062#151095.00024414062#128_151096.0#151096.0#2300_153096.0#153096.0#128_153098.99975585938#153098.99975585938#2300_155097.0#155097.0#128_155101.0#155101.0#2300_156726.0#156726.0#2300_157089.0#157089.0#128_159100.0#159100.0#128_159101.0#159101.0#2300 -
160000.0 170000.0 895.1971601566183 827.7093490766711 308.6026697540961 999.6510000000126 184.37591992184753 72771.79058221346 3274901.822406869 1312.7272727272727 0.0 159101.0#159101.0#2300_160749.0#160749.0#2300_161089.0#161089.0#128_162488.0#162488.0#2300_162593.0#162593.0#128_165425.0#165425.0#128_165429.0#165429.0#2300_166594.0#166594.0#128_166833.0#166833.0#2300_168386.0#168386.0#2300_168592.0#168592.0#128 -
170000.0 180000.0 1788.7958496094798 821.120415039052 312.9555588069085 998.7569999999832 89.22908007807564 64004.4266067237 2940028.0473023294 1312.7272727272727 0.0 168386.0#168386.0#2300_170593.0#170593.0#128_170594.0#170594.0#2300_172090.99975585938#172090.99975585938#128_172129.0#172129.0#2300_175455.00024414062#175455.00024414062#128_175456.0#175456.0#2300_176089.0#176089.0#128_177118.0#177118.0#2300_178090.0#178090.0#128_178986.99975585938#178986.99975585938#2300 -
180000.0 190000.0 41.890074218739755 905.2827205255691 213.76560299948702 999.1930000000284 357.3639296874753 78918.83335172181 3579912.0311040906 1297.5384615384614 0.0 178986.99975585938#178986.99975585938#2300_180093.0#180093.0#128_180950.0#180950.0#2300_181725.0#181725.0#128_182823.00024414062#182823.00024414062#2300_183594.99975585938#183594.99975585938#128_184202.0#184202.0#2300_185962.0#185962.0#2300_186090.99975585938#186090.99975585938#128_187546.99975585938#187546.99975585938#128_187852.0#187852.0#2300_189356.0#189356.0#2300_189594.0#189594.0#128 -
190000.0 200000.0 151.47710546886083 895.3202631391945 214.74171809635362 999.8190000000177 376.22400390624534 68977.17252360913 3179100.603165532 1312.7272727272727 0.0 189356.0#189356.0#2300_191463.00024414062#191463.00024414062#128_191465.0#191465.0#2300_193484.0#193484.0#128_193488.0#193488.0#2300_195272.0#195272.0#2300_195534.0#195534.0#128_197112.0#197112.0#128_197114.0#197114.0#2300_199098.0#199098.0#128_199103.00024414062#199103.00024414062#2300 -
200000.0 210000.0 63.717972656246275 903.2983661221595 207.3030444838638 999.9189999999944 434.5231093750335 74647.30794277578 3458686.656159955 1312.7272727272727 0.0 199103.00024414062#199103.00024414062#2300_201093.0#201093.0#128_201135.00024414062#201135.00024414062#2300_203097.0#203097.0#128_203098.99975585938#203098.99975585938#2300_204825.0#204825.0#2300_205093.0#205093.0#128_206592.0#206592.0#128_206770.99975585938#206770.99975585938#2300_208583.00024414062#208583.00024414062#2300_208593.0#208593.0#128 -
210000.0 220000.0 384.66183593752794 874.1216512784066 273.3540286072009 999.8090000000084 306.1470820312388 66904.05131165162 2951480.9990992076 1312.7272727272727 0.0 208583.00024414062#208583.00024414062#2300_210597.0#210597.0#128_210599.00024414062#210599.00024414062#2300_212600.0#212600.0#128_212602.99975585938#212602.99975585938#2300_214399.00024414062#214399.00024414062#2300_214594.99975585938#214594.99975585938#128_216217.0#216217.0#2300_216594.0#216594.0#128_218601.0#218601.0#128_218604.0#218604.0#2300 -
220000.0 230000.0 462.4071894532535 953.7592810546746 108.04391283388838 999.765999999945 661.251917968737 69022.16429226476 3253690.560117127 1395.0 0.0 218604.0#218604.0#2300_220296.0#220296.0#2300_220598.0#220598.0#128_222020.0#222020.0#2300_222090.99975585938#222090.99975585938#128_223847.00024414062#223847.00024414062#2300_224092.0#224092.0#128_226098.0#226098.0#128_226103.00024414062#226103.00024414062#2300_228098.0#228098.0#128_228104.0#228104.0#2300_229842.0#229842.0#2300 -
230000.0 240000.0 379.8090097658569 874.562817294013 276.8949635765055 999.5949999999721 106.22510742186569 71105.02943069547 3241397.399465417 1214.0 0.0 229842.0#229842.0#2300_230092.0#230092.0#128_231592.0#231592.0#128_232018.0#232018.0#2300_233576.0#233576.0#128_233634.99975585938#233634.99975585938#2300_235599.00024414062#235599.00024414062#128_235602.0#235602.0#2300_237437.0#237437.0#128_237439.00024414062#237439.00024414062#2300_239474.99975585938#239474.99975585938#128_239476.0#239476.0#2300 -
240000.0 250000.0 97.65460351551883 900.2132178622255 220.49404540889256 999.8880000000354 353.34311718749814 72235.28005747258 3216399.617647707 1312.7272727272727 0.0 239476.0#239476.0#2300_241492.0#241492.0#128_241494.0#241494.0#2300_243090.99975585938#243090.99975585938#128_243711.00024414062#243711.00024414062#2300_245594.0#245594.0#128_245664.0#245664.0#2300_247090.0#247090.0#128_247357.0#247357.0#2300_249089.0#249089.0#128_249399.00024414062#249399.00024414062#2300 -
250000.0 260000.0 57.017380859237164 903.9075108309785 208.9792478301619 999.6310000000522 420.29672070313245 68234.89009857831 3210310.2938950057 1312.7272727272727 0.0 249399.00024414062#249399.00024414062#2300_250853.0#250853.0#2300_251090.0#251090.0#128_252866.0#252866.0#2300_253090.0#253090.0#128_255102.0#255102.0#128_255104.0#255104.0#2300_256591.00024414062#256591.00024414062#128_256650.0#256650.0#2300_258501.0#258501.0#2300_258592.0#258592.0#128 -
260000.0 270000.0 926.7369921874488 824.8420916193228 264.10135759929716 998.0139999999665 392.37890625 69851.33085351314 3206627.8983655274 1312.7272727272727 0.0 258501.0#258501.0#2300_260402.0#260402.0#2300_260600.0#260600.0#128_262594.9997558594#262594.9997558594#128_262598.0#262598.0#2300_264318.0#264318.0#2300_264594.0#264594.0#128_266602.0#266602.0#128_266605.0#266605.0#2300_268093.0#268093.0#128_268402.0#268402.0#2300 -
270000.0 280000.0 51.664843749953434 904.3941051136406 214.51312107153194 999.7410000000382 364.9140625 74210.11750408071 3277590.4437539238 1312.7272727272727 0.0 268402.0#268402.0#2300_270168.0#270168.0#2300_270593.0#270593.0#128_272100.0#272100.0#128_272102.0#272102.0#2300_273858.9997558594#273858.9997558594#2300_274095.0002441406#274095.0002441406#128_276098.0#276098.0#128_276101.0#276101.0#2300_277590.0#277590.0#128_277793.0#277793.0#2300 -
280000.0 290000.0 94.52609179681167 900.4976280184717 215.60829781290636 999.8270000000484 338.719970703125 73471.14974235136 3254714.6219572406 1214.0 0.0 280090.9997558594#280090.9997558594#128_280093.0#280093.0#2300_281560.0#281560.0#128_281629.0#281629.0#2300_283600.0#283600.0#128_283602.0#283602.0#2300_285452.0#285452.0#128_285453.0#285453.0#2300_287598.0#287598.0#128_287601.0#287601.0#2300_289454.0#289454.0#128_289456.0#289456.0#2300 -
290000.0 300000.0 71.95484960917383 902.5495591264388 219.39446805407005 999.4679999999935 315.34912109375 70650.685264782 3216981.772968233 1312.7272727272727 0.0 289456.0#289456.0#2300_291269.0#291269.0#2300_291597.0#291597.0#128_293090.9997558594#293090.9997558594#128_293129.0#293129.0#2300_294857.0#294857.0#2300_295095.0002441406#295095.0002441406#128_297095.0002441406#297095.0002441406#128_297097.0#297097.0#2300_299096.0#299096.0#128_299100.0#299100.0#2300 -
