ts te idle avg_span std_span max_span min_span c_bytes_all s_bytes_all avg_video_rate avg_audio_rate video_requests_sequence audio_requests_sequence
0 5000 5000.0 0.0 0.0 0.0 0.0 0.0 0.0 0.0 0.0 0 0
5000 10000 1150.0330195312417 962.4917451171896 62.049050422869776 998.8600000000042 869.60498046875 22931.022955413777 1587424.6183545599    
10000 15000 609.968890624994 731.671851562501 366.355496558471 997.637999999999 126.5780195312509 23015.5633946835 1923386.868955211    
15000 20000 37.316027343753376 827.1139954427077 262.67744268883246 998.7860000000001 425.9140625 20767.383679510112 1647629.6163532455    
20000 25000 1409.2291816406287 718.1541636718742 262.1516078537005 998.7560000000012 369.2028808593677 11097.850717254938 961624.0491613442    
25000 30000 1137.2597675781217 772.5480464843756 248.1872908290269 999.0639999999985 423.26611328125 11754.834496686246 1686265.5827770077    
30000 35000 1243.9481875000056 751.2103624999988 233.17351035781527 993.8199999999997 437.96288671874936 14072.648475437018 2101214.6230900614    
35000 40000 1924.0248789062462 615.1950242187507 408.3842432389054 998.8190000000031 72.11499999999796 13235.21942348042 1778977.774358005    
40000 45000 1116.6980878906252 776.6603824218749 301.58878679918934 999.1929999999993 327.0479531250021 16602.31469243185 2105049.4893014883    
45000 50000 25.848867187509313 829.0251888020817 268.1158884533528 999.7299999999959 395.4230410156306 20029.77026513238 2879560.9339083927    
50000 55000 1047.9999863281264 790.4000027343748 257.76096242585635 999.997000000003 409.9549082031299 17761.95756433127 2777787.770476401    
55000 60000 22.98414843750652 829.5026419270822 274.6041109297369 999.8849999999948 355.53989453124814 28300.101924904448 3844889.3188235527    
60000 65000 1970.7098515624966 605.8580296875007 426.9184263095533 1000.0 0.0 14425.987185061264 1796430.593915998    
65000 70000 39.4290703125298 826.7618216145784 284.1463534726258 999.8969999999972 325.99389453124604 22773.080868756002 2747876.0259016072    
70000 75000 1095.717937500027 780.8564124999946 273.3990331505491 999.9829999999929 352.8419648437557 23857.032935329888 2922732.426215697    
75000 80000 252.41613476563361 791.2639775390611 268.35826705171684 999.9729999999836 326.02990234375466 27870.232097773656 3268077.7705597887    
80000 85000 65.9508496094204 822.3415250650966 281.9340438172783 999.8689999999915 326.24503710935824 20262.910194828866 2700244.9418500927    
85000 90000 49.36621484377247 825.1056308593712 278.5831134203764 999.3770000000077 360.87488671875326 23613.504805259177 2838501.3908618116    
90000 95000 66.40797460937756 822.2653375651038 269.7157998503908 998.3350000000064 390.6071015625057 23413.99595791761 2940163.27061142    
95000 100000 51.876625000004424 824.6872291666659 260.93948768956875 998.5519999999815 425.72607617187896 24389.904109003503 3450964.7209985345    
100000 105000 1614.0463300781412 677.1907339843717 314.3574064839785 997.2130000000034 311.96600000000035 15261.790781168984 2127063.212946696    
105000 110000 120.66301367187407 813.2228310546876 283.99971536455223 999.1440000000002 357.652031250007 30824.095528466816 3827612.0758698103    
110000 115000 80.74397265625885 819.8760045572902 278.1025685184942 999.5959999999905 421.7390449218801 23585.82884676852 2931279.7900742525    
115000 120000 152.64671289059334 807.8922145182345 289.20542700100486 999.1620000000112 381.55126953125 21427.782159940856 2875942.487574155    
120000 125000 632.6739785156096 727.8876702473984 311.23993538434735 999.5460000000021 326.123291015625 18900.928656847722 2508134.033326035    
125000 130000 787.7414082031173 842.4517183593765 165.17308309870398 998.7760000000126 668.690708984388 19627.783969509328 2532216.13160647    
130000 135000 79.8099160156271 820.0316806640622 283.83238283074104 999.9510000000009 325.7431171874923 20351.15178913893 2810247.0671188775    
135000 140000 92.88907617187942 817.8518206380201 276.8330465127811 998.8299999999872 370.39203320312663 23639.825714718092 2912130.8939893954    
140000 145000 40.15998828125885 826.6400019531235 266.69684329178887 999.9379999999946 421.97510937499464 24683.13111464691 3064017.639085757    
145000 150000 22.152632812503725 829.6412278645827 263.7563670734835 1000.0 448.4980976562365 25520.17317851111 2988640.019017057    
150000 155000 39.17034375004005 826.8049427083266 265.4764476910318 999.8589999999967 452.69173046873766 26623.446467076188 3199172.1164606414    
155000 160000 26.970853515609633 828.8381910807317 259.5525997040399 998.0489999999991 481.6470742187521 26853.59480436262 3649195.5445562857    
160000 165000 263.04479882807937 789.4925335286534 319.5772062700209 999.9049999999988 299.9052734375 24023.641374471375 2908251.296014339    
165000 170000 24.66699609378702 829.2221673177022 294.2301509223735 999.7099999999919 281.00927734375 24484.354476884568 2910744.447144968    
170000 175000 23.601267578196712 829.3997887369673 297.80049078878784 999.7280000000028 266.2600097655959 24152.24088898371 2806181.165934363    
175000 180000 2528.1570664062456 617.9607333984386 389.8386704874004 997.1469999999972 73.05000000001746 18838.35096067837 2000162.2033456315    
180000 185000 37.2279296873603 827.1286783854399 279.3308830998208 997.4970000000612 325.5650566406257 32941.84701123238 3970019.7085696436    
185000 190000 54.02605273440713 824.3289912109321 275.0195443254039 999.9590000000026 336.79898632812547 20783.54761809687 2766014.6888498976    
190000 195000 52.599076171958586 824.5668206380069 282.1792306266075 996.6229999999923 328.2540390625072 20455.833251691187 2663127.1753425137    
195000 200000 30.85191796871368 828.1913470052144 276.19866736516684 999.752999999997 360.0581152343948 29258.790538379977 3824234.7383840005    
200000 205000 42.64403906252119 826.2259934895798 267.31361333262214 999.2789999999804 384.9280332031194 22128.28455691155 3012087.3227502974    
205000 210000 32.923931640631054 827.8460113932282 266.77351047335077 998.3219999999856 396.3100722655945 19689.980435898386 2686189.3589840145    
210000 215000 24.02003710938152 829.3299938151031 267.6169474962785 999.7449999999953 407.9240039062279 23720.60738224899 2955512.0167532135    
215000 220000 23.17495898436755 829.470840169272 264.3200020006957 998.9789999999921 422.9110410156136 25757.28988419845 2884678.9946640236    
220000 225000 42.47803320307867 826.2536611328202 268.246933132901 999.7930000000342 435.37100000001374 24721.536285566366 2846375.3409867305    
225000 230000 144.48698046873324 809.2521699218778 274.1068005642968 999.920999999973 446.510986328125 23973.39380697915 2915638.9181200447    
230000 235000 241.82369726558682 793.0293837890689 321.05240170444387 999.9679999999935 309.5712890625 21054.14492908017 2627475.4632652774    
235000 240000 22.45617773430422 829.5906370442826 288.17882701514037 999.8940000000002 297.714111328125 27083.01573061137 3201626.520573024    
240000 245000 1062.1522089843638 787.5695582031273 312.80985515667544 995.9390000000712 274.27490234375 25391.73919267981 2930513.604029966    
245000 250000 703.2079921874683 859.3584015625063 191.4420336200898 999.7729999999865 638.664097656263 30940.83025455974 3549650.5052003455    
250000 255000 51.36381640622858 824.7726972656286 278.69579047005465 998.7600000000093 338.68308984377654 24095.536289792406 3178910.0698356093    
255000 260000 53.85307226568693 824.3578212890521 275.21241899665966 996.3769999999786 367.08690624998417 19217.23578206074 2546536.915764921    
260000 265000 37.94574609375559 827.0090423177074 272.88116916002184 999.6919999999809 392.48097851563944 20575.46645879379 2893812.978479127    
265000 270000 75.58635351562407 820.735607747396 261.92728423608213 996.4340000000084 427.4977246093913 22803.60625474719 2849652.5766176595    
270000 275000 16.32281250000233 830.6128645833329 260.33150974913775 999.7449999999953 454.2850781250163 20521.76379717237 2737193.7307272027    
275000 280000 21.09819335938664 829.8169677734355 258.8116026787921 999.0690000000177 461.5188906249823 22611.462648360783 2858050.3114085416    
280000 285000 1426.785958984401 714.6428082031198 273.5038317857905 999.0289999999804 436.47908398439176 25172.957385426555 2878821.6663284907    
285000 290000 41.24564062489662 826.4590598958506 283.6755265660743 998.7019999999902 322.7830429687747 28683.04915503507 3165068.3593135416    
290000 295000 1124.666320312419 775.0667359375162 272.3246209951135 997.9940000000643 350.8506835937733 24746.51457396783 3218722.804756973    
295000 300000 1409.0279609374702 718.1944078125059 408.5885480157561 998.6390000000247 39.66400390624767 27631.417065528538 2982109.4615540113    
300000 305000 4630.137035156251 369.86296484374907  369.86296484374907 369.86296484374907 2459.7132556103243 345053.858201978    
