ts te idle avg_span std_span max_span min_span c_bytes_all s_bytes_all avg_video_rate avg_audio_rate video_requests_sequence audio_requests_sequence
0 3000 3000.0 0.0 0.0 0.0 0.0 0.0 0.0 0.0 0.0 0 0
3000 6000 2667.926025390625 332.073974609375  332.073974609375 332.073974609375 4645.935978655936 80812.71746396761    
6000 9000 498.9170878906152 625.2707280273462 434.4003524484847 999.454000000027 183.98388671875 27790.915238475987 912642.6172624022    
9000 12000 40.33494335936848 739.9162641601579 401.7343898421376 997.6510000000126 151.616943359375 25290.149293472747 1105680.964545415    
12000 15000 23.716970703098923 744.0707573242253 413.4602343590274 999.1369999999879 133.1469726563082 21631.054409098793 995867.3488800462    
15000 18000 48.637874999898486 737.8405312500254 431.4193385002047 997.7939999999944 97.85009765630821 18807.74811593375 851916.8680678527    
18000 21000 5.4751484375447035 748.6312128906138 437.6049721552501 999.4729999999981 95.77294921875 21075.91472994945 1068804.626448305    
21000 24000 34.210041015583556 741.4474897461041 444.2816476671652 998.8020000000251 78.055908203125 20821.115297602784 1041652.119167885    
24000 27000 15.098830078088213 746.225292480478 452.7144063103506 998.9360000000452 69.455078125 23007.00698928299 1108992.9274903934    
27000 30000 13.908810546854511 746.5227973632864 458.463862011381 998.7170000000042 60.499267578125 20715.91697716504 1057701.905295077    
30000 33000 19.545339843665715 745.1136650390836 464.12551969380894 997.8190000000759 50.200927734375 22960.16720179877 1080583.9891057306    
33000 36000 6.430624999979045 748.3923437500052 468.5704760320405 999.5270000000019 46.435302734375 21273.454442397 1035473.3314808487    
36000 39000 1016.3623847657 495.909403808575 553.9792666743278 997.2880000000005 13.690917968691792 14967.26761469442 676305.2762487795    
39000 42000 22.892990234482568 744.2767524413794 496.09529572561667 999.1219999999739 0.200927734375 21687.685136097698 1042645.5634297044    
42000 45000 9.188931640645023 996.9370227864516 2.4601663049388676 999.4390722655808 994.5209960936918 21252.38924733573 1029476.7802157572    
45000 48000 26.541953125037253 743.3645117187407 493.8905865374896 997.7010000000009 2.6190039063221775 21554.982348486785 1077867.0763291516    
48000 51000 11.920011718815658 747.0199970702961 485.1390938068189 997.9020000000019 19.484957031265367 20485.55654074716 1030722.9112530418    
51000 54000 21.529041015543044 744.6177397461142 481.86091449973395 998.8630000000703 22.187968750018626 18907.24708108096 917124.5203521517    
54000 57000 23.038953125011176 744.2402617187472 473.1255035394831 995.9309999999823 35.29300976562081 20967.75318011028 1071391.0823426577    
57000 60000 31.555035156256054 742.111241210936 464.94015355237235 998.3479999999981 45.82196289062267 15675.75921679183 734693.6680231662    
60000 63000 57.21998828119831 735.6950029297004 460.5235996161974 999.3610000000335 47.11999804689549 19640.911483616328 988865.4604310044    
63000 66000 15.683097656117752 746.0792255859706 443.53313780546114 999.9970000000321 84.38998632814037 21670.18561542652 1058931.6396399806    
66000 69000 24.050867187557742 743.9872832031106 434.2635702998482 998.7289999999921 97.65108398441225 15501.591836135714 760696.682195212    
69000 72000 16.445947265601717 745.8885131835996 423.7027208048055 998.814000000013 116.9279511718778 19215.49002894805 884666.1575294738    
72000 75000 12.44180468749255 746.8895488281269 415.77964604453547 999.0650000000023 130.27589843748137 20235.48983011502 1046196.5697418591    
75000 78000 18.210242187487893 745.447439453128 413.8705269258889 999.4220000000205 132.8687031249865 17171.23336194113 758873.4892985797    
78000 81000 17.8640781249851 745.5339804687537 408.6451183492742 996.1060000000289 141.0659453124972 20552.659474386746 1046946.7509325726    
81000 84000 956.8179843749385 510.79550390626537 502.19857327517104 998.1670000000158 12.4169921875 14662.135501741568 712896.3655525208    
84000 87000 24.189992187486496 991.9366692708378 7.274852234304622 999.3929999999818 984.8580078125233 22281.28382851082 1086721.591276463    
87000 90000 56.856929687492084 981.0476901041693 20.065567400614313 997.9500000000116 958.8720703125 19676.833458618104 866657.5713095751    
90000 93000 11.476949218835216 747.1307626952912 472.11922962226583 999.7620000000461 39.76992968749255 25348.078443683404 1062157.2774462812    
93000 96000 10.483097656280734 747.3792255859298 466.2607973427532 999.7719999999972 49.049878906225786 26463.20079293674 1152799.2625160755    
96000 99000 9.710925781226251 747.5722685546934 464.34663229119417 999.564000000013 52.319976562517695 25618.105865411555 1119851.5411760842    
99000 102000 7.590068359335419 748.1024829101661 459.66426913046934 999.875 60.076902343775146 21736.554367510143 929771.5754638332    
102000 105000 44.61110351560637 738.8472241210984 451.8342777416822 995.0310000000172 63.98497070319718 22099.116806095524 1021144.9482689928    
105000 108000 47.201982421800494 738.1995043945499 431.50791404019316 997.4000000000233 94.98507421882823 20126.391322309224 884619.51800448    
108000 111000 148.82162304688245 712.7945942382794 443.87845825420277 999.2430000000168 63.52105664060218 21366.229993645353 981191.6569086907    
111000 114000 15.525427734479308 746.1186430663802 373.22390203532535 998.5719999999274 207.15167968749302 21393.398967575602 1058812.4891699636    
114000 117000 16.863939453091007 745.7840151367272 368.1747311853995 998.2380000000121 216.8481074218871 20225.116902664176 944724.8697602355    
117000 120000 21.720037109334953 744.5699907226663 363.96703431901346 996.4180000000051 224.36704687500605 22542.768373666026 1099473.946985593    
120000 123000 59.994804687506985 735.0012988281233 353.28529653622394 999.5239999999758 233.04508398438338 21048.739909839212 926023.6687229711    
123000 126000 13.269826171919703 746.6825434570201 351.9096942839069 998.9510000000009 252.15488867188105 19816.16502578114 942891.5555871525    
126000 129000 18.512986328161787 745.3717534179596 348.4720199322034 996.8720000000321 257.3267148436862 18741.686085187637 893590.1386243586    
129000 132000 15.259208984323777 746.185197753919 344.4489294760694 998.1080000000075 267.04070117190713 21661.15295432359 1049057.3007621341    
132000 135000 13.707146484346595 746.5732133789134 342.5878608456863 999.5750000000116 272.5539101562463 20118.789519025137 984918.8787518317    
135000 138000 13.065853515639901 746.73353662109 338.65694735267476 999.0499999999884 280.745056640706 21100.452114492695 992373.1051608131    
138000 141000 1726.9579999999842 424.3473333333386 511.84836371224344 996.0860000000102 8.76708984375 9771.152093906036 430581.0318659626    
141000 144000 46.301197265682276 984.5662675781059 15.36593218265524 999.140000000014 968.514892578125 18858.715590393727 873126.9586259718    
144000 147000 30.98688867193414 742.2532778320165 475.1898613951902 999.289999999979 30.43710742186522 16981.10396113055 821195.4882108177    
147000 150000 17.42791992187267 745.6430200195318 463.0998280248566 997.2619999999879 52.355996093770955 24639.92544145906 1013172.4697236654    
150000 153000 39.852119140850846 740.0369702147873 452.82675970903506 996.2509999998729 63.895916015608236 20218.138840940104 935456.530853207    
153000 156000 688.8958574218559 577.776035644536 452.78271726496104 998.5 95.25103515625233 14539.004633001638 621260.2707392769    
156000 159000 1194.2780410156702 451.43048974608246 479.83654653618373 997.3489999999874 8.76806640625 15107.626921611254 635477.1375297132    
159000 162000 14.381775390706025 746.4045561523235 496.54037454587404 998.9209999999148 1.623291015625 22078.34529576813 901839.0650021668    
162000 165000 16.285208984394558 994.5715970052019 3.2827458006582746 998.336708984396 992.3090820311918 18111.627673440988 797056.7780141432    
165000 168000 13.045140624977648 746.7387148437556 494.77400284436004 999.4500000000116 4.657917968812399 23564.882081716358 1089164.8867089557    
168000 171000 13.809855468745809 746.5475361328135 488.3817809060269 998.9710000000196 14.125058593752328 19503.396399289042 991043.0674918236    
171000 174000 51.86710351565853 737.0332241210854 477.04065021742923 999.6769999999669 21.950914062501397 18224.825394310425 761230.8600922518    
174000 177000 270.1219824218424 682.4695043945394 453.6856323665563 996.0400000000373 32.47001757810358 19579.47477026743 952555.1505229782    
177000 180000 1006.1250000000582 996.9374999999709 1.989091375412233 998.3439999999246 995.5310000000172 14813.0 655952.0    
180000 183000 54.62208007811569 981.7926399739614 31.111995984114944 999.8859999999986 945.867919921875 23840.45885421023 1064516.0298944877    
183000 186000 13.907925781328231 746.5230185546679 463.8348408574046 999.625 51.88708007807145 17347.28553696349 792524.3061577646    
186000 189000 25.496984375000466 743.6257539062499 467.40513827120355 998.5100000000093 44.025005859381054 21881.576325597332 1051453.8406199808    
189000 192000 17.778039062570315 745.5554902343574 457.7778000797154 997.1699999999255 60.6259902343736 22308.678439206327 1064108.8489808314    
192000 195000 110.46497070312034 722.3837573242199 441.14714939330264 997.045999999973 71.78102929686429 20683.000844022623 988671.9743469356    
195000 198000 998.8458906250307 667.0513697916564 571.1566086547077 997.5679999999702 7.537109375 16821.27937724133 734169.9632713542    
198000 201000 16.703109374968335 994.4322968750106 1.7524556739817576 995.6570000000065 992.4248906250577 21197.72062275867 1098332.036728646    
201000 204000 48.818890624912456 983.7270364583625 13.712721272882762 998.3540000000503 971.162109375 18727.456789758446 790822.2089238317    
204000 207000 13.407162109389901 746.6482094726525 479.2006061749968 999.0039999999572 28.24289062502794 24982.296452076345 1131490.4508749554    
207000 210000 1101.1869804686867 474.70325488282833 524.213885436401 999.4250000000466 11.865966796875 14877.151780036786 615248.9191924611    
210000 213000 13.905080078169703 746.5237299804576 493.72580649867234 997.890999999945 5.98388671875 24099.146938125392 1074433.70096789    
213000 216000 9.359886718797497 996.8800377604008 2.5049626705046104 998.5699999999488 994.0021132812835 23485.94804000303 1056161.720040862    
216000 219000 65.42000000004191 978.1933333333194 30.02144843832017 995.9479999999749 943.530999999959 21070.0 987123.0    
219000 222000 994.4889140625019 668.5036953124994 569.8190283769143 999.6469999999972 10.5380859375 16975.819160316332 742356.0612315971    
222000 225000 11.062048828112893 747.2344877929718 493.3741739314407 999.01800000004 7.238037109375 20749.081306070846 1102671.030624026    
225000 228000 12.52215624996461 995.8259479166785 4.024756277316547 999.969000000041 991.9309628906194 22748.6115456712 1042878.985402934    
228000 231000 11.155947265564464 747.2110131836089 496.4271976694346 998.9329999999609 2.597119140671566 20178.22458518361 953433.9477014143    
231000 234000 12.687851562397555 746.8280371094006 491.1237071233148 997.3100000000559 10.214066406246275 21566.43006421187 1081017.1951761588    
234000 237000 18.642158203059807 745.339460449235 486.8445817803861 996.6419999999925 15.242917968775146 16176.334947330628 745458.7627749651    
237000 240000 15.474677734309807 746.1313305664225 481.32922889574957 999.8340000000317 24.614076171885245 22721.70384314586 1065969.713627138    
240000 243000 36.77727148437407 740.8056821289065 470.74448408578536 999.6119999999646 36.16875390626956 20601.036334317047 925823.6702662295    
243000 246000 74.37396875000559 731.4065078124986 469.09266544568703 995.3059999999823 30.61302539065946 20914.61954591758 1005544.6744060776    
246000 249000 937.9360058594029 687.3546647135323 514.109168034703 998.6269999999786 93.95099414058495 14487.138667835032 655064.9587894598    
249000 252000 988.6260664062575 670.4579778645808 569.499497651943 999.8310000000056 12.85693359375 16784.934585518444 725384.4248690703    
252000 255000 16.143835937487893 745.964041015628 492.9567071049518 999.625 6.60009765625 21482.918534113753 1067313.5019048916    
255000 258000 13.064097656286322 995.6453007812379 2.2693216690803806 997.810999999987 993.2849023437593 21962.146880367807 1068601.0732260381    
258000 261000 30.395912109408528 989.8680292968638 8.568008669058528 997.48199999996 980.590087890625 21935.392986015755 1063743.19506652    
261000 264000 20.009099609334953 744.9977250976663 486.0402480312365 998.8240000000224 16.249912109342404 22563.75579089459 1047480.3785826575    
264000 267000 60.724988281261176 734.8187529296847 471.68349943574356 997.1899999999441 29.504011718789116 20505.851223089652 1030648.4263508227    
267000 270000 240.34302148444112 919.8856595051863 136.03800964859494 998.7639999999665 762.802978515625 19287.92653639471 882047.8429535874    
270000 273000 19.133056640741415 745.2167358398146 358.99475290853843 996.8009999999776 234.60802148433868 21327.141725874906 1061601.474180086    
273000 276000 1470.6330097656464 382.3417475585884 427.4334225024782 999.9170000000158 14.659912109375 10720.354758295753 487336.7207228077    
276000 279000 11.642951171961613 747.0892622070096 492.0703482160278 999.9989999999525 9.0849609375 23589.531082730427 1095095.5279604963    
279000 282000 26.210960937547497 991.2630130208175 4.676834794621077 995.8120000000345 986.4680390624562 16754.045896704203 759372.4341830227    
282000 285000 51.1080898437649 982.9639700520784 22.682749331441592 998.8260000000009 956.98291015625 21470.96923062331 1094236.398880398    
285000 288000 25.73289257811848 743.5667768554704 467.9792498831075 996.2879999999423 42.7680898437975 19792.126961863658 857747.6462874829    
288000 291000 12.50703515612986 746.8732412109675 460.8118358756035 997.3980000000447 56.97898242191877 21360.452598394913 1057498.1022867772    
291000 294000 13.684076171834022 746.5789809570415 456.7590520381129 999.0620000000345 63.28401757811662 20967.123727173923 1029335.5007754959    
294000 297000 17.20999218756333 745.6975019531092 451.13277529721006 996.6080000000075 71.23309374996461 22421.66224186397 1083724.2459131998    
297000 300000 57.24982226558495 735.6875444336038 439.17736000993125 996.8220000000438 80.59608593746088 21839.512562587028 1005389.9953953043    
