ts te idle avg_span std_span max_span min_span c_ack_cnt c_ack_cnt_p c_bytes_all c_bytes_uniq s_ack_cnt s_ack_cnt_p s_bytes_all s_bytes_uniq avg_video_rate avg_audio_rate video_requests_sequence audio_requests_sequence
0 9000 7659.845898437503 278.9130052083322 322.9411918961609 931.08203125 99.20599999999831 249.136410621271 235.15446477724637 12865.798400668738 12865.798400668738 289.6850567218868 17.98194584402463 433816.8952343368 382952.10051386093 1500.0 128.0 7061.0#7061.0#1500_7061.0#7061.0#1500_8989.0#8989.0#1500 7059.0#7059.0#128_7060.0#7060.0#128
9000 18000 739.7901503906178 663.48108140625 350.03208484704624 999.0309999999954 17.11896875000093 1784.9585065004053 1762.031451905616 18855.810385447483 18855.810385447483 2363.5051884754607 23.927054594789322 3602919.0216749525 3418428.2732670065 1500.0 128.0 8989.0#8989.0#1500_9699.0#9699.0#1500_10996.0#10996.0#1500_12566.0#12566.0#1500_13503.0#13503.0#1500_14827.0#14827.0#1500_15639.0#15639.0#1500_16391.0#16391.0#1500_17087.0#17087.0#1500_17889.0#17889.0#1500 9051.0#9051.0#128_9895.0#9895.0#128_11200.0#11200.0#128_12883.0#12883.0#128_13896.0#13896.0#128_17772.0#17772.0#128
18000 27000 34.30083593750169 745.9992697088059 332.5688532733654 999.6160000000018 60.925999999999476 1654.9050828783236 1635.8140833171376 15958.391213883777 15958.391213883777 2488.8097548026526 19.090999561186045 3832546.0830907114 3592344.6262191324 2250.0 128.0 17087.0#17087.0#1500_17889.0#17889.0#1500_18811.0#18811.0#1500_20177.0#20177.0#1500_21900.0#21900.0#3000_21902.0#21902.0#3000_23656.0#23656.0#3000_25443.0#25443.0#3000 17772.0#17772.0#128_18041.0#18041.0#128_18340.0#18340.0#128_18843.0#18843.0#128_19550.0#19550.0#128_19896.0#19896.0#128_20199.0#20199.0#128_21899.0#21899.0#128_23832.0#23832.0#128_25568.0#25568.0#128
27000 36000 83.17398632814002 760.4911899126831 332.07887208788856 999.4979999999996 89.82200000000012 1334.4879627546356 1318.754008610515 13106.32937655833 12286.32937655833 2292.194708760142 15.7339541441207 3430989.446502384 3333344.4285945646 3000.0 128.0 27405.0#27405.0#3000_29295.0#29295.0#3000_31405.0#31405.0#3000_33645.0#33645.0#3000_35186.0#35186.0#3000 27403.0#27403.0#128_29521.0#29521.0#128_31401.0#31401.0#128_33396.0#33396.0#128_35203.0#35203.0#128
36000 45000 345.7326445312574 564.0120915421196 418.49366810363097 999.5789999999979 44.3070000000007 1338.2054369893006 1320.970265595538 13897.284309806217 13897.284309806217 2182.5386470183053 17.86629802429937 3414125.326490524 3225686.6983291046 2357.1428571428573 128.0 35186.0#35186.0#3000_36887.0#36887.0#3000_39010.0#39010.0#1500_39921.0#39921.0#1500_41003.0#41003.0#1500_42916.0#42916.0#3000_44641.0#44641.0#3000 35203.0#35203.0#128_39004.0#39004.0#128_39134.0#39134.0#128_40288.0#40288.0#128_41104.0#41104.0#128_42909.0#42909.0#128_44896.0#44896.0#128
45000 54000 54.900623046880355 651.4442408511501 372.14396268944284 999.8880000000063 60.34989648437477 1455.0875973474617 1438.9557918842943 12812.168354517915 12812.168354517915 2422.112811386489 16.500678832630484 3704380.581381547 3538892.3172463737 3000.0 128.0 44641.0#44641.0#3000_46477.0#46477.0#3000_48903.0#48903.0#3000_50554.0#50554.0#3000_52301.0#52301.0#3000 44896.0#44896.0#128_46697.0#46697.0#128_48901.0#48901.0#128_50560.0#50560.0#128_52305.0#52305.0#128
54000 63000 767.2960820312583 834.7156826171868 221.1832098590605 999.6699999999983 119.01499999999942 1537.4508491298714 1522.7647142964602 12250.527670065725 12250.527670065725 2431.6459324560738 14.686134833411252 3777551.04359491 3585004.9269809015 3000.0 128.0 52301.0#52301.0#3000_54199.0#54199.0#3000_56406.0#56406.0#3000_58287.0#58287.0#3000_60185.0#60185.0#3000_62001.0#62001.0#3000 54393.0#54393.0#128_56403.0#56403.0#128_58396.0#58396.0#128_60378.0#60378.0#128_61896.0#61896.0#128
63000 72000 272.0838769531256 710.1333325639221 373.99351206045594 999.9070000000065 2.870999999999185 1439.6079890230224 1422.5714130128908 13854.436024028315 13854.436024028315 2354.234576071304 18.0365760101317 3672415.3612785055 3503128.186048104 3000.0 128.0 62001.0#62001.0#3000_64100.0#64100.0#3000_66013.0#66013.0#3000_67905.0#67905.0#3000_69553.0#69553.0#3000_71497.0#71497.0#3000 64105.0#64105.0#128_65900.0#65900.0#128_67901.0#67901.0#128_69805.0#69805.0#128_71898.0#71898.0#128
72000 81000 582.0088437499944 706.0542087673643 325.699883880842 999.7510000000038 49.20795898437791 1523.5507860435464 1511.3744278881397 10155.254265023497 10155.254265023497 2353.124713976107 12.176358155406499 3729123.1402784023 3548698.342327224 3000.0 128.0 71497.0#71497.0#3000_73903.0#73903.0#3000_76096.0#76096.0#3000_77860.0#77860.0#3000_79358.0#79358.0#3000 71898.0#71898.0#128_73901.0#73901.0#128_75395.0#75395.0#128_77397.0#77397.0#128_79224.0#79224.0#128
81000 90000 369.28698242190876 664.0406764322872 302.9325072426487 999.9449999999924 155.77309375000186 1323.4928696163338 1307.4928696163338 13350.0 12510.0 2211.2939432934672 16.0 3436455.2269721585 3352627.463825358 3000.0 128.0 79358.0#79358.0#3000_81407.0#81407.0#3000_83174.0#83174.0#3000_85194.0#85194.0#3000_86989.0#86989.0#3000_88903.0#88903.0#3000 81402.0#81402.0#128_83170.0#83170.0#128_85191.0#85191.0#128_86898.0#86898.0#128_89399.0#89399.0#128
90000 99000 589.5115683593613 614.8859494628914 399.5236406032735 999.9600000000064 33.25 1445.3926833714293 1430.879906378747 12116.457007119014 10434.457007119014 2437.42362598396 14.512776992682458 3727997.4872418367 3497582.693264419 3000.0 128.0 88903.0#88903.0#3000_90996.0#90996.0#3000_92809.0#92809.0#3000_94748.0#94748.0#3000_97234.0#97234.0#3000_98928.0#98928.0#3000 90899.0#90899.0#128_92821.0#92821.0#128_94753.0#94753.0#128_97233.0#97233.0#128_98900.0#98900.0#128
99000 108000 265.5119941406301 657.9992531419804 347.3626709869813 999.994000000006 47.179999999993015 1604.6571458757476 1587.897746668832 14481.17100054324 14481.17100054324 2533.031566961674 17.759399206915464 3912581.498793028 3645714.0559172453 3000.0 128.0 97234.0#97234.0#3000_98928.0#98928.0#3000_100593.0#100593.0#3000_102577.0#102577.0#3000_104220.0#104220.0#3000_106488.0#106488.0#3000 98900.0#98900.0#128_100393.0#100393.0#128_102396.0#102396.0#128_104396.0#104396.0#128_106398.0#106398.0#128
108000 117000 1388.6990898437507 710.3713887939448 318.2430540513046 999.75 95.02900000000955 1353.146272875331 1339.418449074929 11461.371992337747 11461.371992337747 2184.155771816525 13.727823800402078 3482261.974246489 3353157.1494329283 3000.0 128.0 106488.0#106488.0#3000_108113.0#108113.0#3000_110404.0#110404.0#3000_111894.0#111894.0#3000_113714.0#113714.0#3000_115909.0#115909.0#3000 108360.0#108360.0#128_110400.0#110400.0#128_111901.0#111901.0#128_113875.0#113875.0#128_115905.0#115905.0#128
117000 126000 1158.5528300781443 651.5404840494788 335.57455742261527 999.8759999999893 35.478000000002794 1324.9204069733205 1301.9204069733205 18815.0 17995.0 2107.243702275953 24.0 3138438.9132202165 2946943.7380337766 1765.7142857142858 128.0 115909.0#115909.0#3000_118765.0#118765.0#3000_120580.0#120580.0#3000_124129.0#124129.0#840_124131.0#124131.0#840_124709.0#124709.0#840_125287.0#125287.0#840 118739.0#118739.0#128_119899.0#119899.0#128_121896.0#121896.0#128_124126.0#124126.0#128_124225.0#124225.0#128_124826.0#124826.0#128_125381.0#125381.0#128
126000 135000 2296.4976464844076 634.975076923073 344.3817544952709 999.810999999987 19.630000000004657 1196.0 1179.0 13350.0 10838.0 1668.0 17.0 2570518.0 2353518.0 2300.0 128.0 127410.0#127410.0#2300_127414.0#127414.0#2300_129231.0#129231.0#2300_131402.0#131402.0#2300_132899.0#132899.0#2300 127407.0#127407.0#128_129229.0#129229.0#128_131400.0#131400.0#128_132897.0#132897.0#128
135000 144000 660.0975996093766 637.7483749999992 388.1963912797853 999.1559999999881 74.80900000000838 1171.0 1156.0 12510.0 12510.0 1930.0 15.0 2990275.0 2750924.0 2720.0 128.0 135197.0#135197.0#2300_136897.0#136897.0#2300_138918.0#138918.0#3000_140898.0#140898.0#3000_142484.0#142484.0#3000 135195.0#135195.0#128_136896.0#136896.0#128_138909.0#138909.0#128_140897.0#140897.0#128_142896.0#142896.0#128
144000 153000 3781.847968749964 506.7499914362986 428.500092151773 999.1059999999998 23.815999999991618 810.3861701547257 799.091261341518 9414.313220720931 9414.313220720931 1305.0537992981274 11.294908813207757 1970092.3190173784 1824492.3190173784 2825.0 128.0 144905.0#144905.0#3000_146907.0#146907.0#3000_151025.0#151025.0#3000_152706.0#152706.0#2300 144902.0#144902.0#128_146903.0#146903.0#128_151022.0#151022.0#128_151397.0#151397.0#128
153000 162000 12.33719140625908 780.3929508634916 268.6065042770851 999.9809999999998 93.35899999999674 1518.123685165152 1500.4234468959849 14781.610328474093 14781.610328474093 2376.3298801635015 17.700238269167272 3702953.1960589043 3441178.784228254 2500.0 128.0 152706.0#152706.0#2300_154470.0#154470.0#2300_155551.0#155551.0#2300_156839.0#156839.0#2300_158426.0#158426.0#2300_159740.0#159740.0#3000_161905.0#161905.0#3000 154562.0#154562.0#128_155733.0#155733.0#128_156896.0#156896.0#128_157894.0#157894.0#128_160657.0#160657.0#128_161901.0#161901.0#128
162000 171000 524.1813710936985 730.1498226318454 355.6037485504281 999.6790000000619 4.622044921881752 1541.7208186923572 1528.715965774732 10832.076450804976 10012.076450804976 2549.726679543587 13.004852917624973 3824561.0373925064 3650947.449223156 3000.0 128.0 161905.0#161905.0#3000_163907.0#163907.0#3000_165704.0#165704.0#3000_167640.0#167640.0#3000_169517.0#169517.0#3000 161901.0#161901.0#128_163902.0#163902.0#128_165862.0#165862.0#128_167584.0#167584.0#128_169897.0#169897.0#128
171000 180000 594.4376660155831 540.4997597656294 405.5299339644387 999.0309999999881 0.0 1388.4795962058533 1366.576172799824 17661.74485041046 17661.74485041046 2243.3584697279466 22.903423406029432 3486723.017162526 3196374.0171625256 3185.714285714286 128.0 169517.0#169517.0#3000_171901.0#171901.0#3000_173482.0#173482.0#3000_175360.0#175360.0#3000_177277.0#177277.0#4400_177279.0#177279.0#4400_179167.0#179167.0#1500 171898.0#171898.0#128_173397.0#173397.0#128_176784.0#176784.0#128_179166.0#179166.0#128_179305.0#179305.0#128
180000 189000 927.0299511718331 591.7987074652839 405.77083892332803 999.637000000017 48.14888867188711 1462.3780347450695 1447.2101462029682 12671.095199729272 12671.095199729272 2204.849850795793 15.167888542101146 3429903.8752166484 3251534.046425556 2142.8571428571427 128.0 179167.0#179167.0#1500_180517.0#180517.0#1500_182118.0#182118.0#1500_183014.0#183014.0#1500_184903.0#184903.0#3000_186842.0#186842.0#3000_188531.0#188531.0#3000 180748.0#180748.0#128_182142.0#182142.0#128_183023.0#183023.0#128_184901.0#184901.0#128_186896.0#186896.0#128_188895.0#188895.0#128
189000 198000 1110.3803554687474 644.2775632595536 311.8667817827546 999.9530000000377 68.86405468749581 1574.9139510938635 1560.4196707792316 12084.257450580742 12084.257450580742 2371.537403972489 14.494280314631888 3681818.9508667933 3389110.7796578854 3000.0 128.0 188531.0#188531.0#3000_190897.0#190897.0#3000_192637.0#192637.0#3000_194953.0#194953.0#3000_196437.0#196437.0#3000 188895.0#188895.0#128_190895.0#190895.0#128_192643.0#192643.0#128_194396.0#194396.0#128_196396.0#196396.0#128
198000 207000 584.5809257811052 705.908260914533 310.1560142707333 999.6840000000666 24.54899999999907 1372.4146884098661 1358.729234793713 11404.283129326388 10584.283129326388 2134.4373988566363 13.685453616153042 3385043.626823565 3206801.0055376473 3000.0 128.0 196437.0#196437.0#3000_198405.0#198405.0#3000_200517.0#200517.0#3000_202135.0#202135.0#3000_204622.0#204622.0#3000_206746.0#206746.0#3000 198402.0#198402.0#128_200397.0#200397.0#128_202399.0#202399.0#128_204396.0#204396.0#128_205897.0#205897.0#128
207000 216000 73.4547968749539 755.4128667436148 305.1566189504219 999.9949999999953 33.580078125 1697.7652585643536 1682.0693972979818 13074.956034629959 12254.956034629959 2873.6799619525086 15.695861266371885 4479954.213510979 3750577.52520622 3000.0 128.0 204622.0#204622.0#3000_206746.0#206746.0#3000_208830.0#208830.0#3000_210613.0#210613.0#3000_212637.0#212637.0#3000_214390.0#214390.0#3000_215965.0#215965.0#3000 208399.0#208399.0#128_209896.0#209896.0#128_211724.0#211724.0#128_213610.0#213610.0#128_215893.0#215893.0#128
216000 225000 494.6095273437095 649.5890311472023 298.0130750569473 999.4180000000051 43.08387890623999 1496.3311812747538 1482.2780884200413 11713.663335323181 10893.663335323181 2369.911137133946 14.0530928547126 3720255.7384112724 3454262.173134966 3000.0 128.0 214390.0#214390.0#3000_215965.0#215965.0#3000_217624.0#217624.0#3000_219688.0#219688.0#3000_221588.0#221588.0#3000_224136.0#224136.0#3000 215893.0#215893.0#128_217635.0#217635.0#128_219399.0#219399.0#128_221383.0#221383.0#128_223398.0#223398.0#128
225000 234000 16.043644531309837 622.9437761501774 310.8189357035309 999.9789999999921 31.94200000001001 1637.6509750704831 1621.6509750704831 13350.0 12510.0 2714.875654234889 16.0 4207029.543591529 3946167.243197922 3000.0 128.0 224136.0#224136.0#3000_225698.0#225698.0#3000_227325.0#227325.0#3000_228939.0#228939.0#3000_230933.0#230933.0#3000_232934.0#232934.0#3000 225233.0#225233.0#128_227267.0#227267.0#128_228950.0#228950.0#128_230895.0#230895.0#128_232940.0#232940.0#128
234000 243000 948.3447910156392 649.684681274417 321.1436457850958 999.6109999999753 153.60100000002421 1325.8050883222818 1312.2357545824834 11311.006452534803 10983.495664976039 2169.3377058324468 12.770526940874344 3426657.4414286446 3256046.616689234 3000.0 128.0 232934.0#232934.0#3000_234909.0#234909.0#3000_236817.0#236817.0#3000_239088.0#239088.0#3000_240384.0#240384.0#3000_242634.0#242634.0#3000 234906.0#234906.0#128_236825.0#236825.0#128_238902.0#238902.0#128_240895.0#240895.0#128_242631.0#242631.0#128
243000 252000 377.0073964843177 663.5232880394324 331.3768013215657 999.7129999999888 69.51199999998789 1789.0305523012403 1771.5998860410384 14131.993547465197 13639.504335023961 2706.9020584881296 19.229473059125656 4141897.040519255 3696581.040519255 3000.0 128.0 242634.0#242634.0#3000_245065.0#245065.0#3000_246740.0#246740.0#3000_248283.0#248283.0#3000_250075.0#250075.0#3000 244896.0#244896.0#128_246395.0#246395.0#128_248396.0#248396.0#128_250085.0#250085.0#128
252000 261000 988.3787460936001 786.8808847656371 247.94344770127105 999.9400000000023 267.3850000000093 1724.06564208093 1710.06564208093 11690.0 11690.0 2627.131715519216 14.0 4134468.642349769 3728418.8795963144 3000.0 128.0 252400.0#252400.0#3000_254505.0#254505.0#3000_256495.0#256495.0#3000_258025.0#258025.0#3000_259644.0#259644.0#3000 252399.0#252399.0#128_254396.0#254396.0#128_255898.0#255898.0#128_257898.0#257898.0#128_259649.0#259649.0#128
261000 270000 649.7954843749758 672.3391669347492 335.3655408802384 999.4350000000559 20.48599999997532 1621.0776237810128 1606.0776237810128 12510.0 12510.0 2246.7521073332305 15.0 3495824.6809644094 3278123.0251452643 3000.0 128.0 259644.0#259644.0#3000_261908.0#261908.0#3000_263737.0#263737.0#3000_265456.0#265456.0#3000_267402.0#267402.0#3000_269405.0#269405.0#3000 261905.0#261905.0#128_263844.0#263844.0#128_265542.0#265542.0#128_267401.0#267401.0#128_269403.0#269403.0#128
270000 279000 55.4378867187188 698.9212029947977 375.3862985207772 998.9369999999763 79.096923828125 1524.7826807390645 1511.7826807390645 10850.0 10850.0 2417.9040897673835 12.079124696596633 3824590.8933097012 3641049.889855654 3000.0 128.0 269405.0#269405.0#3000_271401.0#271401.0#3000_273398.0#273398.0#3000_275028.0#275028.0#3000_276897.0#276897.0#3000_278896.0#278896.0#3000 271399.0#271399.0#128_273395.0#273395.0#128_275039.0#275039.0#128_276907.0#276907.0#128
279000 288000 307.17184765607817 697.1965100097841 354.1815463167586 999.9390000000712 88.21000000002095 1549.04141947489 1535.04141947489 11668.0 11668.0 2471.492358982019 14.920875303403367 3824849.5457132864 3522879.7907063416 3000.0 128.0 278896.0#278896.0#3000_280911.0#280911.0#3000_282846.0#282846.0#3000_284749.0#284749.0#3000_286603.0#286603.0#3000 279168.0#279168.0#128_280908.0#280908.0#128_282897.0#282897.0#128_284754.0#284754.0#128_286828.0#286828.0#128
288000 297000 32.860134765622206 847.842461328127 181.47439844377485 999.8580000000075 502.33500000002095 1635.6968636892261 1620.8506500114386 12382.35735256374 12382.35735256374 2568.9127102757943 14.84621367778764 4096858.8922511823 3648189.2472049096 3000.0 128.0 286603.0#286603.0#3000_288607.0#288607.0#3000_290578.0#290578.0#3000_292407.0#292407.0#3000_294405.0#294405.0#3000_296085.0#296085.0#3000 288396.0#288396.0#128_290806.0#290806.0#128_292403.0#292403.0#128_294400.0#294400.0#128_296091.0#296091.0#128
