ts te idle avg_span std_span max_span min_span c_bytes_all s_bytes_all avg_video_rate avg_audio_rate video_requests_sequence audio_requests_sequence
0 7000 7000.0 0.0 0.0 0.0 0.0 0.0 0.0 0.0 0.0 0 0
7000 14000 945.4550761717837 864.9349891183166 351.0458945330511 999.75900000002 68.846923828125 49142.69471083929 1654197.1913931277    
14000 21000 852.7309824217809 878.1812882254599 256.76621004684284 999.7569999999832 300.1899414063082 38250.9490824896 1267404.742415447    
21000 28000 469.02594140620204 932.9962940848283 109.26255560750916 999.5200000000186 699.4720585937612 41227.35620667111 1762869.0661914255    
28000 35000 912.6630371094798 869.6195661272171 329.8171736072044 999.8399999999674 121.886962890625 36445.88305229655 1463122.2162542501    
35000 42000 98.89604492211947 862.6379943847351 324.69830594678507 999.5579999999609 65.56591796869179 39579.30754560829 1837325.0667219616    
42000 49000 1902.5858847656054 849.5690192057324 327.1095804931371 999.1259999999893 183.884033203125 28979.214770452003 1539023.7087298639    
49000 56000 114.9827636720729 860.6271545409909 317.9808890656962 999.9529999999795 89.55126953119179 64332.10301066275 3302620.3186491607    
56000 63000 40.95728710934054 869.8803391113324 326.88259393638947 999.9309999999823 65.281982421875 50680.48873109363 2767724.7779652164    
63000 70000 82.5789999999688 864.6776250000039 334.6093062191944 999.5109999999986 39.031982421875 45866.21733379447 2979139.812233393    
70000 77000 99.66989453113638 862.541263183608 347.76697610487145 999.8240000000806 3.340087890625 49614.89777719398 2638863.98805515    
77000 84000 68.19699218752794 990.2575725446388 12.364266635557348 999.4610000000685 970.8189999999595 48397.15088487175 2796829.3111618157    
84000 91000 118.85321289068088 860.1433483886649 339.16700761968065 998.8919999999925 23.462904296873603 54947.424103104786 2979273.0016482905    
91000 98000 44.91192187491106 869.3860097656361 319.82593512531605 997.4859999999753 81.53111718752189 52910.537148649295 3272510.7212036448    
98000 105000 307.02287695312407 836.6221403808595 314.2647412467165 999.6439999999711 88.76503906247672 48238.16641514335 2706228.6502752565    
105000 112000 38.0078183595906 870.2490227050512 280.6296484237696 999.8829999999143 204.32891601562733 49272.07357831551 2956136.768273264    
112000 119000 668.9283828124753 791.3839521484406 332.8703823127362 998.9000000000233 222.93273437500466 47543.18841559434 2597353.3978874665    
119000 126000 710.5578632812249 786.1802670898469 310.44673765292214 999.5619999999763 95.77001953119179 50837.16373318783 2585817.5625235764    
126000 133000 41.29594726563664 869.8380065917954 322.7333742416452 999.7289999998757 75.674072265625 54461.676151974425 3247266.6810336863    
133000 140000 161.2811816406902 976.9598311941871 45.19170707792947 998.8479999999981 875.334927734395 43714.531536045426 2436686.009271635    
140000 147000 36.02287890628213 870.4971401367147 345.3256804907911 999.3059999999823 16.418109374993946 55667.67089901863 3245004.985503812    
147000 154000 45.145121093664784 869.3568598632919 337.0959148007848 998.7770000000019 36.62798828125233 52207.71613532494 3145049.933576324    
154000 161000 31.617873046780005 871.0477658691525 330.77373941149284 998.8479999999981 54.78610937501071 48238.25140941722 2677814.2842625696    
161000 168000 1111.0359472657437 736.120506591782 375.2496938267245 999.810999999987 70.95698242186336 48567.351289656486 2560325.662924151    
168000 175000 503.000074218784 812.124990722652 310.7245865582251 999.6479999999865 123.52099609369179 55112.598061028766 3158719.4226785535    
175000 182000 118.98298437497579 860.127126953128 312.0795550158648 999.6450000000186 97.81201171869179 50947.49292618614 2940793.6853274824    
182000 189000 1700.8820781251416 757.0168459821226 341.6540068672992 999.9959999999846 168.3569335936918 45877.43733102786 2584226.7016998627    
189000 196000 27.268822265556082 871.5913972168055 295.3182550325111 999.5699999999488 155.339111328125 56042.32965693509 3260222.7629393153    
196000 203000 127.21899023442529 859.0976262206968 322.8821384146789 999.1539999999804 75.34912109375 52772.09320518536 2875952.663411049    
203000 210000 56.418185546877794 867.9477268066403 332.9203155225775 999.9579999999842 46.408935546875 55360.28651757489 3039588.226576414    
210000 217000 42.353640624904074 869.705794921887 341.028472523334 999.8710000000428 26.727294921875 52714.999870480795 2833919.3900984596    
217000 224000 389.1712949218927 944.4041007254439 125.84254507300659 999.7299999999814 659.8029999999562 52043.74851017543 2963164.2891143765    
224000 231000 1321.7440488281427 811.1794215959796 332.1757416436462 999.8560000000289 183.699951171875 43115.07401725981 2446718.6350024943    
231000 238000 68.86085156234913 866.3923935547064 293.23128808734737 999.5320000000065 157.527099609375 57342.922462205854 3214280.0623461828    
238000 245000 94.12222070305143 863.2347224121186 300.5027593596524 999.9969999999739 132.77587890625 55545.49637658567 3124766.8218502467    
245000 252000 89.29578906262759 863.8380263671716 318.8246306883848 999.9300000000512 82.64208984375 48167.315107572766 2850296.5546155497    
252000 259000 41.475201171822846 869.8155998535221 327.4319023680909 999.7600000000093 63.160888671875 45804.44468425297 2633491.6459047967    
259000 266000 66.74194921867456 866.6572563476657 332.9698461312145 998.5579999999609 44.387939453125 55506.68581957172 3117819.742538696    
266000 273000 725.4390078124125 896.3658560267983 117.27796603382734 998.4459999999963 725.4170000000158 55056.73200267887 3102809.054234778    
273000 280000 1139.8606445312034 732.5174194335996 379.1475837425092 998.7610000000568 179.74706835940015 44514.57211892651 2345139.720205442    
280000 287000 99.40431250003166 862.574460937496 313.04053507875926 998.6450000000186 103.573974609375 53016.99864079461 2932113.3319323556    
287000 294000 79.7219824217027 865.0347521972872 316.4342878392723 998.9599999999627 87.1669921875 53977.093637266866 2977428.7665312057    
294000 301000 1107.0209921874339 982.1631679687611 41.04707804392268 999.5509999999776 898.3800078125205 47137.665132884336 2640964.6648382517    
