ts te idle avg_span std_span max_span min_span c_bytes_all s_bytes_all avg_video_rate avg_audio_rate video_requests_sequence audio_requests_sequence
0 7000 7000.0 0.0 0.0 0.0 0.0 0.0 0.0 0.0 0.0 0 0
7000 14000 3276.084996093705 930.9787509765738 132.0948358981475 999.2729999999865 732.8540039063082 38916.67086346254 1530477.7476246608    
14000 21000 58.92605468747206 867.634243164066 264.78375725874344 999.2299999999814 257.6709960937733 44435.64811885383 1771428.252709999    
21000 28000 95.31082812498789 863.0861464843765 261.3599226356341 998.5860000000102 281.40305078122765 46698.31452066671 1792245.9878435703    
28000 35000 531.6742363282247 808.5407204589719 270.7746983810153 999.5499999999884 327.7178789062309 47763.58387822425 1863198.8864120531    
35000 42000 116.9148457031697 860.3856442871038 246.01610587493533 999.8300000000163 418.5400390625 40164.01202796175 1602254.901948708    
42000 49000 691.1580664063222 901.2631333705255 161.39792245564192 999.4780000000028 570.9579609375214 41324.694078202454 1868392.64491151    
49000 56000 106.20669726573396 861.7241628417833 328.17810429958166 998.2519999999786 53.05702734377701 56496.81462392905 3623348.3588142795    
56000 63000 616.2553437500028 797.9680820312497 366.94890751550304 998.50900000002 79.20372460939689 51630.622335860346 2925774.934169704    
63000 70000 485.2278925781138 930.681729631698 129.25431445363674 999.5740000000224 646.7720683593652 47559.90659248663 2931339.3599667065    
70000 77000 123.74497265624814 859.531878417969 316.43844057235276 999.3520000000135 86.57996093749534 53289.90638566375 2845632.480081349    
77000 84000 44.06501562515041 869.4918730468562 300.6346057799407 999.5910000000149 140.29693359375233 56743.63156844716 3197414.804710024    
84000 91000 452.96000000007916 818.3799999999901 330.4915345040418 999.8260000000009 153.9449492188287 54093.6629004185 2864000.1171377925    
91000 98000 56.36009570310125 867.9549880371123 245.2117322601976 999.8329999999842 396.678955078125 51952.713020393625 2834390.125278067    
98000 105000 142.02784765622346 857.2465190429721 243.92780763417264 999.8449999999139 353.985107421875 49410.99422564647 2829079.6453224607    
105000 112000 97.87610742193647 862.7654865722579 258.7730422356597 999.5770000000484 332.625 54184.194532142355 2858749.9071655697    
112000 119000 69.38610937492922 866.3267363281338 258.0370459600843 999.4980000000214 295.212890625 55382.00131959592 3097595.0094257724    
119000 126000 77.2836406249553 865.3395449218806 267.2217030445324 999.862000000081 253.78125 47329.8613443042 2763984.735618295    
126000 133000 76.90097460936522 865.3873781738293 276.4097445985421 999.8190000000177 216.707275390625 54856.56563354797 2947377.9837886416    
133000 140000 336.9142753906781 951.8693892299032 85.9117744847222 999.9039999999222 779.3707246093545 51836.202030192464 3003128.117070837    
140000 147000 997.5299179687281 857.4957260044674 241.1490548946433 999.7370000000228 483.8090820311918 52678.265772283834 2906873.25997799    
147000 154000 918.8059999999823 868.7420000000026 199.57965413490365 999.9110000000219 512.058917968825 49075.09989841006 2814011.503189528    
154000 161000 1049.6900917968014 743.7887385253998 359.6913939723185 998.899000000034 85.02391796873417 48452.80002057613 2868296.905678401    
161000 168000 168.94509960938012 853.8818625488275 265.36690905571953 999.4550000000163 301.337890625 49856.90832863472 3003358.8725165976    
168000 175000 433.8139667970827 938.0265761718454 111.43421392349033 998.598999999871 695.5901093750144 55539.89786615665 3018464.9083433617    
175000 182000 27.186025390634313 871.6017468261707 319.42581710309844 999.6529999999912 85.19607617188012 56471.4467921584 2938154.0679681385    
182000 189000 692.6849414061289 788.4143823242339 338.40484894813505 998.8400000000838 87.6351015624823 54507.082437846955 2998638.2184648784    
189000 196000 47.16602929693181 869.1042463378835 234.52303886123204 999.6679999999469 467.825927734375 52293.61031474676 2800696.4557269057    
196000 203000 460.997009765706 817.3753737792867 253.69029339129034 999.8839999999618 416.56591796875 55403.655513040445 2997708.48339603    
203000 210000 87.54793164064176 864.0565085449198 254.36517681402074 999.2970000000205 346.510986328125 50641.72554241275 2978895.3695813585    
210000 217000 127.23406835924834 859.095741455094 251.42600708943993 999.9300000000512 312.31591796875 52457.754868592616 2878663.4365723813    
217000 224000 822.6619179687696 882.4768688616043 185.07768493115017 999.2569999999832 554.4350000000559 47762.75264514068 2498028.518584429    
224000 231000 869.9649160156259 875.7192977120534 223.64038712016486 999.0949999999721 417.611083984375 49647.93301017284 2678648.74892469    
231000 238000 43.08719335927162 869.614100830091 235.7110552115251 999.9910000000382 411.212890625 63574.526495101425 3262987.9724390083    
238000 245000 1328.1905800780514 810.2584885602784 177.28963407436268 999.3170000000391 588.2421093749581 50311.27728205596 2678268.809920383    
245000 252000 1071.18206445314 741.1022419433575 372.6237321356939 999.4409999999916 76.83900000003632 58477.89976276112 3176157.6051307134    
252000 259000 465.9272031248547 816.7590996093932 256.04192581351157 999.8810000000522 360.64404296875 51798.16416088273 2788958.707718065    
259000 266000 118.2439570314018 860.2195053710748 256.26014403910466 999.045999999973 334.1630859375 57885.52215304205 3124835.0789802163    
266000 273000 198.83802734373603 850.145246582033 260.1930312363914 998.5379999999423 275.31005859375 54301.26194482924 2891938.8540824205    
273000 280000 86.33714257809334 864.2078571777383 275.9793970777305 999.1609999999637 223.388916015625 51548.94870691416 2866836.5992533886    
280000 287000 44.90892968745902 869.3863837890676 280.6167408418958 999.9520000000484 201.885986328125 54885.54940353161 3024987.3862917586    
287000 294000 455.7579003906576 934.8917285156203 98.63710847628211 999.9159999999683 750.0380136718741 50224.22260608512 2744057.533311338    
294000 301000 906.4900859375484 870.501416294636 319.00462187349217 998.7630000000354 147.63791406247765 46594.694474623764 2783157.703948017    
