ts te idle avg_span std_span max_span min_span c_bytes_all s_bytes_all avg_video_rate avg_audio_rate video_requests_sequence audio_requests_sequence
0 1000 1000.0 0.0 0.0 0.0 0.0 0.0 0.0 0.0 0.0 - -
1000 2000 1000.0 0.0 0.0 0.0 0.0 0.0 0.0 0.0 0.0 - -
2000 3000 1000.0 0.0 0.0 0.0 0.0 0.0 0.0 0.0 0.0 - -
3000 4000 1000.0 0.0 0.0 0.0 0.0 0.0 0.0 0.0 0.0 - -
4000 5000 1000.0 0.0 0.0 0.0 0.0 0.0 0.0 0.0 0.0 - -
5000 6000 830.3589999999967 169.64100000000326  169.64100000000326 169.64100000000326 3797.0 12017.0 0.0 0.0 - -
6000 7000 1000.0 0.0 0.0 0.0 0.0 0.0 0.0 0.0 0.0 - -
7000 8000 11.638916015625 988.361083984375  988.361083984375 988.361083984375 13377.688818340439 509218.926501309 840.0 128.0 7013.0#7013.0#840_7805.0#7805.0#840 7012.0#7012.0#128_7356.0#7356.0#128_7859.0#7859.0#128
8000 9000 7.242765625007451 496.3786171874963 688.6833985027313 983.351318359375 9.40591601561755 8106.745977708798 403824.75366441975 840.0 128.0 7805.0#7805.0#840_8598.0#8598.0#840 8608.0#8608.0#128
9000 10000 9.229029296897352 495.3854853515513 688.631217613067 982.3212890625 8.449681640602648 8583.32583460488 371073.789610211 840.0 128.0 8598.0#8598.0#840_9753.0#9753.0#840 9776.0#9776.0#128
10000 11000 4.198199218721129 497.90090039063944 680.9313702877423 979.39208984375 16.40971093752887 7421.98351541262 266612.3100259713 840.0 0.0 9753.0#9753.0#840_10954.0#10954.0#840 -
11000 12000 52.54598046874162 473.7270097656292 664.7653679980202 943.787109375 3.666910156258382 6335.477789086066 196890.94985444605 1060.0 128.0 9753.0#9753.0#840_10954.0#10954.0#840_11920.0#11920.0#1500 11511.0#11511.0#128
12000 13000 10.62307031248929 494.68846484375536 628.7615761125769 939.2900390625 50.08689062501071 8731.378975223246 283451.3469811798 1060.0 128.0 10954.0#10954.0#840_11920.0#11920.0#1500_12597.0#12597.0#840 12859.0#12859.0#128
13000 14000 7.863021484401543 496.06848925779923 617.1621315638263 932.468017578125 59.66896093747346 8305.372517436443 357913.9108766712 840.0 128.0 12597.0#12597.0#840_13215.0#13215.0#840_13973.0#13973.0#840 12859.0#12859.0#128_13350.0#13350.0#128
14000 15000 0.2250234375242144 499.8874882812379 611.5858557228252 932.343994140625 67.43098242185079 8619.087441359969 356010.71398611047 840.0 128.0 13215.0#13215.0#840_13973.0#13973.0#840_14643.0#14643.0#840 14103.0#14103.0#128_14779.0#14779.0#128
15000 16000 4.130025390652008 497.934987304674 610.9161910743451 929.91796875 65.95200585934799 6990.164424254676 339626.46596002945 840.0 128.0 14643.0#14643.0#840_15428.0#15428.0#840 14779.0#14779.0#128_15492.0#15492.0#128
16000 17000 3.4789980468922295 498.2605009765539 605.7564163192047 926.594970703125 69.92603124998277 7425.87641609701 285909.20356967597 840.0 128.0 15428.0#15428.0#840_16132.0#16132.0#840 16208.0#16208.0#128
17000 18000 196.00597070308868 401.99701464845566 465.1022930365469 730.8740000000107 73.12002929690061 7118.898290475854 273906.62896997604 840.0 128.0 17077.0#17077.0#840 17075.0#17075.0#128
18000 19000 360.5639648436918 639.4360351563082  639.4360351563082 639.4360351563082 6016.879584296005 250892.13872523588 2300.0 128.0 18367.0#18367.0#2300 18362.0#18362.0#128
19000 20000 5.707730468770023 497.146134765615 197.7652790816503 636.9873046875 357.30496484373 7828.5289393135445 352331.36001482565 2300.0 0.0 18367.0#18367.0#2300 -
20000 21000 3.395375000021886 498.30231249998906 193.50064350664724 635.1279296875 361.4766953124781 8042.735112172162 384682.1020046479 2300.0 128.0 18367.0#18367.0#2300_20052.0#20052.0#2300 20061.0#20061.0#128
21000 22000 13.908910156227648 493.0455449218862 194.06471308208475 630.27001953125 355.82107031252235 5769.927955814488 230058.92387801615 2300.0 0.0 20052.0#20052.0#2300 -
22000 23000 27.268902343756054 486.365548828122 171.1263016829347 607.3701171875 365.36098046874395 6155.916586374514 299456.36153500876 2300.0 128.0 22364.0#22364.0#2300 22361.0#22361.0#128
23000 24000 8.164134765625931 495.91793261718703 149.36082161093725 601.531982421875 390.30388281249907 7695.055463196326 376033.38529054215 2300.0 128.0 22364.0#22364.0#2300 23854.0#23854.0#128
24000 25000 3.812876953103114 498.09356152344844 145.79063118630265 601.18310546875 395.0040175781469 7213.505705335103 357403.0399384893 2300.0 128.0 22364.0#22364.0#2300_24055.0#24055.0#2300 23854.0#23854.0#128
25000 26000 1.9680546874878928 499.01597265625605 143.66440943265923 600.60205078125 397.4298945312621 6971.026859958651 364624.87108985055 2300.0 128.0 24055.0#24055.0#2300_25797.0#25797.0#2300 25852.0#25852.0#128
26000 27000 2.28111328126397 498.859443359368 143.6862109710523 600.4609375 397.25794921873603 7235.068599976671 363257.4431017947 2300.0 0.0 25797.0#25797.0#2300 -
27000 28000 6.758853515610099 496.62057324219495 137.6956257989743 593.986083984375 399.2550625000149 5708.15031542441 275853.77455964626 2300.0 128.0 25797.0#25797.0#2300_27857.0#27857.0#2300 27856.0#27856.0#128
28000 29000 2.338999999978114 498.83050000001094 132.0954436720668 592.236083984375 405.4249160156469 6400.002261062502 300097.66888273176 2300.0 0.0 27857.0#27857.0#2300 -
29000 30000 3.0761113280896097 498.4619443359552 130.899647384281 591.0219726563082 405.9019160156022 7559.004659568391 341626.4568144033 2300.0 128.0 27857.0#27857.0#2300_29665.0#29665.0#2300 29675.0#29675.0#128
30000 31000 2.123980468721129 498.93800976563944 127.24949726952553 588.9169921875 408.95902734377887 7968.652471597137 375510.346393116 2300.0 0.0 29665.0#29665.0#2300 -
31000 32000 9.057080078113358 495.4714599609433 129.31349915071536 586.909912109375 404.03300781251164 7232.233517766601 359276.93637484213 2300.0 128.0 29665.0#29665.0#2300_31521.0#31521.0#2300 31531.0#31531.0#128
32000 33000 4.269931640708819 497.8650341796456 124.43657539444932 585.8549804686918 409.8750878905994 7229.891830921533 305415.969009629 2300.0 0.0 31521.0#31521.0#2300 -
33000 34000 2.3850000001257285 498.80749999993714 121.68951388694684 584.8549804686918 412.7600195311825 6816.1313133854455 316500.9902033325 2300.0 128.0 31521.0#31521.0#2300_33360.0#33360.0#2300 33356.0#33356.0#128
34000 35000 8.736076171859168 495.6319619140704 116.94830905742391 578.326904296875 412.93701953126583 6315.851391115867 296194.8660460942 2300.0 0.0 33360.0#33360.0#2300 -
35000 36000 6.690656249993481 496.65467187500326 107.23214398345283 572.479248046875 420.8300957031315 6208.004417309209 338454.59601669025 2300.0 128.0 33360.0#33360.0#2300_35362.0#35362.0#2300 35359.0#35359.0#128
36000 37000 4.655208984389901 497.67239550780505 104.11106994499787 571.2900390625 424.0547519531101 6349.510802046478 294475.76210627105 2300.0 0.0 35362.0#35362.0#2300 -
37000 38000 7.75613281247206 496.12193359376397 100.4190237535045 567.12890625 425.11496093752794 6385.752033467656 321489.6948330918 2300.0 128.0 35362.0#35362.0#2300_37358.0#37358.0#2300 37355.0#37355.0#128
38000 39000 5.966785156284459 497.01660742185777 93.27801037511651 562.9741210936918 431.05909375002375 6242.145493126136 293145.33408177004 2300.0 0.0 37358.0#37358.0#2300 -
39000 40000 2.1708085936843418 498.91459570315783 88.4317877590053 561.4453125 436.38387890631566 6124.634806983042 311556.8085541297 2300.0 128.0 37358.0#37358.0#2300_39361.0#39361.0#2300 39356.0#39356.0#128
40000 41000 7.168203125009313 496.41589843749534 86.08489206589256 557.287109375 435.5446874999907 7305.846995213535 373464.6495405178 2300.0 0.0 39361.0#39361.0#2300 -
41000 42000 2.9388496094034053 498.5305751952983 81.6859434913104 556.291259765625 440.7698906249716 6961.44832987272 371627.7503040042 2300.0 128.0 39361.0#39361.0#2300_41086.0#41086.0#2300 41190.0#41190.0#128
42000 43000 2.40125976561103 498.7993701171945 81.24745994714058 556.25 441.34874023438897 6032.5117488820015 301575.3129750671 2300.0 0.0 41086.0#41086.0#2300 -
43000 44000 6.9321093750186265 496.5339453124907 78.03481281839399 551.712890625 441.3549999999814 6278.820533035072 306789.8502300155 2300.0 128.0 43073.0#43073.0#2300 43070.0#43070.0#128
44000 45000 0.267964843835216 499.8660175780824 73.23209107995831 551.6489257811918 448.083109374973 6090.2387719664985 283485.9038124693 2300.0 0.0 43073.0#43073.0#2300 -
45000 46000 4.674966796883382 497.6625166015583 73.17910640877493 549.407958984375 445.9170742187416 6289.821521433001 266442.1116332794 2300.0 128.0 45083.0#45083.0#2300 45078.0#45078.0#128
46000 47000 21.140867187525146 489.4295664062374 61.18527857707478 532.694091796875 446.16504101559985 7211.248329012351 335895.9233449426 2300.0 128.0 45083.0#45083.0#2300_46932.0#46932.0#2300 46942.0#46942.0#128
47000 48000 8.094164062524214 495.9529179687379 46.84300963718047 529.075927734375 462.8299082031008 7118.630151393678 361729.70064076455 2300.0 128.0 46932.0#46932.0#2300 46942.0#46942.0#128
48000 49000 5.617037109390367 497.1914814453048 40.15858698462078 525.587890625 468.79507226560963 6362.372665899633 303402.5172152712 2300.0 128.0 46932.0#46932.0#2300_48858.0#48858.0#2300 48855.0#48855.0#128
49000 50000 5.257935546862427 497.3710322265688 37.02824459923923 523.553955078125 471.1881093750126 6402.129485643661 305853.81411947083 2300.0 128.0 48858.0#48858.0#2300 48855.0#48855.0#128
50000 51000 3.960988281236496 498.01950585938175 33.54721177710655 521.740966796875 474.2980449218885 6466.656800138385 298493.71130403236 2300.0 128.0 48858.0#48858.0#2300_50863.0#50863.0#2300 50861.0#50861.0#128
51000 52000 0.9688671875046566 499.5155664062477 30.952232089191725 521.402099609375 477.62903320312034 6563.74117931408 296675.97365366266 2300.0 0.0 50863.0#50863.0#2300 -
52000 53000 8.033162109379191 495.9834189453104 32.49511836972146 518.9609375 473.0059003906208 5571.2618406417405 248390.71201766358 2300.0 0.0 50863.0#50863.0#2300 -
53000 54000 4.817636718798894 497.59118164060055 27.636729926134983 517.1333007811918 478.0490625000093 6109.255379255395 288827.7563508992 2300.0 128.0 53079.0#53079.0#2300 53075.0#53075.0#128
54000 55000 4.958212890604045 497.520893554698 23.432379347463463 514.090087890625 480.95169921877095 8396.496298855243 376695.9666190969 2300.0 128.0 53079.0#53079.0#2300_54745.0#54745.0#2300 54754.0#54754.0#128
55000 56000 6.154138671932742 496.92293066403363 19.233330688523314 510.5229492186918 483.32291210937547 8166.152860331896 367586.4857059077 2300.0 0.0 54745.0#54745.0#2300 -
56000 57000 2.1569453124538995 498.92152734377305 14.046643062607801 508.85400390625 488.9890507812961 7224.768171294347 353208.8714649817 2300.0 128.0 54745.0#54745.0#2300_56610.0#56610.0#2300 56672.0#56672.0#128
57000 58000 8.908033203100786 495.5459833984496 13.327530657903809 504.969970703125 486.1219960937742 8210.460192367425 349315.6739793208 2300.0 0.0 56610.0#56610.0#2300 -
58000 59000 8.27703320310684 495.8614833984466 9.686590885268869 502.7109375 489.01202929689316 7677.506463790591 362775.84656824206 2300.0 128.0 56610.0#56610.0#2300_58465.0#58465.0#2300 58354.0#58354.0#128
59000 60000 3.7979667968465947 498.1010166015767 2.289546847269151 499.719970703125 496.4820625000284 5943.9442148676335 318908.6460484943 2300.0 0.0 58465.0#58465.0#2300 -
60000 61000 818.5049707030994 181.4950292969006  181.4950292969006 181.4950292969006 1031.077946579243 51595.993017737215 2300.0 0.0 58465.0#58465.0#2300 -
61000 62000 3.698000000033062 996.3019999999669  996.3019999999669 996.3019999999669 8235.0 389862.0 2300.0 128.0 61081.0#61081.0#2300 61077.0#61077.0#128
62000 63000 3.727000000013504 996.2729999999865  996.2729999999865 996.2729999999865 7680.0 281974.0 2300.0 128.0 61081.0#61081.0#2300_62997.0#62997.0#2300 62355.0#62355.0#128
63000 64000 4.10791015625 995.89208984375  995.89208984375 995.89208984375 6636.600152114497 383181.8486203799 2300.0 0.0 62997.0#62997.0#2300 -
64000 65000 5.119998046953697 497.44000097652315 700.2182753636015 992.569091796875 2.3109101561713032 8076.005337024282 355553.8060628087 2300.0 128.0 62997.0#62997.0#2300_64740.0#64740.0#2300 64354.0#64354.0#128
65000 66000 7.050091796903871 496.47495410154806 692.8232891167925 986.375 6.574908203096129 7000.773221113565 371109.0247606668 2300.0 0.0 64740.0#64740.0#2300 -
66000 67000 7.405001953127794 496.2974990234361 690.7026095887348 984.697998046875 7.896999999997206 8588.414620116653 379180.4656070204 2300.0 128.0 64740.0#64740.0#2300_66208.0#66208.0#2300 66306.0#66306.0#128
67000 68000 7.637021484377328 496.18148925781134 686.1686243349512 981.3759765625 10.987001953122672 6803.383934659603 332069.6286405081 2300.0 0.0 66208.0#66208.0#2300 -
68000 69000 6.706066406273749 496.6469667968631 682.1260327188659 978.98291015625 14.311023437476251 8795.360455619237 366870.096630325 2300.0 128.0 66208.0#66208.0#2300_68046.0#68046.0#2300 68141.0#68141.0#128
69000 70000 4.5789375000749715 497.7105312499625 677.8487410373688 977.02197265625 18.39908984367503 7916.607678255545 354637.46221043007 2300.0 128.0 68046.0#68046.0#2300_69814.0#69814.0#2300 69854.0#69854.0#128
70000 71000 5.473999999987427 497.2630000000063 677.4209856288629 976.27197265625 18.254027343762573 7629.480410677565 400707.1898833368 2300.0 0.0 69814.0#69814.0#2300 -
71000 72000 409.9889726563124 295.0055136718438 384.11240502090783 566.6140000000014 23.397027343686204 3489.374190419051 176243.47758452408 2300.0 0.0 69814.0#69814.0#2300 -
72000 73000 358.4760742188082 641.5239257811918  641.5239257811918 641.5239257811918 4449.385042527173 213899.70958014988 2300.0 128.0 72361.0#72361.0#2300 72357.0#72357.0#128
73000 74000 2.9698906249250285 498.5150546875375 198.58525502058072 638.93603515625 358.09407421882497 7678.524033189464 327161.7348849156 2300.0 128.0 72361.0#72361.0#2300 73851.0#73851.0#128
74000 75000 22.593937499972526 488.70303125001374 207.56704688922386 635.47509765625 341.9309648437775 7923.9978179909485 373904.24168113346 2300.0 128.0 72361.0#72361.0#2300_74228.0#74228.0#2300 73851.0#73851.0#128
75000 76000 70.04709765623556 464.9764511718822 145.6562878033321 567.9710000000778 361.98190234368667 6185.093106292414 327726.3138538011 2300.0 0.0 74228.0#74228.0#2300 -
76000 77000 1000.0 0.0 0.0 0.0 0.0 0.0 0.0 0.0 0.0 - -
77000 78000 3.4699999999720603 996.5300000000279  996.5300000000279 996.5300000000279 8013.0 372430.0 2300.0 128.0 77065.0#77065.0#2300 77064.0#77064.0#128
78000 79000 3.1450195313082077 996.8549804686918  996.8549804686918 996.8549804686918 5503.305598801088 259260.29751565796 2300.0 0.0 77065.0#77065.0#2300 -
79000 80000 26.79598242189968 486.60200878905016 685.6757736706159 971.447998046875 1.75601953122532 7183.826695222327 347498.1722340962 2300.0 128.0 79058.0#79058.0#2300 79054.0#79054.0#128_79855.0#79855.0#128
80000 81000 4.063681640545838 497.9681591797271 666.9164683093476 969.54931640625 26.387001953204162 7980.220330271347 336030.6196337092 2300.0 128.0 79058.0#79058.0#2300_80773.0#80773.0#2300 79855.0#79855.0#128
81000 82000 2.428416015638504 498.78579199218075 664.7682088547718 968.847900390625 28.723683593736496 7418.756419718296 370159.77313248126 2300.0 128.0 80773.0#80773.0#2300 81857.0#81857.0#128
82000 83000 3.383935546851717 498.30803222657414 662.0371138735755 966.43896484375 30.177099609398283 7530.837577230899 363612.34637386544 2300.0 128.0 80773.0#80773.0#2300_82591.0#82591.0#2300 81857.0#81857.0#128
83000 84000 5.998646484396886 497.00067675780156 663.762042861459 966.351318359375 27.650035156228114 7277.800299610934 360608.64774731034 2300.0 128.0 82591.0#82591.0#2300 83351.0#83351.0#128
84000 85000 5.69419921876397 497.152900390618 660.1113596545539 963.922119140625 30.38368164061103 7179.026335671148 305386.4328557343 2300.0 0.0 82591.0#82591.0#2300_84301.0#84301.0#2300 -
85000 86000 5.3272109375102445 497.3363945312449 655.0913185906422 960.555908203125 34.116880859364755 7272.055536495676 373319.5557302838 2300.0 128.0 84301.0#84301.0#2300 85353.0#85353.0#128
86000 87000 7.8879472656408325 496.0560263671796 656.059235907588 959.9599609375 32.15209179685917 6976.165511566179 379893.4320709768 2300.0 0.0 84301.0#84301.0#2300_86008.0#86008.0#2300 -
87000 88000 6.6850527343922295 496.6574736328039 650.2178267882069 956.430908203125 36.88403906248277 7485.737845223998 363484.3332241584 2300.0 128.0 86008.0#86008.0#2300_87587.0#87587.0#2300 87354.0#87354.0#128
88000 89000 8.527917968749534 495.73604101562523 648.2457266914842 954.114990234375 37.357091796875466 6678.826424037605 362821.33583497506 2300.0 0.0 87587.0#87587.0#2300 -
89000 90000 3.8210195311694406 498.0894902344153 639.7626108317063 950.469970703125 45.70900976570556 7329.298701277374 367337.1611533605 2300.0 128.0 87587.0#87587.0#2300_89231.0#89231.0#2300 89333.0#89333.0#128
90000 91000 5.006710937479511 497.49664453126024 639.9947324433526 950.041259765625 44.95202929689549 5974.7056643692995 298549.8044151507 2300.0 0.0 89231.0#89231.0#2300 -
91000 92000 8.535234374983702 495.73238281250815 635.962848246932 945.426025390625 46.0387402343913 7504.000536148301 367374.15587434743 2300.0 128.0 89231.0#89231.0#2300_91119.0#91119.0#2300 91116.0#91116.0#128
92000 93000 7.677054687519558 496.1614726562402 627.8167737296344 940.094970703125 52.22797460935544 8448.298230673014 356759.9710120037 2300.0 128.0 91119.0#91119.0#2300_92906.0#92906.0#2300 92853.0#92853.0#128
93000 94000 4.326863281254191 497.8365683593729 624.4085770491574 939.360107421875 56.31302929687081 7036.501234298387 379871.4516805549 2300.0 0.0 92906.0#92906.0#2300 -
94000 95000 3.8450214844197035 498.07748925779015 622.3750194295017 938.1630859375 57.9918925780803 6326.00246055222 247808.24811241406 2300.0 128.0 92906.0#92906.0#2300_94859.0#94859.0#2300 94854.0#94854.0#128
95000 96000 7.14111328125 496.429443359375 623.2687071072024 937.14697265625 55.7119140625 6823.337945755146 363855.3527864201 2300.0 128.0 94859.0#94859.0#2300 94854.0#94854.0#128
96000 97000 6.094984375056811 496.9525078124716 616.9301328672075 933.1879882811918 60.7170273437514 6428.213040337526 264719.8092139384 2300.0 128.0 94859.0#94859.0#2300_96868.0#96868.0#2300 96864.0#96864.0#128
97000 98000 7.880035156267695 496.05998242186615 610.1510863453475 927.501953125 64.6180117187323 6497.138349271986 357557.95424865786 2300.0 128.0 96868.0#96868.0#2300 96864.0#96864.0#128
98000 99000 4.441869140602648 497.7790654296987 607.3439400963372 927.236083984375 68.32204687502235 5350.247309037656 160018.52979578197 2300.0 0.0 96868.0#96868.0#2300 -
99000 100000 26.13814062497113 486.93092968751444 598.8289533319445 910.366943359375 63.49491601565387 5481.351240712814 300191.9915138863 2300.0 128.0 99063.0#99063.0#2300 99059.0#99059.0#128
100000 101000 25.53989062499022 487.2300546875049 585.3769318295782 901.154052734375 73.30605664063478 8320.756646049746 367329.06096879 2300.0 128.0 99063.0#99063.0#2300_100844.0#100844.0#2300 100856.0#100856.0#128
101000 102000 2.9587382812751457 498.5206308593624 565.6524505713113 898.497314453125 98.54394726559985 6881.5578977596415 372978.59921926877 2300.0 0.0 100844.0#100844.0#2300 -
102000 103000 0.5262167968903668 499.7368916015548 563.5474254482745 898.22509765625 101.24868554685963 8069.382191125711 339881.50552570366 2300.0 128.0 100844.0#100844.0#2300_102479.0#102479.0#2300 102516.0#102516.0#128
103000 104000 0.29413867194671184 499.85293066402664 563.1115963167397 898.032958984375 101.67290234367829 7208.540007182908 355934.37090915465 2300.0 0.0 102479.0#102479.0#2300 -
104000 105000 5.71199804689968 497.14400097655016 563.1270559911374 895.3349609375 98.95304101560032 3519.11311405766 63994.733365997 2300.0 0.0 102479.0#102479.0#2300 -
105000 106000 6.18994921882404 496.905025390588 555.3008354257514 889.5620117186918 104.24803906248417 5300.636178465674 336146.84794104367 2300.0 128.0 105066.0#105066.0#2300 105063.0#105063.0#128
106000 107000 4.36796679685358 497.8160166015732 551.3736237489771 887.696044921875 107.93598828127142 8616.510022539383 369337.31657467934 2300.0 128.0 105066.0#105066.0#2300_106759.0#106759.0#2300 106854.0#106854.0#128
107000 108000 3.060769531293772 498.4696152343531 546.5760906828434 884.957275390625 111.98195507808123 6575.336581427939 357128.0874076596 2300.0 128.0 106759.0#106759.0#2300 106854.0#106854.0#128
108000 109000 6.866228515631519 496.56688574218424 548.9710627317638 884.748046875 108.38572460936848 5517.736288133008 185264.9671161351 2300.0 0.0 106759.0#106759.0#2300 -
109000 110000 3.9780292968498543 498.0109853515751 546.5327762492432 884.468017578125 111.55395312502515 6161.583533312996 383211.4422844596 2300.0 128.0 109067.0#109067.0#2300 109064.0#109064.0#128
110000 111000 2.3740234375 498.81298828125 542.0411966863298 882.093994140625 115.531982421875 7969.047413447001 329937.22178947454 2300.0 128.0 109067.0#109067.0#2300_110785.0#110785.0#2300 110354.0#110354.0#128
111000 112000 5.138095703150611 497.4309521484247 539.3314792556972 878.7958984375 116.06600585934939 6662.725676384851 364007.08714789967 2300.0 0.0 110785.0#110785.0#2300 -
112000 113000 3.4547871093964204 498.2726064453018 534.1364485983926 875.964111328125 120.58110156247858 8091.490892134169 370173.9232765834 2300.0 128.0 110785.0#110785.0#2300_112345.0#112345.0#2300 112355.0#112355.0#128
113000 114000 3.494097656221129 498.25295117188944 532.2549189366276 874.614013671875 121.89188867190387 6840.733761417438 329114.6622989486 2300.0 0.0 112345.0#112345.0#2300 -
114000 115000 21.875033203163184 489.0624833984184 525.0868849641532 860.3549804686918 117.76998632814502 2962.218739780795 65162.079712014944 2300.0 0.0 112345.0#112345.0#2300 -
115000 116000 3.93191601568833 498.03404199215584 509.37430108727335 858.216064453125 137.85201953118667 5890.325829960519 348465.0546685016 2300.0 128.0 115062.0#115062.0#2300 115057.0#115057.0#128
116000 117000 9.005765624984633 495.4971171875077 511.3572536157377 857.081298828125 133.91293554689037 8174.165632296194 358733.9368052334 2300.0 128.0 115062.0#115062.0#2300_116835.0#116835.0#2300 116353.0#116353.0#128
117000 118000 3.8283457030775025 498.08582714846125 505.9930628527617 855.876953125 140.2947011719225 7256.304058903025 366445.28071427153 2300.0 128.0 116835.0#116835.0#2300 117852.0#117852.0#128
118000 119000 5.281964843801688 497.35901757809916 503.3949329488689 853.3129882811918 141.40504687500652 7233.923999830396 348955.27317988756 2300.0 128.0 116835.0#116835.0#2300_118358.0#118358.0#2300 117852.0#117852.0#128
119000 120000 7.806906250072643 496.0965468749637 504.82125847702054 853.0590820311918 139.13401171873556 10170.267956184229 331494.6212612863 2300.0 128.0 118358.0#118358.0#2300_119643.0#119643.0#2300 119196.0#119196.0#128_119755.0#119755.0#128
120000 121000 13.726191406196449 493.1369042969018 498.7945183275641 845.837890625 140.43591796880355 8208.348163959303 362564.84263451106 2300.0 128.0 119643.0#119643.0#2300_120159.0#120159.0#2300 119755.0#119755.0#128
121000 122000 6.150835937471129 496.92458203126444 492.19082876312933 844.9560546875 148.89310937502887 5946.910019465415 254366.91322457138 2300.0 128.0 120159.0#120159.0#2300_121858.0#121858.0#2300 121856.0#121856.0#128
122000 123000 4.23701367189642 497.8814931640518 489.6156522083142 844.092041015625 151.67094531247858 6465.62642894252 303954.01128066995 2300.0 0.0 121858.0#121858.0#2300 -
123000 124000 4.225099609349854 497.8874501953251 489.3921263634863 843.93994140625 151.83495898440015 6748.374567633965 267012.61613733845 2300.0 128.0 121858.0#121858.0#2300 123583.0#123583.0#128
124000 125000 3.1279492187313735 498.4360253906343 488.05353870000647 843.5419921875 153.33005859376863 5805.6406870584815 238089.06725850585 1900.0 0.0 121858.0#121858.0#2300_124559.0#124559.0#1500 -
125000 126000 1.5189140624715947 499.2405429687642 484.8483203356362 842.080078125 156.4010078125284 6923.151782159737 260660.60563284354 1500.0 128.0 124559.0#124559.0#1500_125753.0#125753.0#1500 125853.0#125853.0#128
126000 127000 5.56613867188571 497.21693066405714 485.3170948427564 840.387939453125 154.0459218749893 7609.72880845428 310181.3470472688 1500.0 128.0 125753.0#125753.0#1500 125853.0#125853.0#128
127000 128000 749.8086757812416 125.09566210937919 29.061525231044918 145.645263671875 104.54606054688338 1937.2106262486645 89204.60010112505 1500.0 128.0 125753.0#125753.0#1500_127855.0#127855.0#1500 127853.0#127853.0#128
128000 129000 8.909232421894558 495.5453837890527 502.3475406967438 850.7587363281054 140.33203125 7966.266493672529 360121.5922609616 1500.0 0.0 127855.0#127855.0#1500 -
129000 130000 667.6620117187849 166.16899414060754 42.63708878427783 196.31796875002328 136.0200195311918 3117.520721946726 105717.81991438274 1500.0 128.0 127855.0#127855.0#1500_129867.0#129867.0#1500 129863.0#129863.0#128
130000 131000 5.1629511718056165 497.4185244140972 513.1452076387261 860.2669804688194 134.570068359375 8414.494925500372 397619.3293021589 1500.0 0.0 129867.0#129867.0#1500 -
131000 132000 8.203087890695315 495.89845605465234 515.5423272482907 860.4419316406129 131.3549804686918 6665.7745410155585 273965.3202066285 1500.0 128.0 129867.0#129867.0#1500_131357.0#131357.0#1500 131355.0#131355.0#128
132000 133000 360.68798046873417 639.3120195312658  639.3120195312658 639.3120195312658 4954.942527265941 215817.48667227646 1500.0 0.0 131357.0#131357.0#1500 -
133000 134000 1.5966796875 998.4033203125  998.4033203125 998.4033203125 7865.147959125276 280846.91333903227 2300.0 128.0 133367.0#133367.0#2300 133360.0#133360.0#128
134000 135000 9.76232031249674 495.11883984375163 698.6146552396376 989.1140000000014 1.1236796875018626 6813.852040874724 328703.08666096773 2300.0 0.0 133367.0#133367.0#2300 -
135000 136000 8.918701171875 991.081298828125  991.081298828125 991.081298828125 6049.54858588348 269953.6579079534 2300.0 128.0 135367.0#135367.0#2300 135362.0#135362.0#128
136000 137000 4.986216796911322 497.50689160154434 693.7455607574366 988.0590820311918 6.954701171896886 4687.7263807800055 155792.19177844143 2300.0 0.0 135367.0#135367.0#2300 -
137000 138000 37.10598242189735 481.4470087890513 680.3499890257821 962.527099609375 0.36691796872764826 5614.964448841505 277118.1750487194 2300.0 128.0 137359.0#137359.0#2300 137356.0#137356.0#128
138000 139000 4.726119140686933 497.63694042965653 651.200147262561 958.1049804686918 37.168900390621275 8257.523849260398 336952.0338425552 2300.0 0.0 137359.0#137359.0#2300 -
139000 140000 5.522892578097526 497.23855371095124 645.0249754560704 953.340087890625 41.137019531277474 7460.327942916843 400141.5536487461 2300.0 128.0 137359.0#137359.0#2300_139012.0#139012.0#2300 139078.0#139078.0#128
140000 141000 3.615101562521886 498.19244921873906 641.0892232552249 951.510986328125 44.873912109353114 7176.419669095098 331770.44249451143 2300.0 128.0 139012.0#139012.0#2300 140852.0#140852.0#128
141000 142000 4.75495898432564 497.6225205078372 641.4950597344696 951.22802734375 44.01701367192436 7647.049897089145 364010.5771602531 2300.0 128.0 139012.0#139012.0#2300_141056.0#141056.0#2300 140852.0#140852.0#128
142000 143000 3.4049472656915896 498.2975263671542 635.9853499868067 948.007080078125 48.58797265618341 7237.893016525636 308556.7961773142 2300.0 128.0 141056.0#141056.0#2300_142704.0#142704.0#2300 142853.0#142853.0#128
143000 144000 3.7850820312742144 498.1074589843629 632.6350573414959 945.447998046875 50.766919921850786 7146.814038012434 363228.5692063321 2300.0 128.0 142704.0#142704.0#2300 142853.0#142853.0#128
144000 145000 6.746908203116618 496.6265458984417 632.1754448390412 943.64208984375 49.61100195313338 5254.694271450555 240273.37357563517 2300.0 0.0 142704.0#142704.0#2300 -
145000 146000 26.041185546899214 486.9794072265504 638.8320817858937 938.701904296875 35.256910156225786 8552.818346705519 340728.5894888172 2300.0 128.0 145068.0#145068.0#2300 145066.0#145066.0#128
146000 147000 9.377867187431548 495.3110664062842 624.6255621561751 936.988037109375 53.63409570319345 9802.527952928824 397901.13395120006 2300.0 128.0 145068.0#145068.0#2300 146851.0#146851.0#128
147000 148000 6.7930058594211005 496.60349707028945 613.3847754251492 930.33203125 62.8749628905789 6429.684406907288 373339.7541393471 2300.0 128.0 145068.0#145068.0#2300_147004.0#147004.0#2300 146851.0#146851.0#128
148000 149000 8.96972070314223 495.5151396484289 610.7679665774679 927.393310546875 63.63696874998277 7528.501569373779 348994.85233586206 2300.0 128.0 147004.0#147004.0#2300_148597.0#148597.0#2300 148854.0#148854.0#128
149000 150000 2.753214843745809 498.6233925781271 604.4698120526658 926.048095703125 71.19868945312919 7285.971967688238 358812.2065911027 2300.0 128.0 148597.0#148597.0#2300 148854.0#148854.0#128
150000 151000 8.099082031229045 495.9504589843855 604.100492390549 923.114013671875 68.78690429689595 4056.7381245616266 113503.68742772052 2300.0 128.0 148597.0#148597.0#2300_150862.0#150862.0#2300 150859.0#150859.0#128
151000 152000 6.97773632814642 496.5111318359268 594.3206269393055 916.75927734375 76.26298632810358 5863.557158575596 335029.6562429598 2300.0 128.0 150862.0#150862.0#2300 150859.0#150859.0#128
152000 153000 1.9743515625596046 499.0128242187202 589.035648708605 915.5239257811918 82.5017226562486 9190.232222540984 357826.2531709007 2300.0 128.0 150862.0#150862.0#2300_152930.0#152930.0#2300 152356.0#152356.0#128
153000 154000 7.817832031229045 496.0910839843855 585.3500783447005 909.99609375 82.18607421877095 6430.091466330568 375877.08341056714 2300.0 0.0 150862.0#150862.0#2300_152930.0#152930.0#2300 -
154000 155000 5.084101562504657 497.4579492187477 577.1179881544545 905.5419921875 89.37390624999534 4224.850125728704 178142.04485447388 2300.0 0.0 152930.0#152930.0#2300 -
155000 156000 927.1939921875019 72.80600781249814  72.80600781249814 72.80600781249814 295.064558803775 11587.367546587187 0.0 0.0 - -
156000 157000 1000.0 0.0 0.0 0.0 0.0 0.0 0.0 0.0 0.0 - -
157000 158000 1.385999999998603 998.6140000000014  998.6140000000014 998.6140000000014 8963.0 383644.0 2300.0 128.0 157080.0#157080.0#2300 157078.0#157078.0#128_157278.0#157278.0#128
158000 159000 1.184000000008382 998.8159999999916  998.8159999999916 998.8159999999916 8424.0 355606.0 1900.0 0.0 157080.0#157080.0#2300_158559.0#158559.0#1500 -
159000 160000 2.943115234375 997.056884765625  997.056884765625 997.056884765625 8048.735803628201 331681.0672650351 1500.0 128.0 158559.0#158559.0#1500_159756.0#159756.0#1500 159193.0#159193.0#128
160000 161000 6.520884765603114 496.73955761719844 701.5735891407255 992.8269999999902 0.652115234406665 7087.264196371799 353095.9327349649 1500.0 128.0 159756.0#159756.0#1500 160354.0#160354.0#128
161000 162000 7.126708984375 992.873291015625  992.873291015625 992.873291015625 6203.874938890166 300731.8653466639 1500.0 0.0 159756.0#159756.0#1500_161332.0#161332.0#1500 -
162000 163000 4.972181640623603 497.5139091796882 699.7149700149484 992.287109375 2.740708984376397 5472.487485038998 139752.24622925487 1500.0 128.0 161332.0#161332.0#1500_162303.0#162303.0#1500 162351.0#162351.0#128
163000 164000 62.76579296874115 468.6171035156294 659.9883147882036 935.29931640625 1.9348906250088476 5289.8567166035955 310636.90282403806 1500.0 0.0 162303.0#162303.0#1500 -
164000 165000 6.715367187571246 496.6423164062144 612.7159918979432 929.8979492186918 63.38668359373696 9072.655167357567 347025.974978404 1500.0 128.0 162303.0#162303.0#1500_164259.0#164259.0#1500 164310.0#164310.0#128
165000 166000 191.6259492187528 404.1870253906236 474.5591239363859 739.7509999999893 68.62305078125792 5718.125692109674 268637.01062163914 1500.0 0.0 164259.0#164259.0#1500 -
166000 167000 1000.0 0.0 0.0 0.0 0.0 0.0 0.0 0.0 0.0 - -
167000 168000 3.157999999995809 996.8420000000042  996.8420000000042 996.8420000000042 9975.0 392327.0 2300.0 128.0 167079.0#167079.0#2300 167075.0#167075.0#128_167851.0#167851.0#128
168000 169000 3.025000000023283 996.9749999999767  996.9749999999767 996.9749999999767 7963.0 363649.0 2300.0 128.0 167079.0#167079.0#2300_168489.0#168489.0#2300 167851.0#167851.0#128
169000 170000 4.787109375 995.212890625  995.212890625 995.212890625 7217.707494308697 331252.53173334966 2300.0 128.0 168489.0#168489.0#2300 169852.0#169852.0#128
170000 171000 0.990980468748603 499.5045097656257 700.8890503906441 995.10791015625 3.901109375001397 8018.592266298566 358008.7056731573 2300.0 128.0 168489.0#168489.0#2300_170503.0#170503.0#2300 169852.0#169852.0#128
171000 172000 2.8969277343712747 498.55153613281436 698.7706233844004 992.656982421875 4.446089843753725 7112.907270437562 355898.9841822024 2300.0 0.0 170503.0#170503.0#2300 -
172000 173000 7.62999609374674 496.18500195312663 691.8346668293913 985.385986328125 6.98401757812826 1125.7152694189626 2578.6923554316786 2300.0 0.0 170503.0#170503.0#2300 -
173000 174000 36.24491992185358 481.8775400390732 680.0819044051979 962.76806640625 0.9870136718964204 8138.261017312394 376534.5665287652 2300.0 128.0 173074.0#173074.0#2300 173071.0#173071.0#128_173850.0#173850.0#128
174000 175000 0.9550468750530854 499.52247656247346 654.423851221188 962.2700195311918 36.77493359375512 7239.674890045735 301510.9532836263 2300.0 128.0 173074.0#173074.0#2300_174992.0#174992.0#2300 173850.0#173850.0#128
175000 176000 7.476091796823312 496.26195410158834 658.5836623590935 961.950927734375 30.57298046880169 6990.950383868632 405734.6237292998 2300.0 128.0 173074.0#173074.0#2300_174992.0#174992.0#2300 175852.0#175852.0#128
176000 177000 7.279828125028871 496.36008593748556 652.8957520350712 958.027099609375 34.69307226559613 7892.115808658883 352843.3718131203 2300.0 128.0 174992.0#174992.0#2300_176422.0#176422.0#2300 175852.0#175852.0#128
177000 178000 8.068978515686467 495.96551074215677 653.2020659969909 957.8491210936918 34.08190039062174 7204.942600499745 365450.179249656 2300.0 128.0 176422.0#176422.0#2300 177350.0#177350.0#128
178000 179000 4.247111328062601 497.8764443359687 645.0702744842155 954.010009765625 41.7428789063124 7422.475221114387 357021.7584334386 2300.0 0.0 176422.0#176422.0#2300_178241.0#178241.0#2300 -
179000 180000 6.011730468715541 496.99413476564223 642.8550208052803 951.561279296875 42.42699023440946 7335.697488336776 383448.16884142766 2300.0 128.0 178241.0#178241.0#2300 179852.0#179852.0#128
180000 181000 7.717294921865687 496.14135253906716 641.2647197005264 949.583984375 42.69872070313431 7726.359540514098 365498.044649977 2300.0 128.0 178241.0#178241.0#2300_180197.0#180197.0#2300 179852.0#179852.0#128
181000 182000 8.929984375019558 495.5350078124902 630.9230855329496 941.664999999979 49.4050156250014 7418.600749185562 318450.41952654807 2300.0 128.0 180197.0#180197.0#2300_181878.0#181878.0#2300 181350.0#181350.0#128
182000 183000 69.157958984375 930.842041015625  930.842041015625 930.842041015625 6536.880277842617 395876.6815770353 2300.0 0.0 181878.0#181878.0#2300 -
183000 184000 8.340949218720198 495.8295253906399 607.743523100031 925.569091796875 66.0899589844048 7162.540314087505 317133.1051822011 2300.0 128.0 181878.0#181878.0#2300_183425.0#183425.0#2300 183329.0#183329.0#128
184000 185000 5.802812499925494 497.09859375003725 603.816420527577 924.061279296875 70.1359082031995 6928.125194513582 368131.9282483472 2300.0 0.0 183425.0#183425.0#2300 -
185000 186000 5.503998046799097 497.24800097660045 601.5573483252743 922.61328125 71.8827207032009 7970.928954695132 375565.69915853476 2300.0 128.0 183425.0#183425.0#2300_185261.0#185261.0#2300 185353.0#185353.0#128
186000 187000 3.341351562528871 498.32932421873556 599.8720656546211 922.5029296875 74.15571874997113 8299.201155431685 305476.62318043667 2300.0 0.0 185261.0#185261.0#2300 -
187000 188000 3.2918359374743886 498.3540820312628 595.7615213530237 919.62109375 77.08707031252561 6675.4297950165665 397770.71031980315 2300.0 128.0 187054.0#187054.0#2300 187051.0#187051.0#128
188000 189000 1.9591249999939464 499.020437500003 594.7086669772094 919.54296875 78.49790625000605 7072.949422334699 187373.31269394056 2300.0 0.0 187054.0#187054.0#2300 -
189000 190000 28.555886718793772 485.7220566406031 597.0979725043841 907.9340820311918 63.510031250014435 6960.529933408707 384467.50530131656 2300.0 128.0 189063.0#189063.0#2300 189061.0#189061.0#128
190000 191000 4.572984374943189 497.7135078125284 576.1316404859165 905.10009765625 90.32691796880681 8558.926932017559 374732.2981339709 2300.0 128.0 189063.0#189063.0#2300_190942.0#190942.0#2300 190851.0#190851.0#128
191000 192000 7.387082031229511 496.30645898438524 576.0934097634484 903.666015625 88.94690234377049 6437.043833467029 362722.7874799793 2300.0 128.0 190942.0#190942.0#2300 190851.0#190851.0#128
192000 193000 4.759949218772817 497.6200253906136 574.0265145449838 903.51806640625 91.72198437497718 5301.249524042266 203181.5731382112 2300.0 128.0 190942.0#190942.0#2300_192856.0#192856.0#2300 192854.0#192854.0#128
193000 194000 6.867042968748137 496.56647851562593 574.6056405230298 902.8740234375 90.25893359375186 6792.8433959138265 314105.9418735513 2300.0 128.0 192856.0#192856.0#2300 192854.0#192854.0#128
194000 195000 3.1910664062015712 498.4044667968992 571.4504527255384 902.48095703125 94.32797656254843 6412.489877422648 209796.1819120512 2300.0 0.0 192856.0#192856.0#2300 -
195000 196000 41.34304687497206 479.32847656251397 578.27819570275 888.23291015625 70.42404296877794 5892.143436640013 366827.73008145933 2300.0 128.0 195069.0#195069.0#2300 195068.0#195068.0#128
196000 197000 3.81494140625 498.092529296875 551.4732001279579 888.04296875 108.14208984375 9015.867866045755 367341.6453395274 2300.0 128.0 195069.0#195069.0#2300_196845.0#196845.0#2300 196854.0#196854.0#128
197000 198000 4.258718749973923 497.87064062501304 551.0633185006714 887.53125 108.21003125002608 6697.952028753625 363236.1298326615 2300.0 128.0 196845.0#196845.0#2300 196854.0#196854.0#128
198000 199000 1.7871933593414724 499.10640332032926 547.8686722113222 886.508056640625 111.70475000003353 7548.79314167781 294595.8892828435 2300.0 128.0 196845.0#196845.0#2300_198596.0#198596.0#2300 198852.0#198852.0#128
199000 200000 15.8017578125 492.09912109375 546.2147839768488 878.331298828125 105.866943359375 7108.457592754837 386299.2673286061 2300.0 128.0 198596.0#198596.0#2300 198852.0#198852.0#128
200000 201000 4.242044921847992 497.878977539076 537.7635832159493 878.13525390625 117.62270117190201 5006.215474904776 140577.6560019494 2300.0 0.0 198596.0#198596.0#2300 -
201000 202000 3.3533457031007856 498.3233271484496 535.7855293353861 877.180908203125 119.46574609377421 6230.268651664818 373414.58793942584 2300.0 128.0 201066.0#201066.0#2300 201063.0#201063.0#128
202000 203000 1.3909101563040167 499.304544921848 533.714939760228 876.697998046875 121.91109179682098 8510.832958125398 320076.5926261156 2300.0 128.0 201066.0#201066.0#2300_202929.0#202929.0#2300 202351.0#202351.0#128
203000 204000 5.2289687499869615 497.3855156250065 531.5951192563953 873.280029296875 121.49100195313804 6699.520474206739 383245.2510630086 2300.0 0.0 202929.0#202929.0#2300 -
204000 205000 8.021126953070052 495.989436523465 532.3247857822214 872.39990234375 119.57897070317995 3711.5702355356802 75982.75087798899 2300.0 0.0 202929.0#202929.0#2300 -
205000 206000 7.880599609343335 496.05970019532833 527.3257341887595 868.935302734375 123.18409765628166 6083.262557843008 358454.86173224304 2300.0 128.0 205055.0#205055.0#2300 205054.0#205054.0#128
206000 207000 4.409998046932742 497.79500097653363 523.1774232035951 867.7373046875 127.85269726556726 6491.908605199793 207721.31257896294 2300.0 0.0 205055.0#205055.0#2300 -
207000 208000 7.889226562459953 496.05538671877 514.9854323206678 860.205078125 131.90569531254005 6283.155485013004 357900.82234181574 2300.0 128.0 207065.0#207065.0#2300 207061.0#207061.0#128
208000 209000 6.427113281213678 496.78644335939316 508.0951435389685 856.06396484375 137.50892187503632 8128.073247942373 379827.61648773524 2300.0 128.0 207065.0#207065.0#2300_208402.0#208402.0#2300 208350.0#208350.0#128
209000 210000 3.941921874997206 498.0290390625014 503.2691148981712 853.89404296875 142.1640351562528 6301.0066175390075 335421.4683312663 2300.0 0.0 208402.0#208402.0#2300 -
210000 211000 8.01093945314642 495.9945302734268 505.9512689750521 853.756103515625 138.23295703122858 8217.108554076312 363006.5056338467 2300.0 128.0 208402.0#208402.0#2300_210760.0#210760.0#2300 210355.0#210355.0#128
211000 212000 3.1200859375530854 498.43995703122346 499.9641779048849 851.968017578125 144.91189648432191 7695.225866561468 360392.02595574415 2300.0 128.0 210760.0#210760.0#2300 211849.0#211849.0#128
212000 213000 7.682730468804948 496.1586347655975 496.5454464382348 847.269287109375 145.04798242182005 7105.789819593381 341835.64221240516 2300.0 128.0 210760.0#210760.0#2300_212304.0#212304.0#2300 211849.0#211849.0#128
213000 214000 7.828355468693189 496.0858222656534 489.27420664022554 842.054931640625 150.1167128906818 7252.630292081651 314923.0628840312 2300.0 0.0 212304.0#212304.0#2300 -
214000 215000 67.75495703122579 466.1225214843871 497.91129500157314 818.198974609375 114.04606835939921 7276.724558042708 375423.9445155156 2300.0 128.0 212304.0#212304.0#2300_214044.0#214044.0#2300 214350.0#214350.0#128
215000 216000 3.976009765639901 498.01199511718005 451.9147294703519 817.56396484375 178.4600253906101 6949.118305923903 290499.79756079393 2300.0 128.0 214044.0#214044.0#2300_215862.0#215862.0#2300 215857.0#215857.0#128
216000 217000 5.2548593749525025 497.37257031252375 452.2803962077327 817.18310546875 177.5620351562975 7756.231752669971 361579.1046531308 2300.0 0.0 215862.0#215862.0#2300 -
217000 218000 3.14411914057564 498.4279404297122 446.8321536504363 814.385986328125 182.46989453129936 6887.200167523089 293968.1832275584 2300.0 128.0 215862.0#215862.0#2300_217858.0#217858.0#2300 217856.0#217856.0#128
218000 219000 5.866064453148283 497.06696777342586 446.50675471075624 812.794921875 181.33901367185172 7032.24483311242 347409.57213744905 2300.0 0.0 217858.0#217858.0#2300 -
219000 220000 5.17195117182564 497.4140244140872 445.20283875765335 812.219970703125 182.60807812504936 5345.078294776673 229443.98850787448 2300.0 128.0 217858.0#217858.0#2300_219859.0#219859.0#2300 219856.0#219856.0#128
220000 221000 6.556654296931811 496.7216728515341 445.9406301062283 812.04931640625 181.3940292968182 7438.294593396718 320875.57283395744 2300.0 0.0 219859.0#219859.0#2300 -
221000 222000 7.267345703090541 496.36632714845473 443.8560793152258 810.219970703125 182.51268359378446 7832.146643713754 358066.8586070929 2300.0 128.0 219859.0#219859.0#2300_221778.0#221778.0#2300 221851.0#221851.0#128
222000 223000 3.911011718795635 498.0444941406022 439.9808814189486 809.157958984375 186.93102929682937 7978.650319658147 360217.07488891284 2300.0 0.0 221778.0#221778.0#2300 -
223000 224000 7.656005859375 496.1719970703125 436.5747356243294 804.876953125 187.467041015625 4941.475620943958 215636.49445311923 2300.0 128.0 221778.0#221778.0#2300_223860.0#223860.0#2300 223857.0#223857.0#128
224000 225000 3.531998046906665 498.23400097654667 431.4340665629897 803.303955078125 193.16404687496834 6508.9458412650765 344606.1806054465 2300.0 0.0 223860.0#223860.0#2300 -
225000 226000 4.127955078147352 497.9360224609263 431.4256144272392 803.0 192.87204492185265 7233.341336111787 318146.5218091894 2300.0 128.0 223860.0#223860.0#2300_225703.0#225703.0#2300 225889.0#225889.0#128
226000 227000 5.189951171865687 497.40502441406716 426.59048454872396 799.050048828125 195.7600000000093 6995.05617634505 370895.06753363035 2300.0 128.0 225703.0#225703.0#2300 225889.0#225889.0#128
227000 228000 704.3930488281185 147.80347558594076 64.436485122506 193.36695117189083 102.23999999999069 1926.5700401634758 75407.47193531346 2300.0 0.0 225703.0#225703.0#2300 -
228000 229000 1000.0 0.0 0.0 0.0 0.0 0.0 0.0 0.0 0.0 - -
229000 230000 4.12699999997858 995.8730000000214  995.8730000000214 995.8730000000214 8793.0 379659.0 2300.0 128.0 229071.0#229071.0#2300 229069.0#229069.0#128_229257.0#229257.0#128
230000 231000 3.0830078125 996.9169921875  996.9169921875 996.9169921875 8531.53449770146 365984.6650089665 2300.0 0.0 229071.0#229071.0#2300_230675.0#230675.0#2300 -
231000 232000 1.7578769531100988 499.12106152344495 703.1428165299415 996.318115234375 1.9240078125149012 6763.8113081390875 340082.0492640474 2300.0 128.0 230675.0#230675.0#2300 231375.0#231375.0#128
232000 233000 5.256050781230442 497.3719746093848 701.5829900701541 993.466064453125 1.2778847656445578 7757.576448163486 365727.2366813069 2300.0 0.0 230675.0#230675.0#2300_232284.0#232284.0#2300 -
233000 234000 5.304177734418772 497.3479111327906 698.990575025421 991.60888671875 3.086935546831228 7148.095196916519 365423.82336365944 2300.0 128.0 232284.0#232284.0#2300 233187.0#233187.0#128
234000 235000 4.4975664062658325 497.7512167968671 692.1190922457295 987.1533203125 8.349113281234168 7591.992394112864 364511.49383193644 2300.0 0.0 232284.0#232284.0#2300_234591.0#234591.0#2300 -
235000 236000 4.520406250027008 497.7397968749865 691.8645531394612 986.9619140625 8.517679687472992 7702.621336078292 354217.872357895 2300.0 128.0 234591.0#234591.0#2300 235353.0#235353.0#128
236000 237000 7.776636718772352 496.1116816406138 688.9307367208205 983.25927734375 8.964085937477648 7065.804299156391 312667.3083546503 2300.0 0.0 234591.0#234591.0#2300_236359.0#236359.0#2300 -
237000 238000 5.709347656229511 497.14532617188524 679.505014376117 977.6279296875 16.66272265627049 7649.85012557218 382055.8874010011 2300.0 128.0 236359.0#236359.0#2300_237871.0#237871.0#2300 237111.0#237111.0#128
238000 239000 7.9618085937108845 496.01909570314456 673.8091587682115 972.47412109375 19.564070312539116 7421.944978432777 371896.98034049437 2300.0 128.0 237871.0#237871.0#2300 238850.0#238850.0#128
239000 240000 8.200861328165047 495.8995693359175 668.062735358045 968.291259765625 23.507878906209953 6831.974043771238 373250.4295827007 2300.0 128.0 237871.0#237871.0#2300_239379.0#239379.0#2300 238850.0#238850.0#128
240000 241000 3.3939687500242144 498.3030156249879 664.4262053353015 968.123291015625 28.482740234350786 9231.694098192253 340073.96893286944 2300.0 128.0 239379.0#239379.0#2300_240952.0#240952.0#2300 240853.0#240853.0#128
241000 242000 0.6503574218368158 499.6748212890816 661.9327161864489 967.73193359375 31.617708984413184 6882.5274863033455 355265.2162601697 2300.0 128.0 240952.0#240952.0#2300 240853.0#240853.0#128
242000 243000 166.23893359384965 416.8805332030752 544.771280725768 802.091999999946 31.669066406204365 5121.573787460106 253760.06862030269 2300.0 0.0 240952.0#240952.0#2300 -
243000 244000 828.830078125 171.169921875  171.169921875 171.169921875 1619.1442925881377 66956.98501407847 2300.0 128.0 243891.0#243891.0#2300 243888.0#243888.0#128
244000 245000 3.9780039062025025 498.01099804689875 462.72371978826885 825.2060781250475 170.81591796875 9303.734613097833 380471.74830200453 2300.0 128.0 243891.0#243891.0#2300 243888.0#243888.0#128
245000 246000 5.347013671882451 497.3264931640588 465.4524572864403 826.4510820312425 168.201904296875 8498.95540622139 346005.51800207223 2300.0 128.0 243891.0#243891.0#2300_245378.0#245378.0#2300 245174.0#245174.0#128
246000 247000 8.154992187512107 495.92250390624395 463.7030792529852 823.8100957031129 168.034912109375 7567.765344737842 391455.46946563415 2300.0 0.0 245378.0#245378.0#2300 -
247000 248000 3.1569257812807336 498.42153710935963 470.80661597191903 831.3320878905943 165.510986328125 8270.865756398998 373432.6742625846 2300.0 128.0 245378.0#245378.0#2300_247322.0#247322.0#2300 247167.0#247167.0#128
248000 249000 0.840890625026077 499.57955468748696 472.92214964084684 833.9860136718489 165.173095703125 6995.865006341317 355504.2630461528 2300.0 128.0 247322.0#247322.0#2300 248349.0#248349.0#128
249000 250000 3.6961503906641155 498.15192480466794 472.32325919959914 832.1349042968359 164.1689453125 6991.647981710722 345383.40416494844 2300.0 0.0 247322.0#247322.0#2300_249531.0#249531.0#2300 -
250000 251000 5.633939453167841 497.1830302734161 478.3959557655515 835.4600546874572 158.906005859375 7856.108557315887 377600.4986436434 2300.0 128.0 249531.0#249531.0#2300_250944.0#250944.0#2300 250853.0#250853.0#128
251000 252000 4.02107226557564 497.9894638672122 484.90912461353355 840.8719941406744 155.10693359375 8239.048654171365 384244.5762938922 2300.0 128.0 249531.0#249531.0#2300_250944.0#250944.0#2300 250853.0#250853.0#128
252000 253000 2.1786328124580905 498.91068359377095 486.52819060118776 842.9380664062919 154.88330078125 7568.186165176343 355973.3809980677 2300.0 128.0 250944.0#250944.0#2300_252882.0#252882.0#2300 252352.0#252352.0#128
253000 254000 4.04631054692436 497.9768447265378 490.890292283293 845.0886992187006 150.864990234375 6818.4986792334585 322789.1912081029 2300.0 0.0 252882.0#252882.0#2300 -
254000 255000 3.7666894531575963 498.1166552734212 493.5369929652861 847.1000097655924 149.13330078125 5664.649510302228 242093.53364924318 2300.0 128.0 252882.0#252882.0#2300_254357.0#254357.0#2300 254355.0#254355.0#128
255000 256000 0.7283964843954891 499.63580175780226 496.64903067628563 850.8196992187295 148.451904296875 7461.22985472137 364564.13776474795 2300.0 0.0 254357.0#254357.0#2300 -
256000 257000 19.2288242187351 490.38558789063245 499.9294550949114 843.8890957031399 136.882080078125 8010.275966820742 328665.52470595064 2300.0 128.0 254357.0#254357.0#2300_256722.0#256722.0#2300 256348.0#256348.0#128
257000 258000 1.94709765620064 499.0264511718997 512.4678172962183 861.3959199219244 136.656982421875 6950.336908871476 390505.6720423076 2300.0 0.0 256722.0#256722.0#2300 -
258000 259000 3.4440136718330905 498.27799316408345 511.5705775117595 860.0130175781669 136.54296875 7871.4205496137165 356066.5330112841 2300.0 128.0 256722.0#256722.0#2300_258213.0#258213.0#2300 258349.0#258349.0#128
259000 260000 1.0010019531473517 499.4994990234263 514.6090263990161 863.3830312499776 135.615966796875 6578.081388140958 308370.61908417766 2300.0 0.0 258213.0#258213.0#2300 -
260000 261000 2.7848554687807336 498.60757226560963 515.506951193158 863.1260332030943 134.089111328125 5851.452827441824 263249.7939354668 2300.0 128.0 260360.0#260360.0#2300 260354.0#260354.0#128
261000 262000 6.1210156249580905 496.93949218752095 514.7969248344147 860.9558886719169 132.923095703125 7959.970223086459 358384.3221526644 2300.0 0.0 260360.0#260360.0#2300_261923.0#261923.0#2300 -
262000 263000 5.48884570307564 497.2555771484622 516.5051967619434 862.4799042969244 132.03125 7760.06933756018 349663.5162325405 2300.0 128.0 260360.0#260360.0#2300_261923.0#261923.0#2300 262352.0#262352.0#128
263000 264000 53.58322265627794 473.20838867186103 537.7269338162371 853.4387499999721 92.97802734375 7545.552048408629 279686.1139720656 2300.0 128.0 261923.0#261923.0#2300_263765.0#263765.0#2300 263853.0#263853.0#128
264000 265000 5.223076171823777 497.3884619140881 577.7960579824035 905.9519726563012 88.824951171875 6395.242333128374 350614.3039660216 2300.0 128.0 263765.0#263765.0#2300 263853.0#263853.0#128
265000 266000 59.072906250017695 470.46354687499115 554.7500213403114 862.7310488281073 78.196044921875 6323.340610544775 213538.61407404597 2300.0 128.0 263765.0#263765.0#2300_265862.0#265862.0#2300 265857.0#265857.0#128
266000 267000 3.897769531235099 498.05111523438245 594.455959167026 918.3949550781399 77.707275390625 6526.555651901765 395876.0520991544 2300.0 128.0 265862.0#265862.0#2300 265857.0#265857.0#128
267000 268000 287.72327539057005 712.27672460943  712.27672460943 712.27672460943 5518.0023324642125 223401.55390914832 2300.0 0.0 265862.0#265862.0#2300 -
268000 269000 1000.0 0.0 0.0 0.0 0.0 0.0 0.0 0.0 0.0 - -
269000 270000 2.4790000000502914 997.5209999999497  997.5209999999497 997.5209999999497 8834.0 379687.0 2300.0 128.0 269067.0#269067.0#2300 269064.0#269064.0#128_269850.0#269850.0#128
270000 271000 6.035888671875 993.964111328125  993.964111328125 993.964111328125 8034.170053231429 328138.8727548436 2300.0 128.0 269067.0#269067.0#2300_270801.0#270801.0#2300 269850.0#269850.0#128
271000 272000 3.0172226562863216 498.49138867185684 700.6289759641232 993.910888671875 3.0718886718386784 7207.618624162379 363750.9511035248 2300.0 128.0 270801.0#270801.0#2300 271852.0#271852.0#128
272000 273000 7.985919921891764 496.0070400390541 700.4400776355735 991.29296875 0.7211113281082362 7463.084845447297 368378.73350145953 2300.0 128.0 270801.0#270801.0#2300_272590.0#272590.0#2300 271852.0#271852.0#128
273000 274000 6.846046874998137 496.57697656250093 691.1515464360488 985.294921875 7.859031250001863 6891.5739772922 353600.14422687265 2300.0 128.0 272590.0#272590.0#2300 273351.0#273351.0#128
274000 275000 1.8719062500167638 499.0640468749916 685.6842299495579 983.916015625 14.212078124983236 7207.871871317336 348153.8543454527 2300.0 0.0 272590.0#272590.0#2300_274176.0#274176.0#2300 -
275000 276000 2.345101562445052 498.8274492187775 683.7856427177496 982.3369140625 15.317984375054948 6735.934817887589 324626.22067895223 2300.0 128.0 274176.0#274176.0#2300 275350.0#275350.0#128
276000 277000 9.175998046877794 495.4120009765611 676.1382124447933 973.513916015625 17.310085937497206 7507.507064012751 333816.3415929407 2300.0 0.0 274176.0#274176.0#2300_276026.0#276026.0#2300 -
277000 278000 4.0466074218275025 497.97669628908625 667.3173343251779 969.84130859375 26.112083984422497 8382.852531628207 339720.2203618857 2300.0 128.0 276026.0#276026.0#2300_277827.0#277827.0#2300 277350.0#277350.0#128
278000 279000 7.663255859399214 496.1683720703004 660.0639296385723 962.904052734375 29.432691406225786 6638.5280495730485 388756.37342467404 2300.0 0.0 277827.0#277827.0#2300 -
279000 280000 8.290148437488824 495.8549257812556 653.3270374531211 957.826904296875 33.882947265636176 7515.848651552515 366664.5838820324 2300.0 128.0 277827.0#277827.0#2300_279363.0#279363.0#2300 279349.0#279349.0#128
280000 281000 6.508951171883382 496.7455244140583 644.5369226217404 952.501953125 40.98909570311662 7643.078042744321 316163.6334045518 2300.0 0.0 279363.0#279363.0#2300 -
281000 282000 11.292703125043772 494.3536484374781 636.2937162157166 944.28125 44.42604687495623 7619.482290016906 393556.59155068547 2300.0 128.0 279363.0#279363.0#2300_281424.0#281424.0#2300 281066.0#281066.0#128
282000 283000 7.794333984376863 496.10283300781157 633.6187050221675 944.138916015625 48.06674999999814 7848.7284549902615 326061.5039350178 2300.0 0.0 281424.0#281424.0#2300 -
283000 284000 10.563988281297497 494.71800585935125 625.41179584354 936.950927734375 52.4850839843275 7062.8089619514985 399170.73926144326 2300.0 128.0 281424.0#281424.0#2300_283031.0#283031.0#2300 283062.0#283062.0#128
284000 285000 4.872886718716472 497.56355664064176 618.7587165276461 935.092041015625 60.03507226565853 5185.24226183662 169449.50029326155 2300.0 128.0 283031.0#283031.0#2300 284850.0#284850.0#128
285000 286000 290.18394140619785 354.9080292969011 415.5936247978733 648.777099609375 61.038958984427154 4781.589906966005 223351.98684453472 2300.0 128.0 285350.0#285350.0#2300 284850.0#284850.0#128
286000 287000 11.619124999968335 494.19043750001583 214.97253477654965 646.198974609375 342.18190039065666 7537.063237569057 351450.0007221622 2300.0 0.0 285350.0#285350.0#2300 -
287000 288000 5.584728515590541 497.20763574220473 205.7250958722849 642.67724609375 351.73802539065946 7403.438618271882 376851.54016942554 2300.0 128.0 287061.0#287061.0#2300 287059.0#287059.0#128
288000 289000 2.604269531206228 498.6978652343969 203.36831035165147 642.5009765625 354.8947539062938 8056.315567223435 362688.4810739716 2300.0 128.0 287061.0#287061.0#2300_288985.0#288985.0#2300 288853.0#288853.0#128
289000 290000 3.0897050781641155 498.45514746091794 199.9671446880859 639.853271484375 357.0570234374609 7663.2509684504475 357476.6519955207 2300.0 128.0 287061.0#287061.0#2300_288985.0#288985.0#2300 288853.0#288853.0#128
290000 291000 6.172242187545635 496.9138789062272 201.33614070530183 639.280029296875 354.54772851557937 6228.438357163504 266490.71265161916 2300.0 0.0 288985.0#288985.0#2300 -
291000 292000 2.991015624953434 498.5044921875233 198.498338891368 638.864013671875 358.14497070317157 6419.842123687997 295830.30524778273 2300.0 128.0 291069.0#291069.0#2300 291064.0#291064.0#128
292000 293000 6.1240039062686265 496.9379980468657 194.90975816621307 634.760009765625 359.1159863281064 8295.95058946609 350427.0642269917 2300.0 128.0 291069.0#291069.0#2300_292783.0#292783.0#2300 292851.0#292851.0#128
293000 294000 4.353761718724854 497.8231191406376 191.13963053704728 632.979248046875 362.66699023440015 7340.589500380662 336685.8426800239 2300.0 128.0 291069.0#291069.0#2300_292783.0#292783.0#2300 292851.0#292851.0#128
294000 295000 708.6272480469197 291.3727519530803  291.3727519530803 291.3727519530803 1841.1906331765651 95117.15007036955 2300.0 0.0 292783.0#292783.0#2300 -
295000 296000 5.0200000000186265 994.9799999999814  994.9799999999814 994.9799999999814 7565.0 362926.0 2300.0 128.0 295074.0#295074.0#2300 295072.0#295072.0#128
296000 297000 15.383000000030734 984.6169999999693  984.6169999999693 984.6169999999693 7605.0 312552.0 2300.0 128.0 295074.0#295074.0#2300_296612.0#296612.0#2300 296850.0#296850.0#128
297000 298000 1.464111328125 998.535888671875  998.535888671875 998.535888671875 6920.021312131957 404875.2157300914 2300.0 128.0 296612.0#296612.0#2300 296850.0#296850.0#128
298000 299000 3.75376953126397 498.123115234368 703.6405492694527 995.672119140625 0.5741113281110302 7791.379547429897 365907.7616174737 2300.0 128.0 296612.0#296612.0#2300_298432.0#298432.0#2300 298350.0#298350.0#128
299000 300000 1.2180156250251457 499.3909921874874 701.4359422431935 995.381103515625 3.4008808593498543 7931.724289275329 383808.77685688634 2300.0 0.0 298432.0#298432.0#2300 -
