ts te idle avg_span std_span max_span min_span c_bytes_all s_bytes_all avg_video_rate avg_audio_rate video_requests_sequence audio_requests_sequence
0 9000 6138.6080078124905 953.7973307291699 72.07789117190842 998.8600000000042 870.6669921875 17258.17911946502 1124456.0466487496 1900.0 128.0 6339.0#6339.0#2300_6343.0#6343.0#2300_8128.0#8128.0#1500_8130.0#8130.0#1500 6334.0#6334.0#128_6337.0#6337.0#128_8147.0#8147.0#128
9000 18000 644.30573046875 835.569426953125 307.9122715965621 999.252999999997 118.9700078124988 41442.47526320554 3506025.202323882 1435.0 128.0 8130.0#8130.0#1500_9163.0#9163.0#840_9164.0#9164.0#840_9723.0#9723.0#840_10284.0#10284.0#840_10797.0#10797.0#840_11188.0#11188.0#840_11608.0#11608.0#840_12181.0#12181.0#840_13559.0#13559.0#3000_13561.0#13561.0#3000_15590.0#15590.0#3000 9516.0#9516.0#128_9985.0#9985.0#128_10417.0#10417.0#128_10993.0#10993.0#128_11449.0#11449.0#128_11843.0#11843.0#128_12406.0#12406.0#128_13557.0#13557.0#128_15557.0#15557.0#128
18000 27000 1979.8782617187462 877.5152172851567 164.1660486826237 998.7560000000012 564.6927382812501 23908.34561732944 2170314.7510273685 1431.4285714285713 128.0 15590.0#15590.0#3000_18671.0#18671.0#840_19339.0#19339.0#840_20564.0#20564.0#840_22512.0#22512.0#1500_24876.0#24876.0#1500_25696.0#25696.0#1500 18691.0#18691.0#128_19771.0#19771.0#128_20563.0#20563.0#128_22508.0#22508.0#128_24866.0#24866.0#128_25552.0#25552.0#128
27000 36000 2487.0950000000084 930.4149999999988 64.81659129677645 999.0639999999985 856.637999999999 22622.0 3392941.0 2580.0 128.0 27581.0#27581.0#2300_29060.0#29060.0#2300_31063.0#31063.0#2300_33072.0#33072.0#3000_34237.0#34237.0#3000 27571.0#27571.0#128_29057.0#29057.0#128_31058.0#31058.0#128_33065.0#33065.0#128_34246.0#34246.0#128
36000 45000 2378.591041015621 827.6761198730474 334.6189670419243 999.1929999999993 72.11499999999796 28245.83783489786 3597835.622350923 3466.6666666666665 128.0 36067.0#36067.0#3000_38394.0#38394.0#3000_40407.0#40407.0#3000_42501.0#42501.0#3000_44419.0#44419.0#4400_44422.0#44422.0#4400 36063.0#36063.0#128_38392.0#38392.0#128_40398.0#40398.0#128_42499.0#42499.0#128_44417.0#44417.0#128
45000 54000 1043.7189003906387 884.031233289929 212.46504532137948 999.7299999999959 395.4230410156306 33221.93055468855 5007207.711616598 4400.0 128.0 44422.0#44422.0#4400_46424.0#46424.0#4400_48513.0#48513.0#4400_49861.0#49861.0#4400_52387.0#52387.0#4400 46421.0#46421.0#128_48511.0#48511.0#128_49049.0#49049.0#128_52384.0#52384.0#128
54000 63000 696.2570585937501 830.374294140625 359.7015649471358 1000.0 0.0 43679.23161041358 5792867.666032479 4400.0 128.0 54389.0#54389.0#4400_55451.0#55451.0#4400_56916.0#56916.0#4400_58409.0#58409.0#4400_60389.0#60389.0#4400 54385.0#54385.0#128_54548.0#54548.0#128_56914.0#56914.0#128_58385.0#58385.0#128_60385.0#60385.0#128
63000 72000 1376.8060097656562 952.899248779293 127.51561122369942 999.9829999999929 637.364990234375 38341.45958407824 4736199.726322994 4400.0 128.0 64376.0#64376.0#4400_66376.0#66376.0#4400_68377.0#68377.0#4400_70385.0#70385.0#4400_71729.0#71729.0#4400 64373.0#64373.0#128_66373.0#66373.0#128_68375.0#68375.0#128_70381.0#70381.0#128_70547.0#70547.0#128
72000 81000 1358.7088730469259 849.0323474392304 222.763011369629 999.9729999999836 357.20900976561825 43632.66856150347 5231281.861671931 3700.0 128.0 71729.0#71729.0#4400_74396.0#74396.0#4400_75779.0#75779.0#3000_77061.0#77061.0#3000_78389.0#78389.0#3000_80372.0#80372.0#4400 74394.0#74394.0#128_74549.0#74549.0#128_77070.0#77070.0#128_78386.0#78386.0#128_80369.0#80369.0#128
81000 90000 94.9322187500511 890.5067781249949 230.1581375470839 999.8689999999915 341.8998828125041 40019.2875306931 5008544.206869339 4400.0 128.0 80372.0#80372.0#4400_82386.0#82386.0#4400_84410.0#84410.0#4400_86384.0#86384.0#4400_88402.0#88402.0#4400 82385.0#82385.0#128_84407.0#84407.0#128_86382.0#86382.0#128_88400.0#88400.0#128
90000 99000 89.47885156251141 891.0521148437489 221.97652505544886 999.698000000004 390.6071015625057 42742.81850980547 5620030.764950366 4400.0 128.0 88402.0#88402.0#4400_90379.0#90379.0#4400_92396.0#92396.0#4400_94403.0#94403.0#4400_96386.0#96386.0#4400_97675.0#97675.0#4400 90376.0#90376.0#128_92395.0#92395.0#128_94399.0#94399.0#128_96385.0#96385.0#128_97048.0#97048.0#128
99000 108000 1755.0190546875092 804.997882812499 290.04333629139336 999.695000000007 311.96600000000035 38277.147907473875 5232282.988646071 4400.0 128.0 97675.0#97675.0#4400_99203.0#99203.0#4400_102382.0#102382.0#4400_104398.0#104398.0#4400_105848.0#105848.0#4400_107291.0#107291.0#4400 99201.0#99201.0#128_102379.0#102379.0#128_104395.0#104395.0#128_104548.0#104548.0#128_107290.0#107290.0#128
108000 117000 227.66011132812127 877.2339888671879 244.9879219878022 999.5959999999905 387.452880859375 45347.55155407692 5568803.514649022 4400.0 128.0 107291.0#107291.0#4400_108781.0#108781.0#4400_110378.0#110378.0#4400_112391.0#112391.0#4400_114387.0#114387.0#4400_116398.0#116398.0#4400 108779.0#108779.0#128_110377.0#110377.0#128_112389.0#112389.0#128_114385.0#114385.0#128_116395.0#116395.0#128
117000 126000 652.8365898437041 834.7163410156296 270.7052947912169 999.5460000000021 325.373291015625 37097.8355756267 4877058.469567665 4120.0 128.0 116398.0#116398.0#4400_118402.0#118402.0#4400_120388.0#120388.0#4400_123572.0#123572.0#4400_124836.0#124836.0#3000 118398.0#118398.0#128_120386.0#120386.0#128_123570.0#123570.0#128_125024.0#125024.0#128
126000 135000 861.6153242187575 904.2649639756936 150.871040163866 999.9510000000009 623.115966796875 34317.90825177931 4705447.0523131285 3933.3333333333335 128.0 124836.0#124836.0#3000_126400.0#126400.0#3000_128406.0#128406.0#4400_130381.0#130381.0#4400_132395.0#132395.0#4400_134398.0#134398.0#4400 126399.0#126399.0#128_128403.0#128403.0#128_130377.0#130377.0#128_132394.0#132394.0#128_134397.0#134397.0#128
135000 144000 127.51099023438292 887.2489009765617 227.81734400612277 999.9230000000098 370.39203320312663 42265.84951620671 5213747.296392008 4400.0 128.0 134398.0#134398.0#4400_136380.0#136380.0#4400_138456.0#138456.0#4400_140387.0#140387.0#4400_142407.0#142407.0#4400 136378.0#136378.0#128_138455.0#138455.0#128_140387.0#140387.0#128_142406.0#142406.0#128
144000 153000 53.800080078159226 894.619991992184 216.58642318562906 1000.0 443.56202343749464 46443.838283097895 5439458.037300831 4400.0 128.0 142407.0#142407.0#4400_144410.0#144410.0#4400_146400.0#146400.0#4400_148382.0#148382.0#4400_150374.0#150374.0#4400_152388.0#152388.0#4400 144409.0#144409.0#128_146397.0#146397.0#128_148379.0#148379.0#128_150373.0#150373.0#128_152386.0#152386.0#128_152547.0#152547.0#128
153000 162000 98.38464257807937 890.1615357421921 219.9767363023609 999.8589999999967 469.55610351561336 47085.783985355294 6334370.265948781 4400.0 128.0 152388.0#152388.0#4400_153907.0#153907.0#4400_155425.0#155425.0#4400_156939.0#156939.0#4400_158526.0#158526.0#4400_160376.0#160376.0#4400 152547.0#152547.0#128_155424.0#155424.0#128_156937.0#156937.0#128_158525.0#158525.0#128_160374.0#160374.0#128
162000 171000 231.74032031255774 876.8259679687442 261.95223950349555 999.9049999999988 279.85693359375 44218.326361562766 5127759.569624369 4400.0 128.0 162397.0#162397.0#4400_164388.0#164388.0#4400_166403.0#166403.0#4400_168387.0#168387.0#4400_170379.0#170379.0#4400 162394.0#162394.0#128_164385.0#164385.0#128_166401.0#166401.0#128_168386.0#168386.0#128_170378.0#170378.0#128
171000 180000 2549.376990234421 806.3278762206974 326.3420546846243 999.7280000000028 73.05000000001746 38804.96083411027 4323160.15628245 4400.0 128.0 170379.0#170379.0#4400_172391.0#172391.0#4400_174378.0#174378.0#4400_178390.0#178390.0#4400_179747.0#179747.0#4400 172389.0#172389.0#128_174375.0#174375.0#128_178389.0#178389.0#128_179047.0#179047.0#128
180000 189000 85.55987695298973 891.444012304701 225.8447275329198 999.9590000000026 325.5650566406257 50731.9115720358 6349069.0639324915 4400.0 128.0 179747.0#179747.0#4400_181348.0#181348.0#4400_182896.0#182896.0#4400_184414.0#184414.0#4400_186386.0#186386.0#4400_188380.0#188380.0#4400 181354.0#181354.0#128_182911.0#182911.0#128_184430.0#184430.0#128_186384.0#186384.0#128_188377.0#188377.0#128
189000 198000 86.59499609383056 891.340500390617 225.94752390880322 997.9710000000196 344.7209335937223 41349.96661623305 5410014.418997463 4400.0 128.0 188380.0#188380.0#4400_190387.0#190387.0#4400_192409.0#192409.0#4400_194383.0#194383.0#4400_195945.0#195945.0#4400_197364.0#197364.0#4400 190384.0#190384.0#128_192407.0#192407.0#128_194382.0#194382.0#128_195046.0#195046.0#128_197362.0#197362.0#128
198000 207000 65.29375390626956 893.4706246093731 219.22639806387946 999.5780000000086 383.880929687497 41693.03263874279 5599093.32689937 4400.0 128.0 197364.0#197364.0#4400_198912.0#198912.0#4400_200374.0#200374.0#4400_202395.0#202395.0#4400_204371.0#204371.0#4400_206392.0#206392.0#4400 198910.0#198910.0#128_200372.0#200372.0#128_202394.0#202394.0#128_204368.0#204368.0#128_206391.0#206391.0#128
207000 216000 41.08932226561592 895.8910677734384 218.7428316401132 999.7449999999953 402.91268359372043 40916.03932834024 5065081.064536825 4400.0 128.0 206392.0#206392.0#4400_208408.0#208408.0#4400_210379.0#210379.0#4400_212386.0#212386.0#4400_214388.0#214388.0#4400 208406.0#208406.0#128_210377.0#210377.0#128_212382.0#212382.0#128_214385.0#214385.0#128
216000 225000 61.40802734371391 893.8591972656286 221.37132454104767 999.7930000000342 424.1650058593659 44766.76680887227 5184981.470918186 4400.0 128.0 216382.0#216382.0#4400_218404.0#218404.0#4400_220377.0#220377.0#4400_222386.0#222386.0#4400_224397.0#224397.0#4400 216379.0#216379.0#128_218403.0#218403.0#128_220375.0#220375.0#128_222384.0#222384.0#128_224396.0#224396.0#128
225000 234000 361.11769531245227 863.8882304687547 248.31347952466837 999.9679999999935 334.3532714844041 41339.71580748047 5164905.003090606 4400.0 128.0 224397.0#224397.0#4400_226383.0#226383.0#4400_228379.0#228379.0#4400_230379.0#230379.0#4400_232403.0#232403.0#4400 226382.0#226382.0#128_228377.0#228377.0#128_230376.0#230376.0#128_232396.0#232396.0#128
234000 243000 1098.8513242187037 877.905408420144 250.82250255329873 999.8940000000002 275.720947265625 42000.620034051855 4847735.0552431615 4400.0 128.0 234386.0#234386.0#4400_236376.0#236376.0#4400_238394.0#238394.0#4400_240388.0#240388.0#4400_242789.0#242789.0#4400 234381.0#234381.0#128_236374.0#236374.0#128_238391.0#238391.0#128_240387.0#240387.0#128_242789.0#242789.0#128
243000 252000 721.3169296873966 919.8536744791782 135.1766822275823 999.7729999999865 657.468017578125 55455.9812425678 6609668.622519925 4400.0 128.0 242789.0#242789.0#4400_244122.0#244122.0#4400_246391.0#246391.0#4400_247508.0#247508.0#4400_249094.0#249094.0#4400_250424.0#250424.0#4400 242789.0#242789.0#128_243047.0#243047.0#128_246386.0#246386.0#128_246548.0#246548.0#128_249094.0#249094.0#128_250432.0#250432.0#128
252000 261000 115.79308203130495 888.4206917968695 235.16955529368147 999.7079999999842 326.3869824218564 37331.283994262194 4951125.396994526 4400.0 128.0 252380.0#252380.0#4400_254397.0#254397.0#4400_256418.0#256418.0#4400_258390.0#258390.0#4400_260382.0#260382.0#4400 252378.0#252378.0#128_254395.0#254395.0#128_256416.0#256416.0#128_258389.0#258389.0#128_260380.0#260380.0#128
261000 270000 95.79701367189409 890.4202986328106 220.15889832103522 999.9550000000163 409.9000644531334 39007.367620942045 5120383.474037756 4400.0 128.0 260382.0#260382.0#4400_262402.0#262402.0#4400_264377.0#264377.0#4400_266393.0#266393.0#4400_268378.0#268378.0#4400 262399.0#262399.0#128_264375.0#264375.0#128_266391.0#266391.0#128_268377.0#268377.0#128
270000 279000 35.538833984406665 896.4461166015593 213.03131023134992 999.8059999999823 454.2850781250163 38018.150448089786 5003626.190855453 4400.0 128.0 270387.0#270387.0#4400_272382.0#272382.0#4400_274374.0#274374.0#4400_276393.0#276393.0#4400_278383.0#278383.0#4400 270386.0#270386.0#128_272380.0#272380.0#128_274372.0#274372.0#128_276386.0#276386.0#128_278380.0#278380.0#128
279000 288000 1459.3870624999981 837.8458819444446 237.93145803085466 999.0289999999804 465.7289121093927 46824.92754155338 5204479.754921475 4400.0 128.0 278383.0#278383.0#4400_280371.0#280371.0#4400_281569.0#281569.0#4400_284381.0#284381.0#4400_286396.0#286396.0#4400 280368.0#280368.0#128_281048.0#281048.0#128_284378.0#284378.0#128_286394.0#286394.0#128
288000 297000 2421.131076171703 822.3586154785371 234.27562771859252 998.1500000000815 346.5259746093652 42174.678396153846 5231138.632582071 4400.0 128.0 288368.0#288368.0#4400_289674.0#289674.0#4400_292377.0#292377.0#4400_293571.0#293571.0#4400_296375.0#296375.0#4400 288366.0#288366.0#128_289050.0#289050.0#128_292374.0#292374.0#128_293049.0#293049.0#128_296372.0#296372.0#128_296549.0#296549.0#128
