ts te idle avg_span std_span max_span min_span c_bytes_all s_bytes_all avg_video_rate avg_audio_rate video_requests_sequence audio_requests_sequence
0.0 8000.0 7887.463999999978 112.53600000002189  112.53600000002189 112.53600000002189 3754.0 10901.0 0.0 0.0 - -
8000.0 16000.0 1111.9476953124977 984.0074720982146 36.96957475573978 999.88400000002 900.3319999999949 81906.23870764681 5057617.701709757 2300.0 128.0 8620.0#8620.0#2300_8621.0#8621.0#2300_9998.0#9998.0#2300_10824.0#10824.0#2300_11723.0#11723.0#2300_12544.0#12544.0#2300_13485.0#13485.0#2300_14572.0#14572.0#2300_15434.0#15434.0#2300 8619.0#8619.0#128_8619.0#8619.0#128_10137.0#10137.0#128_10917.0#10917.0#128_12008.0#12008.0#128_12666.0#12666.0#128_13558.0#13558.0#128_14670.0#14670.0#128_15475.0#15475.0#128
16000.0 24000.0 686.6072871094802 812.5991903211689 345.69311179543257 999.6460000000079 4.8456953124841675 67029.46120156531 4420729.697055928 3560.0 128.0 15434.0#15434.0#2300_16279.0#16279.0#2300_17079.0#17079.0#2300_17799.0#17799.0#2300_19485.0#19485.0#4400_19488.0#19488.0#4400_20494.0#20494.0#4400_20494.0#20494.0#4400_21180.0#21180.0#4400_23480.0#23480.0#4400 16364.0#16364.0#128_17154.0#17154.0#128_17904.0#17904.0#128_19479.0#19479.0#128_19482.0#19482.0#128_20901.0#20901.0#128_20904.0#20904.0#128_21221.0#21221.0#128_23477.0#23477.0#128
24000.0 32000.0 173.29304882819997 869.6341056857556 257.1903300643206 999.7829999999958 343.91796875 70844.6914077717 4982432.932232755 4400.0 128.0 23480.0#23480.0#4400_24966.0#24966.0#4400_26833.0#26833.0#4400_28815.0#28815.0#4400_30896.0#30896.0#4400 24971.0#24971.0#128_26830.0#26830.0#128_28812.0#28812.0#128_30893.0#30893.0#128
32000.0 40000.0 256.91371093754424 860.3429210069395 273.2801639845817 999.4710000000196 210.2392578125 76998.02596957565 5078605.594053894 4400.0 128.0 30896.0#30896.0#4400_32833.0#32833.0#4400_34592.0#34592.0#4400_36824.0#36824.0#4400_38327.0#38327.0#4400 32828.0#32828.0#128_34978.0#34978.0#128_36821.0#36821.0#128_38475.0#38475.0#128
40000.0 48000.0 30.597292968828697 885.4891896701301 267.52529521303944 998.710000000021 196.56396484375 72894.66813802147 4784217.3291289285 4400.0 128.0 40483.0#40483.0#4400_42266.0#42266.0#4400_44722.0#44722.0#4400_46236.0#46236.0#4400_47954.0#47954.0#4400 40476.0#40476.0#128_42477.0#42477.0#128_44716.0#44716.0#128_46475.0#46475.0#128_47976.0#47976.0#128
48000.0 56000.0 944.360699218756 881.9549125976555 180.23235994821655 999.7490000000107 512.697265625 77124.8158587704 4804887.555938965 4400.0 128.0 46236.0#46236.0#4400_47954.0#47954.0#4400_50488.0#50488.0#4400_52092.0#52092.0#4400_53766.0#53766.0#4400_55981.0#55981.0#4400 47976.0#47976.0#128_50479.0#50479.0#128_51979.0#51979.0#128_53983.0#53983.0#128_55975.0#55975.0#128
56000.0 64000.0 708.0292050782009 810.2189772135332 344.6458930402263 999.6039999999921 16.112060546875 72466.68273325935 4814215.124670933 4400.0 128.0 55981.0#55981.0#4400_57697.0#57697.0#4400_59982.0#59982.0#4400_61495.0#61495.0#4400_63413.0#63413.0#4400 55975.0#55975.0#128_57477.0#57477.0#128_59978.0#59978.0#128_61979.0#61979.0#128_63475.0#63475.0#128
64000.0 72000.0 73.74295117188012 990.782131103515 11.7920337256166 999.9969999999739 965.412109375 72649.51966696445 4854734.391025873 4400.0 128.0 63413.0#63413.0#4400_65487.0#65487.0#4400_67149.0#67149.0#4400_69478.0#69478.0#4400_71170.0#71170.0#4400 65480.0#65480.0#128_67478.0#67478.0#128_68985.0#68985.0#128_71474.0#71474.0#128
72000.0 80000.0 37.212064453051426 884.754215060772 319.92138974274536 999.8389999999781 32.66289062501164 68040.00035950981 4609826.881372698 4400.0 128.0 71170.0#71170.0#4400_72984.0#72984.0#4400_74847.0#74847.0#4400_76817.0#76817.0#4400_78983.0#78983.0#4400 72981.0#72981.0#128_74842.0#74842.0#128_76814.0#76814.0#128_78979.0#78979.0#128
80000.0 88000.0 20.119011718779802 886.6534431423578 315.36210058736845 999.9729999999981 47.46395507809939 81843.80551761776 5113406.278421954 4400.0 128.0 78983.0#78983.0#4400_80715.0#80715.0#4400_82824.0#82824.0#4400_84487.0#84487.0#4400_86484.0#86484.0#4400 80940.0#80940.0#128_82819.0#82819.0#128_84482.0#84482.0#128_86481.0#86481.0#128
88000.0 96000.0 24.082115234516095 886.213098307276 310.6909266275905 999.8780000000261 60.371966796868946 73529.23142688937 4648593.67839435 4400.0 128.0 86484.0#86484.0#4400_88481.0#88481.0#4400_90486.0#90486.0#4400_92851.0#92851.0#4400_94469.0#94469.0#4400 88478.0#88478.0#128_90480.0#90480.0#128_92844.0#92844.0#128_94477.0#94477.0#128_95976.0#95976.0#128
96000.0 104000.0 899.2819414064288 788.9686731770635 338.7747897505117 999.984999999986 74.57708203117363 75128.31185923365 5007379.870988195 4400.0 128.0 94469.0#94469.0#4400_96021.0#96021.0#4400_98484.0#98484.0#4400_99950.0#99950.0#4400_101984.0#101984.0#4400_103599.0#103599.0#4400 95976.0#95976.0#128_98481.0#98481.0#128_99976.0#99976.0#128_101980.0#101980.0#128_103981.0#103981.0#128
104000.0 112000.0 833.9518808594439 796.2275687933951 348.87266260976986 998.8219999999856 5.798095703125 68857.74231998857 4678209.909734252 4400.0 128.0 103599.0#103599.0#4400_105482.0#105482.0#4400_107988.0#107988.0#4400_109517.0#109517.0#4400_111423.0#111423.0#4400 103981.0#103981.0#128_105480.0#105480.0#128_107985.0#107985.0#128_109477.0#109477.0#128_111471.0#111471.0#128
112000.0 120000.0 613.0900664062356 923.3637416992206 170.2329211048718 999.8329999999842 512.280029296875 68617.73753454325 4589955.827011482 4400.0 128.0 111423.0#111423.0#4400_113480.0#113480.0#4400_115070.0#115070.0#4400_117484.0#117484.0#4400_119487.0#119487.0#4400 113478.0#113478.0#128_115475.0#115475.0#128_117482.0#117482.0#128_119478.0#119478.0#128
120000.0 128000.0 1224.0650917969178 752.8816564670092 384.07887860118615 999.7870000000694 21.0789999999688 71566.34416651567 4494142.09662925 4400.0 128.0 119487.0#119487.0#4400_121068.0#121068.0#4400_124730.0#124730.0#4400_126356.0#126356.0#4400_127851.0#127851.0#4400 120973.0#120973.0#128_124724.0#124724.0#128_124825.0#124825.0#128_126975.0#126975.0#128
128000.0 136000.0 530.5930078125675 829.934110243048 323.6845961399329 999.0300000000279 17.6279296875 80736.16602103744 5270391.922591461 4400.0 128.0 127851.0#127851.0#4400_129433.0#129433.0#4400_130868.0#130868.0#4400_132832.0#132832.0#4400_134387.0#134387.0#4400_135993.0#135993.0#4400_135995.0#135995.0#4400 128869.0#128869.0#128_130996.0#130996.0#128_132830.0#132830.0#128_134480.0#134480.0#128_135980.0#135980.0#128_135987.0#135987.0#128
136000.0 144000.0 920.3709199219011 884.9536350097624 209.81359209147288 999.9890000000014 476.260009765625 67959.48148298639 4383828.377998282 4400.0 128.0 135993.0#135993.0#4400_135995.0#135995.0#4400_136418.0#136418.0#4400_138482.0#138482.0#4400_140146.0#140146.0#4400_142480.0#142480.0#4400 135980.0#135980.0#128_135987.0#135987.0#128_136475.0#136475.0#128_138478.0#138478.0#128_140187.0#140187.0#128_142477.0#142477.0#128_143975.0#143975.0#128
144000.0 152000.0 505.9437597655924 832.6729155816008 342.3515621208256 999.5770000000484 19.53125 68072.05756370617 4452424.720493185 4400.0 128.0 142480.0#142480.0#4400_144007.0#144007.0#4400_146484.0#146484.0#4400_148277.0#148277.0#4400_149975.0#149975.0#4400_151982.0#151982.0#4400 143975.0#143975.0#128_146479.0#146479.0#128_147972.0#147972.0#128_149974.0#149974.0#128_151979.0#151979.0#128
152000.0 160000.0 1301.3662499999045 956.9476785714422 89.82645085323806 999.2600000000093 754.4110000000219 64534.01806439676 4639091.110547857 4400.0 128.0 151982.0#151982.0#4400_153782.0#153782.0#4400_156707.0#156707.0#4400_157961.0#157961.0#4400 151979.0#151979.0#128_153921.0#153921.0#128_156706.0#156706.0#128_157477.0#157477.0#128
160000.0 168000.0 636.6230000000214 920.4221249999973 221.64805317789975 999.929999999993 371.875 73476.8890438791 5064281.348117264 4400.0 128.0 160858.0#160858.0#4400_162622.0#162622.0#4400_163967.0#163967.0#4400_165468.0#165468.0#4400_167235.0#167235.0#4400 160853.0#160853.0#128_161472.0#161472.0#128_163473.0#163473.0#128_165476.0#165476.0#128_167246.0#167246.0#128
168000.0 176000.0 121.91401757823769 875.3428869357514 254.56996647840722 999.9199999999255 279.781982421875 68401.21157463091 4813853.373842992 4400.0 128.0 167235.0#167235.0#4400_168984.0#168984.0#4400_170840.0#170840.0#4400_172739.0#172739.0#4400_174984.0#174984.0#4400 168978.0#168978.0#128_170837.0#170837.0#128_172737.0#172737.0#128_174981.0#174981.0#128
176000.0 184000.0 182.7907226565294 868.5788085937189 284.4838489526608 999.9479999999749 175.791259765625 68647.40465842272 4800469.11673863 4400.0 128.0 174984.0#174984.0#4400_176851.0#176851.0#4400_178568.0#178568.0#4400_180478.0#180478.0#4400_182485.0#182485.0#4400 176847.0#176847.0#128_178685.0#178685.0#128_180475.0#180475.0#128_182480.0#182480.0#128
184000.0 192000.0 654.5282324218424 816.1635297309064 339.85594851301136 998.9689999999828 20.22802734375 71029.00043272536 4676194.97983574 4400.0 128.0 182485.0#182485.0#4400_184482.0#184482.0#4400_186478.0#186478.0#4400_188166.0#188166.0#4400_190017.0#190017.0#4400_191982.0#191982.0#4400 184478.0#184478.0#128_186474.0#186474.0#128_188178.0#188178.0#128_190109.0#190109.0#128_191979.0#191979.0#128
192000.0 200000.0 1153.2107519531855 855.8486560058518 261.0435620689571 999.7039999999688 365.66499999997905 73998.9264284271 4804229.010320814 4400.0 128.0 191982.0#191982.0#4400_194485.0#194485.0#4400_196182.0#196182.0#4400_197761.0#197761.0#4400_199980.0#199980.0#4400 191979.0#191979.0#128_194480.0#194480.0#128_195975.0#195975.0#128_197845.0#197845.0#128_199977.0#199977.0#128
200000.0 208000.0 919.036310546915 786.773743272565 321.1648438499356 999.905999999959 264.9899999999907 72742.87336429933 4475000.491872088 4400.0 128.0 199980.0#199980.0#4400_202708.0#202708.0#4400_204331.0#204331.0#4400_206735.0#206735.0#4400 199977.0#199977.0#128_202703.0#202703.0#128_203976.0#203976.0#128_206730.0#206730.0#128_207477.0#207477.0#128
208000.0 216000.0 20.5420234373305 886.6064418402966 236.1441354757718 999.8410000000149 333.31494140625 82243.99211700787 5468734.460662556 4400.0 128.0 206735.0#206735.0#4400_208365.0#208365.0#4400_209851.0#209851.0#4400_211462.0#211462.0#4400_213483.0#213483.0#4400_215085.0#215085.0#4400 209477.0#209477.0#128_211475.0#211475.0#128_213475.0#213475.0#128_215097.0#215097.0#128
216000.0 224000.0 245.1086933593033 861.654589626744 298.0596028148625 999.5649999999441 121.729248046875 75220.90397239626 4915444.989822096 4400.0 128.0 215085.0#215085.0#4400_216977.0#216977.0#4400_218892.0#218892.0#4400_220814.0#220814.0#4400_222819.0#222819.0#4400 216975.0#216975.0#128_218889.0#218889.0#128_220810.0#220810.0#128_222817.0#222817.0#128
224000.0 232000.0 25.135320312459953 886.0960755208378 294.9977797674373 999.9629999999888 106.700927734375 69847.31226791252 4583002.669476503 4400.0 128.0 222819.0#222819.0#4400_224737.0#224737.0#4400_226810.0#226810.0#4400_228603.0#228603.0#4400_230829.0#230829.0#4400 224733.0#224733.0#128_226809.0#226809.0#128_228477.0#228477.0#128_230825.0#230825.0#128
232000.0 240000.0 844.6388476564316 894.420144042946 176.38559041348708 998.9939999999478 511.632080078125 68191.28809608889 4424507.50207722 4400.0 128.0 230829.0#230829.0#4400_232514.0#232514.0#4400_234821.0#234821.0#4400_236221.0#236221.0#4400_238489.0#238489.0#4400 232477.0#232477.0#128_234818.0#234818.0#128_236351.0#236351.0#128_238484.0#238484.0#128_239977.0#239977.0#128
240000.0 248000.0 82.50397656252608 879.7217803819416 235.29362603773234 999.9899999999907 438.6419199218508 81613.44782993091 5408052.653525977 4400.0 128.0 238489.0#238489.0#4400_240058.0#240058.0#4400_241955.0#241955.0#4400_244113.0#244113.0#4400_245872.0#245872.0#4400_247567.0#247567.0#4400 239977.0#239977.0#128_241976.0#241976.0#128_244122.0#244122.0#128_245882.0#245882.0#128_247578.0#247578.0#128
248000.0 256000.0 730.9441621091682 807.6728708767591 341.36870248407513 999.9810000000289 19.18994140625 68077.50080391427 4621212.446226878 4400.0 128.0 247567.0#247567.0#4400_249978.0#249978.0#4400_251588.0#251588.0#4400_253456.0#253456.0#4400_255478.0#255478.0#4400 249974.0#249974.0#128_251697.0#251697.0#128_253475.0#253475.0#128_255477.0#255477.0#128
256000.0 264000.0 1570.3160351562547 803.7104956054682 362.38092066748357 999.48199999996 85.0230000000447 64843.02097200431 4470270.517653329 4400.0 128.0 255478.0#255478.0#4400_258817.0#258817.0#4400_260311.0#260311.0#4400_262077.0#262077.0#4400_263664.0#263664.0#4400 258812.0#258812.0#128_259474.0#259474.0#128_261477.0#261477.0#128_263476.0#263476.0#128
264000.0 272000.0 216.9338066407945 864.7851325954673 277.97833985057696 998.9780000000028 200.652099609375 73716.28827637526 5121578.481104613 4400.0 128.0 263664.0#263664.0#4400_265252.0#265252.0#4400_266938.0#266938.0#4400_268981.0#268981.0#4400_270832.0#270832.0#4400 264901.0#264901.0#128_266975.0#266975.0#128_268979.0#268979.0#128_270828.0#270828.0#128
272000.0 280000.0 276.6451425780542 858.1505397135495 323.38377723328097 999.564000000013 14.85595703125 69509.0567297763 4896417.936339299 4400.0 128.0 270832.0#270832.0#4400_272831.0#272831.0#4400_274978.0#274978.0#4400_276845.0#276845.0#4400_278573.0#278573.0#4400 272824.0#272824.0#128_274975.0#274975.0#128_276744.0#276744.0#128_278673.0#278673.0#128
280000.0 288000.0 709.332037109416 911.333495361323 175.98160600052657 999.9309999999823 508.867919921875 68761.87668704063 4676533.984454447 4400.0 128.0 278573.0#278573.0#4400_280484.0#280484.0#4400_282243.0#282243.0#4400_284484.0#284484.0#4400_286042.0#286042.0#4400 280479.0#280479.0#128_282256.0#282256.0#128_284481.0#284481.0#128_285978.0#285978.0#128
288000.0 296000.0 470.9029199219076 836.5663422308992 338.23230709594253 999.9020000000019 59.02800000004936 68118.00674516827 4542448.037929551 4400.0 128.0 288479.0#288479.0#4400_290080.0#290080.0#4400_291980.0#291980.0#4400_293741.0#293741.0#4400 288476.0#288476.0#128_289974.0#289974.0#128_291976.0#291976.0#128_293755.0#293755.0#128
