ts te idle avg_span std_span max_span min_span c_ack_cnt c_ack_cnt_p c_bytes_all s_ack_cnt s_ack_cnt_p s_bytes_all avg_video_rate avg_audio_rate video_requests_sequence audio_requests_sequence
0 1000 1000.0 0.0 0.0 0.0 0.0 0.0 0.0 0.0 0.0 0.0 0.0 0.0 0.0 0 0
1000 2000 1000.0 0.0 0.0 0.0 0.0 0.0 0.0 0.0 0.0 0.0 0.0 0.0 0.0 0 0
2000 3000 1000.0 0.0 0.0 0.0 0.0 0.0 0.0 0.0 0.0 0.0 0.0 0.0 0.0 0 0
3000 4000 1000.0 0.0 0.0 0.0 0.0 0.0 0.0 0.0 0.0 0.0 0.0 0.0 0.0 0 0
4000 5000 1000.0 0.0 0.0 0.0 0.0 0.0 0.0 0.0 0.0 0.0 0.0 0.0 0.0 0 0
5000 6000 1000.0 0.0 0.0 0.0 0.0 0.0 0.0 0.0 0.0 0.0 0.0 0.0 0.0 0 0
6000 7000 109.85888671875 542.8995214843744 361.52843295577014 890.14111328125 34.904999999998836 79.02661016130492 69.65163306224439 8695.473995127737 135.20263204546157 11.97798263583198 193161.03766014375 1500.0 128.0 "28581.0-28748.561=1500 28586.0-29603.416=1500" "28577.0:28710.267=128 28579.0:29264.052=128"
7000 8000 0.0 245.15769559151835 290.09845307083094 631.77001953125 7.915000000004511 56.968142309629336 51.80177047960754 3657.092239525261 108.91216704612967 3.9246931607279643 159169.47163840823 692.0 128.0 "28586.0-29603.416=1500 29600.0-30259.491=288 29601.0-31082.817=288" "28579.0:29264.052=128 29597.0:30148.792=128"
8000 9000 1.8389003906231665 417.0428613281256 168.6684571512812 630.2971191406286 253.30999999999767 70.06936789132429 63.337093704472004 6622.9183139821125 117.58653933292301 9.012078569393964 152949.3198212564 288.0  "29600.0-30259.491=288 29601.0-31082.817=288 30958.0-31986.261=288" 
9000 10000 7.697050781254802 425.61276874999965 163.60600960778416 613.10205078125 224.90699999999924 59.26145938599812 56.7179687127374 2125.0637289395386 96.0700959736024 2.9023594232414505 146511.93958827376 288.0 128.0 "30958.0-31986.261=288 31653.0-38700.964=288" "31290.0:31801.662=128 32019.0:32241.269=128"
10000 11000 0.0 481.75176367187396 101.64209628875325 598.73291015625 375.4519492187501 50.694724108478724 48.90949757130319 1493.0199369032664 74.32265933890562 1.7852265371755265 109032.80609472767 288.0 128.0 "31653.0-38700.964=288 32995.0-34213.364=288" 32019.0:32241.269=128
11000 12000 0.0 436.49179101562476 105.56473345013256 594.174072265625 325.951904296875 50.61919333965664 48.62732988357278 1661.6788871349795 61.35699589446029 1.9918634560838635 80725.70205491845 288.0 128.0 "31653.0-38700.964=288 32995.0-34213.364=288" 33421.0:33918.987=128
12000 13000 265.68401757812535 291.5857275390608 234.80577848368847 554.9570957031247 26.250999999996566 9.204859850091584 8.799063632546332 332.7528983871054 6.393267415001083 0.4057962175452505 6634.823007348853 288.0  31653.0-38700.964=288 
13000 14000 39.759972656247555 378.30998958333413 177.73416575800908 502.3369140625 174.68994140625 4.6495169717056894 4.0642575808497705 0.0 4.6495169717056894 0.5852593908559196 4065.280544173646 288.0  31653.0-38700.964=288 
14000 15000 227.9839414062517 414.45338151041506 332.20753303778304 772.0160585937483 115.36599999999453 8.506125981810685 7.091385372666604 820.0 8.506125981810685 1.4147406091440804 7493.619590749279 288.0  31653.0-38700.964=288 
15000 16000 176.0280000000057 823.9719999999943  823.9719999999943 823.9719999999943 3.0 3.0 0.0 3.0 0.0 4200.0 288.0  31653.0-38700.964=288 
16000 17000 118.656005859375 774.941650390625 150.47563759953414 881.343994140625 668.539306640625 48.616711758116615 46.19150426450227 2022.6250958341552 86.87563766486744 2.4252074936143524 138055.27879486812 288.0 128.0 "31653.0-38700.964=288 38724.0-40105.201=288" 38750.0:39427.7=128
17000 18000 0.0 322.00819970703014 374.45972150982453 879.64599609375 92.631103515625 31.764256123981497 30.122622967196726 1375.402725230756 30.822264221562264 1.6416331567847724 43015.063328834476 288.0 128.0 "38724.0-40105.201=288 40127.0-40903.522=288" "38750.0:39427.7=128 40136.0:40637.667=128"
18000 19000 0.0 515.1408120117176 324.79070558709714 867.2380371093677 118.05300390625052 126.72600409842414 123.56575184992928 2641.8355298563165 150.53005260350184 3.160252248494859 204352.1869845456 288.0 128.0 "40127.0-40903.522=288 40937.0-41566.389=288" "40136.0:40637.667=128 40958.0:42054.935=128"
19000 20000 0.0 526.8407453124994 295.2285112916129 854.6259765625 129.8649628906278 94.68021761999425 91.56703657298523 2610.446501444435 113.27299650116267 3.1131810470090198 152800.21962148618 288.0 128.0 "40937.0-41566.389=288 41558.0-42381.129=288" "40958.0:42054.935=128 42069.0:42435.998=128"
20000 21000 0.0 378.0228626302075 304.2955840851565 851.143310546875 138.5060234374978 102.02166462357974 97.34997298437038 3906.2472219212646 131.04220100232874 4.017098208725681 173769.43428324745 288.0 128.0 "41558.0-42381.129=288 42321.0-43137.146=288 42930.0-43574.386=288" "42069.0:42435.998=128 42451.0:42913.658=128 43161.0:43499.004=128"
21000 22000 0.0 492.7344267578137 308.4819904340482 845.072998046875 148.56768945312797 83.49858095236127 80.17769095733236 2790.679139996192 111.15803111168495 2.7653460821460056 149361.94601134758 288.0 128.0 "42930.0-43574.386=288 43571.0-44331.735=288" "43161.0:43499.004=128 43597.0:43812.712=128"
22000 23000 0.0 309.8490148437486 195.97936980893505 622.83203125 148.29499999999825 67.72762280530407 66.06047838544531 1380.763785716881 100.54439227118216 2.8772817632253096 135753.67650247668 288.0 128.0 "43571.0-44331.735=288 44369.0-45734.093=288" 44381.0:44636.734=128
23000 24000 127.26009375000285 436.3699531249986 203.95220101411337 580.5859375 292.15396874999715 29.50677189245895 28.91799668053632 494.5711780150106 37.828905769466274 0.5887752119226317 51359.58827603514 288.0  44369.0-45734.093=288 
24000 25000 0.0 557.8912641601564 181.58306029993545 821.468994140625 405.50506250000035 91.67816252496284 88.440820179248 2689.1936879580862 115.62456775200077 3.2373423457148194 152328.17646096295 480.0 128.0 "46407.0-46524.729=480 46407.0-47477.391=480" 46403.0:47140.728=128
25000 26000 17.426072265625407 491.2869638671873 450.26149724311233 809.669921875 172.9040058593746 20.462203700584347 19.476578958254983 828.0986659990282 20.11269340220972 0.9856247423293639 26710.429736195834 480.0  46407.0-47477.391=480 
26000 27000 0.0 378.43829833984455 299.121735455941 824.818115234375 187.77707812500012 93.5908351635835 91.57633656148259 1673.0050666668421 115.11731151507783 2.0144986021009217 157699.93807816767 480.0 128.0 48404.0-49486.844=480 48398.0:48681.492=128
27000 28000 3.3821562500015716 498.3089218749992 459.4059140039201 823.157958984375 173.45988476562343 23.69399939968077 22.689654413162508 843.8235477732724 18.901532073541357 0.17375909793226305 25175.666289788714 480.0  48404.0-49486.844=480 
28000 29000 1.4329902343743015 380.2295024414052 306.1773368963708 830.66796875 167.8990410156257 81.60818753671168 79.6069150672373 1661.9007327165418 92.55879096594263 2.8318583580603818 123361.92152709917 480.0 128.0 50399.0-51545.722=480 50397.0:50732.346=128
29000 30000 5.700042968746857 497.1499785156266 465.6283266201086 826.39892578125 167.90103125000314 22.92852292801412 21.926798544223985 841.6166240256554 18.445702338425 0.1681416419396182 24657.473052432506 480.0  50399.0-51545.722=480 
30000 31000 81.76392578125524 394.20369140624825 314.89203424167977 753.252999999997 164.9830742187478 104.49625887224221 103.32984161409273 980.7904968455636 104.16492080704636 2.0 148945.00105251194 480.0 128.0 52397.0-53151.698=480 52394.0:52687.301=128
31000 32000 1000.0 0.0 0.0 0.0 0.0 0.0 0.0 0.0 0.0 0.0 0.0 0.0 0.0 0 0
32000 33000 103.205078125 451.6616503906237 314.1128317271495 811.324951171875 231.22699999999895 192.8525954812497 188.041160986421 3993.2278446457476 223.8756717899108 4.811434494828679 343989.21416696004 8000.0 128.0 "54405.0-54443.235=8000 54408.0-57840.381=8000" 54436.0:54674.478=128
33000 34000 0.5209863281270373 446.7216829427077 324.46536273611264 810.93896484375 188.54004882812296 227.0024662396753 226.47230263241516 446.3977573130446 331.6425318789743 0.5301636072601481 525235.9492041295 8000.0  "54408.0-57840.381=8000 55888.0-57841.463=8000" 
34000 35000 0.0 474.04952864583294 236.89114295050354 810.008056640625 189.05703515624919 281.90428460367673 279.8898604109316 1394.374398041208 394.44343011662016 1.6584018979111734 574889.3047838592 8000.0 128.0 "54408.0-57840.381=8000 55888.0-57841.463=8000" 56399.0:57842.088=128
35000 36000 0.0 330.54072405133985 244.72814897851526 641.672119140625 34.1050000000032 311.2272024439948 304.6401679125606 3803.9015044962684 391.57673881498806 5.928821032835317 617228.0549562478 5833.333333333333 128.0 "54408.0-57840.381=8000 55888.0-57841.463=8000 57838.0-58954.094=1500" "56399.0:57842.088=128 57891.0:58042.822=128"
36000 37000 0.0 369.219382254464 198.19786882282165 647.6998789062491 141.4190000000017 240.54034249666728 227.48339932293555 12383.098495503731 284.98851866477054 17.071178967164684 430465.55437830207 1500.0 128.0 "57838.0-58954.094=1500 58549.0-60095.585=1500" 58888.0:58999.332=128
37000 38000 35.57782031251554 368.86903369140055 150.25226507278165 511.49908398436673 170.01098632811772 233.23038524670451 230.87184206130206 1977.7222420380272 265.913795748457 2.3585431854024446 428039.85998782236 1500.0 128.0 "58549.0-60095.585=1500 59776.0-60858.059=1500" 59888.0:67891.295=128
38000 39000 2.5991386718669673 397.4259945312515 134.04732304156568 546.794904296883 232.5580312500024 207.60064565220995 204.4500042487388 2635.0111817935685 276.56015637161147 3.150641403471184 449606.3398757535 1500.0 128.0 "59776.0-60858.059=1500 60889.0-61622.038=1500" 59888.0:67891.295=128
39000 40000 224.7168515625017 280.32954345703 167.98450801774803 434.3500429687483 42.194091796875 130.45852313494507 129.61440733835687 710.7455007272747 189.2482140631961 0.8441157965882122 322756.3176026164 1500.0 128.0 "60889.0-61622.038=1500 61888.0-62854.011=1500" 59888.0:67891.295=128
40000 41000 0.0 672.6185677083316 51.467070932268456 726.5709082031171 624.0618945312526 103.44159191521575 102.04221322923124 1161.7179140271442 150.51433790870345 1.399378685984518 260754.46255852902 1500.0 128.0 61888.0-62854.011=1500 59888.0:67891.295=128
41000 42000 0.0 356.56225859375115 227.515828428233 694.6410000000033 96.242919921875 64.32170823483648 62.33063174697163 491.81042650315646 100.51320943787458 1.9910764878648544 152765.0410345181 1500.0 128.0 63889.0-64879.835=1500 59888.0:67891.295=128
42000 43000 79.67200976562162 424.1487016601568 212.79781519241274 649.9037265625011 144.05408007813094 118.42025455082444 116.16401011013565 1372.9927349108293 186.72339520489362 2.2562444406887865 290678.9014512623 1500.0 128.0 63889.0-64879.835=1500 59888.0:67891.295=128
43000 44000 419.35302734375 460.6925048828125 169.64123519244168 580.64697265625 340.738037109375 52.62752655613043 52.236859736849695 328.9414618343755 78.80220344793939 0.390666819280731 144083.7300157174 1500.0 128.0 65888.0-66761.814=1500 59888.0:67891.295=128
44000 45000 0.0 270.3934677734396 273.0879363515321 531.4579628906213 19.460000000006403 82.28894185338136 80.6796086726621 1333.0585381656247 123.11426496157239 1.609333180719269 223617.32575759912 1500.0 128.0 65888.0-66761.814=1500 59888.0:67891.295=128
45000 46000 435.05399804687477 319.56322167968756 239.89815536259204 544.0048828125 20.941119140625233 105.16808955479009 103.1295085343207 904.7524122243171 114.76179242202517 2.03858102046938 167067.20702854398 1500.0 128.0 67887.0-68910.32=1500 "59888.0:67891.295=128 67996.0:68114.186=128 68139.0:68875.145=128"
46000 47000 0.0 388.7110432942718 303.58340118393875 669.10693359375 0.0650000000023283 203.18350509390012 194.97928477213767 7219.128330647952 254.71382315755122 8.916471894366708 406183.8476970807 1500.0 128.0 67887.0-68910.32=1500 "68139.0:68875.145=128 68895.0:69007.615=128 69024.0:69115.633=128 69131.0:69226.794=128"
47000 48000 1.7491894531267462 422.8562923177087 139.4202174662891 543.701904296875 270.3180664062529 135.15131521030585 131.81076043263428 2939.4712754485417 199.7790032721768 3.6283032050673394 311965.66741759947 1500.0 128.0 69259.0-70282.737=1500 "69247.0:69341.951=128 69365.0:69459.448=128"
48000 49000 611.6779042968701 388.3220957031299  388.3220957031299 388.3220957031299 49.58062173149212 49.16397785139555 341.6479816791894 80.82891273873506 0.41664388009657244 120884.22208345933 1500.0  69259.0-70282.737=1500 
49000 50000 169.60400390625 320.25063346354 438.8434062214056 825.597900390625 35.14800000000105 176.37659079288363 173.54845714727014 2367.288529606565 296.79970211561385 2.828133645613498 482558.42208953435 4400.0 128.0 "71401.0-71438.336=4400 71404.0-73448.772=4400" 71399.0:71500.044=128
50000 51000 3.974597656255355 554.6517779947899 341.08495082848594 824.685302734375 171.34009960936964 215.95516135493042 214.19929523854677 1461.01527261306 333.2001064872276 1.7558661163836444 531521.1107091653 4400.0  71404.0-73448.772=4400 
51000 52000 111.81389843749639 222.1901507812523 226.95083081129366 616.06298828125 41.32300000000396 184.89526151383905 183.4792612758362 1185.6961977803746 305.3434618766606 1.4160002380028576 486857.37120635813 4400.0 128.0 "71404.0-73448.772=4400 73380.0-75733.477=4400" 73395.0:73501.922=128
52000 53000 0.0 555.1839746093756 151.32544407659165 668.212890625 383.26701171875175 214.96906452039616 214.26862878416142 574.3573037124899 352.60610341371074 0.7004357362347438 537364.8808215681 4400.0  73380.0-75733.477=4400 
53000 54000 0.0 527.1353247070329 242.24776809778683 826.62890625 285.7831093749992 185.41504905455653 182.82692822718298 2157.008662886025 251.6155645080762 2.5881208273735155 391427.1848586864 4400.0 128.0 "73380.0-75733.477=4400 75647.0-78155.76699999999=4400" 75400.0:75599.725=128
54000 55000 0.0 450.6209576822924 336.9037669827544 825.236083984375 172.4740937500028 206.0330258418614 205.32158240546966 590.6340334014851 316.8627303754777 0.7114434363917409 514877.49197586 4400.0  75647.0-78155.76699999999=4400 
55000 56000 0.0 438.3438076171842 257.9771292944944 750.127999999997 174.51691601562197 249.77376549098446 248.23346684816025 1294.9314572579713 377.56936293343324 1.5402986428241938 603586.1749773748 4400.0 128.0 "75647.0-78155.76699999999=4400 78060.0-80502.344=4400" 77393.0:77683.199=128
56000 57000 0.09622070312616415 333.93769482421703 228.0319824391538 540.24609375 22.139999999999418 169.16003480480012 166.7003334476243 2047.0685427420287 260.76767898750256 2.459701357175806 415741.4588102071 4400.0 128.0 78060.0-80502.344=4400 78888.0:79202.678=128
57000 58000 0.0 513.4663886718772 49.71413445485486 544.145263671875 456.10790625000664 234.60452418206336 233.47043721622714 941.9270825308072 339.7182264110508 1.1340869658361923 533315.4685821251 4400.0  78060.0-80502.344=4400 
58000 59000 0.6119804687477881 419.34975585937354 103.97908242140518 543.915283203125 302.24199999999837 233.77395575583367 231.90804272166986 1560.0729174691928 356.5035701165251 1.8659130341638077 573144.9692751126 4400.0 128.0 "78060.0-80502.344=4400 80393.0-82493.562=4400" 80888.0:81192.128=128
59000 60000 1.1263886718807044 507.4948984374981 46.28459053359056 543.56689453125 455.3067167968693 215.56797163010262 214.4637225932367 917.0415621921314 331.62515535007753 1.104249036865902 543480.190466337 4400.0  "80393.0-82493.562=4400 82090.0-85378.274=4400" 
60000 61000 3.404999999998836 455.12502636719 55.599967841887484 523.486083984375 395.37410546875617 239.5111438031214 237.61539283998735 1584.9584378078684 351.44166054270306 1.895750963134098 558302.0083316364 4400.0 128.0 "80393.0-82493.562=4400 82090.0-85378.274=4400" 82875.0:83160.174=128
61000 62000 7.7701210937520955 496.11493945312395 35.740038293924705 521.386962890625 470.8429160156229 208.7363464977074 208.7363464977074 0.0 310.4802516412725 0.0 511100.386588985 4400.0  82090.0-85378.274=4400 
62000 63000 0.0 502.4572050781251 212.66910238967418 844.205078125 271.84100000000035 289.0847813587212 284.24045638645015 4561.92162665224 405.04178993736423 5.844324972271068 688288.7023470572 3466.6666666666665  "82090.0-85378.274=4400 84381.0-84790.46=3000 84383.0-86123.8=3000" 
63000 64000 1.7940996093821013 307.0984320312476 300.1170131375218 842.552978515625 147.88708984374534 247.8665231287272 246.05008731186402 1517.2581358509517 331.9787343967221 1.8164358168632222 517758.8763542933 3000.0 128.0 "82090.0-85378.274=4400 84383.0-86123.8=3000 86031.0-86116.084=2300 86037.0-87442.748=2300" 86225.0:87562.468=128
64000 65000 0.0 480.32775039062545 323.9282312152149 842.343994140625 152.26802148437127 275.8940286798547 273.55478946898904 1945.8202374968087 346.41197381457897 2.3392392108657094 584148.6850341207 2300.0 128.0 86037.0-87442.748=2300 86225.0:87562.468=128
65000 66000 0.0 413.8427949218749 386.9584139694838 977.257080078125 119.39200585937942 214.51722026502455 212.5392629675214 1663.4400444976418 313.20657524519027 1.9779572975031376 525156.8966772777 2300.0 128.0 "86037.0-87442.748=2300 87252.0-88583.52=2300" "86225.0:87562.468=128 87585.0:87766.593=128"
66000 67000 0.9201015625003492 301.4192246093735 452.07329268458005 977.052978515625 22.02691992187465 171.33267656272017 168.3283462711455 2505.6461055058817 278.4169615271897 3.0043302915746812 448629.14785457513 2300.0 128.0 "87252.0-88583.52=2300 88607.0-90062.405=2300" 88615.0:88729.125=128
67000 68000 174.4109785156179 412.79451074219105 558.8639506393862 807.971000000005 17.618021484377095 147.53287476187194 147.51516235094977 14.913849996476708 206.41039031962316 0.017712410922181364 312818.57303972566 2300.0  88607.0-90062.405=2300 
68000 69000 182.522705078125 574.8446513671879 326.8115333011086 805.935302734375 343.7540000000008 268.7268107165455 265.9193768164927 2339.859343844509 300.29779041776135 2.807433900052861 456354.5751475301 3000.0 128.0 90422.0-91920.547=3000 90411.0:90554.392=128
69000 70000 2.4612246093602153 498.7693876953199 433.5422860961135 805.330078125 192.20869726563978 161.0772350669442 160.06512387932642 850.5585297988355 187.6339727328359 0.19256609994713883 302982.413660613 3000.0  90422.0-91920.547=3000 
70000 71000 2.081083984376164 328.1832290039056 328.8792995765661 820.593994140625 135.8530000000028 206.2939133269591 204.2924432397044 1662.8769036438243 334.2133963240315 2.8210151749253787 520549.34798684495 3000.0 128.0 92409.0-93824.812=3000 92406.0:92565.946=128
71000 72000 0.6670527344103903 499.6664736327948 453.6421885746487 820.4399414062354 178.89300585935416 109.94281325943692 108.9300420746969 851.085764831765 154.23891280789573 0.17898482507462118 243949.56495934766 3000.0  92409.0-93824.812=3000 
72000 73000 3.695964843733236 425.6886783854231 357.3643378042851 832.7509765625 163.55305859376676 232.82548940714355 230.826513964343 1660.8048955573852 324.09284613616666 2.8327618024659373 499118.4449699244 3000.0 128.0 94396.0-96023.822=3000 94393.0:94521.865=128
73000 74000 2.3687128906312864 498.81564355468436 468.92439577624975 830.395263671875 167.2360234374937 97.48635602161633 96.48550899838733 841.0459759074286 163.0586200959558 0.16723819753406272 250164.8773228808 3000.0  94396.0-96023.822=3000 
74000 75000 1.7502636718854774 437.0832454427048 350.26628067275914 832.5 165.74973632811452 186.9867017543706 184.98694471292958 1661.4626465447288 313.3081731017236 2.833365867135958 497581.8707013046 3000.0 128.0 96397.0-97502.635=3000 96395.0:96541.63=128
75000 76000 2.3051132812397555 498.8474433593801 470.06541614779803 831.2338867187646 166.4609999999957 46.53511566311296 45.53298493992632 842.1230757424987 67.35973041911348 0.16663413286404216 109861.24176083542 3000.0  96397.0-97502.635=3000 
76000 77000 4.106638671888504 428.60112044270016 355.20593326025687 832.229248046875 163.6641132812365 181.23709778250657 179.23866139971818 1660.3544274884403 297.65510936001834 2.833932973110945 471322.4373998333 3000.0 128.0 98397.0-101347.016=3000 98393.0:98543.135=128
77000 78000 2.3442695312551223 344.1538958333258 325.14676369742534 719.4499999999825 147.283935546875 169.55684418321067 169.243002016209 264.2551046154024 255.32621549816815 0.31384216700166556 461773.27435374964 3000.0  "98397.0-101347.016=3000 100082.0-101703.997=3000" 
78000 79000 0.0 513.5526503906265 347.2851692210328 849.3920644531172 138.57000000002154 218.24515128434018 215.23961516927952 2506.354786370708 320.9274368829108 3.005536115060635 507475.1845768326 3000.0 128.0 "98397.0-101347.016=3000 100082.0-101703.997=3000" 100394.0:101051.274=128
79000 80000 0.0 407.58724348958157 345.4752395057153 789.3856972656213 116.56011523435882 190.40221752841208 189.2378306178102 978.7204012371269 277.7388312821564 1.164386910601877 449286.3073034765 3000.0 128.0 "98397.0-101347.016=3000 100082.0-101703.997=3000 101905.0-103270.854=3000" 101898.0:102019.536=128
80000 81000 5.1529765625309665 385.6236744791531 266.4218418686801 680.4070820312336 162.02399999999034 153.57695938255165 151.57444220295133 1663.4790345327071 243.24920740655256 1.6823018342248774 410441.96679073654 3000.0  101905.0-103270.854=3000 
81000 82000 3.8189589843677823 423.29032747395587 213.29071818067544 667.5240585937572 273.68994140623545 108.60081314664593 107.21129144152255 1160.236367920617 173.26480448832896 1.0907069815907469 306788.19905937865 3000.0 128.0 "101905.0-103270.854=3000 103901.0-105434.281=3000" 103896.0:104046.787=128
82000 83000 3.202675781256403 480.50346093749977 175.3701920803005 671.0080175781186 325.789306640625 167.74214700397997 166.12308757523903 1348.971784525412 265.9952566191854 1.9092930184092531 454071.81298667326 3000.0  103901.0-105434.281=3000 
83000 84000 4.142337890618364 436.4255358072939 198.1977861813749 665.0646933593816 313.4189453125 141.4208433336627 139.99654939284648 1188.6383955240835 223.28793859507846 1.1746674928583567 367022.2950682786 3000.0 128.0 "103901.0-105434.281=3000 105898.0-107389.264=3000" 105894.0:106055.835=128
84000 85000 3.401027343759779 475.5413424479145 173.27765576845718 667.0340312500048 329.56494140623545 191.35147249641423 189.77385338939075 1314.968564661274 296.6668344607646 1.8253325071416433 463156.0020346696 3000.0  105898.0-107389.264=3000 
85000 86000 2.5130019531206926 409.5039667968813 228.45700582250927 666.9740585937543 231.02490234376455 160.82008497885883 159.50221600330957 1101.322773288164 211.17849288862234 0.9660477380140252 364246.8913258591 3000.0 128.0 "105898.0-107389.264=3000 107899.0-109419.86=3000" 107896.0:108464.358=128
86000 87000 2.0539296874922 498.2097226562473 168.7182055214463 667.6860605468828 330.260009765625 197.3708307947316 195.68721525387352 1401.9242204940092 298.9930893536459 2.033952261985975 491219.947356591 3000.0 128.0 107899.0-109419.86=3000 107896.0:108464.358=128
87000 88000 4.013894531264668 434.5713776041666 198.99249109787723 663.9179902343603 307.72802734376455 134.51977355476535 133.12172291445458 1167.0765069636782 186.1095788862531 1.1278137867501448 304960.92184670136 3000.0 128.0 "107899.0-109419.86=3000 109897.0-111689.333=3000" 109893.0:110332.127=128
88000 89000 4.352855468750931 487.3143723958298 169.26389616825372 666.1058847656241 329.541259765625 167.689460177808 166.0274442715795 1386.1639133093643 248.19274030893462 1.8721862132498552 451890.5647279605 3000.0 128.0 109897.0-111689.333=3000 109893.0:110332.127=128
89000 90000 17.127351562521653 424.257516927081 117.91924891348195 510.56674023435335 289.89990234376455 180.88123932809816 179.25785927321635 1354.6983184715777 271.0781448211779 1.3058891356890734 473306.9215511529 3000.0 128.0 "109897.0-111689.333=3000 111739.0-113268.57=3000" 111756.0:112088.933=128
90000 91000 2.4439199218904832 485.10505729166226 211.45143703884742 708.8990976562345 288.656982421875 251.83663172380852 250.4996427272601 1113.9324228326798 367.832472177089 2.046740505767245 586317.8371787051 3000.0  111739.0-113268.57=3000 
91000 92000 269.575667968762 308.94144401041075 191.39008540208326 529.927017578113 196.39999999999418 163.27839928364088 161.6310289250972 1385.0858418937796 226.2674709641667 1.6473703585436814 379220.8471224811 3000.0 128.0 "111739.0-113268.57=3000 113324.0-115157.906=3000" 113344.0:113541.995=128
92000 93000 3.318238281251979 365.09958723958215 377.16078324363036 796.653685546873 98.61699999999837 164.03299159477365 162.83198097871048 988.8489174930822 284.4652736854849 1.201010616063193 487066.8541223952 3000.0  113324.0-115157.906=3000 
93000 94000 0.0 439.88564062500274 315.5438497721756 795.0839238281187 191.97607421876455 95.12274616600158 93.66465762844521 1218.9368452559552 135.0948215935482 1.4580885375563648 221386.11674705593 3000.0 128.0 115897.0-117862.616=3000 115895.0:116059.914=128
94000 95000 2.219970703125 464.7939850260397 177.61825212795347 666.403076171875 331.376953125 167.66678108243656 166.32588023605615 1114.2142372509625 274.6757644718983 1.340900846380442 469914.95383139234 3000.0  115897.0-117862.616=3000 
95000 96000 0.0 655.8270143229116 160.25621685492047 827.7719726562354 510.6240234375 160.30826661746596 158.0536018773001 1894.9415482233244 288.39752315950307 2.2546647401658237 484201.263249713 3000.0 128.0 "115897.0-117862.616=3000 117841.0-119243.76=3000" 117401.0:125433.423=128
96000 97000 0.0 360.1824144531274 270.446564310885 654.2280000000028 27.354999999995925 176.6153060836821 174.35788940393826 1878.2310073406325 320.68103549276043 2.257416679743864 529545.7753684621 3000.0 128.0 117841.0-119243.76=3000 117401.0:125433.423=128
97000 98000 0.0 383.6221962890668 256.68921784246265 539.4208984375 0.0 198.56571259256256 198.07779401247225 410.8274444360432 344.1420918154491 0.4879185800903126 553266.2923205061 3700.0 128.0 "117841.0-119243.76=3000 119276.0-121214.628=4400" 117401.0:125433.423=128
98000 99000 2.527884765615454 329.5894523437513 192.51281971087647 492.86599999999453 70.8701171875 235.83924491548694 235.7682473576832 59.77994367076391 343.5805833834398 0.07099755780375762 538986.2360209483 4400.0 128.0 "119276.0-121214.628=4400 121158.0-123471.45=4400" 117401.0:125433.423=128
99000 100000 0.0 567.0179448242161 361.7138361554757 927.3348828125017 67.69189453123545 137.5648314826971 135.93910533374617 1353.5334958680787 255.63117741125336 1.6257261489509285 431456.5861564004 4400.0 128.0 121158.0-123471.45=4400 117401.0:125433.423=128
100000 101000 0.0 450.97553281249714 378.26169977799907 932.1411054687633 66.4052734375 242.9234179562373 242.23702898323634 567.0531973380942 370.0177427024415 0.6863889730009538 601293.0868162155 4400.0 128.0 121158.0-123471.45=4400 117401.0:125433.423=128
101000 102000 0.0 404.8354140625015 279.7013859056761 807.0127148437605 191.033935546875 178.8587524090153 177.24186508877094 1343.6333631230632 290.921469057217 1.61688732024436 468186.78164940624 3700.0 128.0 "121158.0-123471.45=4400 123453.0-124924.337=3000" 117401.0:125433.423=128
102000 103000 0.0 620.2888977864544 107.01315259247846 694.341064453125 497.5947207031131 175.477181650408 174.12532815027538 1122.0384051100668 228.1291581987322 0.6759267500663053 353494.9570748376 3000.0 128.0 123453.0-124924.337=3000 117401.0:125433.423=128
103000 104000 0.0 648.9704824218825 230.9135298608329 837.087890625 320.71909179688373 207.66382366689186 203.74764789646034 2444.784400773665 312.2221244797861 4.306562503309555 482385.77000569704 3000.0 128.0 125392.0-126985.377=3000 "117401.0:125433.423=128 125549.0:125869.694=128 125891.0:126095.055=128 126110.0:127755.221=128"
104000 105000 0.0 408.34484882811665 291.399794736174 837.006103515625 160.50310937500035 160.1376270510726 157.56719296881388 2141.1633371930902 247.35156392526446 2.0175107466241395 375952.85225931875 3000.0 128.0 125392.0-126985.377=3000 126110.0:127755.221=128
105000 106000 0.0 441.71244824218957 306.0939480882067 806.7119140625 161.25589648437744 229.17773771505583 227.26421105943683 1607.6854640143106 367.81616622997234 2.5623998224858027 579467.970019801 3000.0 128.0 127390.0-129093.731=3000 "126110.0:127755.221=128 127775.0:128143.011=128 128164.0:128339.79=128"
106000 107000 0.0 454.7929871093773 277.9472216042739 806.430908203125 188.72508593750536 287.27115997154425 283.87617795694973 2839.7377966452505 400.4811878588553 3.584572200550623 639770.8218978257 3000.0 128.0 "127390.0-129093.731=3000 128921.0-130475.91=3000" "128164.0:128339.79=128 128355.0:128845.475=128 129119.0:129571.138=128"
107000 108000 0.0 333.967268066408 236.97508188594074 669.1298828125 144.96199999999953 211.5983985506703 210.74537057370674 710.5905962636173 303.0421926473486 0.8530279769635745 512836.1316981485 3000.0 128.0 128921.0-130475.91=3000 129119.0:129571.138=128
108000 109000 100.96092773436976 329.77337174479425 176.73836189919427 532.822998046875 210.51200000000244 157.5643179167503 155.03140485639625 2108.7127968181285 253.7961931197725 2.5329130603540717 411520.0288755754 3700.0 128.0 "128921.0-130475.91=3000 130696.0-132791.011=4400" 130690.0:130787.1=128
109000 110000 1.765923828119412 499.1170380859403 45.40903437374724 531.22607421875 467.0080019531306 192.42857563763698 191.96148869799106 393.28720318187146 318.88639827720823 0.4670869396459281 520228.7636863547 4400.0  130696.0-132791.011=4400 
110000 111000 0.0 377.5248051757735 205.72311959454936 604.477294921875 125.60399999999208 212.96398283647807 210.3570444062215 2171.0421582760246 352.0767046072069 2.606938430256561 587646.2863554475 4400.0 128.0 "130696.0-132791.011=4400 132625.0-135010.112=4400" 132833.0:133012.699=128
111000 112000 4.630195312493015 497.6849023437535 150.21380093030035 603.902099609375 391.467705078132 187.4887069100407 187.09564534029727 330.95784172397555 308.40286102049697 0.39306156974343887 511840.15719349345 4400.0  132625.0-135010.112=4400 
112000 113000 0.0 481.61162955729134 161.09233527476673 667.43798828125 381.4759999999951 218.76562349903185 216.76191695814217 1671.091255101995 299.7568584024594 2.0037065408896826 468548.1404881513 4400.0 128.0 "132625.0-135010.112=4400 134985.0-137412.887=4400" 134693.0:134970.371=128
113000 114000 3.084892578131985 498.457553710934 235.5946038484411 665.048095703125 331.867011718743 153.6750328870328 152.6787394279225 830.9087448980049 259.4390588191375 0.9962934591103176 458974.5026679298 4400.0  134985.0-137412.887=4400 
114000 115000 0.0 554.9039986979138 191.08801274371163 667.322998046875 334.2679042968666 233.1385472730587 231.1340907483709 1671.7167415896092 328.69733125070206 2.0044565246877806 548550.1997442987 4400.0 128.0 134985.0-137412.887=4400 136696.0:136857.913=128
115000 116000 1.5867031250090804 393.86940104166086 247.8604383288718 666.977294921875 183.19490624999162 169.55872342479728 168.56317994948506 830.2832584103908 304.94327730781515 0.9955434753122192 475631.2011936514 4400.0  "134985.0-137412.887=4400 137290.0-139538.207=4400" 
116000 117000 0.0 361.9099189453118 222.07158913040558 660.344970703125 122.9539999999979 226.7307316056146 224.7307316056146 1660.0 352.9646229790794 2.0 557228.7678135339 4400.0 128.0 137290.0-139538.207=4400 138388.0:138724.424=128
117000 118000 0.0 560.29801074219 357.43396636813134 813.0419921875 307.5540292968799 177.74700392716466 176.93331098061992 685.1294609906596 296.84298871081154 0.8136929465447263 483897.2619734011 4400.0  "137290.0-139538.207=4400 139416.0-142133.577=4400" 
118000 119000 0.0 380.7449721679659 308.3515855185737 812.327880859375 133.73499999998603 226.62808361495473 224.44177656149947 1816.8705390093405 329.80850842013933 2.1863070534552738 557543.04742624 4400.0 128.0 139416.0-142133.577=4400 140399.0:140790.958=128
119000 120000 4.647779296879889 494.6947180989567 311.19583872347476 808.8291015625 186.5231191406201 203.08667092927206 201.77968499858667 1098.8458431305085 274.26282011408375 1.3069859306853897 451131.220486189 3700.0  "139416.0-142133.577=4400 141739.0-143951.237=3000" 
120000 121000 3.396824218740221 291.0822148437495 190.14232276002076 511.0660664062598 133.29699999999139 213.36237885679296 211.66936478747834 1403.1541568694915 313.79096834447125 1.6930140693146103 488923.4470938641 3000.0 128.0 141739.0-143951.237=3000 142387.0:143470.364=128
121000 122000 0.0 526.596041666664 258.3812139008114 802.519287109375 290.345947265625 256.9498833093778 255.85530035324825 921.0567852421257 389.1786252481027 1.0945829561295466 612556.9773405376 3000.0 128.0 "141739.0-143951.237=3000 143480.0-145464.518=3000" 142387.0:143470.364=128
122000 123000 0.0 454.52852187500105 289.5922313296689 799.44091796875 165.93400000000838 181.67256740659727 179.78405512736708 1567.08130775286 276.74858394872086 1.8885122792301923 422398.52872915857 3000.0 128.0 143480.0-145464.518=3000 144451.0:145128.118=128
123000 124000 4.5786484375130385 334.1214752604137 413.81295994641613 799.30126953125 6.943074218754191 119.62573098672961 118.80869281381348 687.5742367732911 176.20900283726618 0.8170381729161246 295219.76089424826 3000.0  "143480.0-145464.518=3000 145797.0-147353.675=3000" 
124000 125000 2.619345703133149 384.79224934895564 358.2432304901984 797.721923828125 156.99609375 222.6052387846392 221.27999196783705 1110.7809967847988 313.8796550127557 0.5138735375505877 533977.725407035 3000.0  145797.0-147353.675=3000 
125000 126000 2.6341582031163853 342.97122949218465 333.68658146599455 842.9569062500086 154.408935546875 210.90144643297472 209.02682665805273 1559.5066734469242 338.925635495862 2.685993054173549 524820.9958774248 3000.0 128.0 "145797.0-147353.675=3000 147254.0-148966.461=3000" 147414.0:147624.977=128
126000 127000 0.0 642.2417265624972 185.11715280612168 813.9180644531152 446.1140000000014 237.22091639835992 234.88745149346175 1948.1093359703627 409.7899366742779 2.3334649048981504 698285.0636868896 3000.0 128.0 "147254.0-148966.461=3000 148697.0-150319.301=3000" 148721.0:149168.772=128
127000 128000 1.140054687508382 499.4299726562458 235.01696251840548 665.612060546875 333.2478847656166 199.12424195474807 197.79191303738585 1114.489062372846 291.04752452432433 1.3323289173621928 473450.8835530487 3000.0  148697.0-150319.301=3000 
128000 129000 0.0 446.4059505208376 187.86217626291585 663.284912109375 334.1149394531385 227.67816688061663 225.34396070287696 1941.4016016567912 344.39570768459134 2.3342061777396568 566270.7468170488 3000.0 128.0 "148697.0-150319.301=3000 150347.0-151815.174=3000" 150354.0:150511.368=128
129000 130000 1.799832031247206 437.13337304687593 195.5031103732562 662.507080078125 313.199951171875 150.32884375376275 148.6904393404388 1363.6358372751797 219.83315440952174 0.9758761323408394 390574.6796058216 3700.0 128.0 "150347.0-151815.174=3000 151914.0-154367.709=4400" 151850.0:151946.274=128
130000 131000 4.154861328133848 349.092014648435 256.41292808466505 686.3280488281162 63.062000000005355 172.17430257868807 170.812706992012 1138.3641627248205 278.6641258536755 2.024123867659161 489218.5433540042 4400.0  151914.0-154367.709=4400 
131000 132000 0.0 388.68448535156494 202.71281742788537 686.7809101562598 235.1240234375 213.7876734930174 212.68563333886635 917.5215105348003 335.3112354482759 1.1020401541510374 568123.996052224 4400.0 128.0 "151914.0-154367.709=4400 153994.0-156566.594=4400" 153898.0:154488.715=128
132000 133000 2.46392382812337 391.7832670898424 275.9331555579804 762.5089765625016 137.29292187499232 179.81930604266236 177.9213461968134 1584.4784894651998 302.4692437472618 1.8979598458489626 494290.9999371588 4400.0 128.0 "151914.0-154367.709=4400 153994.0-156566.594=4400" 153898.0:154488.715=128
133000 134000 0.0 440.0123496093729 283.5877972655039 763.4599003906187 234.035888671875 226.16135041576013 225.46705079451766 576.1666838929721 341.3782584123537 0.6942996212424641 546182.4432658459 4400.0 128.0 153994.0-156566.594=4400 155906.0:156850.687=128
134000 135000 0.0 466.24874316405476 254.8115968023071 692.34912109375 121.85399999999208 194.9057347305931 190.90635822831752 3868.9086121092178 298.14075132653613 4.9993765022755765 469454.3539075632 4400.0 128.0 "153994.0-156566.594=4400 156537.0-158912.974=4400" 155906.0:156850.687=128
135000 136000 2.4120234375004657 444.7143027343748 214.5798185607367 691.85009765625 305.73787890624953 179.1200468160703 177.80376828768138 1100.2268836882345 319.0189152093178 1.3162785283889433 512013.93858726544 4400.0 128.0 156537.0-158912.974=4400 157892.0:158475.684=128
136000 137000 0.0 415.3084775390598 167.78433392464336 663.1580683593638 306.5689023437444 176.8292016094574 174.83915626136442 1659.6978203095757 241.62752619096355 1.9900453480930165 378794.92331026774 4400.0 128.0 "156537.0-158912.974=4400 158850.0-162586.165=4400" 157892.0:158475.684=128
137000 138000 0.0 444.99534440104617 201.21952335331022 676.9640605468885 317.513916015625 66.93120991276187 66.01624690906549 759.4192930679949 131.65187394857637 0.9149630036963794 203238.73725065013 4400.0 128.0 158850.0-162586.165=4400 159889.0:160054.72=128
138000 139000 1.3396425781247672 467.4874335937493 190.5799761617609 681.7550839843752 316.9052734375 158.01793163922008 156.9328946429165 900.5807069320051 285.20229097221704 1.0850369963036206 454320.1916668864 4400.0  158850.0-162586.165=4400 
139000 140000 0.0 531.8303867187497 269.9167043715901 835.60888671875 292.6810000000114 268.4472884830981 265.77362884024166 1407.5477596422593 393.0194708015628 2.673659642856432 589755.1688109251 3350.0 128.0 "158850.0-162586.165=4400 161821.0-163216.72=2300" 161391.0:161578.223=128
140000 141000 0.0 502.3107783203086 297.6842043922482 821.5219999999972 162.93211328124744 262.42180477812684 260.7586155413184 1385.3736593592262 412.7074505645488 1.6631892368084122 687532.7661279155 3000.0  "158850.0-162586.165=4400 161821.0-163216.72=2300 163083.0-164373.87=2300" 
141000 142000 2.2760371093754657 498.86198144531227 236.71377434422362 666.243896484375 331.48006640624953 171.84412885597396 170.40630885920166 1203.3497749585842 240.77477031818736 1.4378199967722933 385096.0149890024 2300.0  163083.0-164373.87=2300 
142000 143000 96.82786523437244 301.0573782552092 235.718472023058 571.33203125 138.04699999999139 187.6207793884093 185.3954482648464 1849.7288060399303 301.9964529910053 2.225331123562863 468717.54246766877 2300.0 128.0 "163083.0-164373.87=2300 164398.0-165697.213=2300" 164450.0:164555.253=128
143000 144000 0.0 398.5838242187456 250.8261311284055 591.4892578125 36.33499999999185 218.20506168441068 216.41140307512077 1495.8386785956175 352.76234338728096 1.7936586092898756 547242.1870640381 2300.0 128.0 "164398.0-165697.213=2300 165638.0-166887.072=2300" 165751.0:165899.265=128
144000 145000 0.7661757812602445 452.1519179687505 123.1512526582252 591.30908203125 357.2219296875119 122.11177550063466 120.25180473515599 1555.2099962099721 188.8476870828027 1.8599707654786832 300161.9399117882 2300.0  165638.0-166887.072=2300 
145000 146000 0.0 557.8116764322913 253.7739259456779 819.968017578125 313.34591796874884 171.80299759098915 170.03273184661134 1476.6676740163718 296.95642967379797 1.7702657443778445 493870.59300707525 3000.0 128.0 167409.0-168848.246=3000 167402.0:167543.275=128
146000 147000 0.0 451.1922636718664 331.003700117592 818.27490234375 175.44898242186173 91.64040788326874 90.231234469056 1176.0612191997188 152.31455899092055 0.5761048808535967 279460.91279132874 3000.0  167409.0-168848.246=3000 
147000 148000 0.7028242187516298 420.25428906249726 333.16256124105246 835.330078125 137.8649999999907 192.77391179543451 191.20349698592014 1309.4644922841765 325.6983371827942 2.403483342873534 522614.423286506 3000.0 128.0 169394.0-170864.13=3000 169393.0:169571.687=128
148000 149000 0.0 470.444288411459 337.99367027066853 833.096923828125 164.20992187500815 125.95954214717845 124.52622320570877 1195.6718585424387 166.11241322789655 0.596516657126466 267752.10849312396 3000.0  169394.0-170864.13=3000 
149000 150000 1.5420136718894355 377.8023287760346 397.0346396509869 835.98291015625 134.94899999999325 190.86064007684965 189.86098099513524 841.386551372223 289.6450696727825 1.8364613660576228 484045.9772220543 3000.0 128.0 171393.0-172893.291=3000 171391.0:171577.487=128
150000 151000 0.7719511718605645 444.0633893229242 257.48594321875646 669.455078125 163.44508984376444 204.89775851725838 203.39122702878822 1253.726591892063 344.0352246724573 1.5065314884701526 556997.2518341407 3000.0  "171393.0-172893.291=3000 172860.0-174456.075=3000" 
151000 152000 0.0 440.0056236979144 197.14845901880136 667.64794921875 324.8640000000014 184.3920122711088 182.06730376030862 1933.4880574563522 279.98387824770964 1.6570071454722246 443435.69932737364 3000.0 128.0 172860.0-174456.075=3000 173393.0:173719.534=128
152000 153000 31.310957031237194 484.3445214843814 215.06295053193548 636.4169921875 332.2720507812628 78.3073499168614 77.31568709765158 826.3507954428027 108.50989407837235 1.3187283690755625 168160.89238518526 3000.0  172860.0-174456.075=3000 
153000 154000 0.0 577.2299814453145 351.35990806919614 825.678955078125 328.78100781250396 152.3177135257233 151.1495135640579 982.9430960913317 300.35345396571654 1.5088357771276062 465283.42524179554 3000.0 128.0 175403.0-176832.921=3000 175398.0:175558.735=128
154000 155000 19.250955078110565 293.76576123046834 350.2708998983189 808.7060000000056 23.74299999998766 220.17627441444552 217.0038385606487 2647.190988896932 308.5249846826879 3.1724358537968316 451381.3863683856 3000.0 128.0 "175403.0-176832.921=3000 176855.0-178787.995=3000" 176865.0:177036.473=128
155000 156000 279.008056640625 600.3170166015625 170.66011805927835 720.991943359375 479.64208984375 150.72332778436686 149.75001623868295 808.821894463327 232.56073113255403 0.48665577284195366 359720.19416557037 3000.0  176855.0-178787.995=3000 
156000 157000 0.0 440.29531738281366 109.63639404089898 505.9459101562388 277.4170566406392 223.6280919453007 221.60140349098458 1693.1781055366728 332.8032251686632 1.987193392573174 557173.2288457904 3000.0 128.0 "176855.0-178787.995=3000 178735.0-180276.044=3000" 178828.0:179016.482=128
157000 158000 1.9642324218875729 499.0178837890562 37.329317408416316 525.4136972656124 472.6220703125 173.49306661848783 172.53555483691736 794.7347787035036 249.38722185583137 1.4836626161553585 423034.1311431631 3000.0  178735.0-180276.044=3000 
158000 159000 0.0 547.3070126953098 46.30288363643551 580.048095703125 514.5659296874946 168.2127585189361 166.5880259792236 1355.514939816785 281.83333983426724 1.6247325397125167 445935.16327414755 3000.0 128.0 "178735.0-180276.044=3000 180649.0-182137.009=3000" 180647.0:180744.218=128
159000 160000 9.66799609377631 495.16600195311185 111.70321054437193 574.1520996093459 416.1799042968778 125.49190603545631 124.48836455102855 832.0946421625436 214.11178125387818 1.003541484427768 347917.2968521378 3000.0  180649.0-182137.009=3000 
160000 161000 25.735000000015134 365.2306263020728 222.39487764310604 564.4279785155959 125.27599999998347 144.02220995706287 142.04325096242505 1655.1707612106898 259.0688232639179 1.9789589946378299 434780.21950464626 3000.0 128.0 182664.0-184173.059=3000 182661.0:182787.065=128
161000 162000 0.7829238281119615 499.608538085944 91.35468407354163 564.2060546875 435.01102148438804 129.63955633780276 128.06593171140057 1311.3315023096363 207.95215137618797 1.0044399130267958 335565.7348131976 3000.0  182664.0-184173.059=3000 
162000 163000 1.684988281223923 376.10933723959414 224.99441847397583 571.2680664062791 130.0130000000063 159.2538925393799 157.8206406377435 1196.4585342988635 273.06370573667084 2.0024366150118023 418095.3876825629 3000.0 128.0 184658.0-186189.019=3000 184656.0:184807.342=128
163000 164000 2.399982421833556 498.8000087890832 99.96520621214722 569.4860839844041 428.11393359376234 144.51356836048842 143.50356806980943 837.6245691322611 226.737938951966 1.0100002906789993 358358.9069372749 3000.0  184658.0-186189.019=3000 
164000 165000 24.925058593711583 367.004616536462 221.03161637479357 563.60693359375 127.75800000000163 158.84733167719986 156.8649662353933 1657.9473776205964 254.62510911400602 1.9823654418065797 414227.70677272044 3000.0 128.0 186666.0-188216.043=3000 186663.0:186792.034=128
165000 166000 1.3378183593449648 499.3310908203275 89.96098765639555 562.9431152344041 435.71906640625093 143.14941243605978 142.10251873572383 880.2627341604433 234.65129791149553 1.046893700335939 388627.56451996975 3000.0  186666.0-188216.043=3000 
166000 167000 0.0 450.95029882812133 344.5914923865656 832.31201171875 161.9549999999872 186.0354495120206 183.81293401297597 1848.5798117179947 321.55713751757867 2.2225154990446283 539850.7283000518 3000.0 128.0 188397.0-189872.472=3000 188392.0:188588.95=128
167000 168000 2.6620839843526483 498.6689580078237 469.91766811937623 830.9509277344041 166.38698828124325 118.17049865586358 117.16888500520557 841.6886740322155 167.54892441057177 0.16660373974665477 272426.95136063936 3000.0  188397.0-189872.472=3000 
168000 169000 6.354652343754424 443.46044921875 345.2366712886211 829.4572753906541 164.18807226559147 207.3456842686795 205.34806040635533 1659.66931189878 322.5372225471925 2.8326337732355253 508601.8294942489 3000.0 128.0 190400.0-191807.985=3000 190393.0:190546.979=128
169000 170000 427.5232753906166 286.2383623046917 169.0135646765774 405.7490000000107 166.72772460937267 104.47324535289493 104.30587912613046 140.92236293568766 170.56138992521875 0.16736622676447466 285514.9563338789 3000.0  190400.0-191807.985=3000 
170000 171000 173.9606933593459 415.19631054688944 355.7326769125828 825.8049316406541 200.08600000001024 165.2136318059721 162.3878210936565 2355.3326197697575 279.6980779685817 2.8258107123156266 448448.1940153501 3000.0 128.0 192403.0-193912.468=3000 192401.0:192623.566=128
171000 172000 3.3268242187041324 498.33658789064793 458.4152325443037 822.4851074219332 174.18806835936266 118.17048784622197 117.1624861089886 847.0698378514033 181.70903926196445 0.17418928768437353 291145.4087611625 3000.0  192403.0-193912.468=3000 
172000 173000 6.975136718741851 321.1437158203116 338.88359311341804 829.094970703125 133.79099999999744 135.97515227673387 133.9797536660313 1657.7932551106423 220.75193906076956 2.8292110602515477 342685.46314013354 3000.0 128.0 194397.0-196198.289=3000 194393.0:194567.637=128
173000 174000 0.6448828124557622 353.31840494794113 415.2667305434474 828.5900878906541 60.600097656279104 170.12220221070854 169.06013658062068 892.5980602535241 280.86699149876256 1.062065630087867 472213.1226896419 3000.0  "194397.0-196198.289=3000 196168.0-197635.668=3000" 
174000 175000 1.5400292969425209 371.60022070310515 392.2947113696069 938.1399023437116 60.320068359345896 227.30976208618347 225.13443850208483 1809.1504575426181 383.9639933756263 2.175323584098616 635325.9657731098 3000.0 128.0 196168.0-197635.668=3000 196268.0:196435.707=128
175000 176000 0.0 589.2644638671918 362.20621069941785 845.3829316406336 333.14599609375 192.3951173601561 191.12748404239136 1065.4804541067979 251.97821222222777 1.2676333177647527 406211.55449797935 3000.0 128.0 "196168.0-197635.668=3000 197896.0-199416.461=3000" 197893.0:198075.028=128
176000 177000 4.070894531265367 379.57336848958704 263.59916579069926 663.6000039062346 142.79100000002654 182.7453427645878 180.74679833768033 1660.1088514178882 274.6190033448371 1.665766407797217 430913.4559284683 3000.0  197896.0-199416.461=3000 
177000 178000 2.024781249987427 431.5574947916709 204.0618174823983 666.3218984375126 296.697265625 130.45288783613083 128.8408558809623 1342.5320330932918 174.97250835174611 0.9448099742787897 287991.44388871413 3000.0 128.0 "197896.0-199416.461=3000 199898.0-201678.958=3000" 199896.0:200073.614=128
178000 179000 0.0 482.02035498047917 217.6524801939428 672.8707343749993 260.5720214844041 170.65577461607745 168.33974990834704 1919.5572331058088 272.5471305717246 2.5768593897395764 445462.4848473046 3000.0  199898.0-201678.958=3000 
179000 180000 0.0 443.5052006835904 211.83229311117623 738.4209785156127 257.50390625 163.00769902693818 161.44568914307357 1305.3381874235306 246.07919751635168 2.301175201855444 407569.09394201235 3000.0 128.0 "199898.0-201678.958=3000 201906.0-203366.532=3000" 201899.0:202066.365=128
180000 181000 3.42092187498929 489.27205859374953 243.3323306752613 741.1200937500107 255.458984375 189.39250374586572 187.95984129204484 1191.6649068682864 286.285326407414 1.4326624538208907 472883.5803514293 3000.0  201906.0-203366.532=3000 
181000 182000 0.0 438.80338151042815 266.65691108758006 744.3530156250054 253.08203125 120.33203500553758 118.96633435430229 1141.7930142456614 196.88755908516274 1.3657006512352945 332413.53531321045 3000.0 128.0 "201906.0-203366.532=3000 203910.0-205364.723=3000" 203905.0:204039.007=128
182000 183000 2.2052109375363216 527.8322526041593 187.3655006618319 679.4359023437137 318.35888671875 156.3581447531331 154.65675067919585 1416.5665548992752 256.8374603816439 1.3787923290700044 455236.3198983865 3000.0  203910.0-205364.723=3000 
183000 184000 3.017966796818655 430.7717617187688 206.53582091337077 668.4891132812481 295.333251953125 122.99504990075191 121.60231998185868 1162.8192230383638 200.6118214634326 1.1019031255548521 319715.7568703848 3000.0 128.0 "203910.0-205364.723=3000 205901.0-207490.089=3000" 205898.0:206051.025=128
184000 185000 3.319835937465541 488.4426373698031 173.20444242345036 670.6940800781304 325.9860839844041 192.9005440829177 191.28988509882473 1342.6794367657667 318.5307748593027 2.2240875222986114 504490.7094681569 3000.0  205901.0-207490.089=3000 
185000 186000 1.31819921877468 395.20093359373277 251.08000675574627 673.9999160156294 186.920999999973 217.64643329437908 215.97242394223255 1407.515874507384 337.024963812809 1.674009352146537 544691.1785795501 3000.0 128.0 "205901.0-207490.089=3000 207494.0-209063.17=3000" 207532.0:207719.986=128
186000 187000 1.3368906249525025 382.90036979168264 267.2464968719013 674.6941152343934 150.03800000000047 194.12643555607326 192.80195388088583 1093.2135705078217 283.3995609829421 1.3244816751874366 468492.3510881355 3000.0  207494.0-209063.17=3000 
187000 188000 0.0 444.075384114607 199.59843291839832 674.4510058593878 322.9851074219332 158.48367620013482 157.00554080778463 1234.9585955484026 274.5450089254434 1.478135392350183 504909.5517972935 3000.0 128.0 209389.0-211773.728=3000 209894.0:210423.865=128
188000 189000 2.538130859407829 443.75643505859625 182.27571094039158 676.3358925780922 278.1079101562791 199.39692269307417 197.59981612101944 1498.238218156008 274.41265548386644 1.7971065720547266 455945.1109698294 3000.0 128.0 209389.0-211773.728=3000 209894.0:210423.865=128
189000 190000 0.0 496.64852734372835 235.82753776569066 720.6270898437069 268.264892578125 93.43024798835273 91.74691415165607 1409.6967463447397 139.87236446009285 1.6833338366966442 224886.34532508382 3000.0 128.0 "209389.0-211773.728=3000 211800.0-213255.998=3000" 211826.0:211971.822=128
190000 191000 2.6569726562011056 435.3897568359462 296.69310515298764 679.4751074218657 69.8811035155959 176.39183566180685 175.1411349941934 1036.2497103210635 280.1911071453278 1.2507006676134331 473089.299160211 3000.0  211800.0-213255.998=3000 
191000 192000 0.0 446.0696848958323 336.09905099267957 833.080078125 227.46889648440992 179.61160571448454 178.17838080145302 1205.842893060335 307.5648647366607 1.4332249130315085 502136.9576067036 3000.0 128.0 "211800.0-213255.998=3000 213396.0-215138.033=3000" 213391.0:213507.427=128
192000 193000 182.9449707030726 494.5730305989758 408.257602225571 788.6101074219332 28.44492187499418 173.71177329428065 171.05511994248255 2214.89032177925 283.3723840316421 2.6566533517980817 437479.8737640082 3000.0 128.0 "213396.0-215138.033=3000 215168.0-216881.058=3000" 215179.0:215290.586=128
193000 194000 1.4070566406589933 352.9362936197819 384.28188571069234 788.10205078125 60.21593750000466 205.2295641575977 204.85320056632975 314.90994428237946 304.31814785779216 0.3763635912679867 469428.82828539255 3000.0 128.0 215168.0-216881.058=3000 215179.0:215290.586=128
194000 195000 2.6310644531040452 555.044283854164 303.6931685599544 786.260986328125 211.10794921877095 140.69870482103693 138.57234760143066 1774.0800334774804 188.5196062909684 2.126357219606278 299180.08326954243 3000.0  215168.0-216881.058=3000 
195000 196000 3.5958593749383 327.07028857423575 245.71523089851343 667.5080566406541 98.25599999999395 191.6686514623373 190.79500868194359 727.9199665225198 302.4848847965624 0.8736427803937221 468100.621277499 3000.0 128.0 217400.0-218770.061=3000 217397.0:217544.024=128
196000 197000 0.05011132813524455 555.6052851562466 194.59838527225136 669.0439453125 330.90594335936476 119.90143685036934 117.88987992234243 1677.6500407078825 195.7844551697405 2.011556928026903 296199.3721681837 3000.0  217400.0-218770.061=3000 
197000 198000 1.26399609373766 496.4644819335954 194.84824829660573 669.02294921875 325.7840332031192 121.1227146169414 119.46825488732335 1370.4836185609784 191.24199798836895 0.9884430719730969 364574.61209419667 3000.0 128.0 219400.0-221146.249=3000 219397.0:219596.989=128
198000 199000 0.49960937499417923 413.13811210937564 238.39811398735887 667.86328125 99.1201171875 193.5947214504903 192.22745060520955 1142.0261567991506 298.8195401732053 1.986530436196107 488521.7417904892 3000.0 128.0 "219400.0-221146.249=3000 221130.0-222896.871=3000" 221171.0:221277.223=128
199000 200000 2.2740527343703434 269.0199160156262 421.9309411116631 900.5098828125047 31.259998046880355 128.03101203505528 126.96381906388545 898.2437821722416 248.13867030672995 1.1139500378994323 374614.96379297564 3000.0 128.0 221130.0-222896.871=3000 221171.0:221277.223=128
200000 201000 0.0 768.536517578119 143.90954899063127 870.295935546892 666.7770996093459 231.62288858890733 229.38964548088921 1863.920698496174 389.34720829185613 2.2332431080180912 589734.5439157932 3000.0 128.0 "221130.0-222896.871=3000 222891.0-224348.816=3000" 222910.0:223060.603=128
201000 202000 1.2761699218535796 499.3619150390732 235.13565287752886 665.6279296875 333.0959003906464 157.08587569286652 155.75223218666048 1100.916715685695 257.1494934643506 0.6662764178863695 394667.0152787875 3000.0  222891.0-224348.816=3000 
202000 203000 32.58793359374977 372.30632486979204 71.46775767716197 454.82600000000093 330.326904296875 138.29223806204251 136.62762031379145 1392.2902199704167 219.37316808786224 2.331984836570711 352606.6147352997 3000.0 128.0 "222891.0-224348.816=3000 224899.0-226400.631=3000" 224896.0:225049.345=128
203000 204000 6.445904296881054 496.7770478515595 237.44935322189178 664.679095703119 328.875 175.0656843862029 173.70903104599225 1134.0384543359776 274.66808491581736 1.356653340210634 450461.1905560545 3000.0  224899.0-226400.631=3000 
204000 205000 0.0 593.304445312504 46.621748743782426 626.2710000000079 560.337890625 193.70062309284037 191.82628583910474 1562.455625766773 287.3922057381576 1.8743372537356258 481549.4185918308 3000.0 128.0 "224899.0-226400.631=3000 226669.0-228444.651=3000" 226667.0:226815.693=128
205000 206000 7.314882812497672 496.34255859375116 86.78385054627205 557.7080078125 434.9771093750023 152.81268862597497 151.78689681013225 850.7638295196746 223.94444617057258 1.0257918158427415 370781.9064236614 3000.0  226669.0-228444.651=3000 
206000 207000 280.828927734372 288.9670286458374 124.57376313981501 389.538992187503 149.61600000000908 134.69094109290393 132.95135150179595 1453.687315132827 188.8419769518751 1.7395895911079733 298996.7728073854 3000.0 128.0 "226669.0-228444.651=3000 228901.0-230404.317=3000" 228899.0:229049.663=128
207000 208000 2.48402343748603 498.757988281257 242.72984298177212 670.393906250014 327.1220703125 175.89276557516007 174.51719280877393 1149.7851140508826 277.9597979965794 1.3755727663861386 444553.2486216335 3000.0  228901.0-230404.317=3000 
208000 209000 0.0 586.6304970703059 22.152853054096656 602.2949296874867 570.966064453125 171.49301289179834 169.6254254888044 1556.955748567115 283.03430283707075 1.8675874029939066 482245.8611196602 3000.0 128.0 "228901.0-230404.317=3000 230655.0-232103.447=3000" 230651.0:230788.803=128
209000 210000 2.7559921875363216 498.62200390623184 99.77569192728637 569.1740722655959 428.0699355468678 119.93593270262122 118.92315886446131 839.9011731404719 200.8021687101584 1.0127738381599047 344685.09227480646 3000.0  230655.0-232103.447=3000 
210000 211000 31.549978515598923 372.70573632812983 205.9341393816556 560.61328125 152.54999999998836 164.01261372100768 162.03595583742563 1653.2003365662629 255.96149245270237 1.9766578835820603 409908.4531700617 3000.0 128.0 232669.0-234789.447=3000 232666.0:232819.549=128
211000 212000 0.7659687499981374 499.61701562500093 86.02420241668064 560.4453125 438.78871875000186 158.22942933018786 157.79037805877755 369.6811705274763 257.58324538577534 0.4390512714103044 425721.4234768583 3000.0  232669.0-234789.447=3000 
212000 213000 0.0 345.5129355468904 330.4034058720825 887.4899902344041 31.08400000000256 207.15057146211132 202.26075192432702 4610.228050814369 343.31649632978804 5.889819537784287 545041.7571871947 3000.0 128.0 "232669.0-234789.447=3000 234341.0-235809.945=3000" 234389.0:234576.68=128
213000 214000 422.2379902343673 288.88100488281634 253.12866441024622 467.86999999999534 109.89200976563734 117.94266366104415 117.83248319882843 92.77194918563077 163.59666513573404 0.11018046221571351 278002.7214864336 3000.0  234341.0-235809.945=3000 
214000 215000 161.9079589844041 568.6170205077942 381.0952287229011 838.0920410155959 299.14199999999255 168.08231725049424 165.24208345353017 2367.4768570437354 300.07598401331836 2.8402337969640565 456577.17903838516 3000.0 128.0 236391.0-237865.219=3000 236680.0:237830.954=128
215000 216000 5.361011718719965 524.3550045573114 341.1892140639246 835.280029296875 159.35895898440504 117.24010370016723 115.6632030027851 1326.0752456249718 210.4600483896375 0.7393299119872456 338298.28805604763 3000.0 128.0 236391.0-237865.219=3000 236680.0:237830.954=128
216000 217000 0.0 365.0722514648587 176.6591418224605 577.862060546875 161.98497070316807 170.20407219187507 168.62120668622129 1310.4478973312926 287.99056699164083 2.4204362910486976 456554.30837500654 3000.0 128.0 238394.0-239922.342=3000 238391.0:238523.852=128
217000 218000 3.666039062431082 507.29369335940765 79.49267941269173 576.0720214844041 420.2619394531648 148.4234196987323 146.49989672101844 983.5868781625437 203.8307912309116 1.9235229777138865 315062.15646651934 3000.0  238394.0-239922.342=3000 
218000 219000 0.0 365.3584409179675 343.3083052473007 832.951904296875 46.202000000019325 190.6866075995508 188.77696288253492 1377.9403207999296 299.09043321437184 1.9096447170158917 478132.62961620145 3000.0 128.0 240396.0-241859.565=3000 240394.0:240545.049=128
219000 220000 3.2978183593368158 498.3510908203316 468.89947026218147 829.9130859375 166.78909570316318 96.1828481501683 95.18285928045519 840.3243151695503 161.6956861021378 0.1668323052702218 276442.97286697634 3000.0  240396.0-241859.565=3000 
220000 221000 2.870050781231839 342.8469873046997 325.6229080941235 830.9360351562791 166.19391406248906 189.98639552538657 187.98454791433016 1663.222001638399 338.7679347807448 2.8350041754993143 606102.1253739267 3000.0 128.0 242397.0-243928.385=3000 242395.0:242621.812=128
221000 222000 7.747976562532131 418.13600976560457 358.3678734049311 828.06005859375 164.19196484371787 218.70285847218327 216.99425759388149 1430.0690415347901 298.55098994624285 1.708600878301763 493069.4577864348 3000.0 128.0 "242397.0-243928.385=3000 243957.0-245464.085=3000" 243967.0:244096.06=128
222000 223000 0.0 489.38629882812774 327.9886221606227 825.8349609375 170.56894140623626 232.04751885455113 230.59112390835222 1210.857442694787 335.94039663670736 1.4563949461989227 531357.4011160539 3000.0  243957.0-245464.085=3000 
223000 224000 5.158960937493248 497.4205195312534 459.9085868233978 822.625 172.21603906250675 123.82915871050776 123.00644156618759 692.7278355175736 222.78603184695905 0.8227171443201586 358295.81378168386 3000.0  "243957.0-245464.085=3000 245888.0-247505.727=3000" 
224000 225000 0.0 429.9287358398433 291.5846281082388 820.6169433593459 177.2630000000063 222.42498829307755 220.2477054373977 1809.2721644824264 299.25011028379635 2.1772828556798416 478443.64528038265 3000.0 128.0 245888.0-247505.727=3000 246390.0:246872.461=128
225000 226000 0.7349531249492429 499.6325234375254 453.05387435163436 819.9899902344041 179.27505664064665 54.05435517942225 53.21937393594244 701.3842445230442 55.57091402441048 0.0 89717.60761362914 3000.0  245888.0-247505.727=3000 
226000 227000 1.8470664062479045 405.49297786460374 373.9737914075826 836.096923828125 162.0560097656271 69.34951779640443 67.347199754282 1663.6217539540407 103.85894610012933 2.837299285602239 146343.7816141639 3000.0 128.0 248393.0-250598.122=3000 248391.0:248535.312=128
227000 228000 3.9128066406119615 444.66081901044043 348.0815478751794 833.6201171875 162.46707617188804 211.51353390854834 210.6750169857908 705.3554327534935 339.98791805715695 0.8385169227575455 586089.0080202387 3000.0 128.0 248393.0-250598.122=3000 249891.0:250469.831=128
228000 229000 0.4691523438086733 301.5167460937344 215.58907631796708 662.0667363280663 137.98399999999674 214.89297766607868 212.56879387443846 1933.6385687694212 330.61475814630353 2.3241837916402153 536267.0740881925 3000.0 128.0 "248393.0-250598.122=3000 250483.0-251954.038=3000" 249891.0:250469.831=128
229000 230000 2.1830878906184807 355.36297265625035 229.09806647083983 661.4428886718815 106.45700000002398 228.85136491816982 227.66575425182933 987.8630535102174 337.2746273351619 1.185610666340509 543624.0978257542 3000.0 128.0 "250483.0-251954.038=3000 251912.0-253348.983=3000" 251892.0:252038.573=128
230000 231000 5.173982421838446 477.70866471355356 188.50724627336209 682.8050214844116 312.02099609375 179.2605935907014 177.1320197866853 1778.051901589348 282.5843682838777 1.814389333659491 457450.8837258706 3000.0  251912.0-253348.983=3000 
231000 232000 3.486097656248603 427.7919876302088 219.82937801911905 681.0930039062514 286.862060546875 134.1717613048985 132.79392562347806 1150.4860791726621 193.95600553593087 1.0683807665065972 313989.13926480163 3000.0 128.0 "251912.0-253348.983=3000 253914.0-255348.248=3000" 253910.0:254043.757=128
232000 233000 3.8368105468398426 490.50037630210863 186.20508043573614 683.823101562506 312.3400878906541 165.1188640293918 163.49541399812202 1352.59391948712 272.20085141227554 1.9316192334934028 447155.61235079647 3000.0  253914.0-255348.248=3000 
233000 234000 2.8541289062413853 428.01127018229454 216.88000065405572 677.7379121093545 286.887939453125 127.2455915320435 125.85658937856861 1159.7125869891925 181.96037677180288 1.0889344548283548 294912.8187992405 3000.0 128.0 "253914.0-255348.248=3000 255910.0-257489.305=3000" 255906.0:256054.433=128
234000 235000 5.12296679688734 484.7316979166644 182.60272529912575 678.7100410156127 316.1669921875 185.93158778515706 184.31909850672258 1344.1741390445798 294.5202443889115 2.2280271601278443 477933.60007590835 3000.0  255910.0-257489.305=3000 
235000 236000 2.54801562501234 367.9649947916623 290.9262467122998 681.3260078124877 106.4429999999993 200.70290623131626 199.01986784627246 1415.1183202068803 321.4912619049057 1.6830383850438009 561479.2009572993 3000.0 128.0 "255910.0-257489.305=3000 257522.0-259089.167=3000" 257541.0:257648.564=128
236000 237000 0.0 554.4647421875173 206.89148838179503 681.6110234374937 315.7360839844041 184.64931769471093 182.85921124354667 1491.642674177952 268.2306752211322 1.7901064511642766 467370.99290852965 3000.0  257522.0-259089.167=3000 
237000 238000 0.0 459.44222786457976 180.70496033404632 665.73388671875 329.1468808593636 191.08696213558346 189.87706858674773 1010.3573258220481 274.2665624068454 1.2098935488357232 444315.7613331211 3000.0 128.0 259405.0-260878.622=3000 259401.0:259613.542=128
238000 239000 0.0 555.2250455729178 192.41891387808994 668.3359375 333.0511132812535 144.8390003987928 142.8321980427265 1673.6615629362873 226.30062498382284 2.006802356066285 365222.81523926393 3000.0  259405.0-260878.622=3000 
239000 240000 1.2291718749911524 442.85963020833634 195.05304105097386 668.0869140625 329.80806250000023 168.57445468082074 167.581257036887 828.3384370637125 263.0173301542005 0.993197643933715 446472.6750610197 3000.0 128.0 261399.0-262881.692=3000 261394.0:261560.541=128
240000 241000 2.8949902344029397 553.6706640624907 192.72596154660738 665.971923828125 331.13308593747206 140.94006971838462 138.92295213356263 1682.4041970541466 209.2103800325291 2.0171175848220098 342685.052369585 3000.0  261399.0-262881.692=3000 
241000 242000 2.128027343773283 433.94768294271006 199.62937121198996 663.803955078125 303.9710761719034 163.20331844378418 162.2204360286062 819.5958029458535 253.43391183779966 0.9828824151779905 406851.4053165668 3000.0 128.0 263397.0-265237.886=3000 263392.0:263534.041=128
242000 243000 0.8190019531175494 442.63064518229413 191.41899885598428 663.626953125 328.7109375 204.04779824081757 203.38447076126712 550.5618080268582 280.9319831927523 0.6633274795504316 433120.46611132525 3000.0  263397.0-265237.886=3000 
243000 244000 0.0 370.1892578124971 278.66768983611945 662.3860625000088 6.951046874979511 105.71743629520225 103.48671982463905 1853.3150516292696 182.6703863961569 2.2307164705631926 284719.2629300449 3000.0 128.0 "263397.0-265237.886=3000 265742.0-267199.004=3000" 265763.0:265926.639=128
244000 245000 5.574033203127328 437.8217529296817 106.25572296236196 508.3480859374977 279.654052734375 205.75173691774677 203.60209084768323 1795.3831559339076 329.33564493946847 2.149646070063531 535920.3462837375 3000.0 128.0 "265742.0-267199.004=3000 267172.0-268792.361=3000" 267225.0:267380.762=128
245000 246000 2.8507851562462747 382.5744446614602 297.81083479072834 718.3999472656287 150.57411914062686 157.59328531197306 156.6369753321502 804.7399844099649 256.2185848102995 0.9563099798228446 436880.1973215241 3000.0 128.0 267172.0-268792.361=3000 267225.0:267380.762=128
246000 247000 0.0 614.2248466796882 73.16450023431914 665.9599609375 562.4897324218764 137.68136907270778 136.34902813109522 1107.1753224800195 236.56404652200325 1.3323409416125385 376625.34922879457 3000.0  267172.0-268792.361=3000 
247000 248000 2.311849609366618 385.63938346353825 256.3406581538732 663.964111328125 159.22999999998137 165.21390002922908 163.5462409708416 1394.8246775199805 278.2226090892929 1.6676590583874615 424067.89047050773 3000.0 128.0 269396.0-270823.199=3000 269392.0:269551.906=128
248000 249000 0.8981875000172295 479.3109388020821 165.53443515608657 660.200927734375 335.37988867185777 207.665415651994 205.00483819510922 2216.206218697005 344.31125208180345 2.6605774568848037 543935.2307654093 3000.0 128.0 "269396.0-270823.199=3000 270847.0-272378.999=3000" 270860.0:271008.29=128
249000 250000 2.483818359381985 498.758090820309 225.60810163211312 658.287109375 339.229072265618 170.451644035784 169.44975821479005 829.0136691635702 252.2059270130351 0.33942254311519604 410598.1788514482 3000.0  270847.0-272378.999=3000 
250000 251000 37.786177734378725 381.8136705729218 86.56137883965424 481.6830000000191 328.34912109375 134.9150056583679 133.24471279278896 1396.9607849308134 191.46845779435807 2.332756143457706 298779.7195644819 3000.0 128.0 "270847.0-272378.999=3000 272901.0-274570.098=3000" 272899.0:273085.3=128
251000 252000 59.155865234381054 470.4220673828095 265.8506699765911 658.406878906244 282.437255859375 157.12464841460425 156.17119709124216 802.806014270879 248.84907469939358 0.9534513233620892 387376.0440253784 3000.0  272901.0-274570.098=3000 
252000 253000 0.0 491.52057877603994 213.9316759067219 704.3897441406152 276.5419921875 178.7085007283686 175.99470819518837 2261.0133129377327 282.81049434020986 2.713792533180205 440395.5890417747 3000.0 128.0 "272901.0-274570.098=3000 274901.0-276594.382=3000" 274899.0:275057.314=128
253000 254000 17.140105468744878 491.42994726562756 304.33318739465597 706.6260078125051 276.23388671875 164.32367759878258 164.041577727337 237.52809175718505 244.57818671909453 0.28209987144558796 414295.56141168106 3000.0  274901.0-276594.382=3000 
254000 255000 0.0 488.4270696614597 215.0261124620088 702.9721132812556 272.923095703125 159.37625082501572 156.6583506964613 2264.471908242815 221.130393866937 2.7179001285544118 375348.1240285126 3000.0 128.0 "274901.0-276594.382=3000 276896.0-278750.591=3000" 276894.0:277052.804=128
255000 256000 4.953152343747206 497.5234238281264 321.42455215514394 724.8049042968778 270.241943359375 156.71952713690212 156.44780457731554 228.79039517189048 261.8886488748653 0.27172255958656827 422460.7698363822 3000.0  276896.0-278750.591=3000 
256000 257000 6.040064453089144 430.51931184896966 254.8128156174763 724.3090566406026 269.6508789063082 174.42979925777985 171.7015218173664 2273.2096048281096 307.71321453934326 2.728277440413432 481833.49505804264 3000.0 128.0 "276896.0-278750.591=3000 278777.0-280209.979=3000" 278652.0:278813.017=128
257000 258000 3.560964843723923 498.21951757813804 327.4011926843085 729.7271210937761 266.7119140625 164.29950564398817 163.6573964949735 532.9505936821615 280.39833136748877 0.6421091490146524 449177.1627773814 3000.0  278777.0-280209.979=3000 
258000 259000 0.0 558.2890322265739 8.112004952524467 564.0250859375228 552.552978515625 137.5500112408237 135.63908405756834 1592.7059980891809 210.55080710046406 1.9109271832553503 331997.3813682228 3000.0 128.0 280676.0-282516.435=3000 280673.0:280793.945=128
259000 260000 2.5937265624525025 498.70313671877375 73.72311597249184 550.833251953125 446.5730214844225 146.6062379467788 145.60128594265817 845.0536107968023 250.80249733478098 1.0049520041206454 400005.82458035165 3000.0  280676.0-282516.435=3000 
260000 261000 0.0 334.0671733398485 328.5590908375757 751.7939453125 31.081000000005588 186.95930803191538 184.7650563446595 1824.6758973422232 330.846016307604 2.194251687255869 520152.0172460363 3000.0 128.0 "280676.0-282516.435=3000 282477.0-284236.833=3000" 282549.0:282710.469=128
261000 262000 1.8449531249934807 499.07752343750326 355.6244621611907 750.5419921875 247.61305468750652 188.38461536781116 187.38578539706413 839.5126953802086 248.58402167067987 0.9988299707470258 382660.5157586872 3000.0  282477.0-284236.833=3000 
262000 263000 0.0 414.76631315104896 367.1064520319924 835.554931640625 159.9890000000014 203.5884899802857 201.50353352412048 1733.0354760798919 332.18504968286976 2.084956456165208 503421.58166933456 3000.0 128.0 "282477.0-284236.833=3000 284394.0-285894.182=3000" 284390.0:284495.368=128
263000 264000 295.8159316406236 352.0920341796882 266.1705004504444 540.3030000000144 163.88106835936196 121.69537115221857 121.53139760277732 138.0657286295316 215.81564162343466 0.16397354944124895 327512.787349341 3000.0  284394.0-285894.182=3000 
264000 265000 172.0126953125 454.6471067708335 323.2839442757988 827.6533203125 255.40500000002794 165.6577185715677 162.82542437883652 2360.791710279645 304.4893777940172 2.83229419273117 507595.8072785733 3000.0 128.0 286401.0-288050.985=3000 286400.0:286684.533=128
265000 266000 5.886058593750931 497.05697070312453 467.09535222020446 827.34326171875 166.77067968749907 150.40752316390675 149.40944156251902 838.7239567802089 191.69225244147808 0.16770580726883022 324507.9082479715 3000.0  286401.0-288050.985=3000 
266000 267000 6.331199218751863 526.6554208984307 285.0560266882901 824.6640625 169.00473828124814 161.01743546065433 158.66817288028133 1948.0179139452903 222.46474084938748 3.1796383744918533 347170.62409797026 3000.0 128.0 288404.0-290392.579=3000 288397.0:288852.797=128
267000 268000 0.0 494.23557080079627 300.59054129227985 823.3852539063082 170.53593750001164 208.22335118955775 206.73845168361498 1236.0073143207806 331.54364954894737 1.4848995059427368 534580.5445694829 3000.0  288404.0-290392.579=3000 
268000 269000 0.0 301.70097539062846 209.41364222148138 654.68310546875 162.91200000001118 231.06617801712866 228.73071589756324 1942.4591046740754 338.27639691828006 2.33546211956541 538373.8050043078 3000.0 128.0 "288404.0-290392.579=3000 290302.0-291816.413=3000" 290392.0:290579.122=128
269000 270000 2.7772128906217404 498.61139355468913 219.5969592638804 653.889892578125 343.33289453125326 128.61181631528922 127.90239659402948 595.9125658581886 192.63787568882572 0.7094197212597483 301086.0599183963 3000.0  290302.0-291816.413=3000 
270000 271000 0.0 414.0794980468636 296.400182083367 835.056884765625 160.07099999999627 151.40793935088328 148.27905796208148 2589.9369688136444 255.14758649457713 3.128881388801811 387295.9075815155 3000.0 128.0 292394.0-294078.597=3000 292392.0:292785.973=128
271000 272000 5.042851562495343 410.57572265625157 368.5443659365431 833.884033203125 161.07311523437966 169.0850032135106 167.81548789523333 1067.1899908723403 287.4806298327721 1.2695153182772752 540222.7419830691 3000.0 128.0 "292394.0-294078.597=3000 293992.0-295643.051=3000" 294123.0:295379.995=128
272000 273000 0.0 433.8316085937666 325.1640572607722 809.070068359375 123.55396679689875 213.92306596904942 211.79375226217263 1770.1497880369247 340.47081014920656 2.1293137068767582 547593.2121264721 3000.0 128.0 293992.0-295643.051=3000 294123.0:295379.995=128
273000 274000 0.0 369.9722094726603 271.0182215328036 760.77197265625 150.3849316406413 177.88620614064797 176.49356434869875 1164.5605610651132 274.3295371064135 1.3926417919492415 446485.63238497527 3000.0 128.0 "293992.0-295643.051=3000 295896.0-297546.702=3000" "294123.0:295379.995=128 295892.0:296046.199=128"
274000 275000 1.1901191406068392 519.4849869791651 169.9351944760125 665.7429863281432 333.06689453125 198.72527993027276 197.3550518574376 1138.2501253537887 315.00113253037324 1.370228072835166 507000.75548828696 3000.0  295896.0-297546.702=3000 
275000 276000 351.46098632813664 325.7274414062461 8.543137123468103 332.430908203125 316.10810546873836 139.15588264359022 138.1088782270468 872.9578705948061 198.16688905029335 1.047004416543428 312856.72611952265 3000.0 128.0 "295896.0-297546.702=3000 297900.0-299545.939=3000" 297896.0:298039.465=128
276000 277000 1.9203632812714204 530.4089095051944 180.56242377691294 671.2336894531036 326.845947265625 190.71583173756432 188.4354116477394 1904.7335637673661 308.8361715314144 2.2804200898249474 492338.8557212508 3000.0  297900.0-299545.939=3000 
277000 278000 0.0 548.1164036458358 192.56587084760784 671.3870527343825 326.216064453125 209.3808428049773 207.4126386321537 1641.6803693671513 327.2534764876631 1.9682041728235808 522947.7102519715 3000.0 128.0 "297900.0-299545.939=3000 299576.0-301053.044=3000" 299582.0:299727.265=128
278000 279000 2.3187851562397555 356.22653027344495 244.36606876922326 671.6199355468852 75.61999999999534 165.8364118177002 164.8045283387346 859.7384091229853 244.03483832107614 0.7043713208080439 386853.7522696016 3000.0  299576.0-301053.044=3000 
279000 280000 3.575263671868015 430.97133138021064 207.13887002803537 669.508720703132 296.4892578125 106.45033958726839 105.07190209824164 1150.9856359145444 133.1079168999882 1.0838475636517586 215406.66146641236 3000.0 128.0 301902.0-303446.359=3000 301898.0:302031.976=128
280000 281000 3.6607304686913267 494.8083372396068 171.55116773062576 669.6219843750005 326.7172851563082 191.29936469582543 189.67696186250046 1351.7202348608907 285.84181236643667 1.9161524363482414 456460.9172131675 3000.0  301902.0-303446.359=3000 
281000 282000 3.343281249923166 430.7069433594006 206.4200795196294 668.3027148437686 295.464111328125 131.71223858314275 130.3068135122109 1173.1092863732351 237.68860727883472 1.1390197474596664 380233.2608853959 3000.0 128.0 "301902.0-303446.359=3000 303901.0-305437.505=3000" 303897.0:304021.188=128
282000 283000 0.8610820312751457 477.59326888019376 175.69725559912632 671.0939960937249 328.044921875 184.25189837802716 182.65753978574526 1329.3652630137467 318.85169607798264 2.1891163962632856 535140.8738219116 3000.0  303901.0-305437.505=3000 
283000 284000 1.1178437499911524 388.2960520833537 258.31161440670684 671.6770781250088 166.00600000005215 198.40205300198605 196.73018914570903 1405.7093669852743 300.65677023234036 1.671863856277048 521728.6402738582 3000.0 128.0 "303901.0-305437.505=3000 305465.0-306929.601=3000" 305476.0:305643.313=128
284000 285000 0.0 553.1622714843834 198.43638393241258 670.7219218750251 324.053955078125 161.05153384649577 159.1808804567294 1559.3562757327973 243.0839190816833 1.8706533897664133 408695.7868090521 3000.0  305465.0-306929.601=3000 
285000 286000 3.431966796866618 424.89402604167117 208.53293190551986 663.594970703125 278.1140449218801 146.87180056699034 145.74245395675675 942.6437242672027 246.85049460716215 1.1293466102335867 413788.87305261224 3000.0 128.0 307409.0-308868.324=3000 307406.0:307508.577=128
286000 287000 6.112880859349389 552.2440299479252 191.82381900326632 663.14208984375 330.7450292969006 130.72539094911392 128.72928983141512 1664.7875338811286 208.56976419741696 1.9961011176987766 356338.93762494327 3000.0  307409.0-308868.324=3000 
287000 288000 0.794878906221129 496.84947998047573 190.5847017012589 662.569091796875 327.03191015624907 156.73460692375852 155.0653811697773 1382.7805008964722 215.85882126261998 1.0038988823012236 339862.3666964287 3000.0 128.0 309402.0-311193.64=3000 309396.0:309567.114=128
288000 289000 2.971994140651077 492.8947016601451 182.64182886023025 660.56689453125 333.2859082031064 178.227277277797 176.56238893235854 1393.100063628011 292.01876777757644 1.9738732301891349 445473.48334716447 3000.0  309402.0-311193.64=3000 
289000 290000 4.472882812493481 432.36807421874255 182.22584188882314 640.510009765625 301.57710546872113 191.32334495150286 190.65356016862125 563.331901594388 332.21159183904797 1.026126769810865 508717.47407652857 3000.0 128.0 311405.0-312810.648=3000 311401.0:311532.169=128
290000 291000 0.0 555.6034479166847 170.94413881671065 668.173095703125 358.897990234429 137.63403030788308 135.61747797257672 1681.8586092711698 229.2399289351364 2.016552335306356 339196.3833369272 3000.0  311405.0-312810.648=3000 
291000 292000 2.2862167968414724 433.764175130229 202.77638143885352 667.4008789063082 303.5787421875284 173.42599596739998 172.44254830270634 820.1413907288302 292.8862714664791 0.9834476646936439 435538.52906524355 3000.0 128.0 313393.0-314833.37=3000 313390.0:313533.67=128
292000 293000 0.0 555.1124296874817 193.0175435282841 667.861083984375 332.24012109369505 144.4411060915669 142.4143874131526 1690.4171873312134 218.70143215458634 2.0267186784142712 326018.8982845388 3000.0  313393.0-314833.37=3000 
293000 294000 1.3530117187765427 432.30196809894795 203.87645437053033 666.924072265625 298.25891601562034 174.13497748989138 173.16169616830564 811.5828126687867 284.81120212149995 0.9732813215857289 429180.69051438966 3000.0 128.0 315393.0-316872.444=3000 315391.0:315528.532=128
294000 295000 1.0577734375256114 496.1550755208397 166.9590064657399 666.331298828125 332.6109277343494 232.53149392774355 229.86490199146834 2221.2704103437272 394.10147150576114 2.6665919362752106 590752.9379028141 3000.0 128.0 "315393.0-316872.444=3000 316876.0-318430.192=3000" 316896.0:317053.796=128
295000 296000 2.1883632812532596 498.90581835937337 234.23352963688515 664.533935546875 333.27770117187174 191.4647483758281 190.46404309879614 827.913304568162 284.8473902843677 0.3334080637247892 504682.7842185 3000.0  316876.0-318430.192=3000 
296000 297000 24.63782617187826 372.2353196614616 66.90018664664176 449.43900000001304 331.32506445312174 137.65660261599362 135.9878036666309 1395.809254056172 217.06974154606462 2.3360961626699064 371742.01302392076 3000.0 128.0 "316876.0-318430.192=3000 318893.0-320338.308=3000" 318891.0:319035.513=128
297000 298000 2.1967929687234573 498.90160351563827 232.91744095109746 663.5991054687765 334.2041015625 142.80399221045062 141.46903824564365 1116.6496869652096 257.05976884254756 0.9994289010685236 417948.63409817807 3000.0  318893.0-320338.308=3000 
298000 299000 31.44700976560125 484.2764951171994 251.13944321441167 661.8588984375237 306.694091796875 137.56357317492683 136.2346233024037 1104.357344066729 190.32369774030678 0.9712386634245149 296525.6448773039 3000.0  "318893.0-320338.308=3000 320891.0-322396.406=3000" 
299000 300000 0.0 567.5957304687472 228.88235972569473 706.2930000000051 303.415283203125 204.2338481418742 202.51135941214704 1136.2203791881316 333.0826223345163 2.415725002564205 505817.79951498716 3000.0 128.0 320891.0-322396.406=3000 321387.0:322093.803=128
300000 301000 463.49828320310917 536.5017167968908  536.5017167968908 536.5017167968908 61.95929660823323 60.681785337960385 523.7796208118685 107.31094670291941 1.2775112702728502 162020.36685235423 3000.0  320891.0-322396.406=3000 
