ts te idle avg_span std_span max_span min_span c_bytes_all s_bytes_all avg_video_rate avg_audio_rate video_requests_sequence audio_requests_sequence
0 4000 4000.0 0.0 0.0 0.0 0.0 0.0 0.0 0.0 0.0 0 0
4000 8000 3014.613000000012 985.3869999999879  985.3869999999879 985.3869999999879 10000.0 11772.0    
8000 12000 81.86796679685358 979.5330083007866 20.59725117201132 996.4810000000289 950.884033203125 31543.603058296198 812359.6486161158    
12000 16000 634.8730390624842 673.0253921875031 374.5608863760668 999.8890000000247 48.19996679684846 24865.372868031962 793879.284147781    
16000 20000 29.008697265584487 794.1982605468831 300.0562532723096 999.3269999999902 327.336005859368 23046.310576941196 987712.7366042021    
20000 24000 954.5902792969136 609.0819441406172 394.0691271347763 997.1369999999879 109.968017578125 20140.2032315576 974512.0122164959    
24000 28000 865.9351367186755 783.5162158203311 252.2844664380942 998.969000000041 512.8019824218936 21761.9038349948 1442032.0307552894    
28000 32000 1278.0026113281492 680.4993471679627 423.35330335863136 997.7880000000587 102.76511914061848 19968.337822186484 1323506.2058279677    
32000 36000 108.15433203120483 778.369133593759 273.21285481870143 996.435999999987 373.3787304688012 20673.056690709098 1502388.6989565173    
36000 40000 18.627037109516095 796.2745925780968 284.62700524420865 996.9859999999171 382.0970625000191 31379.40624544227 2292273.2163217096    
40000 44000 12.064916015602648 797.5870167968794 286.50821746350306 999.8640000000014 384.68109960935544 29959.71097388878 2417354.7296194173    
44000 48000 729.0518730468466 654.1896253906307 320.4469464481981 998.7870000000112 350.964111328125 33764.15004822572 2709083.9090489824    
48000 52000 59.64619335945463 788.070761328109 312.79996731108287 998.7299999999814 299.3159179686918 29240.336244747086 2432540.2026207033    
52000 56000 18.651833984302357 796.2696332031395 309.8943428016105 998.9050000000279 293.111083984375 26705.775390999588 2155753.476555145    
56000 60000 1035.3951289062388 741.1512177734403 284.1106860095033 999.13400000002 357.053955078125 31945.112736716812 2556535.724285924    
60000 64000 542.0299550782074 864.4925112304481 170.9637313891748 999.6080000000075 642.5350449218531 32796.7202772624 2355530.1244237497    
64000 68000 765.9049726562225 808.5237568359444 284.8548609953531 997.5260000000126 394.5590000000084 30226.623387547854 2235654.229297048    
68000 72000 405.20897851564223 718.9582042968716 347.93037836757924 999.9710000000196 151.8529726562556 37894.05658107362 2800641.0945536313    
72000 76000 484.12008789065294 703.1759824218694 290.635748382975 998.6579999999958 330.4749511718983 27830.768756423615 2173895.4386860314    
76000 80000 74.18864062504144 785.1622718749917 280.3148575698077 998.0420000000158 381.09003906248836 31373.521760666168 2505351.6549922684    
80000 84000 48.450394531246275 790.3099210937507 281.5457087115709 998.6610000000219 395.9976796875126 35142.0330705501 2367342.2007852234    
84000 88000 31.68396679678699 793.6632066406426 284.72037800423 999.2310000000289 410.98107421881286 31524.859486396243 2417861.855279941    
88000 92000 14.637941406283062 797.0724117187434 279.519899685459 999.6900000000023 430.8740410155733 32434.57644034182 2505396.392939333    
92000 96000 238.71393359376816 752.2572132812463 328.6718408086275 999.4339999999502 353.111083984375 36507.21388503672 2740342.72663582    
96000 100000 53.01397656247718 789.3972046875045 311.7776176125632 999.74099999998 303.735107421875 39693.87680409163 3468940.1315830117    
100000 104000 69.43600390630309 786.1127992187394 312.8148511124087 998.5419999999576 299.506103515625 39406.647050455314 3358225.075660296    
104000 108000 17.07416992186336 796.5851660156274 310.7565862828616 999.9550000000163 291.3569335936918 40209.043686548874 3418824.9770411514    
108000 112000 12.513859374972526 797.4972281250054 311.91471210610564 999.4180000000051 286.7260742186918 39634.009721144255 3435043.4447362185    
112000 116000 15.355171875096858 796.9289656249806 312.9680373055756 997.8799999999464 282.52490234375 38913.430084384076 3391046.744814208    
116000 120000 15.776806640613358 796.8446386718773 318.44665532105637 999.8570000000182 270.673095703125 41613.52175062581 3563560.104426921    
120000 124000 15.791089843783993 796.8417820312432 322.6642560766815 999.7679999999818 258.906005859375 40987.82462177755 3272822.856928059    
124000 128000 17.401019531243946 796.5197960937512 322.13257930461657 997.7850000000326 256.385986328125 35989.48899347736 2704367.8515681196    
128000 132000 110.88667578127934 777.8226648437442 336.27022012353984 999.585000000021 206.643310546875 40958.1381140312 3181567.9865440386    
132000 136000 13.968417968775611 797.2063164062449 343.4183234246025 999.7210000000196 204.639892578125 44953.75869882947 3495373.946271951    
136000 140000 536.6969980469439 865.825750488264 180.48912437579935 999.9079999999958 616.0741074218531 36693.476648248325 2875517.9044202925    
140000 144000 33.3888554686564 793.3222289062687 368.1694721081801 999.5279999999912 149.06210546882357 39676.880355957095 3436969.167478985    
144000 148000 64.78105468751164 787.0437890624977 354.5341354604952 998.7359999999753 174.12296093750047 38539.42266561988 3448096.769623627    
148000 152000 98.93692773435032 780.21261445313 337.3923019982043 999.9419999999809 215.4850156250177 39423.691472949475 3285409.6341375425    
152000 156000 10.37676757806912 797.9246464843861 313.7398785545453 999.6660000000265 282.6749433593941 40232.10884043258 3395381.4508492406    
156000 160000 15.537984374910593 796.8924031250178 312.544877256162 999.042000000074 285.27671093749814 45263.05521860137 3628373.423426321    
160000 164000 35.31626757810591 792.9367464843788 314.6356658808828 999.6680000000051 282.6956953125191 40071.8830138706 3400008.3384775766    
164000 168000 17.32593359373277 796.5348132812535 305.8996638328035 998.6930000000284 306.6699628906208 40526.05579774439 3490009.3152434784    
168000 172000 71.0930546875461 785.7813890624908 305.13328245137797 999.8989999999758 316.7688964843983 42393.595509874285 3521061.814912854    
172000 176000 28.082166015694384 794.3835667968611 288.9390467801271 997.6790000000037 364.6119511718862 42090.421285691955 3510304.658971899    
176000 180000 13.196779296908062 797.3606441406184 286.40466145072895 997.5900000000256 375.77311718749115 42032.65214492859 3550549.8830200504    
180000 184000 12.850080078176688 797.4299839843646 287.51748805289816 999.8229999999749 376.12689648440573 42285.37234230815 3393097.4662872804    
184000 188000 9.744000000006054 798.0511999999987 286.75360435572486 999.4330000000191 381.4789765625028 43542.447487211335 3562098.8919310425    
188000 192000 29.111070312617812 794.1777859374764 284.66518923795206 997.7989999999991 385.75997656252 37939.80003257304 3338738.0710236547    
192000 196000 10.362003906280734 797.9275992187438 282.75214432292785 998.6970000000438 397.78804687497905 39460.59184669723 3467027.730115558    
196000 200000 7.548882812494412 798.4902234375011 282.2976560157298 998.9050000000279 401.17705078120343 42610.39948062978 3589510.0743587157    
200000 204000 5.733023437438533 798.8533953125122 283.01936305884794 999.9429999999702 403.2179335937835 41185.09215808615 3555853.850385756    
204000 208000 16.36109960929025 796.7277800781419 283.4274902022805 999.7360000000335 404.5689570312388 43329.22363288663 3432431.5465600085    
208000 212000 66.17383593751583 786.7652328124968 295.61690728036194 998.5829999999842 382.1570566406008 45782.73386345185 3542491.4172888044    
212000 216000 12.659843749948777 797.4680312500102 277.2991814577803 999.015000000014 441.55389257811476 42454.82627527222 3578674.5302491155    
216000 220000 11.460214843740687 797.7079570312519 275.67457506360074 998.9329999999609 447.9477363281185 44103.86361455673 3474614.7884181067    
220000 224000 12.140939453034662 797.571812109393 278.58736217878766 999.8469999999506 450.107951171929 39832.329843340034 3438226.8125279364    
224000 228000 9.718167968909256 798.0563664062181 276.0447979608927 999.9719999999506 460.53789062495343 40280.19736638038 3436144.1539785094    
228000 232000 11.577666015713476 797.6844667968574 276.1733251909065 999.9780000000028 465.6840585937025 41173.176896036945 3503466.134647442    
232000 236000 13.545353515655734 797.2909292968689 275.5195874498904 999.1879999999655 471.2607246093685 39361.531320997376 3315454.5034055393    
236000 240000 12.563832031213678 797.4872335937573 275.10197148736887 998.8059999999823 478.7400781250326 42281.02042846556 3481788.9912335007    
240000 244000 24.682999999960884 795.0634000000078 279.05372264231437 999.6570000000065 484.653910156223 42003.48309246747 3053237.254709658    
244000 248000 780.1889941405971 643.9622011718806 328.97133458652297 999.2369999999646 350.673095703125 33719.72225700151 2731166.116419753    
248000 252000 8.934089843765832 798.2131820312468 294.0496964214878 999.6139999999432 347.156005859375 36821.17087633844 3316502.594132677    
252000 256000 28.39194140629843 794.3216117187403 299.8610851175279 999.1199999999953 329.216064453125 37386.42202368881 3325180.107619224    
256000 260000 31.078804687596858 793.7842390624807 304.110082320231 999.9939999999478 321.041259765625 39362.35747695721 3609623.2907630107    
260000 264000 17.310281250043772 796.5379437499912 302.53400650353444 996.8349999999627 314.552978515625 37679.59092117639 3438492.3582759406    
264000 268000 9.396857421961613 798.1206285156077 304.71883067675003 999.8519999999553 310.97412109375 38277.367979067894 3444305.3112683236    
268000 272000 11.658236328163184 797.6683527343673 307.5966407124351 1000.0 302.681884765625 38712.2318109588 3442217.8399046436    
272000 276000 18.03282617183868 796.3934347656323 309.1856902319225 998.0899999999674 295.81005859375 40621.74231871297 3379472.4113985826    
276000 280000 81.39508984377608 783.7209820312448 308.0635963169627 999.9740000000456 278.16796875 39374.36288223351 3444018.5258536073    
280000 284000 288.840046874946 742.2319906250108 353.2610452616403 999.4000000000233 145.544921875 36450.72724167989 3139975.971114878    
284000 288000 19.815804687561467 796.0368390624877 376.18973330709946 999.6480000000447 132.3701171875 41907.91783518675 3597623.7021956877    
288000 292000 14.552058593835682 797.0895882812329 380.9616791841542 999.0849999999627 123.31005859375 39006.420057185096 3285287.249058897    
292000 296000 15.639056640560739 796.8721886718879 384.88077812294205 999.4220000000205 115.552001953125 39014.218640770574 3472461.4397064648    
296000 300000 6.590115234488621 798.6819769531023 387.09816497951306 999.920999999973 112.10888671875 40972.791100297385 3496220.141498978    
300000 304000 3127.3308867187006 872.6691132812994  872.6691132812994 872.6691132812994 10670.231050063667 701328.6503635652    
