ts te idle avg_span std_span max_span min_span c_bytes_all s_bytes_all avg_video_rate avg_audio_rate video_requests_sequence audio_requests_sequence
0 4000 4000.0 0.0 0.0 0.0 0.0 0.0 0.0 0.0 0.0 0 0
4000 8000 2386.114009765617 806.9429951171915 270.40188267176813 998.1460000000079 615.739990234375 23902.080354491514 1399256.1002144185    
8000 12000 12.308947265613824 797.5382105468773 286.25693837128074 999.3439999999828 384.0780097656534 45214.67258118049 3460579.703951381    
12000 16000 1176.1420429687132 705.9644892578217 336.36769370227563 997.5550000000512 389.28395703126444 29445.247064328 2355752.1958342    
16000 20000 588.4840820312384 852.8789794921904 287.30264023080497 999.8580000000075 421.94091796875 36662.131187157094 2985425.229289286    
20000 24000 18.61179882811848 796.2776402343763 280.60251865682227 996.9870000000228 413.922119140625 35915.084472407274 3433125.2226816127    
24000 28000 12.905062500038184 797.4189874999923 281.0983473007222 998.6599999999744 410.508056640625 36076.45925706568 3396778.388248263    
28000 32000 20.80716406251304 795.8385671874973 283.9012644060314 999.6410000000033 398.389892578125 39081.65780657194 3397529.899141394    
32000 36000 12.58095507818507 797.483808984363 282.6452883217263 999.920999999973 396.7109375 38548.12513742305 3541809.905014217    
36000 40000 73.22594726557145 785.3548105468857 293.4575494522465 999.2119999999995 355.364990234375 33286.014461056475 2843989.0454410184    
40000 44000 35.13307617197279 792.9733847656055 291.00392598897656 999.36599999998 349.2119140625 36811.176795825704 3371342.3891351167    
44000 48000 21.259837890800554 795.7480324218399 299.29168435609927 999.7789999999804 333.028076171875 40125.84681248246 3537670.1360875247    
48000 52000 17.187806640635245 796.562438671873 302.7141179138191 999.515000000014 320.0512695311918 40586.240156815824 3609113.9033276946    
52000 56000 39.48515234369552 792.1029695312609 304.0665237538028 998.4189999999944 305.9951171875 34838.95562667543 3271421.6677290075    
56000 60000 35.287859375122935 792.9424281249754 312.7303038117482 999.7029999999213 294.7392578125 31428.03591388913 2718041.9781225887    
60000 64000 13.235199218790513 797.3529601562419 311.01049029393624 999.7789999999804 291.5600585936918 39254.01290422587 3402569.100690588    
64000 68000 32.46510937495623 793.5069781250088 320.3916720430064 999.4260000000359 266.5229492186918 32501.632435399504 2686833.1952477815    
68000 72000 16.406679687614087 796.7186640624772 320.2120786832358 998.3579999999492 261.3012695311918 37170.18891267064 3267703.7323129573    
72000 76000 18.056285156169906 796.388742968766 322.2974582261238 998.8969999999972 256.333984375 36922.62053368963 3120864.179566113    
76000 80000 15.993058593769092 796.8013882812462 328.0834100332604 999.6610000000219 244.3989257811918 37685.647267680666 3575613.884385118    
80000 84000 71.43064843752654 785.7138703124947 351.3637759130504 999.9670000000042 190.75927734375 37781.85048768511 3262777.153600078    
84000 88000 128.3823007812607 774.3235398437479 377.551045055143 999.7820000000065 125.0009765625 39507.34899984816 3399451.9668390118    
88000 92000 11.867960937554017 797.6264078124892 381.9570101904111 999.137999999919 121.666015625 37319.00391206335 3209197.6786372066    
92000 96000 17.47598632797599 796.5048027344048 386.0745579308969 999.945000000007 112.530029296875 39724.34973145644 3522550.1464557075    
96000 100000 14.86703710933216 797.0265925781335 390.4579312377675 999.8389999999781 103.9169921875 40273.57968150733 3559883.651602301    
100000 104000 16.092078124987893 796.7815843750025 395.5026508484538 999.6170000000275 93.7119140625 37246.7985977872 3222269.3250459395    
104000 108000 6.4176308594760485 798.7164738281048 397.16204105490385 999.4259999999776 91.915283203125 39060.64707906742 3498006.05620523    
108000 112000 27.821011718770023 794.435797656246 401.4586361105885 999.2189999999828 80.353271484375 38858.29274345736 3371820.6398473065    
112000 116000 71.19532812497346 785.7609343750053 401.903811232235 999.2829999999958 69.616943359375 35695.665940168234 3097321.815455458    
116000 120000 16.628060546936467 796.6743878906127 412.02804912467997 999.4209999999148 61.5048828125 36942.562437925844 3331078.353206881    
120000 124000 35.882787109410856 792.8234425781178 422.7910543265858 999.7369999999646 38.048095703125 40514.0518400793 3069332.1591241225    
124000 128000 705.1290957030724 823.7177260742319 323.28512095343 997.6959999999963 339.4670000000042 34671.01886791788 2688072.197560478    
128000 132000 548.5120214844937 862.8719946288766 238.31289860668082 999.4969999999157 507.427978515625 38046.79307984998 2848927.51462441    
132000 136000 790.8000839845045 641.8399832030991 333.9974395051692 999.9009999999544 297.60799999994924 33081.71476496291 2752616.7550743017    
136000 140000 61.346814453136176 787.7306371093728 297.1781237038864 999.045999999973 367.007080078125 40781.246136862566 3441132.129599883    
140000 144000 40.01415820320835 791.9971683593583 289.59722936748364 998.4699999999721 355.294921875 40285.927542037185 3570187.4465791755    
144000 148000 21.06994726555422 795.7860105468892 293.8420063809575 997.6030000000028 348.323974609375 38360.733160741904 3523352.212822957    
148000 152000 16.509005859377794 796.6981988281244 295.72943902373055 999.7729999999865 342.04296875 40467.05215714759 3411190.856960021    
152000 156000 19.459886718774214 796.1080226562451 301.6931524526876 999.7780000000494 327.1840820311918 41326.495377003965 3538857.26038554    
156000 160000 15.425164062529802 796.9149671874941 299.9211778234904 999.4309999999823 323.0659179686918 40535.54402646836 3480708.7744399756    
160000 164000 19.70101171877468 796.0597976562451 303.70220409888526 999.8510000000242 312.87890625 41510.21009925504 3673950.0564712505    
164000 168000 13.602914062561467 797.2794171874878 306.40287306483293 999.594000000041 306.6669921875 39504.715280969904 3576263.0285106897    
168000 172000 14.588939453125931 797.0822121093748 308.06903590740774 999.1930000000284 299.904052734375 39487.916163790185 3628185.8051020857    
172000 176000 11.739164062426426 797.6521671875147 309.07075683124725 999.3300000000163 295.535888671875 36054.92832028836 3277788.9244557344    
176000 180000 14.67259374994319 797.0654812500113 309.77473515898197 999.2870000000694 291.477294921875 36558.226576319736 3312095.138937722    
180000 184000 9.422037109325174 798.115592578135 313.7965335370984 999.939000000013 283.9892578125 38997.38725579073 3533566.4167545866    
184000 188000 13.890275390644092 797.2219449218712 316.00974021683527 999.4079999999958 276.281982421875 41736.28402373873 3549573.5176467956    
188000 192000 166.9178671874688 766.6164265625063 347.51583957261107 999.9700000000303 178.693115234375 35144.042463931175 3099755.2802196927    
192000 196000 15.23985937499674 796.9520281250007 358.82325627706103 999.9180000000051 170.187255859375 38849.34316128954 3405381.931969005    
196000 200000 35.88420898444019 792.8231582031119 369.08370356138914 998.4699999999721 145.498046875 42217.82177611717 3555996.6863096976    
200000 204000 135.22995507821906 772.9540089843562 386.9806087710782 999.954000000027 89.319091796875 40345.55275515461 3262274.680377453    
204000 208000 32.90700000000652 793.4185999999987 408.41190115245575 999.859999999986 66.069091796875 30308.431246418597 2376009.050780954    
208000 212000 632.021091796807 841.9947270507982 270.19027367935547 998.7010000000009 439.23400000005495 28693.63463186176 2344351.531978069    
212000 216000 1161.7450820311205 709.5637294922199 475.90144261844483 999.9320000000298 5.44091796875 30141.82222622431 2317213.3470823327    
216000 220000 46.854917968739755 988.2862705078151 12.202567337937337 996.0550000000512 970.0779999999795 28673.17777377569 2274635.6529176673    
220000 224000 101.17474414058961 974.7063139648526 42.00393442920162 999.6010000000242 911.937255859375 34946.98293900571 2830122.1251901323    
224000 228000 1785.8862226562342 553.5284443359415 390.8490798687901 999.1289999999572 87.43574414064642 19692.437122408846 1493438.4704589583    
228000 232000 52.578080078121275 789.4843839843758 295.92328810156215 999.9549999999581 373.376953125 43355.94093483282 3307911.6081851106    
232000 236000 1169.5539531247923 707.6115117188019 352.9414641962976 999.859000000055 245.31000000005588 23064.639003752625 1698274.7961657986    
236000 240000 583.6971015625168 854.0757246093708 289.4367138716375 999.2219999999506 419.9208984375 32822.60994542513 2656656.06244272    
240000 244000 258.63390624988824 748.2732187500224 324.4634745463932 999.6650000000373 256.9169921875 36811.15396318107 2881692.7150251404    
244000 248000 1125.3339179686736 718.6665205078316 238.404138817015 999.7560000000522 416.72607421875 24432.857021190892 1841221.1131155046    
248000 252000 102.29712304694112 779.5405753906118 293.8334905512197 999.6570000000065 362.199951171875 29020.64321625005 2564727.198611376    
252000 256000 26.270994140650146 794.74580117187 296.8788973512086 999.6080000000075 345.73095703125 27059.163931585656 2303374.880891546    
256000 260000 54.238054687622935 789.1523890624754 305.55781694536915 998.9320000000298 321.52490234375 35406.01980842283 2942531.7311560856    
260000 264000 9.20082031248603 798.1598359375027 303.48860563808125 999.8619999999646 315.68408203125 42008.28600168854 3407136.047059933    
264000 268000 8.925009765662253 798.2149980468675 305.0512945534796 999.655999999959 310.174072265625 43349.51898929719 3536404.8012235006    
268000 272000 34.49415820313152 793.1011683593737 309.74742873905484 999.2870000000112 300.5869140625 36327.444380926936 3205801.13737764    
272000 276000 10.557812500046566 797.8884374999907 310.2182543094728 999.7580000000307 294.0791015625 36503.31368831281 3271601.7030991823    
276000 280000 66.73916406242643 786.6521671875147 316.2105490077015 999.1970000000438 267.5859375 39150.31468490992 3372707.1546197645    
280000 284000 13.856999999959953 797.228600000008 321.82975004276705 999.8610000000335 260.0859375 36494.67774823512 3219434.810745468    
284000 288000 13.586937500047497 797.2826124999905 325.5906475848287 999.1169999999693 250.625 40074.58574334236 3390474.7545414213    
288000 292000 1324.560999999987 891.8130000000043 130.98426977691093 996.6929999999702 744.9960000000428 19449.4108772315 1622837.8900907172    
292000 296000 585.7200117186876 853.5699970703281 290.0898775577576 999.9830000000075 418.43798828125 36041.26248702217 2862110.272780532    
296000 300000 16.759970703162253 796.6480058593676 281.9882683897597 998.8229999999749 409.718017578125 38538.5676063812 3226621.425254126    
