ts te idle avg_span std_span max_span min_span c_bytes_all s_bytes_all avg_video_rate avg_audio_rate video_requests_sequence audio_requests_sequence
0 4000 4000.0 0.0 0.0 0.0 0.0 0.0 0.0 0.0 0.0 0 0
4000 8000 3283.912109375 716.087890625  716.087890625 716.087890625 12199.002319019242 285524.06791690143    
8000 12000 378.6878906250349 724.262421874993 370.6458544026761 997.9569999999949 282.40810937498463 38287.997680980756 1271898.9320830987    
12000 16000 1822.4849999999278 725.8383333333574 464.9757875774906 996.1849999999977 188.93500000005588 15085.0 533711.0    
16000 20000 1571.2049179687165 809.5983606770945 329.55669097929837 999.9430000000284 429.05908203125 22343.531930079604 978029.8144816498    
20000 24000 174.03808203112567 765.1923835937748 336.2314208360758 999.6470000000554 263.1900000000023 34397.4680699204 1672657.1855183502    
24000 28000 1614.180003906251 795.2733320312497 349.4532343712305 999.6630000000005 391.77099609375 13443.240348168203 913093.7263238627    
28000 32000 1469.282964843791 632.6792587890523 406.1465415409283 996.6539999999804 114.58203125 23442.428773793265 1853205.5278179317    
32000 36000 1044.0440312500577 738.9889921874856 323.18898235686805 993.4989999999525 267.5109999999986 19997.330878038527 1600889.7458582055    
36000 40000 418.13606250000885 895.4659843749978 205.25877673723727 999.8439999999828 587.5859375 26878.722618880165 2225504.2717482    
40000 44000 1470.7819804687751 632.3045048828062 444.21048113302226 999.9810000000289 102.31006250000792 27024.241650038304 2134941.235260989    
44000 48000 55.25805664056679 788.9483886718866 292.7644298199386 998.0270000000019 382.597900390625 32953.419113746524 2552975.172576745    
48000 52000 22.28278125007637 795.5434437499847 292.2622253695757 999.9209999999148 366.172119140625 33559.37373935834 2841258.207739177    
52000 56000 359.83611914073117 728.0327761718538 425.70475570372327 999.045999999973 20.06499999994412 23373.242877976663 1815269.1126748887    
56000 60000 1574.3379433594528 808.5540188801824 330.4289520864997 999.8759999999311 427.008056640625 24792.106714604222 2109620.1621375205    
60000 64000 13.525070312491152 797.2949859375018 278.92039635522633 999.3099999999977 423.885986328125 39458.97055845235 3347292.5678505613    
64000 68000 1520.2549589843256 619.9362602539186 279.77303511736915 999.4320000000298 329.69901367189595 23562.75504314824 2013571.194159821    
68000 72000 746.702044921869 650.6595910156262 316.77143967186015 999.5939999999828 386.2159726562677 31104.048749055735 2685977.0198158035    
72000 76000 1282.2718847656506 543.5456230468699 423.0823142972498 998.2069999999949 105.85009765625 25969.14333397005 2219673.97223076    
76000 80000 1373.6960703125224 656.5759824218694 405.1035726184256 999.0119999999879 203.9349023437244 27911.601670401436 2199824.97332469    
80000 84000 38.95295117190108 792.2094097656197 277.2041087008317 999.0169999999925 415.278076171875 39590.50264536867 3543388.492332918    
84000 88000 50.647814453113824 789.8704371093772 288.71144537945355 998.4880000000121 382.8432617186918 35326.22250165396 3185590.938166536    
88000 92000 13.224179687618744 797.3551640624762 286.82815039712517 999.9949999999953 378.0590820311918 46739.522977910725 3632147.132267802    
92000 96000 29.36120117182145 794.1277597656357 289.9633371335213 999.9859999999753 365.077880859375 40597.515936998265 3376750.740930828    
96000 100000 14.362892578239553 797.1274214843521 290.7696881172673 998.640000000014 359.3129882811918 41092.285498556266 3600501.0087755453    
100000 104000 26.593888671894092 794.6812222656212 293.66816274628036 999.9629999999888 349.027099609375 34162.22819622901 2889792.0391432554    
104000 108000 26.85117773443926 794.6297644531121 296.2159470467812 999.7660000000033 337.044921875 42025.07066019133 3502094.6869386774    
108000 112000 17.06503125000745 796.5869937499986 300.2804049074303 999.9120000000112 326.587890625 40190.37768796146 3149302.6336239004    
112000 116000 93.82896679686382 781.2342066406272 332.99230832643553 999.4400000000023 241.971923828125 39993.6338003509 3294393.077200423    
116000 120000 84.50882421864662 783.0982351562707 325.10672168991954 998.6070000000182 229.527099609375 39961.95505995882 3414888.031200899    
120000 124000 62.971189453150146 787.40576210937 335.5798143417031 995.9459999999963 211.35791015625 41563.92790873411 3460548.9906497737    
124000 128000 99.75186914077494 780.049626171845 335.267043348283 999.3790000000154 200.342041015625 42724.64108170103 3452283.1565460907    
128000 132000 15.64813281246461 796.870373437507 348.3402875217115 999.0929999999935 193.680908203125 40992.50641909185 3356656.1747668083    
132000 136000 23.486886718834285 795.3026226562331 348.9768625158608 998.2449999999953 189.322021484375 42071.58775312919 3576504.306048077    
136000 140000 11.078775390516967 797.7842449218966 352.3110532107307 999.3460000000196 184.6772460936918 34790.87583410252 2885289.9340673503    
140000 144000 14.634363281191327 797.0731273437617 352.5767915563222 998.4650000000256 182.1298828125 41839.83065661949 3626307.913451528    
144000 148000 13.943919921875931 797.2112160156248 356.3614617840713 998.8330000000424 175.886962890625 42353.485255987376 3510852.251425998    
148000 152000 18.892056640645023 796.221588671871 361.50604835858326 999.2930000000051 164.37890625 41027.85973956413 3514655.318641453    
152000 156000 16.011656249989755 796.797668750002 364.2826217288957 997.5900000000256 157.28125 40244.355789171466 3565932.3299036287    
156000 160000 19.000298828294035 796.1999402343412 370.14647701845615 998.5049999999464 145.199951171875 42298.609167061455 3638326.9220905704    
160000 164000 12.23169726569904 797.5536605468602 371.99229144296874 998.1149999999325 141.38525390625 42637.24052652216 3517258.55233762    
164000 168000 22.192300781200174 795.56153984376 376.37078050979534 998.8969999999972 131.251953125 41208.18527708166 3624028.6769949854    
168000 172000 165.59095312503632 958.6022617187409 61.75258479031588 996.5349999999744 867.1900468749809 41155.95355642213 3436658.802976175    
172000 176000 26.36470312497113 993.4088242187572 5.3318276190424925 998.5869999999995 987.279296875 36917.674332705 3130056.203680274    
176000 180000 16.919195312424563 796.6161609375151 439.88848417964374 999.7160000000149 9.871703125012573 40296.522694581094 3661462.8038830874    
180000 184000 9.052216797019355 798.1895566405962 434.3518998451986 999.4309999999241 21.399898437492084 40853.03721733966 3467892.5163514297    
184000 188000 13.140935547009576 797.3718128905981 432.75241544713913 999.679999999993 23.681115234387107 40664.02390924757 3429589.364795031    
188000 192000 14.737880859407596 797.0524238281184 426.669188143877 997.8859999999986 34.31105078122346 37859.74504808564 3043900.147356613    
192000 196000 1338.8390976562514 532.2321804687497 447.78221594941976 999.9319999999716 37.501931640610565 26232.409090300098 2269884.939254611    
196000 200000 14.166882812511176 797.1666234374977 279.07403881366537 998.1169999999693 424.215087890625 41495.80441670834 3484341.1617744546    
200000 204000 11.666007812367752 797.6667984375265 281.16283278913005 999.7889999999898 417.632080078125 37163.925565824145 3128653.4119777437    
204000 208000 96.18282617197838 780.7634347656043 289.8293894148516 999.875 370.13525390625 30336.518515323736 2305781.0646986207    
208000 212000 21.624941406189464 795.6750117187621 295.71454887175 999.9620000000577 351.1953125 25290.738148649805 2005006.39952221    
212000 216000 1743.0502246094402 564.23744384764 342.8949062253654 999.0470000000205 189.65099999995437 21222.452249666214 1851211.0130041554    
216000 220000 8.211101562483236 798.3577796875034 279.3283306283956 999.783000000054 426.260986328125 40205.61695905929 3504235.030778058    
220000 224000 16.129906249931082 796.7740187500137 281.5934842807342 999.4599999999627 415.632080078125 40059.84534458419 3519335.482391767    
224000 228000 69.45015234372113 786.1099695312557 295.4611182411358 999.5429999999469 363.700927734375 32618.371404829843 2711727.0145670953    
228000 232000 7.435923828044906 798.512815234391 291.5418918144112 999.7140000000363 359.35400390625 38320.32554732241 3430475.827709299    
232000 236000 5.8431230469141155 798.8313753906172 292.00067146179356 999.9329999999609 356.827880859375 41395.85608747162 3537544.373781994    
236000 240000 30.155603515566327 793.9688792968867 297.8134256753344 999.4899999999907 337.00927734375 32919.884008311485 2646098.8772956724    
240000 244000 74.33120898425113 785.1337582031498 307.12424175620333 998.7360000000335 298.570068359375 33874.82730807709 2479861.836720896    
244000 248000 180.9430605468806 763.8113878906239 328.73031702252246 999.8120000000345 215.7080078125 27985.50699938885 2219518.4406463085    
248000 252000 143.08803515625186 771.3823929687496 345.94905751289224 998.8919999999925 172.89697265625 28405.471959029448 2373070.959987926    
252000 256000 2677.969691406237 440.67676953125437 333.46349265718936 779.8900273437612 113.27700000000186 12771.04139205683 1012428.7416572676    
256000 260000 17.249162109335884 796.5501675781328 278.6506548358082 997.6870000000345 423.922119140625 42420.891989219985 3471324.9066091524    
260000 264000 52.460095703136176 789.5079808593728 291.6934882455012 999.8390000000363 381.8740234375 34172.31577060033 2774437.159011778    
264000 268000 1322.426025390625 669.3934936523438 271.2385756256992 999.9510000000009 431.072998046875 26204.531102942005 2188465.1547592725    
268000 272000 1278.9968847656855 680.2507788085786 243.7341368856365 999.3839999999618 431.14111328125 29744.960612627412 2259616.663083017    
272000 276000 1520.0720332030905 619.9819916992274 259.0818805875087 999.5659999999916 430.257080078125 28001.779200943332 2082926.434935758    
276000 280000 13.833822265500203 797.2332355469 280.34356509079595 999.9050000000279 424.7392578125 41937.500629170674 3536832.324458885    
280000 284000 16.406378906220198 796.7187242187559 280.25349805302744 999.2070000000531 418.27587890625 42649.36687021867 3446049.599295874    
284000 288000 10.37077343754936 797.9258453124901 280.5457887390063 999.7399999999907 415.55810546875 41392.07067626691 3481333.0018251874    
288000 292000 9.841138671850786 798.0317722656298 282.259210056012 999.9100000000326 409.990966796875 40424.526407386715 3579438.9253818537    
292000 296000 17.29305664077401 796.5413886718452 284.82640017643985 999.8639999999432 398.60791015625 40939.5228659663 3608270.180650699    
296000 300000 49.580929687595926 790.0838140624808 282.3140740250931 998.9179999999469 385.22998046875 36569.556712010024 2903098.5236031245    
300000 304000 3390.217980468762 609.7820195312379  609.7820195312379 609.7820195312379 6834.378964085305 528592.5145508844    
