ts te idle avg_span std_span max_span min_span c_bytes_all s_bytes_all avg_video_rate avg_audio_rate video_requests_sequence audio_requests_sequence
0 4000 4000.0 0.0 0.0 0.0 0.0 0.0 0.0 0.0 0.0 0 0
4000 8000 1652.9169628906275 782.3610123697908 368.60197882322393 996.2819999999992 356.738037109375 17997.73671368588 768778.9591463321    
8000 12000 702.0491562500029 659.5901687499994 352.1623385237394 995.7949999999983 161.077880859375 15546.489132285022 800266.0557763976    
12000 16000 989.2146328125091 752.6963417968727 280.1006268095341 997.0769999999902 456.5561191406232 8526.061121613639 534810.3851327524    
16000 20000 469.5642480468741 706.0871503906252 412.68464633671294 999.7050000000017 120.99199999999837 9547.71303241546 700065.599944518    
20000 24000 2659.0718886718823 446.97603710937256 477.1217247030091 997.7819999999992 161.33911132811772 6296.555284254204 726673.9046991753    
24000 28000 2387.8828085937494 537.3723971354169 372.32403397534034 905.9749999999985 161.435302734375 7366.548953969738 996558.1126595276    
28000 32000 60.50520703125221 787.8989585937495 375.12108544733127 999.5330000000031 127.92309570311772 10360.758743959048 1422037.1693577336    
32000 36000 63.70921484375867 787.2581570312483 397.5821294350569 997.5160000000033 82.45288085936772 13292.236159510687 1612578.4267115968    
36000 40000 160.98588085937809 959.7535297851555 42.754517037405705 999.9839999999967 917.435119140624 18821.900858306322 2212809.386571967    
40000 44000 273.4629160156328 931.6342709960918 77.15490609891091 999.2649999999921 850.111083984375 22703.337861618456 2442170.384735723    
44000 48000 21.13177148437535 795.7736457031249 368.56708679910815 999.1849999999977 147.9809160156292 25438.26478709464 3258538.06272439    
48000 52000 378.1234238281322 724.3753152343736 414.677347224918 999.3469999999943 59.193687499995576 18350.127447995696 2218400.13220013    
52000 56000 46.23776953124616 790.7524460937508 286.37069720361734 999.3439999999973 410.3461113281228 19911.13438522533 2448879.885483606    
56000 60000 427.08916406249045 714.5821671875019 399.90373158774713 999.5280000000057 140.678955078125 17502.220323640166 2327215.1907707877    
60000 64000 62.44897656251851 787.5102046874963 397.11947406086784 999.929999999993 85.677978515625 16280.318902344097 2250435.5099578337    
64000 68000 18.06888085938408 796.3862238281232 402.58892894452856 998.505999999994 79.10009765625 17627.5212492579 2296241.1748025725    
68000 72000 32.817111328127794 793.4365777343744 408.22807593905526 999.9820000000036 65.635986328125 18283.517034443812 2236715.844676911    
72000 76000 34.67186718749872 793.0656265625003 419.36121217354537 999.2890000000043 44.422119140625 16941.91442646339 2217270.223802424    
76000 80000 43.88381835941982 791.2232363281161 425.58969996614434 998.8039999999892 30.633300781235448 19030.39293593722 2250036.203640621    
80000 84000 43.97530078119598 989.006174804701 14.416600734914654 997.8730000000214 967.7056992187572 20997.250645979297 2261585.387205002    
84000 88000 95.75791406248754 976.0605214843781 36.57414681128374 998.6150000000052 921.7880859375 24142.96587269895 2872085.56770405    
88000 92000 34.338982421846595 793.1322035156306 408.2726703270859 999.7490000000107 66.2119140625 18349.210168997877 1838550.695356435    
92000 96000 34.325052734377095 793.1349894531246 395.3656181852858 999.5939999999973 90.41589648438094 23790.43768715524 2727122.9151462414    
96000 100000 469.8459335937514 706.0308132812497 374.1560096204297 998.8650000000052 105.618949218755 17205.434275925443 1872357.6725390546    
100000 104000 51.66723632813955 789.6665527343721 291.136644996425 998.426999999996 396.90688281250186 20632.278416447116 2508636.806494272    
104000 108000 559.8238496093691 688.0352300781262 374.02898649110256 999.8940000000002 158.58203125 17737.03900554955 2285518.7783248224    
108000 112000 87.86514062498463 782.4269718750031 396.31923493454775 998.7600000000093 84.337890625 21703.430827008353 2343822.0984755186    
112000 116000 57.43095117184566 788.5138097656309 398.98368544798336 999.3330000000133 77.512939453125 18832.202228267004 2262983.0076213297    
116000 120000 61.24388867185917 787.7512222656281 400.5269011297829 998.8150000000023 73.85205078125 17860.806160527776 2221937.2912934334    
120000 124000 999.6990312499984 750.0752421875004 263.55766326587013 997.4750000000058 423.17600000000675 14100.575288096654 1819705.2726037777    
124000 128000 15.46395312497043 796.9072093750059 294.94298644299465 999.2600000000093 345.5169804687612 24025.394445173708 2864569.065382773    
128000 132000 585.3628105468524 682.9274378906296 407.2070153163823 998.8090000000084 138.937255859375 15957.649178157773 2168926.05184768    
132000 136000 70.50420898437733 785.8991582031246 399.4360023517316 999.9869999999937 79.498046875 16722.229855722577 2171355.5831075422    
136000 140000 71.28514453125536 785.7429710937489 427.5896700098176 999.3969999999972 23.14990234375 27454.336136133024 3223601.8856693907    
140000 144000 456.70078320312314 885.8248041992192 189.50858988128132 997.7710000000079 602.172119140625 18898.767743742494 2298222.2452583797    
144000 148000 189.4061992187344 762.1187601562531 325.02937788329064 999.8539999999921 395.45988085938734 18477.260718869875 2283651.982235535    
148000 152000 330.3730156249949 733.9253968750011 371.42089137940496 999.4580000000133 162.201904296875 20458.807585231225 2476835.176392807    
152000 156000 39.1268886718899 792.174622265622 371.7485013754956 998.3949999999895 138.666015625 17593.907184042222 2276652.1089924662    
156000 160000 20.805064453103114 795.8389871093793 377.7259853335869 998.929999999993 128.3249511719332 18549.858002248784 2219761.826843916    
160000 164000 52.75363085936988 789.449273828126 401.43073738623747 999.7840000000142 78.4033203125 19918.970483726538 2310611.2749663503    
164000 168000 97.61804101557937 780.4763917968842 414.31467727754807 999.1810000000114 41.561279296875 22759.397308060165 2363159.841287614    
168000 172000 13.34231445309706 797.3315371093806 424.9854086564371 999.994000000006 37.81396484375 26450.30832737079 3105920.455857568    
172000 176000 37.62601953127887 792.4747960937442 431.4032582218119 999.2719999999972 21.2939453125 25096.991458389115 2589957.181815126    
176000 180000 30.310828124987893 793.9378343750025 437.64057241926207 998.7280000000028 11.2451171875 17956.729206646116 2252309.4216519715    
180000 184000 58.06002734377398 985.4849931640565 15.704223271520917 999.3729999999923 963.64208984375 20156.49597476574 2275201.460537766    
184000 188000 18.97813867183868 796.2043722656323 425.3680316749467 999.9690000000119 35.97591015623766 26383.966265547155 3040655.872274252    
188000 192000 398.58288476552116 720.2834230468958 413.46988518920557 998.5480000000389 44.37604882812593 22585.555932088126 2519609.501787275    
192000 196000 50.6420761718764 789.8715847656247 282.47701265854107 998.4459999999963 398.59993359370856 20216.659178160375 2449417.1554447    
196000 200000 20.25601953122532 795.9487960937549 280.6357210163034 998.0129999999772 421.46800976563827 17000.417459979548 2254758.321796169    
200000 204000 593.4390839843545 681.312183203129 370.8095382892345 997.1939999999886 161.60888671875 17963.267959151734 2318591.8767557875    
204000 208000 157.91376562500955 768.4172468749981 398.20674097940196 995.7069999999949 66.22412109375 19164.84453371496 2284247.8991090027    
208000 212000 87.78901757806307 782.4421964843874 406.52068993883415 998.6760000000068 57.631103515595896 17973.03602453662 2209507.0925304256    
212000 216000 40.841064453095896 791.8317871093808 420.27746031345856 996.6570000000065 41.0400390625 19846.493734292562 2313554.9556911634    
216000 220000 1888.2061054687365 703.9312981770878 470.6376039696197 992.8590000000258 160.85693359375 14823.524638589675 1345679.3337790226    
220000 224000 18.963052734266967 796.2073894531466 367.9273277542622 999.6160000000673 150.4528808593459 25380.617097715654 3037506.01709426    
224000 228000 93.53495312499581 781.2930093750008 393.6450937777763 996.4539999999979 85.7009277344041 19477.464214880776 2580504.4469548413    
228000 232000 70.98402734368574 785.8031945312629 401.73954506560074 998.6880000000237 69.9729003906541 19932.907023897285 2688787.581198983    
232000 236000 19.472908203140832 796.1054183593718 411.696929487726 999.5719999999856 61.7919921875 31204.873571151496 3503005.31719969    
236000 240000 14.474058593797963 797.1051882812404 416.89677532924696 999.0869999999995 52.85693359375 27331.94092206035 3334831.8021697314    
240000 244000 61.11087500001304 787.7778249999974 425.01252770707856 997.6369999999879 28.31005859375 29254.23645396042 3122351.0809977003    
244000 248000 457.4129980469006 885.6467504882748 199.1871501522064 998.1049999999814 587.362060546875 14465.682214819759 1528162.789145576    
248000 252000 17.46008593752049 796.5079828124959 281.50475116604247 999.6479999999865 410.65493945311755 29352.724800402604 2872379.780703934    
252000 256000 1000.3946621093783 599.9210675781244 359.08712511719284 994.9749999999767 161.4453125 20226.11146534439 2251556.8802439417    
256000 260000 44.46100390620995 791.107799218758 369.78621364296026 999.1319999999832 140.84130859375 17191.31859893898 2208063.4263022346    
260000 264000 68.13119335932424 786.3737613281352 371.5915713562861 999.9980000000214 129.568115234375 17309.893655701715 2232526.885751842    
264000 268000 72.18421874998603 785.5631562500027 402.628163755529 996.6450000000186 71.868896484375 18748.2404756937 2277896.7367737857    
268000 272000 110.49389648431679 777.9012207031367 420.99256846844503 998.8269999999902 27.150000000023283 20387.740240417992 2282169.578889862    
272000 276000 1863.4989355469006 712.1670214843665 494.89508910393454 999.8929999999818 140.716064453125 8800.448584767524 1153901.892783759    
276000 280000 134.92110156238778 773.0157796875225 421.73194544226254 999.8500000000349 26.011962890625 23934.4523081646 2988237.9024193836    
280000 284000 1466.7640546874609 633.3089863281348 432.67452755206966 999.4420000000391 140.805908203125 13578.336733174567 1315844.4395187672    
284000 288000 71.27479101560311 785.7450417968794 395.6512615147826 999.2089999999735 86.1201171875 21688.920657039092 2363698.2486033197    
288000 292000 101.8111503905966 779.6377699218807 436.11335740750815 999.6660000000265 3.490966796875 18517.253071258292 2409014.3275126377    
292000 296000 44.96596679679351 988.7585083008016 11.804828372004598 999.6670000000158 973.2930000000633 21301.588645595926 2781534.189162133    
296000 300000 78.08868359372718 980.4778291015682 35.81248049788369 999.7889999999898 926.7993164063082 17142.962660264515 2229158.4002536684    
