ts te idle avg_span std_span max_span min_span c_bytes_all s_bytes_all avg_video_rate avg_audio_rate video_requests_sequence audio_requests_sequence
0.0 4000.0 4000.0 0.0 0.0 0.0 0.0 0.0 0.0 0.0 0.0 - -
4000.0 8000.0 4000.0 0.0 0.0 0.0 0.0 0.0 0.0 0.0 0.0 - -
8000.0 12000.0 4000.0 0.0 0.0 0.0 0.0 0.0 0.0 0.0 0.0 - -
12000.0 16000.0 4000.0 0.0 0.0 0.0 0.0 0.0 0.0 0.0 0.0 - -
16000.0 20000.0 4000.0 0.0 0.0 0.0 0.0 0.0 0.0 0.0 0.0 - -
20000.0 24000.0 4000.0 0.0 0.0 0.0 0.0 0.0 0.0 0.0 0.0 - -
24000.0 28000.0 1336.5490078125003 887.8169973958333 168.6915955725026 998.5369999999966 693.6669921875 32255.599543268465 1339761.0921921227 1028.5714285714287 128.0 25470.0#25470.0#1500_25475.0#25475.0#1500_26305.0#26305.0#840_26310.0#26310.0#840_26799.0#26799.0#840_27169.0#27169.0#840_27596.0#27596.0#840 25459.0#25459.0#128_25463.0#25463.0#128_26336.0#26336.0#128_26919.0#26919.0#128_27674.0#27674.0#128_27927.0#27927.0#128
28000.0 32000.0 600.8698867187486 679.8260226562503 309.48981856643184 998.3479999999981 305.22400781250326 29579.236028608364 1680232.0948109739 2095.0 128.0 27596.0#27596.0#840_28135.0#28135.0#840_28514.0#28514.0#840_28880.0#28880.0#840_29659.0#29659.0#2300_29662.0#29662.0#2300_31588.0#31588.0#4400_31597.0#31597.0#4400 27927.0#27927.0#128_28314.0#28314.0#128_28789.0#28789.0#128_29266.0#29266.0#128_29651.0#29651.0#128_31583.0#31583.0#128
32000.0 36000.0 19.26478710937954 796.1470425781241 274.1019535100126 998.4989999999962 483.1013183593677 30801.334035141124 2101184.0345770014 4400.0 128.0 31597.0#31597.0#4400_33710.0#33710.0#4400_35682.0#35682.0#4400 33704.0#33704.0#128_35640.0#35640.0#128
36000.0 40000.0 314.6263847656228 737.0747230468754 259.0450129871705 997.2790000000023 446.48193359375 28828.06472049411 1889351.863936375 3175.0 128.0 35682.0#35682.0#4400_37752.0#37752.0#3000_37755.0#37755.0#3000_39635.0#39635.0#2300 37677.0#37677.0#128_39931.0#39931.0#128
40000.0 44000.0 40.11665624999296 791.9766687500014 283.5001986380427 998.3640000000014 420.25927734375 20091.968301895686 1222479.182284689 2300.0 128.0 39635.0#39635.0#2300_41554.0#41554.0#2300_43578.0#43578.0#2300 39931.0#39931.0#128_41924.0#41924.0#128_43919.0#43919.0#128
44000.0 48000.0 51.34328125001775 789.7313437499964 277.3857282611209 999.2099999999919 409.39599609375 19539.121761063096 1202159.0082187166 2300.0 128.0 43578.0#43578.0#2300_45543.0#45543.0#2300_47525.0#47525.0#2300 43919.0#43919.0#128_45923.0#45923.0#128_47914.0#47914.0#128
48000.0 52000.0 929.6210175781307 767.5947456054673 250.23764458094902 996.4759999999951 516.927978515625 18161.865998978923 1111791.6997143577 2300.0 128.0 47525.0#47525.0#2300_49536.0#49536.0#2300_51524.0#51524.0#2300 47914.0#47914.0#128_49913.0#49913.0#128_51913.0#51913.0#128
52000.0 56000.0 823.1290742187703 635.374185156246 349.83714237198126 999.2109999999957 206.37399999999616 19198.56103101529 1169767.7347216436 2300.0 128.0 51524.0#51524.0#2300_53551.0#53551.0#2300_55527.0#55527.0#2300 51913.0#51913.0#128_53925.0#53925.0#128_55915.0#55915.0#128
56000.0 60000.0 30.44280468749639 793.9114390625007 279.14752268933404 998.8709999999992 473.152099609375 19638.324562261856 1172425.2351098927 2300.0 128.0 55527.0#55527.0#2300_57522.0#57522.0#2300_59532.0#59532.0#2300 55915.0#55915.0#128_57915.0#57915.0#128_59930.0#59930.0#128
60000.0 64000.0 71.0438027343771 785.7912394531246 291.2528663734648 997.9400000000023 413.029296875 19733.632857489054 1181196.370991143 2300.0 128.0 59532.0#59532.0#2300_61519.0#61519.0#2300_63518.0#63518.0#2300 59930.0#59930.0#128_61909.0#61909.0#128_63913.0#63913.0#128
64000.0 68000.0 20.50637109373929 795.8987257812521 283.43247694565207 999.4100000000035 400.89892578125 20852.535213163203 1259440.7002224782 2300.0 128.0 63518.0#63518.0#2300_65517.0#65517.0#2300_67518.0#67518.0#2300 63913.0#63913.0#128_65913.0#65913.0#128_67911.0#67911.0#128
68000.0 72000.0 50.95881445312989 789.808237109374 277.4755464823275 998.6870000000054 395.339111328125 20375.00509551285 1227272.5197579176 2300.0 128.0 67518.0#67518.0#2300_69518.0#69518.0#2300_71516.0#71516.0#2300 67911.0#67911.0#128_69912.0#69912.0#128_71912.0#71912.0#128
72000.0 76000.0 21.03722851558996 795.792554296882 286.1808280718578 998.8340000000171 384.3798828125 27919.71226669028 1777697.4145625294 2300.0 128.0 71516.0#71516.0#2300_72557.0#72557.0#2300_73705.0#73705.0#2300_75531.0#75531.0#2300 71912.0#71912.0#128_72662.0#72662.0#128_73790.0#73790.0#128_75915.0#75915.0#128
76000.0 80000.0 20.832898437496624 795.8334203125007 287.6648912975455 997.9860000000044 376.208984375 18617.61290345043 1156973.7418989674 2300.0 128.0 75531.0#75531.0#2300_77524.0#77524.0#2300_79533.0#79533.0#2300 75915.0#75915.0#128_77912.0#77912.0#128_79909.0#79909.0#128
80000.0 84000.0 12.247902343777241 797.5504195312445 288.8079831460259 998.724000000002 371.30908203123545 19810.18330398838 1219796.5188438804 2300.0 128.0 79533.0#79533.0#2300_81527.0#81527.0#2300_83527.0#83527.0#2300 79909.0#79909.0#128_81911.0#81911.0#128_83914.0#83914.0#128
84000.0 88000.0 2912.2641113281134 362.5786295572955 277.11034371808034 529.8059179687552 42.7100000000064 9530.80570842203 541624.2199806904 2300.0 128.0 83527.0#83527.0#2300_87531.0#87531.0#2300 83914.0#83914.0#128_87914.0#87914.0#128
88000.0 92000.0 378.78197070307215 724.2436058593855 390.8888857245816 997.9900000000198 149.6860000000015 25720.436668556853 1513480.5681766213 2300.0 128.0 87531.0#87531.0#2300_89519.0#89519.0#2300_90562.0#90562.0#2300 87914.0#87914.0#128_89917.0#89917.0#128_90648.0#90648.0#128
92000.0 96000.0 1493.4577050781372 835.5140983072876 281.706699659016 998.3479999999981 510.227294921875 22087.220079101713 1340780.6854238398 2300.0 128.0 93528.0#93528.0#2300_94641.0#94641.0#2300_95766.0#95766.0#2300 93914.0#93914.0#128_94724.0#94724.0#128_95864.0#95864.0#128
96000.0 100000.0 31.11038671876304 793.7779226562474 277.07078347872056 998.2909999999974 487.9857050781138 22268.970566843476 1348243.2764037638 2300.0 128.0 95766.0#95766.0#2300_97526.0#97526.0#2300_99523.0#99523.0#2300 95864.0#95864.0#128_97915.0#97915.0#128_99913.0#99913.0#128
100000.0 104000.0 55.57078710934729 788.8858425781306 277.350361803503 996.7700000000041 466.84912109376455 19743.409974281873 1171700.6770012954 2300.0 128.0 99523.0#99523.0#2300_101576.0#101576.0#2300_103532.0#103532.0#2300 99913.0#99913.0#128_101914.0#101914.0#128_103913.0#103913.0#128
104000.0 108000.0 86.8220332031342 782.6355933593732 285.5858759150039 998.3699999999953 414.215087890625 20200.655560388986 1180542.935639184 2300.0 128.0 103532.0#103532.0#2300_105524.0#105524.0#2300_107543.0#107543.0#2300 103913.0#103913.0#128_105915.0#105915.0#128_107912.0#107912.0#128
108000.0 112000.0 28.318099609416095 794.3363800781168 287.59178389954104 999.9949999999953 391.31298828123545 20122.57144033836 1225729.0106208548 2300.0 128.0 107543.0#107543.0#2300_109537.0#109537.0#2300_111532.0#111532.0#2300 107912.0#107912.0#128_109920.0#109920.0#128_111917.0#111917.0#128
112000.0 116000.0 16.483734374967753 796.7032531250064 288.2349018572374 999.9100000000035 379.63525390625 27307.88796658449 1657840.8649591794 2300.0 128.0 111532.0#111532.0#2300_113545.0#113545.0#2300_114722.0#114722.0#2300_115710.0#115710.0#2300 111917.0#111917.0#128_113916.0#113916.0#128_114796.0#114796.0#128_115850.0#115850.0#128
116000.0 120000.0 16.617951171880122 796.6764097656239 289.5165282955019 999.6529999999912 369.685302734375 23384.166081458414 1380236.710128272 2300.0 128.0 115710.0#115710.0#2300_117527.0#117527.0#2300_119545.0#119545.0#2300 115850.0#115850.0#128_117913.0#117913.0#128_119541.0#119541.0#128
120000.0 124000.0 1072.6203027343727 731.8449243164068 335.7870833899482 999.4109999999928 302.47099999999045 18195.118331002686 1067745.839823611 2766.6666666666665 128.0 119545.0#119545.0#2300_121554.0#121554.0#3000_121556.0#121556.0#3000 121541.0#121541.0#128_121551.0#121551.0#128
124000.0 128000.0 600.3640761718561 849.908980957036 297.6250557563418 999.1730000000098 403.471923828125 23618.261775663694 1422313.2706569508 3000.0 128.0 125453.0#125453.0#3000_126673.0#126673.0#3000 125440.0#125440.0#128_126819.0#126819.0#128
128000.0 132000.0 118.83362695312826 776.2332746093743 308.0638999038087 996.3299999999872 317.529296875 28720.44746179404 1832305.5472581112 3000.0 128.0 126673.0#126673.0#3000_128114.0#128114.0#3000_129745.0#129745.0#3000_131541.0#131541.0#3000 128267.0#128267.0#128_129778.0#129778.0#128_131917.0#131917.0#128
132000.0 136000.0 12.961185546882916 797.4077628906234 301.6797776897882 997.8450000000012 316.214111328125 25022.629476478876 1614762.541044605 3000.0 128.0 131541.0#131541.0#3000_133542.0#133542.0#3000_135551.0#135551.0#3000 131917.0#131917.0#128_133915.0#133915.0#128_135928.0#135928.0#128
136000.0 140000.0 10.46612695310614 797.9067746093788 306.49610857831647 999.9260000000068 307.458984375 24759.4430194513 1561605.8953243971 3000.0 128.0 135551.0#135551.0#3000_137542.0#137542.0#3000_139540.0#139540.0#3000 135928.0#135928.0#128_137919.0#137919.0#128_139917.0#139917.0#128
140000.0 144000.0 16.75189257808961 796.6496214843821 307.45415003001426 999.0240000000049 300.944091796875 24636.21342232074 1538494.7692088732 3000.0 128.0 139540.0#139540.0#3000_141543.0#141543.0#3000_143546.0#143546.0#3000 139917.0#139917.0#128_141918.0#141918.0#128_143922.0#143922.0#128
144000.0 148000.0 59.872121093736496 788.0255757812527 307.83467120464746 999.1810000000114 285.844970703125 25475.03523849153 1599398.5883669674 3000.0 128.0 143546.0#143546.0#3000_145660.0#145660.0#3000_147547.0#147547.0#3000 143922.0#143922.0#128_145918.0#145918.0#128_147932.0#147932.0#128
148000.0 152000.0 13.484927734389203 797.3030144531222 313.3176853917189 999.6939999999886 281.64404296875 25146.136672256223 1555352.4703466264 3000.0 128.0 147547.0#147547.0#3000_149550.0#149550.0#3000_151550.0#151550.0#3000 147932.0#147932.0#128_149915.0#149915.0#128_151926.0#151926.0#128
152000.0 156000.0 19.325158203137107 796.1349683593726 315.5451462849706 998.4210000000021 276.056884765625 24582.780754715415 1531177.537828335 3000.0 128.0 151550.0#151550.0#3000_153551.0#153551.0#3000_155551.0#155551.0#3000 151926.0#151926.0#128_153916.0#153916.0#128_155918.0#155918.0#128
156000.0 160000.0 16.176890624978114 796.7646218750044 320.14829460811006 999.3550000000105 265.343994140625 24329.39231957501 1564302.0852932304 3000.0 128.0 155551.0#155551.0#3000_157549.0#157549.0#3000_159559.0#159559.0#3000 155918.0#155918.0#128_157928.0#157928.0#128_159929.0#159929.0#128
160000.0 164000.0 15.869939453114057 796.8260121093772 324.2780483414452 999.627999999997 253.9560546875 24249.360191627333 1558080.0412234752 3000.0 128.0 159559.0#159559.0#3000_161550.0#161550.0#3000_163547.0#163547.0#3000 159929.0#159929.0#128_161918.0#161918.0#128_163919.0#163919.0#128
164000.0 168000.0 15.959138671925757 796.8081722656149 327.0039765989016 997.9670000000042 245.5139160155959 23356.42364694664 1493773.8765022361 3000.0 128.0 163547.0#163547.0#3000_165542.0#165542.0#3000_167544.0#167544.0#3000 163919.0#163919.0#128_165919.0#165919.0#128_167916.0#167916.0#128
168000.0 172000.0 21.99691406247439 795.6006171875051 332.94146825288885 999.3319999999949 231.052001953125 29849.32166075254 1861130.4562350253 3000.0 128.0 167544.0#167544.0#3000_169542.0#169542.0#3000_171029.0#171029.0#3000 167916.0#167916.0#128_169919.0#169919.0#128_171223.0#171223.0#128
172000.0 176000.0 18.946726562426193 796.2106546875148 336.51291252801246 998.1030000000319 221.2072753906541 32949.72720933909 2094272.5107772774 3000.0 128.0 171029.0#171029.0#3000_172493.0#172493.0#3000_173916.0#173916.0#3000_175557.0#175557.0#3000 172665.0#172665.0#128_174191.0#174191.0#128_175912.0#175912.0#128
176000.0 180000.0 14.935998046887107 797.0128003906226 343.0531004497466 999.9619999999995 207.75927734375 24622.82012919172 1550186.585606746 3000.0 128.0 175557.0#175557.0#3000_177545.0#177545.0#3000_179543.0#179543.0#3000 175912.0#175912.0#128_177927.0#177927.0#128_179934.0#179934.0#128
180000.0 184000.0 13.968177734408528 797.2063644531183 343.2273309316375 999.4159999999974 204.9020996093459 25151.33512693218 1570820.9882861576 3000.0 128.0 179543.0#179543.0#3000_181541.0#181541.0#3000_183536.0#183536.0#3000 179934.0#179934.0#128_181918.0#181918.0#128_183918.0#183918.0#128
184000.0 188000.0 17.706984374963213 796.4586031250074 346.2568757313767 997.7630000000354 197.9431152344041 23786.59679070051 1530210.8213796688 3000.0 128.0 183536.0#183536.0#3000_185539.0#185539.0#3000_187550.0#187550.0#3000 183918.0#183918.0#128_185917.0#185917.0#128_187914.0#187914.0#128
188000.0 192000.0 14.4190468750312 797.1161906249938 350.76415099981546 999.2790000000095 188.8200683593459 24246.28771770509 1541979.8183560462 3000.0 128.0 187550.0#187550.0#3000_189535.0#189535.0#3000_191544.0#191544.0#3000 187914.0#187914.0#128_189913.0#189913.0#128_191925.0#191925.0#128
192000.0 196000.0 18.13911132805515 796.372177734389 357.0003593633042 999.9970000000321 174.73095703125 24777.586681596298 1562035.431642811 3000.0 128.0 191544.0#191544.0#3000_193551.0#193551.0#3000_195544.0#195544.0#3000 191925.0#191925.0#128_193915.0#193915.0#128_195926.0#195926.0#128
196000.0 200000.0 18.409982421871973 796.3180035156256 360.4546606934079 998.2790000000095 165.9489746093459 24771.015960212815 1563162.613878787 3000.0 128.0 195544.0#195544.0#3000_197555.0#197555.0#3000_199535.0#199535.0#3000 195926.0#195926.0#128_197917.0#197917.0#128_199919.0#199919.0#128
200000.0 204000.0 16.892951171816094 796.6214097656368 365.360853311462 999.4809999999998 155.6240234375 24444.606716935006 1568600.1872856535 3000.0 128.0 199535.0#199535.0#3000_201549.0#201549.0#3000_203548.0#203548.0#3000 199919.0#199919.0#128_201916.0#201916.0#128_203929.0#203929.0#128
204000.0 208000.0 19.467041015566792 796.1065917968866 367.7685861284346 998.0049999999756 149.5319824219332 24953.53198744679 1540823.6633175616 3000.0 128.0 203548.0#203548.0#3000_205553.0#205553.0#3000_207541.0#207541.0#3000 203929.0#203929.0#128_205919.0#205919.0#128_207919.0#207919.0#128
208000.0 212000.0 18.565878906316357 796.2868242187367 372.47224976128234 999.0100000000093 140.3811035155959 24443.685124933192 1545009.8469025155 3000.0 128.0 207541.0#207541.0#3000_209555.0#209555.0#3000_211544.0#211544.0#3000 207919.0#207919.0#128_209918.0#209918.0#128_211917.0#211917.0#128
212000.0 216000.0 18.936115234333556 796.2127769531332 376.256152790124 998.6380000000063 132.06298828125 29372.690781317662 1865990.3882653194 3000.0 128.0 211544.0#211544.0#3000_213546.0#213546.0#3000_215021.0#215021.0#3000 211917.0#211917.0#128_213928.0#213928.0#128_215175.0#215175.0#128
216000.0 220000.0 19.220023437432246 796.1559953125136 378.87551487535353 997.9649999999965 126.18896484375 31448.81241491733 2046957.7001842873 3000.0 128.0 215021.0#215021.0#3000_216513.0#216513.0#3000_217942.0#217942.0#3000_219549.0#219549.0#3000 216600.0#216600.0#128_218153.0#218153.0#128_219918.0#219918.0#128
220000.0 224000.0 15.296656249993248 796.9406687500014 384.58028166702826 999.8940000000002 115.84130859375 24883.532376063482 1551612.404787809 2650.0 128.0 219549.0#219549.0#3000_221587.0#221587.0#3000_223563.0#223563.0#2300_223569.0#223569.0#2300 219918.0#219918.0#128_221974.0#221974.0#128_223915.0#223915.0#128_223925.0#223925.0#128
224000.0 228000.0 1429.6040273437684 642.5989931640579 289.7566965918681 997.5840000000026 325.17699999999604 21778.92483736229 1300272.031111877 2300.0 128.0 223569.0#223569.0#2300_225535.0#225535.0#2300_227528.0#227528.0#2300 223915.0#223915.0#128_223925.0#223925.0#128_225916.0#225916.0#128_227909.0#227909.0#128
228000.0 232000.0 44.44836914067855 791.1103261718642 284.23206358517234 999.8589999999967 473.7849121093459 19887.79338569424 1148942.6041416442 2300.0 128.0 227528.0#227528.0#2300_229525.0#229525.0#2300_231528.0#231528.0#2300 227909.0#227909.0#128_229909.0#229909.0#128_231914.0#231914.0#128
232000.0 236000.0 80.12259179685498 783.975481640629 281.02295681050924 999.0080000000016 432.1533203125 20442.525320866553 1184566.8476100825 2300.0 128.0 231528.0#231528.0#2300_233518.0#233518.0#2300_235526.0#235526.0#2300 231914.0#231914.0#128_233911.0#233911.0#128_235909.0#235909.0#128
236000.0 240000.0 1962.3134140624898 679.2288619791701 240.26484686750396 955.0070000000123 515.12890625 10422.124320800318 627752.3320280316 2300.0 128.0 235526.0#235526.0#2300_239530.0#239530.0#2300 235909.0#235909.0#128_239918.0#239918.0#128
240000.0 244000.0 1022.8379062499735 744.2905234375066 290.7707811915249 996.6780000000435 484.0620937499916 24959.957477912096 1559734.145148892 2300.0 128.0 239530.0#239530.0#2300_240688.0#240688.0#2300_241828.0#241828.0#2300 239918.0#239918.0#128_240815.0#240815.0#128_241922.0#241922.0#128
244000.0 248000.0 1181.9848828124814 939.3383723958395 99.89396035567987 997.8780000000261 823.9951171875 21861.43506289805 1238171.6626509621 2300.0 128.0 245705.0#245705.0#2300_246834.0#246834.0#2300_247902.0#247902.0#2300 245919.0#245919.0#128_246915.0#246915.0#128_247923.0#247923.0#128
248000.0 252000.0 370.35701367189176 725.9285972656216 375.89374849304954 998.744000000006 172.8438828124781 23441.105325891065 1432674.7734526335 2300.0 128.0 246834.0#246834.0#2300_247902.0#247902.0#2300_249547.0#249547.0#2300_251530.0#251530.0#2300 247923.0#247923.0#128_249921.0#249921.0#128_251928.0#251928.0#128
252000.0 256000.0 20.607025390665513 795.8785949218669 272.740952160711 997.8869999999879 491.080078125 20073.125334947974 1226161.831414194 2300.0 128.0 251530.0#251530.0#2300_253539.0#253539.0#2300_255559.0#255559.0#2300 251928.0#251928.0#128_253919.0#253919.0#128_255916.0#255916.0#128
256000.0 260000.0 38.323060546885245 792.335387890623 276.495838118542 999.9569999999949 474.468017578125 20441.998051290553 1214527.3758961 2300.0 128.0 255559.0#255559.0#2300_257531.0#257531.0#2300_259534.0#259534.0#2300 255916.0#255916.0#128_257925.0#257925.0#128_259930.0#259930.0#128
260000.0 264000.0 18.078109375026543 796.3843781249947 279.16537136162765 999.6790000000037 457.930908203125 27603.945711854583 1695876.916371609 2300.0 128.0 259534.0#259534.0#2300_261531.0#261531.0#2300_262611.0#262611.0#2300_263753.0#263753.0#2300 259930.0#259930.0#128_261925.0#261925.0#128_262733.0#262733.0#128_263938.0#263938.0#128
264000.0 268000.0 69.16780468745856 786.1664390625083 286.98512873495827 998.4260000000359 410.881103515625 21280.756276759206 1309138.3324401793 2300.0 128.0 263753.0#263753.0#2300_265547.0#265547.0#2300_267545.0#267545.0#2300 263938.0#263938.0#128_265919.0#265919.0#128_267919.0#267919.0#128
268000.0 272000.0 51.62311132805189 789.6753777343896 287.00854347728034 997.3240000000224 383.4169921875 18886.247178125122 1134253.8760171828 2300.0 128.0 267545.0#267545.0#2300_269540.0#269540.0#2300_271556.0#271556.0#2300 267919.0#267919.0#128_269929.0#269929.0#128_271920.0#271920.0#128
272000.0 276000.0 72.35902148432797 785.5281957031344 292.8034207487751 998.9610000000102 349.219970703125 19548.59511734177 1219275.7069974157 2300.0 128.0 271556.0#271556.0#2300_273545.0#273545.0#2300_275554.0#275554.0#2300 271920.0#271920.0#128_273922.0#273922.0#128_275920.0#275920.0#128
276000.0 280000.0 13.583718749985565 797.2832562500029 297.3196000419752 999.9239999999991 339.583251953125 20363.49043767568 1241536.1040199725 2300.0 128.0 275554.0#275554.0#2300_277538.0#277538.0#2300_279571.0#279571.0#2300 275920.0#275920.0#128_277924.0#277924.0#128_279916.0#279916.0#128
280000.0 284000.0 13.470287109317724 797.3059425781364 298.07659104557393 999.5200000000186 334.68896484375 20268.972708728503 1201586.0223510559 2300.0 128.0 279571.0#279571.0#2300_281591.0#281591.0#2300_283573.0#283573.0#2300 279916.0#279916.0#128_281918.0#281918.0#128_283924.0#283924.0#128
284000.0 288000.0 47.44607421872206 790.5107851562556 294.98997306134805 999.3589999999967 327.337890625 20511.04435573181 1167307.0821409505 2300.0 128.0 283573.0#283573.0#2300_285584.0#285584.0#2300_287591.0#287591.0#2300 283924.0#283924.0#128_285926.0#285926.0#128_287919.0#287919.0#128
288000.0 292000.0 20.814916015719064 795.8370167968562 303.31483575079795 998.7359999999753 315.198974609375 27239.52447327139 1650815.9320995386 2300.0 128.0 287591.0#287591.0#2300_289579.0#289579.0#2300_290611.0#290611.0#2300_291952.0#291952.0#2300 287919.0#287919.0#128_289914.0#289914.0#128_290746.0#290746.0#128
292000.0 296000.0 20.104703124961816 795.9790593750076 303.97318495973946 998.710000000021 310.103271484375 26008.963644110594 1413431.118984837 2580.0 128.0 290611.0#290611.0#2300_291952.0#291952.0#2300_293577.0#293577.0#2300_295591.0#295591.0#3000_295595.0#295595.0#3000 292077.0#292077.0#128_293572.0#293572.0#128_295582.0#295582.0#128_295587.0#295587.0#128
296000.0 300000.0 12.494291015609633 797.5011417968781 307.1466111689802 999.9150000000373 303.47998046875 24579.368908710534 1541964.2730025447 3000.0 128.0 295595.0#295595.0#3000_297583.0#297583.0#3000_299583.0#299583.0#3000 297578.0#297578.0#128_299580.0#299580.0#128
