ts te idle avg_span std_span max_span min_span c_ack_cnt c_ack_cnt_p c_bytes_all s_ack_cnt s_ack_cnt_p s_bytes_all avg_video_rate avg_audio_rate video_requests_sequence audio_requests_sequence
0 1000 1000.0 0.0 0.0 0.0 0.0 0.0 0.0 0.0 0.0 0.0 0.0 0.0 0.0 0 0
1000 2000 1000.0 0.0 0.0 0.0 0.0 0.0 0.0 0.0 0.0 0.0 0.0 0.0 0.0 0 0
2000 3000 1000.0 0.0 0.0 0.0 0.0 0.0 0.0 0.0 0.0 0.0 0.0 0.0 0.0 0 0
3000 4000 1000.0 0.0 0.0 0.0 0.0 0.0 0.0 0.0 0.0 0.0 0.0 0.0 0.0 0 0
4000 5000 1000.0 0.0 0.0 0.0 0.0 0.0 0.0 0.0 0.0 0.0 0.0 0.0 0.0 0 0
5000 6000 1000.0 0.0 0.0 0.0 0.0 0.0 0.0 0.0 0.0 0.0 0.0 0.0 0.0 0 0
6000 7000 902.7119140625 97.2880859375  97.2880859375 97.2880859375 0.9520696741532056 0.6347131161021371 277.3696317366339 1.2694262322042742 0.42314207740142473 879.1834513208103    
7000 8000 177.61508593750114 822.3849140624989  822.3849140624989 822.3849140624989 8.047930325846794 5.365286883897863 2344.630368263366 10.730573767795725 3.5768579225985753 7431.8165486791895    
8000 9000 115.513916015625 502.4057460937511 341.2325513822519 807.6010000000024 43.82900000000154 32.509083355625805 25.35572465706592 6763.53656088842 84.50274643690435 8.871144931413184 103490.56153841346 840.0 128.0 "32203.0-32480.079=840 32204.0-39619.017=840" "32196.0:32372.848=128 32198.0:40202.054=128"
9000 10000 14.511056640621973 511.5417241210944 179.89360717791007 703.492919921875 279.038015625003 17.825451837604202 14.97881053616409 3018.463439111579 31.143650100306647 4.128855068586816 36151.39361368195 840.0 128.0 32204.0-39619.017=840 32198.0:40202.054=128
10000 11000 0.0 414.62309804687686 191.95590991183784 630.29931640625 184.08400000000256 10.328442193977676 9.328442193977676 820.0 13.87199424608038 1.0 18138.791944512534 840.0 128.0 32204.0-39619.017=840 32198.0:40202.054=128
11000 12000 74.56642773437488 380.49917252604064 204.53619931922339 609.535888671875 216.0639453124968 11.552011576700611 11.552011576700611 0.0 12.696598180616919 0.0 17775.237452863686 840.0 128.0 32204.0-39619.017=840 32198.0:40202.054=128
12000 13000 0.0 621.2156025390632 222.90493482264563 878.6953125 382.65611132812774 17.296564699564687 16.439969987392626 702.4076639810908 21.026607707032966 0.8565947121720618 28334.81339528071 840.0 128.0 32204.0-39619.017=840 32198.0:40202.054=128
13000 14000 0.0 369.11525195312424 243.54315009959592 596.2490000000034 16.459687499998836 26.722569234776184 25.969704392438224 617.349170717127 38.04348160167848 0.7528648423379597 51505.73436494298 840.0 128.0 32204.0-39619.017=840 32198.0:40202.054=128
14000 15000 0.0 449.74273958332924 258.8304146626717 783.5109863281177 7.671999999991385 51.87567985953278 51.4851394140428 320.2431653017823 64.67786383794929 0.39054044548997846 86125.14978406996 840.0 128.0 32204.0-39619.017=840 32198.0:40202.054=128
15000 16000 0.0 289.7079907924126 257.9093680181446 671.7300000000032 23.294999999998254 45.34482818984654 42.93972323171206 1167.3311227693264 48.43014763455904 2.405104958134476 66712.5092648006 472.0 128.0 "32204.0-39619.017=840 39792.0-40040.635=288 39795.0-41935.648=288" 32198.0:40202.054=128
16000 17000 0.0 585.6731464843746 114.74902772623547 727.8170703124997 409.368896484375 49.44489929470559 43.97127695268909 4564.05134972193 68.64769033611117 6.20178972948484 108155.14524116133 288.0 128.0 "39792.0-40040.635=288 39795.0-41935.648=288" "32198.0:40202.054=128 40304.0:41146.226=128"
17000 18000 0.0 525.5061261160694 303.1978071146236 900.6949999999997 83.07788085936772 53.526728876679265 47.506497106386966 5696.278383339592 81.17493480162044 8.16502408297394 97189.46399692485 288.0 128.0 "39795.0-41935.648=288 41102.0-42735.749=288" "40304.0:41146.226=128 41181.0:48169.748=128"
18000 19000 0.0 426.2661904296886 234.21330024801287 738.458984375 117.99896874999831 37.01604743707626 34.52762279636739 1574.1288452481042 40.64971814722175 2.6154649405588897 50391.33420803893 288.0 128.0 "39795.0-41935.648=288 41102.0-42735.749=288" 41181.0:48169.748=128
19000 20000 0.0 415.7565654296868 181.30596724381127 612.1770429687531 182.19101562500146 34.14123806899133 33.081909802348456 881.5141207129581 36.291807417359635 1.0593282666428696 51562.940438194404 288.0 128.0 43202.0-44126.172=288 41181.0:48169.748=128
20000 21000 0.0 357.95354101562117 296.36929283628547 705.7180175781177 15.324951171875 71.25834628768486 69.73952856345481 1265.7066576111713 77.88889091342178 1.5188177242300547 109565.82249847971 288.0 128.0 "43202.0-44126.172=288 44207.0-44953.284=288 44898.0-46068.634=288" 41181.0:48169.748=128
21000 22000 0.0 372.6196468750015 306.2082533597951 835.6870488281274 39.08598242187145 57.261899342541625 55.363320882911694 1006.8930884183661 69.20078007571944 1.8985784596299324 91294.13990330305 288.0 128.0 "44207.0-44953.284=288 44898.0-46068.634=288 45754.0-47268.617=288" 41181.0:48169.748=128
22000 23000 0.0 394.0238551897315 265.43275708054625 815.6919492187517 124.676025390625 53.971582182957086 49.40685545409222 2795.3607723334926 71.71488107754868 4.707671692371498 86136.03197674545 288.0 128.0 "44898.0-46068.634=288 45754.0-47268.617=288 46786.0-47489.942=288" 41181.0:48169.748=128
23000 24000 252.48002539062145 418.3659677734395 265.3176883158545 747.5199746093786 107.22899999999936 39.9246275617355 37.35346245225537 2579.7356598450583 48.038207485869044 3.428220145973499 63104.930378586396 288.0 128.0 "45754.0-47268.617=288 46786.0-47489.942=288" 41181.0:48169.748=128
24000 25000 276.452880859375 425.4364785156249 363.51578764991666 682.48095703125 168.39199999999983 21.471224422335183 19.102985576236282 1969.3206307230782 35.15361288332421 2.368238846098903 62802.550771441165  128.0  "41181.0:48169.748=128 48278.0:48491.06=128 48507.0:49838.649=128"
25000 26000 2.7819628906217986 498.6090185546891 259.48694096532677 682.093994140625 315.1240429687532 25.239052144624278 23.911029467099866 1115.539049120503 42.69684806160822 1.3280226775244084 64532.333350314744  128.0  "48507.0:49838.649=128 49863.0:50443.875=128"
26000 27000 0.0 596.8480585937505 201.41866781301718 723.395263671875 297.55800585937686 47.23552655363772 44.56455527026566 2225.572051474251 76.17952474772505 2.6709712833720607 103973.91878172141 288.0 128.0 50205.0-52450.002=288 "49863.0:50443.875=128 50468.0:51252.453=128"
27000 28000 0.0 403.13890332031104 250.83148584960182 696.6872558593677 45.77173632812628 70.43956343006433 68.0376979345882 2006.7791175717691 107.76932449476546 2.401865495476138 146093.5121129681 288.0 128.0 50205.0-52450.002=288 "50468.0:51252.453=128 51275.0:51788.326=128 51805.0:52399.244=128"
28000 29000 0.0 389.04284765624834 220.73961105752645 631.5969238281177 85.07788085936772 70.86248564454309 67.7880872384002 2572.903181711432 108.09074256919106 3.07439840614289 145982.52689262855 288.0 128.0 "50205.0-52450.002=288 52469.0-53770.711=288" "51805.0:52399.244=128 52417.0:53068.421=128"
29000 30000 0.0 503.947829296875 108.36980922043492 628.7629394531177 365.63407617188204 61.33441004385154 58.33398738087278 2508.7424907149366 80.69059935264522 3.0004226629787674 107422.29767934213 288.0 128.0 52469.0-53770.711=288 "52417.0:53068.421=128 53084.0:53857.758=128 53870.0:54176.126=128"
30000 31000 0.0 437.44781005859477 90.7707259075911 570.59912109375 367.859060546878 51.20738383255054 50.05130320414371 964.1434786840307 59.267246652339814 1.1560806284068337 77695.07072492252 288.0 128.0 54205.0-55187.233=288 53870.0:54176.126=128
31000 32000 524.2190312500024 225.35496809895753 41.292497482211495 273.01387890624756 200.283935546875 29.512701621338465 29.08774131451018 357.1718227522126 39.73385977753685 0.4249603068282849 54428.48121507329 288.0 128.0 "54205.0-55187.233=288 55713.0-57145.886=288" 55710.0:57120.727=128
32000 33000 58.30003320312244 526.3059692382831 280.7905190911391 775.9250644531276 165.77490234375 57.031996361915716 54.456956668744 2143.8281772477876 88.86302281248442 2.575039693171715 119876.93821497925 288.0 128.0 55713.0-57145.886=288 55710.0:57120.727=128
33000 34000 0.0 558.0513717447926 393.18383183154896 982.8720703125 206.93609765625297 30.523368366205847 28.51789600209273 1675.384621336174 48.27737964818963 2.0054723641131122 67300.9147203389 288.0 128.0 "55713.0-57145.886=288 57504.0-58216.334=288" "55710.0:57120.727=128 57501.0:57680.126=128"
34000 35000 534.447947265624 253.50799414062203 226.86557969708133 465.55205273437605 14.271929687500233 29.142287578933296 28.14775994304641 825.6153786638262 20.277839000190085 0.9945276358868879 29607.45553626995 288.0  57504.0-58216.334=288 
35000 36000 295.135986328125 703.1624755859375 2.4063382380271694 704.864013671875 701.4609375 46.04210556268755 44.587649658599034 1222.449333912725 82.27838232286422 1.454455904088516 119952.89512214868 288.0 128.0 59211.0-60539.701=288 59208.0:60640.558=128
36000 37000 23.34813671874872 322.1257929687505 110.18853599382356 483.3239746093677 217.29200000000128 26.617975958989113 24.194052339550698 2011.4275487065222 44.317581195856576 2.4239236194384124 60337.834032813334 288.0 128.0 59211.0-60539.701=288 59208.0:60640.558=128
37000 38000 0.0 528.2878117187502 133.45685685044947 702.388916015625 358.35498046875 40.180196367417835 37.87717387131216 1921.3287608610265 60.612447324368716 2.3030224961056707 82228.80770233861 8000.0 128.0 "61209.0-61552.162=8000 61210.0-64500.064=8000" 61206.0:63043.377=128
38000 39000 0.0 423.51359921874825 278.6665561715822 685.7199707031177 0.0 67.84257341147429 67.02397543110689 677.7943565197265 81.98190514142365 0.8185979803674013 112745.90552101782 8000.0 128.0 61210.0-64500.064=8000 61206.0:63043.377=128
39000 40000 0.0 655.9476959635455 334.5398563160526 978.1940000000031 310.3390292968834 80.90858429942755 79.90858429942755 840.0 100.34499525616035 1.0 138215.99335862446 8000.0 128.0 61210.0-64500.064=8000 "61206.0:63043.377=128 63205.0:64230.179=128"
40000 41000 0.0 470.5931730468743 321.078890609935 979.14892578125 201.322998046875 58.14598759307489 54.88634628902891 1879.0810960706265 68.31107448055928 2.259641304045977 88659.48453772596 4144.0 128.0 "61210.0-64500.064=8000 64499.0-66101.323=288" "63205.0:64230.179=128 64711.0:65438.442=128"
41000 42000 0.0 382.0715498046884 454.4266979090006 962.8740234375 17.54107421875233 54.387433295153585 53.623938133516894 641.376671568488 61.40897221560434 0.7634951616366796 84259.1897849474 288.0 128.0 "64499.0-66101.323=288 65890.0-67599.837=288" 64711.0:65438.442=128
42000 43000 0.0 496.9507476562518 469.32928868367077 972.245900390626 18.7939453125 46.723617115985036 43.75396912432436 2475.481176529279 74.35874444638654 2.9696479916606684 97249.58240624602 288.0 128.0 "64499.0-66101.323=288 65890.0-67599.837=288" 66124.0:67232.916=128
43000 44000 0.0 489.69387158203244 543.2548079538691 967.7380546875065 12.645263671875 41.78857853317305 39.8179888520187 1656.2587063081485 51.0471848860982 1.9705896811543462 68662.3859172916 288.0 128.0 "65890.0-67599.837=288 67287.0-69161.417=288" "66124.0:67232.916=128 67635.0:69405.128=128"
44000 45000 0.0 617.1456547851558 398.7985186265371 943.10400390625 36.21191601562896 57.39957710416907 55.856267260796365 1282.1033964668052 70.19911559320018 1.5433098433727042 95147.82356543392 288.0 128.0 67287.0-69161.417=288 67635.0:69405.128=128
45000 46000 0.0 398.7236019531265 380.09818420096406 976.23095703125 24.355996093756403 44.60099728547255 43.12543503438102 1234.7857887446528 61.66665543022695 1.475562251091529 83017.39919976066 288.0 128.0 "67287.0-69161.417=288 69041.0-70660.707=288" "67635.0:69405.128=128 69423.0:70311.157=128"
46000 47000 0.0 470.60122968750073 383.4042007977488 974.35009765625 17.64504296875384 50.799225764696466 48.33525982564378 2056.136421999714 68.36451883341054 2.4639659390526853 89608.90600942457 288.0 128.0 "69041.0-70660.707=288 70549.0-72518.868=288" "69423.0:70311.157=128 70650.0:71620.602=128"
47000 48000 0.0 490.7260288085927 431.0297670532773 969.615966796875 11.910902343748603 47.708484907579184 46.30208949571497 1176.819720354352 49.67517033573386 1.4063954118642044 65603.61380180353 288.0 128.0 70549.0-72518.868=288 70650.0:71620.602=128
48000 49000 0.0 378.32393619791645 345.9390268270123 723.722900390625 20.563033203128725 55.924658219813736 54.31443985084303 1338.1025628230216 72.6884707019475 1.6102183689707086 95882.4682221763 288.0 128.0 "70549.0-72518.868=288 72009.0-74151.788=288" 72204.0:73480.665=128
49000 50000 0.0 367.69271842448023 271.13472312967264 708.158935546875 31.33299999999872 51.069048326897814 48.89772514380838 1805.3448059876466 67.35333265035402 2.1713231830894353 87111.72771058133 288.0 128.0 "72009.0-74151.788=288 73607.0-75682.911=288" "72204.0:73480.665=128 73705.0:75467.815=128"
50000 51000 0.0 493.26316685268 225.73141628540512 716.0537285156315 186.64208984375 54.283377542578215 52.281438641003234 1676.459692696479 66.83057425366223 2.001938901574989 86956.48892011588 288.0 128.0 "72009.0-74151.788=288 73607.0-75682.911=288" 73705.0:75467.815=128
51000 52000 0.0 483.9390778459804 141.3548491280791 673.77392578125 313.66289843749837 52.45929370971768 49.20744839962832 2503.418665032736 61.51275388408612 3.2518453100893545 77928.61334588143 288.0 128.0 "73607.0-75682.911=288 75038.0-77343.904=288" "73705.0:75467.815=128 75708.0:78264.818=128"
52000 53000 0.0 439.99455273437445 143.6495410058657 667.492919921875 254.36699999999837 69.01833275042529 65.90626609802857 2408.6312954180507 97.69469865073692 3.1120666523967175 133535.56941040469 288.0 128.0 "75038.0-77343.904=288 76324.0-78125.915=288" 75708.0:78264.818=128
53000 54000 0.0 439.0503054687491 121.36194390045075 570.302978515625 320.4931191406213 47.76652541240657 46.73873851826211 854.8402262264008 77.28839400297066 1.0277868941444603 111183.23949024867 288.0 128.0 "75038.0-77343.904=288 76324.0-78125.915=288 77776.0-80724.901=288" 75708.0:78264.818=128
54000 55000 0.0 555.5276546875015 190.9120161845831 880.43798828125 412.21728515625 47.149513285914956 44.87392028642219 1901.414417250406 60.779314066985044 2.275592999492763 80443.29569285641 288.0 128.0 "76324.0-78125.915=288 77776.0-80724.901=288" "75708.0:78264.818=128 78275.0:79175.417=128"
55000 56000 0.0 488.34991796874965 245.75482089121994 860.583984375 111.21701171874884 56.808497264921535 55.25012032313074 1309.6210982827313 74.77833122961675 1.5583769417907984 101746.46892805427 288.0 128.0 "77776.0-80724.901=288 79255.0-80786.506=288" "78275.0:79175.417=128 79189.0:80871.019=128"
56000 57000 0.0 386.05156584821606 252.33732388190973 846.3759765625 138.05501562499558 62.79787244798283 60.421567349038355 1976.4716863889946 77.24635875644717 2.3763050989444863 102521.60055812089 288.0 128.0 "77776.0-80724.901=288 79255.0-80786.506=288 80907.0-82448.388=288" "79189.0:80871.019=128 80897.0:82042.185=128"
57000 58000 0.0 411.38996406249936 316.79022673222164 837.6669921875 98.659912109375 42.13379399627524 40.32968352890621 1516.2751206174194 54.82517759367694 0.9596693686879122 74414.67201954186 288.0 128.0 "80907.0-82448.388=288 81814.0-83138.978=288" 80897.0:82042.185=128
58000 59000 0.0 526.2423496093737 334.86954683677686 899.2590878906194 89.02197265625 80.87593621059942 77.96565578479134 2429.281540724148 112.1420151364201 3.754721524489205 149755.9325922245 288.0 128.0 "80907.0-82448.388=288 81814.0-83138.978=288" "80897.0:82042.185=128 82067.0:83218.157=128"
59000 60000 0.0 470.1252626953137 429.2519226314094 898.6630273437477 86.27587890625 41.15901633471734 38.55012869639914 2189.62190183887 60.1100943669988 2.6088876383181967 78451.14485674437 288.0 128.0 "81814.0-83138.978=288 83704.0-84711.064=288" "82067.0:83218.157=128 83249.0:83767.206=128 83783.0:84626.548=128"
60000 61000 202.3368789062515 437.63775292968785 267.6364180750629 797.6631210937485 219.1518906249985 69.4087972984492 67.97013776431702 1188.4740086710303 75.18373724420431 1.4386595341321788 99912.95729347283 288.0 128.0 83704.0-84711.064=288 83783.0:84626.548=128
61000 62000 295.4951171875 455.6884765625 351.87953625968373 704.5048828125 206.8720703125 35.59692671943931 34.66225608051151 785.8283118005502 48.2547015650561 0.934670638927792 66248.04329657964 288.0 128.0 85208.0-87334.199=288 85706.0:87093.769=128
62000 63000 0.0 435.9188484374987 229.00041571544173 693.7639296874986 183.327880859375 43.44812263657076 41.197926191296105 1870.4600389295033 54.08441738037107 2.2501964452746526 70713.84222014059 288.0 128.0 85208.0-87334.199=288 85706.0:87093.769=128
63000 64000 0.0 472.113983398438 278.5773115433267 808.3461191406241 180.10205078125 34.72091307300458 33.049970702641126 1398.6944354818656 47.135197604376316 1.670942370363456 62306.9163193841 288.0 128.0 "85208.0-87334.199=288 87348.0-89158.956=288" "85706.0:87093.769=128 87202.0:88098.063=128"
64000 65000 0.0 485.87558789062797 74.10904941298018 563.889892578125 416.41392187500605 42.981573905856955 41.17836710785099 1501.2498822010211 45.955187279924374 1.8032067980059665 59638.05798394099 288.0 128.0 87348.0-89158.956=288 87202.0:88098.063=128
65000 66000 0.0 510.42002408854023 200.06417513052924 684.3070000000007 291.76410742187 46.37871130728203 45.0377275598539 1126.7673315870597 50.367538623922215 1.340983747428133 67349.9996150648 288.0 128.0 "87348.0-89158.956=288 89181.0-92592.321=288" 89188.0:89810.687=128
66000 67000 0.0 552.8809908854115 150.54173466136515 724.1909179687646 441.68203515623463 28.77570094953505 27.310965340522934 1215.7305554800585 48.281006772184455 1.4647356090121186 65319.40744806693 288.0 128.0 89181.0-92592.321=288 90471.0:93321.676=128
67000 68000 0.0 460.2906402343826 172.0199553028277 718.423095703125 264.6440820312564 32.27581803925499 31.39013737831363 738.9695275508208 44.34659393268875 0.8856806609413644 60434.64122852351 288.0 128.0 "89181.0-92592.321=288 91563.0-94258.212=288" 90471.0:93321.676=128
68000 69000 0.0 426.55658063615766 224.6397421172739 684.4052734375 133.55090429687698 36.23735183764587 34.58776810759935 1366.2999169691207 47.09022332324545 1.6495837300465168 60401.69021895971 288.0 128.0 "89181.0-92592.321=288 91563.0-94258.212=288" 90471.0:93321.676=128
69000 70000 0.0 510.2735949218768 189.35513115239786 677.3190703125001 297.09130859376455 46.35945348326226 45.093197365796236 1064.3259288857457 72.1904736564962 1.2662561174660245 99066.60338697355 288.0 128.0 "91563.0-94258.212=288 93243.0-94846.554=288" "90471.0:93321.676=128 93707.0:95227.112=128"
70000 71000 0.0 458.56797981770796 135.32884887489394 665.0791015625 328.5991015625041 48.21876876591393 45.23249719292286 2489.468379172394 63.314289024594935 2.986271572991068 81598.8747240122 288.0 128.0 "91563.0-94258.212=288 93243.0-94846.554=288 94872.0-97227.105=288" 93707.0:95227.112=128
71000 72000 0.0 490.72248339843645 146.8014098292941 654.657958984375 326.0258984374959 47.0834470111499 46.335974701606986 628.2056919418603 57.820853708239575 0.7474723095429079 80113.13966512843 288.0 128.0 94872.0-97227.105=288 "93707.0:95227.112=128 95239.0:98690.753=128"
72000 73000 0.0 463.40601679687387 245.90068477170973 724.943115234375 115.8039687499986 31.47193545470072 29.952297858569583 1262.0590235869104 40.04429188026603 1.5196375961311384 51663.05115685094 288.0 128.0 94872.0-97227.105=288 95239.0:98690.753=128
73000 74000 0.0 393.97512044271326 188.93522989834355 647.8979492187646 174.949951171875 25.09031439301109 23.841302067955077 1032.7333797386927 35.6650611457619 1.2490123250560081 46224.72193265223 288.0 128.0 "94872.0-97227.105=288 97095.0-99471.573=288" 95239.0:98690.753=128
74000 75000 0.0 414.7042630208355 271.07054119579686 824.9160488281195 126.46728515623545 25.744716448648795 24.513366369835943 1026.2075966743967 34.459113119457776 1.2313500788128535 45186.78112658621 288.0 128.0 97095.0-99471.573=288 "95239.0:98690.753=128 98708.0:99470.208=128"
75000 76000 0.0 498.1436328125019 124.62795072105297 634.178955078125 346.4439101562457 53.54692433197943 52.422951995843576 944.5946202085825 67.91350802975738 1.1239723361358567 91798.7351877962 288.0 128.0 "97095.0-99471.573=288 99457.0-101894.69=288" "98708.0:99470.208=128 99510.0:100309.92=128"
76000 77000 24.591703124999185 296.7742683593795 211.07591348579072 540.1790488281258 0.0 39.65451204420747 37.77848438034333 1556.4053797914175 50.18481975549996 1.8760276638641433 65768.68201191943 288.0 128.0 99457.0-101894.69=288 99510.0:100309.92=128
77000 78000 297.20922851563955 283.22802734374517 141.71472852798962 429.770751953125 146.893310546875 22.522651616137473 22.094448662273408 359.8387193726501 31.139000662126946 0.4282029538640673 42840.8561718742 288.0 128.0 "99457.0-101894.69=288 101766.0-103089.395=288" 101913.0:103124.377=128
78000 79000 0.0 535.6042339843785 310.0109781462703 844.0346894531249 143.506103515625 55.411104849286914 51.95991364998708 2884.546291617658 76.13423895358646 3.4511911992998416 99155.25748164846 288.0 128.0 101766.0-103089.395=288 101913.0:103124.377=128
79000 80000 0.0 390.5924890624854 264.4861265424467 724.8947246093594 174.38987890623685 60.143927075561024 58.05094464159099 1747.5793476797767 70.61775954788426 2.0929824339700347 93771.54707576458 288.0 128.0 "101766.0-103089.395=288 103060.0-104147.13=288" "101913.0:103124.377=128 103154.0:104088.011=128"
80000 81000 0.0 582.8152812500048 211.15682856546158 858.696044921875 366.7789960937662 65.09057928416973 63.19831194078377 1577.20118689717 80.16986314643154 1.8922673433859787 107204.01543519192 288.0 128.0 "103060.0-104147.13=288 104053.0-105755.138=288" "103154.0:104088.011=128 104184.0:105419.785=128"
81000 82000 0.0 388.90654609375633 249.85961402910038 695.7380000000121 134.42495507812419 48.50685421511106 47.48045398439791 862.9851472256303 51.52706193811666 1.0264002307131508 69192.65213080257 288.0 128.0 "104053.0-105755.138=288 105679.0-109128.036=288" "104184.0:105419.785=128 105703.0:106775.706=128"
82000 83000 0.0 375.7307027343748 304.85999700179315 756.5160859375028 0.0 32.306772994801925 30.197817156034994 1751.849307207115 35.133059459298146 2.108955838766927 44345.04889513993 288.0 128.0 105679.0-109128.036=288 105703.0:106775.706=128
83000 84000 39.92538085934939 480.0373095703253 174.753838191292 603.6069335937646 356.46768554688606 11.236633372946637 11.236633372946637 0.0 18.16064767244408 0.0 25424.906741421713 288.0  105679.0-109128.036=288 
84000 85000 0.0 558.5597688802033 176.78303906322765 724.0029296875 372.28306640623487 16.240071268848077 13.948753380823755 1908.6535210902482 23.663728529889813 2.291317888024321 28531.547976249203 288.0  105679.0-109128.036=288 
85000 86000 0.0 437.64189453125437 233.80711591907405 661.4409179687646 132.8850703125063 28.389820548928327 27.681138436952647 592.3464789097517 40.158089671765694 0.7086821119756788 54827.99750606851 288.0 128.0 "105679.0-109128.036=288 109023.0-111258.929=288" 109157.0:111645.517=128
86000 87000 0.0 536.5471003906277 167.5590133608727 722.498046875 326.6190820312331 41.54649490340447 40.08566044242857 1213.2230198404907 50.978988443526774 1.460834460975907 67725.12370499536 288.0 128.0 109023.0-111258.929=288 109157.0:111645.517=128
87000 88000 0.0 477.8328538411418 202.20803499874538 722.072021484375 237.9819882812444 56.03650839492442 53.54408343031437 2074.6996735055172 61.60732175031935 1.76858169865388 81818.3631891534 288.0 128.0 "109023.0-111258.929=288 110920.0-112161.975=288" "109157.0:111645.517=128 111668.0:112921.285=128"
88000 89000 0.0 408.61306705728686 166.83404767155378 637.8798828125 210.24099999997998 53.37547187478397 51.7548929154375 1356.1015499972248 62.779053408850125 2.344422225302633 82114.83931892534 288.0 128.0 "110920.0-112161.975=288 112047.0-113812.408=288" 111668.0:112921.285=128
89000 90000 0.0 447.71372617187444 143.4824542679477 624.873291015625 274.437255859375 53.21626798116037 51.32439491496271 1576.9293142343347 63.34978808103956 1.891873066197667 85048.10867211543 288.0 128.0 "112047.0-113812.408=288 113638.0-115155.971=288" "111668.0:112921.285=128 112943.0:114031.773=128"
90000 91000 0.0 446.7399235026023 166.4228033789657 722.9257441406226 262.35009765623545 67.07324883823392 64.70544054544007 1982.768834685903 78.99932357430271 2.3678082927938475 104542.19800476987 288.0 128.0 113638.0-115155.971=288 "112943.0:114031.773=128 114048.0:114955.501=128"
91000 92000 0.0 563.5384101562522 147.76921594572372 717.6199023437657 423.0160800781159 52.983505496640845 51.264990768177206 1443.986564542091 71.28465986750432 1.7185147284636382 95126.47699930915 288.0 128.0 "113638.0-115155.971=288 115027.0-116191.497=288" "114048.0:114955.501=128 115175.0:115631.081=128"
92000 93000 0.0 487.38349218750227 226.78695227481333 756.229248046875 208.58900000000722 54.57751385999189 51.811369973410955 2304.8790430869512 87.92162220822041 2.7661438865809322 116842.2739300378 288.0 128.0 "115027.0-116191.497=288 116157.0-117224.628=288" 116209.0:116825.901=128
93000 94000 0.0 396.49435820312357 255.37460064574606 704.662109375 65.87200000000303 66.5725775854536 65.13648950249369 1206.995811327362 90.23232932409007 1.4360880829599174 125103.8882272982 288.0 128.0 "116157.0-117224.628=288 117123.0-119151.079=288" 117208.0:118246.344=128
94000 95000 0.0 408.30194303385605 271.4603578108713 722.910888671875 15.539000000004307 59.90828446171664 57.281638583921094 2190.1573592410327 76.66422758094485 2.626645877795539 102813.52047509926 288.0 128.0 "117123.0-119151.079=288 118240.0-119722.404=288" "117208.0:118246.344=128 118398.0:119165.953=128"
95000 96000 191.7629121093778 253.65246679686825 146.04874866654814 476.7719999999972 119.67899999998917 35.27652097643554 34.657433296159496 517.2588295390924 43.371959377815735 0.6190876802760389 58720.19054155563 288.0 128.0 "117123.0-119151.079=288 118240.0-119722.404=288" 118398.0:119165.953=128
96000 97000 925.125 49.594645182291664 22.754808929394574 74.875 30.7529296875 2.8989627756604555 2.730764380064392 139.79730293517616 4.41800598383843 0.16819839559606353 5850.986541692684 288.0 128.0 120868.0-123128.883=288 120882.0:122151.903=128
97000 98000 18.226095703124884 624.7522436523432 413.97715933238834 938.9159941406397 42.85791015623545 58.50084649501651 55.669044890612575 2361.202697064824 89.20391954832574 2.8318016044039362 119715.76125576237 288.0 128.0 120868.0-123128.883=288 120882.0:122151.903=128
98000 99000 0.0 884.0042875976542 122.24532206556746 983.513916015625 705.6352539062354 82.52730098516176 79.88792476597403 2198.24175012722 112.5239012458573 2.6393762191877386 150066.004465476 288.0 128.0 "120868.0-123128.883=288 121988.0-123372.954=288" "120882.0:122151.903=128 122207.0:123359.434=128"
99000 100000 0.0 322.9753203125001 338.53676171155155 782.9169921875 11.392083984377678 43.60877513490426 41.68078928002358 1620.045080552826 49.84875305873054 1.9279858548806896 65036.93124764193 288.0 128.0 "120868.0-123128.883=288 121988.0-123372.954=288 123713.0-124843.531=288" "122207.0:123359.434=128 123711.0:124036.888=128"
100000 101000 71.73301367188105 294.4325043945282 228.57611294088602 616.630999999994 122.53100781250396 37.464114609257 36.03147668332543 1183.7131693199542 48.005420163247976 1.432637925931572 63300.31648942704 288.0 128.0 123713.0-124843.531=288 123711.0:124036.888=128
101000 102000 792.197021484375 207.14111328125 0.9360187909163722 207.802978515625 206.479248046875 14.579886885801663 14.14629312008973 364.42931772901863 21.442478914852256 0.43359376571193375 29693.95061673579 288.0 128.0 125707.0-126858.478=288 125705.0:127167.774=128
102000 103000 0.0 517.266334374997 305.7866472710343 774.1657519531145 164.576904296875 67.09640174240668 63.9067056327923 2666.317543563619 93.83164827169522 3.189696109614388 126804.9964802811 288.0 128.0 125707.0-126858.478=288 125705.0:127167.774=128
103000 104000 0.0 598.8487408854126 288.05236545622085 809.7850957031187 270.6620058593544 40.82093098133116 38.72371439755338 1742.0684351727268 63.91271514597 1.3767101246736786 85546.56826223743 288.0 128.0 127006.0-128143.568=288 "125705.0:127167.774=128 127190.0:128027.819=128"
104000 105000 24.690242187527474 357.50758593748714 307.99478931027375 697.5258789062354 97.21299999998882 12.603806252169145 11.623970757370365 817.4719448130584 18.61452548309407 0.7003419539028845 23946.68177832649 288.0 128.0 127006.0-128143.568=288 127190.0:128027.819=128
105000 106000 1.4235878906183643 554.8704414062522 222.71705370558118 700.123291015625 298.45312109375664 33.001732061382874 31.99272852353183 848.2723172866329 54.296223565570386 1.6963850838720902 72699.60865400391 288.0 128.0 129213.0-130873.857=288 129212.0:130325.593=128
106000 107000 0.0 424.9961144531233 270.82605898282173 723.577880859375 114.67500000000291 48.3753034976204 45.91195571345084 2055.60510080766 68.70488057177876 2.7759662381485213 89346.11658360266 288.0 128.0 "129213.0-130873.857=288 130895.0-132215.592=288" "129212.0:130325.593=128 130701.0:131651.322=128"
107000 108000 0.0 490.33360400390666 249.47763906488794 721.373291015625 266.98411914063036 45.497998911110685 43.948018806607166 1282.4275125774343 50.01311456022728 0.827306724076504 66818.25961437666 288.0 128.0 130895.0-132215.592=288 130701.0:131651.322=128
108000 109000 1.1918906249920838 370.2284736328147 221.6613219198311 697.010009765625 205.278076171875 39.05972803764298 37.790775554761105 1060.5796811709865 45.827354706225236 1.777123784942364 59510.7702479326 288.0 128.0 "130895.0-132215.592=288 132708.0-133787.962=288" 132706.0:133104.727=128
109000 110000 23.088087890617317 389.0833007812519 347.7285533619928 790.5989238281327 186.31298828125 31.348516495282897 29.999527377913424 1127.1324310351142 43.763208587370336 1.5634911957359905 58097.349769424254 288.0 128.0 132708.0-133787.962=288 132706.0:133104.727=128
110000 111000 0.0 446.95531119791366 222.9678407503343 700.169921875 280.01900000000023 48.08345821002104 45.721955594612844 1971.1766141525356 64.5933772092842 2.361502615408193 85346.07118105277 288.0 128.0 134213.0-135228.017=288 134212.0:134492.747=128
111000 112000 16.81403906250489 394.1466223958317 257.5499650136406 686.1298828125 199.25390625 36.88577857421158 34.84193725321107 1703.2216764346838 48.337961470031914 1.3325288425120911 64917.060020125966 288.0 128.0 "134213.0-135228.017=288 135714.0-136218.103=288" 135712.0:136013.905=128
112000 113000 583.0059062500077 237.29740364583753 203.43034926840798 416.9940937499923 16.43100000001141 30.6464583510189 29.392417268105955 1048.2974252565296 42.66251151390034 1.9653535614013613 59080.566791900375 288.0 128.0 135714.0-136218.103=288 135712.0:136013.905=128
113000 114000 796.66796875 185.72297721354212 24.69944580220924 203.33203125 157.4890000000014 29.77761008447756 27.666979183111085 1755.0508033327142 42.3535016617805 2.1106309013664757 55172.852408499326 480.0 128.0 "137716.0-137876.083=480 137717.0-138228.53=480" 137710.0:137989.838=128
114000 115000 643.454031250003 335.5695341796818 29.66515825957157 356.545968749997 314.5930996093666 44.22238991552244 42.33302081688892 1574.9491966672858 64.6464983382195 1.8893690986335243 87144.14759150067 480.0 128.0 137717.0-138228.53=480 137710.0:137989.838=128
115000 116000 300.041015625 465.1989394531265 327.4992485074603 696.77587890625 233.62200000000303 57.56167318207373 55.12788207689437 2030.7635128514603 83.78543531235385 1.7168955525896812 114451.8875019615 480.0 128.0 139216.0-139768.872=480 139213.0:139447.47=128
116000 117000 28.26788085937733 485.86605957031134 297.98461007966966 696.572998046875 275.1591210937477 17.235336952951165 15.969875524374302 1057.608615503769 26.011574822671054 0.9823569811665442 34304.73438140415    
117000 118000 1.3969414062448777 386.2283528645833 279.7129363278809 699.008056640625 160.08199999999488 55.33280568494422 53.59818818523231 1443.4569344400504 80.84085618696612 2.0176824829778384 113666.45680776343 480.0 128.0 141214.0-141671.88=480 141213.0:141396.754=128
118000 119000 693.9600566406152 153.0199716796924 173.90155907334886 275.98694335937034 30.053000000014435 16.870184180030883 16.304054213499008 470.1709372047203 26.362133678008973 1.2830649832659364 34392.92130887091    
119000 120000 304.611083984375 460.55747949218494 326.47187897818725 691.407958984375 229.70699999999488 73.85897857435846 71.46795282240166 1995.2468870001237 115.80769962914891 2.3910257519568017 164540.29575099723 840.0 128.0 143222.0-144130.674=840 143218.0:143448.392=128
120000 121000 31.855857421876863 371.5309934895874 216.67679720756263 614.265000000014 197.637939453125 65.94085642195432 64.06431683612311 1570.775562079593 100.90553293214042 1.8765395858312088 144935.05669732983 840.0 128.0 "143222.0-144130.674=840 144715.0-145454.579=840" 144712.0:144862.669=128
121000 122000 458.98493945313385 541.0150605468662  541.0150605468662 541.0150605468662 54.20016500368722 53.467730341475225 615.9775509202831 92.28676743871067 0.7324346622119894 140796.64755167294 840.0  144715.0-145454.579=840 
122000 123000 580.135009765625 419.864990234375  419.864990234375 419.864990234375 18.35568449523045 16.887229735612014 1218.8174504833019 21.29259401446732 1.4684547596184359 26138.494721208157    
123000 124000 0.0 569.8275410156202 590.92423148431 987.674072265625 151.98100976561545 93.56789160387406 92.04857845327541 1271.8953620092766 153.897056697663 1.519313150598661 221041.391647294 840.0 128.0 146926.0-148032.785=840 146925.0:147066.426=128
124000 125000 0.25198242187616415 303.07650439452846 459.8801503097245 987.51708984375 12.230927734373836 102.2337406036546 99.2324524527969 2502.083334871323 173.23442208263998 3.0012881508576967 238417.60622924787 840.0 128.0 "146926.0-148032.785=840 148050.0-149010.23=840" 148057.0:148214.662=128
125000 126000 907.4760898437526 46.26195507812372 49.97129975559251 81.59700000000885 10.926910156238591 22.84268329724089 22.83173935831568 9.20385263609853 9.575927205229712 0.010943938925206337 13411.507402249996 840.0  148050.0-149010.23=840 
126000 127000 277.125 332.3750123697876 315.5756381660329 695.488037109375 124.36699999999837 84.47788724525448 81.62608601644808 2376.3648334261834 132.06794868557455 2.851801228806401 186976.26531588924 840.0 128.0 150217.0-151034.409=840 150211.0:150389.483=128
127000 128000 684.9340488281159 135.44775537109672 70.85852643304081 194.06298828125 41.103000000002794 55.27545948424864 53.338136154797525 1611.8398704932501 72.88733883430191 1.937323329451124 103207.30842995737 1280.0 128.0 "150217.0-151034.409=840 151724.0-151766.956=1500 151727.0-152986.352=1500" 151719.0:151997.433=128
128000 129000 3.384005859377794 482.0060019531229 315.6075343459184 812.6499296874972 183.966064453125 179.80972106564207 177.41133714934517 2002.3024147062672 216.98252603863654 2.2108754417424747 315139.61547335907 1500.0 128.0 151727.0-152986.352=1500 151719.0:151997.433=128
129000 130000 3.9007890624925494 389.7621555989608 353.03645323036125 797.1419355468825 173.187255859375 84.05925451127288 82.75119253244148 1093.2430114804754 84.87094508750924 0.7919428008709541 119347.62089497689 1500.0 128.0 "151727.0-152986.352=1500 153714.0-154959.801=1500" 153710.0:153918.531=128
130000 131000 3.195328125002561 354.0714238281216 339.7032451335206 799.8337246093724 8.311279296875 129.64633118419812 127.75260749675603 1578.2735982037257 232.9022867303039 2.5973513399569437 329622.43648524734 1500.0 128.0 "153714.0-154959.801=1500 154905.0-156128.345=1500" 153710.0:153918.531=128
131000 132000 3.1411875000048894 438.9712884114609 502.2813002764507 990.0397207031201 6.819091796875 191.36331841790022 189.73346189483368 1370.6798160835351 272.9783785238735 1.6298565230665374 384824.56649431394 1500.0 128.0 "153714.0-154959.801=1500 154905.0-156128.345=1500" 154986.0:155234.68=128
132000 133000 650.7430917968741 349.25690820312593  349.25690820312593 349.25690820312593 32.36802809148363 31.387178755378066 804.296455606563 35.31057609980032 0.9808493361055646 46086.18690625606 1500.0  154905.0-156128.345=1500 
133000 134000 300.6640625 697.8646240234375 2.0807514730569965 699.3359375 696.393310546875 112.62337321509875 110.49242430623603 1777.0484945327112 189.32604396478132 1.413845295125146 266248.10297089047 1500.0 128.0 157217.0-158426.386=1500 157214.0:157488.528=128
134000 135000 1.291259765625 490.34395800781203 232.21223734559476 695.60205078125 275.88706249999814 125.71515720092914 123.23387527787969 2080.6026926517507 211.86787924723785 2.887029725903841 295340.38373259123 1500.0 128.0 "157217.0-158426.386=1500 158709.0-159848.179=1500" 158706.0:158929.14=128
135000 136000 3.1950371093698777 351.4519707031238 316.3634398427073 686.2919921875 57.55094921874115 84.06513997017218 82.98399668668213 894.9155874453611 139.5718270596943 1.392499094373236 196712.023434664 1500.0 128.0 158709.0-159848.179=1500 158706.0:158929.14=128
136000 137000 0.0 311.8012373046877 288.3385276552476 703.93994140625 15.214000000007218 161.17166046160358 159.159237683974 1685.714209302963 252.32984813049416 2.012422777629589 358014.0215264121 1500.0 128.0 160209.0-161360.881=1500 160207.0:160433.005=128
137000 138000 6.957660156243946 496.521169921878 287.2156182512166 699.61328125 293.42905859375605 63.325719584609374 62.331477572737 821.7509180886473 82.20475174193008 0.9942420118723745 116818.01741475116 1500.0  160209.0-161360.881=1500 
138000 139000 0.0 308.60591552734695 290.0480564025995 701.366943359375 6.317000000010012 119.62233733025717 117.6204990270717 1676.9487071900653 211.78396954299606 2.0018383031854787 295609.90422326885 1500.0 128.0 162212.0-163375.902=1500 162208.0:162436.049=128
139000 140000 3.841013671888504 397.16700911457883 265.7430958665026 698.2529296875 195.342041015625 111.83977107246855 109.91214830428366 1605.8542492391707 147.1108096582167 1.2107843693302938 207531.21632440866 1500.0 128.0 "162212.0-163375.902=1500 163718.0-164871.486=1500" 163716.0:163914.868=128
140000 141000 2.8310234374948777 328.9352617187542 329.97460789029265 802.2009589843801 42.75200000000768 155.57293312661076 154.00562850479784 1312.4810039428112 203.9697212336118 2.08733842258004 291540.13562101754 1500.0 128.0 163718.0-164871.486=1500 163716.0:163914.868=128
141000 142000 0.3720390624948777 386.1416933593767 355.4049700297329 795.6999824218801 158.797119140625 52.74467496773507 51.47837422522358 1058.930174918572 65.77602961659699 0.7216807711570586 93767.23965076313 1500.0 128.0 165708.0-166900.841=1500 165707.0:165941.948=128
142000 143000 3.7157050781243015 483.8700585937477 296.02083272637844 793.1290214843757 203.1552734375 150.2029811752461 148.37068761999973 1525.8890351980285 227.94286790917144 2.573718124688275 320516.1503711452 1500.0 128.0 165708.0-166900.841=1500 165707.0:165941.948=128
143000 144000 0.0 442.8542819010424 283.3671755732211 703.047119140625 140.93900000001304 141.77163492030184 139.3626645959803 1184.9438108704355 210.50418771682334 1.4089703243215497 301422.20087083324 1500.0 128.0 167210.0-168421.516=1500 167207.0:167398.311=128
144000 145000 0.0 392.42929231770296 273.48508414658494 701.27099609375 180.94099999999162 72.96117913224558 70.96221800506166 1659.7186083941588 98.00864425161927 1.2956307798331164 138646.5644677289 1500.0  167210.0-168421.516=1500 
145000 146000 0.1718964843894355 560.1873300781202 229.2612931606459 704.027099609375 295.80100390623556 108.22685787646981 106.5305136820215 1412.460432525655 198.83161280742556 2.0936763551861794 276809.80548331386 1500.0 128.0 169209.0-170310.893=1500 169208.0:169426.418=128
146000 147000 1.12459179686266 476.5573271484391 210.35668366759913 698.727294921875 293.6409003906301 114.25869424378004 111.95691001018588 1929.3703645807923 185.33518996344588 2.6077824202070774 258638.05446097537 1500.0 128.0 "169209.0-170310.893=1500 170709.0-171886.257=1500" 170707.0:170863.353=128
147000 148000 4.203326171875233 497.8983369140624 283.57758286444283 698.41796875 297.37870507812477 81.08545343297402 80.07039354514701 838.9170149594925 138.04834198611346 0.2985412246067435 203679.1496247333 1500.0  170709.0-171886.257=1500 
148000 149000 36.59866992186289 389.0124388020874 260.6808903323524 687.081298828125 203.635986328125 80.15043044582356 78.68369852850189 1226.7930667959606 121.7933188995005 2.162559670402676 171053.05015722403 1500.0 128.0 172709.0-173847.123=1500 172707.0:172928.065=128
149000 150000 7.530714843742317 335.6619954427103 408.0826151964357 794.8660136718827 14.516701171873137 137.1887195209754 136.03090139442529 967.3379691788955 205.98243721998554 1.178509036689361 292147.3192414104 1500.0 128.0 172709.0-173847.123=1500 172707.0:172928.065=128
150000 151000 0.0 428.31920507812174 257.19109299161386 705.60888671875 197.58699999999953 186.33481457270446 183.96898925974932 1975.5284250642678 200.09465994187138 2.365825312955158 286836.870696519 1500.0 128.0 174207.0-175353.934=1500 174206.0:174404.411=128
151000 152000 2.1368476562493015 498.93157617187535 291.83493693038645 705.2900390625 292.5731132812507 88.7317867878242 87.71994245549762 836.1606840667554 78.70524263222208 0.2931059799528047 114328.3002533166 1500.0  174207.0-175353.934=1500 
152000 153000 19.947083984385245 324.71271874999366 270.9344557356736 702.3369140625 57.41699999998673 123.63380627071248 121.64996883325523 1662.2033660912418 205.34883656452917 2.70257578983104 286144.0159148969 1500.0 128.0 176210.0-177384.277=1500 176209.0:176473.036=128
153000 154000 2.3255957031215075 498.83720214843925 284.9839961551333 700.351318359375 297.3230859375035 101.62584604287129 100.62674082884065 841.2465902138035 157.66550037513537 0.9991052140306454 220195.80573407502 1500.0  "176210.0-177384.277=1500 177705.0-179055.037=1500" 
154000 155000 0.0 606.0649462890651 205.75321831292325 721.830078125 297.7536816406355 187.62489957455074 185.56409559013227 1715.0871305752435 274.3025087704358 2.060803984418447 404385.6602828501 1500.0 128.0 177705.0-179055.037=1500 178209.0:179231.774=128
155000 156000 168.93798242186313 245.1065886718803 250.31603980596475 682.423095703125 50.390068359381985 72.40626201715286 70.58659739976092 1511.673641543306 109.69861777566642 1.8196646173919413 162636.08589594322 1500.0 128.0 "177705.0-179055.037=1500 179714.0-181014.994=1500" "178209.0:179231.774=128 179710.0:179895.139=128"
156000 157000 1.627007812523516 328.03472412108385 337.90497376012587 800.6310488281306 9.183999999979278 114.85676642122004 113.23983947432436 1353.6481267868344 209.551904066316 1.4178503943279264 318908.5525420491 1500.0  179714.0-181014.994=1500 
157000 158000 4.120015624968801 387.96797005209373 353.34921581625446 795.5540566406271 168.02392578125 102.40463091385774 101.12115808488315 1072.8845419700904 97.02104513315584 0.7642645238909606 133762.93785415275 1500.0 128.0 "179714.0-181014.994=1500 181712.0-182881.433=1500" 181708.0:181869.223=128
158000 159000 3.073968749959022 475.1113684895972 301.4061620250219 797.1430722656369 199.7829589844041 225.6880841351696 223.9704221053072 1430.4691622758346 258.2664860719851 2.435946887513847 362054.67877240805 1500.0  "181712.0-182881.433=1500 182903.0-184068.597=1500" 
159000 160000 2.27500976563897 435.22899674478685 318.86832834656417 798.077041015611 199.64794921875 163.94717217353102 161.78258387652505 1812.5577524939831 207.76409789097085 2.1645882970059622 310996.6773453795 1500.0 128.0 182903.0-184068.597=1500 182915.0:183224.08=128
160000 161000 652.3669492187619 347.6330507812381  347.6330507812381 347.6330507812381 29.219213413104605 28.584013121515373 520.864239103169 43.193619828067675 0.6352002915892305 66076.07513227811 1500.0  182903.0-184068.597=1500 
161000 162000 297.7451171875 700.9920654296875 1.7858934695739341 702.2548828125 699.729248046875 111.78284982650668 109.6470014791345 1781.162558605131 183.30511842318197 1.4182754356123262 260968.85008670844 1500.0 128.0 185214.0-186407.577=1500 185211.0:185409.147=128
162000 163000 3.8843613280914724 342.1620355468767 142.39085591410876 520.59130859375 164.88899999999558 189.06047411002686 186.67502740047846 1999.7678793220107 270.1038260346494 3.1030196213082695 382178.73755269963 1500.0 128.0 "185214.0-186407.577=1500 186392.0-187616.966=1500" 186411.0:186666.707=128
163000 164000 1.7672363281599246 499.11638183592004 29.780071397901725 520.1740722655959 478.0586914062442 105.92889049619204 104.8906907452449 861.8553045244034 137.25691016246532 1.0381997509471421 193958.01073717428 1500.0  186392.0-187616.966=1500 
164000 165000 0.0 428.3586289062611 264.89492647790036 702.1579589844041 173.37099999998463 135.94748415009445 133.80183825379922 1794.9427304537012 209.79875860380145 2.1456458962952625 300539.6330096088 1500.0 128.0 188211.0-189339.34=1500 188208.0:188382.448=128
165000 166000 7.755878906260477 496.12206054686976 286.39241613754155 698.632080078125 293.6120410156145 57.765384334122786 56.75378230276653 836.0005702205422 77.55258592453666 0.29485929583699955 113509.46030048681 1500.0  188211.0-189339.34=1500 
166000 167000 19.410822265665047 328.02321386717813 256.87277029762885 703.283935546875 133.48600000000442 100.83310654442576 98.84428000551827 1666.3602859415303 200.73056526263733 2.705569274426744 291130.53928366967 1500.0 128.0 190210.0-191397.206=1500 190209.0:190343.479=128
167000 168000 3.547837890597293 400.9533736979356 265.1567434346299 702.9750976562791 206.4079589844041 114.45412122084988 112.5174048693905 1613.4892739120953 155.04260686877382 1.2189707674293697 221391.2594571628 1500.0 128.0 "190210.0-191397.206=1500 191707.0-192977.546=1500" 191705.0:191911.679=128
168000 169000 0.0 448.12525341795117 265.2110175966171 791.7230410155898 206.1220703125 167.2653866606586 165.90767228654477 1136.4213970205863 247.37384308468467 2.075459958143886 345432.32317266543 1500.0  191707.0-192977.546=1500 
169000 170000 734.2151406249905 155.49298372396152 80.0802384394161 202.7529296875 63.031929687509546 44.308927315742025 43.64123461235064 556.5935860399038 59.96244719677215 0.667692703391388 82577.30698251133 1500.0 128.0 "191707.0-192977.546=1500 193712.0-194738.954=1500" 193710.0:194002.567=128
170000 171000 2.8040722656296566 554.2716660156244 315.66720443206634 799.1759082031203 198.02001953125 146.49208286532013 143.90591871984458 2158.646167008313 201.4736165090373 2.586164145475537 277424.8216553896 1500.0 128.0 193712.0-194738.954=1500 193710.0:194002.567=128
171000 172000 0.0 644.6024677734385 88.49651703195538 707.178955078125 582.0259804687521 92.86524864068583 91.41159188053757 1222.486705742571 182.12785200295318 1.4536567601482626 261147.11133840494 1500.0 128.0 195206.0-196375.799=1500 195204.0:195495.726=128
172000 173000 538.200964843767 207.61134830729375 73.38457494503824 292.34804492187686 164.987999999983 71.2960438353749 70.00355744439008 1066.2735412092118 80.2718699265068 1.292486390984812 113127.94642351815 1500.0  195206.0-196375.799=1500 
173000 174000 296.8610839844041 702.225463867173 1.2918164168785746 703.1389160155959 701.31201171875 127.55759278645515 125.41851343911382 1783.870538290522 195.08064678626175 1.420984673554788 274518.9856671307 1500.0 128.0 197212.0-198404.401=1500 197210.0:197400.4=128
174000 175000 3.126103515649447 389.3286125000042 190.41986509940185 663.4409999999916 203.4899902344041 128.84853093974073 126.78407877641948 1729.502993687364 179.9704472834183 2.782546837107785 246966.32249013186 1500.0 128.0 "197212.0-198404.401=1500 198709.0-199907.48=1500" 198707.0:198876.656=128
175000 176000 1.1490683593729045 499.42546582031355 419.8524916521641 796.3060097656271 202.544921875 102.5616498846352 101.35896755785959 1007.78395309581 197.2296858170164 0.9995754080565213 279971.8536071991 1500.0  198709.0-199907.48=1500 
176000 177000 0.9339921874925494 392.47097721354413 348.5733072335422 794.6880781250075 178.346923828125 80.33206599634815 78.5336946593171 1495.1032318294024 82.78693340201622 1.6696469654640602 114632.48215363237 1500.0 128.0 200709.0-202025.71=1500 200708.0:201002.702=128
177000 178000 1.3240351562562864 362.41601367187104 378.7187504246917 794.6090703124937 88.57207617186941 122.62654094900057 121.62642629707534 842.0965369210386 226.02995355262965 1.331945942211308 325971.25549407233 1500.0 128.0 200709.0-202025.71=1500 200708.0:201002.702=128
178000 179000 3.456013671908295 368.12074658201163 298.495072106669 792.8411054687458 123.95499999995809 156.34410540421706 153.54880523061152 2329.6427461758626 221.41154887070465 2.7953001736055376 318658.998532574 1500.0 128.0 "200709.0-202025.71=1500 202054.0-203288.299=1500" 202063.0:202415.955=128
179000 180000 625.4188808593608 374.5811191406392  374.5811191406392 374.5811191406392 77.72951403960313 77.72951403960313 0.0 74.490784287953 0.0 106398.10205525976 1500.0  202054.0-203288.299=1500 
180000 181000 275.470703125 391.0673645833352 300.52177537111845 706.74609375 108.43400000000838 63.17662011079594 60.46964566429972 2255.2724839498183 110.71601024005787 2.706974446496221 154489.70701136516 1500.0 128.0 204206.0-205854.13=1500 204203.0:204561.919=128
181000 182000 4.1191425780707505 410.78499283855973 254.59205467964043 702.9499511719332 236.47412109375 126.80711298210683 125.57138828027418 1039.0683962938688 199.02852718686773 1.2357247018326472 280843.76253685076 1500.0 128.0 "204206.0-205854.13=1500 205676.0-207087.732=1500" 205891.0:206218.307=128
182000 183000 3.58916796874837 296.3825761718734 282.5892466981071 762.1588789062516 0.0 149.8642996695799 147.80699881790878 1709.6591197563132 238.1755129768939 2.0573008516711315 338518.3030034435 1500.0 128.0 205676.0-207087.732=1500 205891.0:206218.307=128
183000 184000 623.3720742187288 192.0353177083404 15.833270662793916 202.7758789062791 173.85204687499208 44.46828560283869 43.53700742299479 775.3553583060867 75.08652482241612 0.9312781798438998 108479.27205837925 1500.0 128.0 "205676.0-207087.732=1500 207713.0-209265.03=1500" 207710.0:207977.317=128
184000 185000 4.575042968761409 448.959692708333 314.0682510843735 800.2159726562386 195.208984375 98.43184053172622 96.167407139879 1891.4337850578213 188.18135569286457 2.2644333918472026 278340.9580074329 1500.0 128.0 207713.0-209265.03=1500 207710.0:207977.317=128
185000 186000 0.0 567.2586647135419 328.52098439326767 802.2230156250007 191.862060546875 174.72798905726347 172.48449855956665 1871.7485742280896 237.32003261053967 1.523889463002872 383548.4484080443 1500.0 128.0 "207713.0-209265.03=1500 209294.0-210399.38=1500" 209203.0:209408.375=128
186000 187000 514.4760605468764 301.8530071614562 172.1135591976826 485.5239394531236 144.27700000000186 106.52385204568891 105.96305411507686 465.4622824080017 96.49203647036015 1.2803989653060253 140652.54897448412 1500.0  209294.0-210399.38=1500 
187000 188000 304.2770996093459 469.16196093752905 385.9889648962829 695.7229003906541 23.480999999999767 97.53448808843831 94.45348658847132 2565.491223480119 162.25365993706362 3.0810014999669924 233844.63608401507 2300.0 128.0 "211221.0-212492.143=2300 211224.0-213155.318=2300" 211217.0:211446.471=128
188000 189000 2.8566679687646683 392.10610117187605 224.64724749194102 685.497314453125 113.51300000000629 184.56667913014175 182.39847421961846 1816.9354130311149 264.82868496229725 1.4656243497345787 373929.58437143074 2300.0  "211221.0-212492.143=2300 211224.0-213155.318=2300" 
189000 190000 0.0 489.1119052734357 159.61063442840597 669.780029296875 290.1876855468727 170.9779639978528 170.22717040834308 631.573363488766 259.1614781027929 1.3055679713869068 364041.844093612 2300.0 128.0 "211224.0-213155.318=2300 212955.0-214779.726=2300" 213203.0:214637.555=128
190000 191000 0.0 337.733818359382 175.7377405218569 538.75 116.16797070315806 175.90318998258022 173.52254195638469 1980.8237882458225 261.81995321366816 2.528454205107057 369104.78700017364 2300.0 128.0 "212955.0-214779.726=2300 214804.0-216554.116=2300" "213203.0:214637.555=128 214820.0:214985.954=128"
191000 192000 3.3230195312644355 356.1129596354149 249.3929683754378 537.22998046875 71.66189843750908 152.14058893838862 151.52123696458415 521.1762117541775 241.3009123388809 0.6193519738044655 347767.85280959704 2300.0 128.0 214804.0-216554.116=2300 214820.0:214985.954=128
192000 193000 0.0 573.5587571614693 135.66139218510705 724.4672851562791 461.71801953125396 135.7662992457 133.60334055468502 1801.6714207891514 214.02891065429657 2.162958691014986 326322.959817629 2300.0 128.0 "214804.0-216554.116=2300 216765.0-218653.541=2300" 216762.0:217078.941=128
193000 194000 0.3010664061876014 388.3558828125242 196.19184479194843 534.4729003906541 165.36871484376024 142.54150605623255 141.70446474724753 700.3285792108484 209.50782716698393 0.8370413089850139 323286.41438576626 2300.0 128.0 216765.0-218653.541=2300 216762.0:217078.941=128
194000 195000 0.0 573.415158203124 134.77258764903777 724.18408203125 464.63609960937174 163.90593492927815 161.7076076315337 1831.006397337016 234.21072335418074 2.1983272977444512 335247.8156740919 2300.0 128.0 "216765.0-218653.541=2300 218761.0-220432.736=2300" 218756.0:219059.542=128
195000 196000 3.708195312472526 380.5909075521049 206.16184727285398 530.4750976562791 145.48091796878725 146.16513175686464 145.3634590546091 670.9936026629837 213.62066680738337 0.8016727022555488 300790.29397387843 2300.0 128.0 218761.0-220432.736=2300 218756.0:219059.542=128
196000 197000 470.45488281251164 252.46463411456594 216.95654343394497 469.1279023437237 35.2159999999858 85.49821787452294 84.49821787452294 820.0 122.26718346245264 1.0 169915.81178980588 2300.0  218761.0-220432.736=2300 
197000 198000 1000.0 0.0 0.0 0.0 0.0 0.0 0.0 0.0 0.0 0.0 0.0 0.0 0.0 0 0
198000 199000 275.5959472655959 445.8211376953259 243.08370711266244 617.7072753906541 273.9349999999977 77.58772136726623 74.9694793124982 2180.559810114675 160.0673156108208 2.6182420547680225 221723.8584851748 2300.0 128.0 222295.0-224282.466=2300 222294.0:222463.783=128
199000 200000 2.212167968711583 498.8939160156442 166.12228100708782 616.3601074219332 381.4277246093552 144.36570854683765 143.9839506016057 321.4401898853249 220.40996433564214 0.3817579452319773 311731.59819622745 2300.0  222295.0-224282.466=2300 
200000 201000 0.0 559.1403391927112 178.61005038222538 723.5400390625 369.0928925781336 156.25066288356862 153.48936361252086 2306.1585588682437 247.4048191105049 2.7612992710477555 343951.82522367174 2300.0 128.0 "222295.0-224282.466=2300 224328.0-226201.187=2300" "224326.0:224590.182=128 224704.0:225647.935=128"
201000 202000 0.0 498.50805957031116 195.6426023890677 722.05908203125 274.15896093749325 179.2244683951052 177.13510647606546 1752.098163185423 240.77040927242757 2.0893619190397343 334643.5435192011 2300.0 128.0 224328.0-226201.187=2300 224704.0:225647.935=128
202000 203000 0.0 459.78080859377224 299.1837017303504 723.4772949219332 126.76191796874627 208.76168949542873 206.8082353907718 1623.1589725842036 306.4133135163211 1.9534541046569318 461759.6582810805 2300.0 128.0 "224328.0-226201.187=2300 226010.0-227873.885=2300" 226307.0:228239.42=128
203000 204000 3.7683046874881256 334.98148945312715 256.504343564803 700.447998046875 78.55270507806563 159.1735483799171 158.13221979862735 858.6595694993855 224.1465004950179 0.32367042294770487 330173.97526176984 2300.0 128.0 "226010.0-227873.885=2300 227786.0-229766.258=2300" 226307.0:228239.42=128
204000 205000 6.643111328157829 328.6255839843769 321.00931038153266 867.0429238280922 48.37200000000303 133.2956850167928 132.14112889282697 965.9247358627446 238.77662657237082 1.8722142823078736 344405.4335380389 2300.0 128.0 227786.0-229766.258=2300 226307.0:228239.42=128
205000 206000 3.9040039062674623 498.04799804686627 528.1564921251123 871.5110351562325 124.5849609375 158.83247429750543 158.45868054014215 311.494797802719 203.87358657964847 0.3737937573632628 296866.91697353707 2300.0  227786.0-229766.258=2300 
206000 207000 0.0 540.9880384114707 390.4975261970882 875.3110390625079 111.7971191406541 110.07427353846668 106.81123252375404 2724.720080285205 192.87754360609358 3.2630410147126563 267481.27622897323 2300.0 128.0 230277.0-232104.497=2300 "230275.0:230432.665=128 230701.0:231159.712=128"
207000 208000 3.488904296827968 312.42122070313053 260.5114372344249 633.9040527344041 6.87890625 164.262351982198 163.24444490968904 842.8248876339003 233.23884021270098 1.0179070725089305 329800.84804213117 2300.0 128.0 "230277.0-232104.497=2300 231906.0-233854.02=2300" 230701.0:231159.712=128
208000 209000 3.2339609375048894 337.25749658202403 464.966438576851 992.3470937499951 4.4189453125 176.73068659099044 175.3854284355753 1124.9602342781754 297.85998642956713 1.3452581554151501 420534.12050443364 2300.0  "230277.0-232104.497=2300 231906.0-233854.02=2300" 
209000 210000 0.0 519.556281901052 380.7417241833851 943.7330546875019 207.3688964844041 181.70685654988424 180.8395764524536 728.9625755766253 259.9677918170611 0.8672800974306383 387163.20635705243 1570.0 128.0 "231906.0-233854.02=2300 233506.0-234418.179=840" 233706.0:234469.834=128
210000 211000 0.0 519.0512472656264 348.7702600680434 951.7399902344041 159.02700000000186 150.14925361979527 144.11225774940254 5510.5386157006815 246.46625616750646 7.03699587039273 334227.05896442884 840.0 128.0 "233506.0-234418.179=840 234300.0-235199.188=840" "233706.0:234469.834=128 234490.0:235085.112=128"
211000 212000 674.4309335937724 165.2656575520717 114.53544714396966 276.67599999997765 47.842009765590774 34.584619336243584 34.48889530406695 79.49880872269277 44.72704627431711 0.09572403217663188 65742.6804242793 840.0 128.0 234300.0-235199.188=840 234490.0:235085.112=128
212000 213000 275.3688964844041 399.8140338541707 302.04887305360273 692.5791015625 89.26699999999255 76.04121067952198 73.34660820093936 2244.855286966559 158.89066349494834 2.6946024785826115 225583.47665305293 2300.0 128.0 236220.0-238173.205=2300 236217.0:236635.157=128
213000 214000 5.0392207031545695 497.4803896484227 272.9043142354104 690.4528808593459 304.50789843749953 162.14981497150347 161.14600193392698 829.8454362839071 210.06233454389564 1.0038130375764935 299891.41275797965 2300.0  236220.0-238173.205=2300 
214000 215000 0.0 391.72530712891603 375.40365571694144 929.912109375 56.4089999999851 120.87309576700859 118.64141315416688 1870.4419013682168 179.54612795823144 2.231682612841706 250189.88698487298 2300.0 128.0 "236220.0-238173.205=2300 237983.0-240275.971=2300" 238199.0:238482.506=128
215000 216000 5.4231445312616415 497.3316080729128 427.4005436531546 924.68896484375 69.88789062498836 137.0765178783405 136.38216700185404 58.85737538131715 253.48493748216177 0.6943508764864618 360040.76066693163 2300.0  237983.0-240275.971=2300 
216000 217000 0.0 322.5856816406158 268.52095420157406 727.8740234375 75.03303515622974 149.6739560273426 144.56835765835856 4379.699889304844 259.05593253420943 6.1055983689840385 352453.65632876754 2300.0 128.0 "237983.0-240275.971=2300 240185.0-242039.794=2300" 240203.0:240556.038=128
217000 218000 6.4657695312344 344.4234101562567 348.47644179090764 724.3852539062791 39.736000000004424 137.9686546304819 136.69870200495322 1067.3001106951563 213.0565539224321 1.269952625528689 309405.7555081461 2300.0  240185.0-242039.794=2300 
218000 219000 0.0 314.50466308592877 451.5893596872832 990.697998046875 62.305908203125 117.68133676616257 115.49721480417865 1816.7812121418574 225.508821996158 2.1841219619839363 317319.3144829006 2300.0  "240185.0-242039.794=2300 241922.0-244021.099=2300" 
219000 220000 0.0 402.8176574218669 447.54345449940956 936.6670917968731 2.9690019531117287 184.67282473426073 181.28584762416372 2841.231017685302 252.5628770388221 3.386977110096978 349297.417189708 2300.0 128.0 "241922.0-244021.099=2300 243565.0-245674.699=2300" 243737.0:243964.928=128
220000 221000 4.1200976562686265 586.5859575195354 417.99132327648385 934.7558789062314 61.1240234375 189.31997617382186 186.8292622548672 2077.9106826427305 315.56522718247135 2.4907139189546688 439361.9018165648 2300.0 128.0 "241922.0-244021.099=2300 243565.0-245674.699=2300" "243737.0:243964.928=128 244051.0:244842.255=128"
221000 222000 0.0 464.7722070312375 358.41566801357436 927.7299765624921 57.701904296875 186.75447621023937 184.22103522225996 1286.7585755448401 276.50492549157974 2.533440987979409 383418.1349215388 2300.0 128.0 "243565.0-245674.699=2300 245433.0-247402.297=2300" 245703.0:245899.254=128
222000 223000 2.843988281209022 480.90970247397007 36.859269996215346 519.1230527343869 445.5730957031192 127.9433137384979 126.53856771751289 1163.3185119852697 209.97852430043454 1.4047460209850076 294254.10603135143 2300.0  245433.0-247402.297=2300 
223000 224000 307.9968457031355 297.9743587239548 164.77490194289268 488.2370410156145 201.919921875 110.02280274246615 109.08719565962103 778.9792510320656 172.22467492556137 0.93560708284511 240312.97738632467 2300.0 128.0 "245433.0-247402.297=2300 247711.0-249553.376=2300" 247709.0:247861.273=128
224000 225000 1.0948124999995343 450.2480247395967 309.62559555486075 797.1180781250005 201.787109375 125.35070196674309 123.08413234570483 1892.8491802299754 218.66557113392233 2.2665696210382724 301911.5715737707 2300.0  247711.0-249553.376=2300 
225000 226000 0.0 487.94132552083465 298.60073137572505 796.285890625004 200.14599609375 173.17967610434476 171.47845729900243 1421.2424108724308 296.67072016663906 1.7012188053423465 418549.46391343867 2300.0 128.0 "247711.0-249553.376=2300 249445.0-251286.545=2300" 249583.0:249753.444=128
226000 227000 0.0 459.94302050782426 248.9362447605611 718.3210039062542 122.4860839844041 149.10702889525155 146.88756359502403 1834.1322378062423 236.76618714870284 2.2194653002275024 334102.9850184954 2300.0  249445.0-251286.545=2300 
227000 228000 0.0 403.69068359375524 331.0338733008516 874.4639160156366 113.02001953125 106.82554279797381 105.49418454870188 1114.9191211823802 142.45948959962914 1.3313582492719294 198922.4041104568 2300.0 128.0 "249445.0-251286.545=2300 251655.0-254844.103=2300" 251652.0:251879.052=128
228000 229000 3.1585742187453434 486.0081354166808 244.02830375176754 741.5001171875047 255.34130859375 148.97263876853395 147.4268578272591 1283.8777988769052 230.61855248451775 1.5457809412748391 326056.5998769251 2300.0  251655.0-254844.103=2300 
229000 230000 0.0 520.3248398437499 246.05776478130204 708.589111328125 182.5712890625 178.4129025609276 176.48120627642413 1609.2254520163701 274.3268973676066 1.2124121371889176 392234.0734099577 2300.0 128.0 "251655.0-254844.103=2300 253420.0-255451.008=2300" 253205.0:253603.884=128
230000 231000 0.0 396.7128896484307 258.969138648165 813.913710937486 126.55799999998999 155.8752682606442 154.5698265188711 1091.9704900559354 228.67739268316126 2.0247258890876365 322616.5638094475 2300.0  "251655.0-254844.103=2300 253420.0-255451.008=2300" 
231000 232000 0.0 527.9195654296782 62.10021985086302 609.56201171875 462.4372558593459 159.64162991703455 157.70757018757766 1614.6243450581946 257.0015264295733 1.9340597294568842 368558.6365116487 2300.0 128.0 "253420.0-255451.008=2300 255304.0-257380.638=2300" 255203.0:255449.023=128
232000 233000 2.5201015624334104 435.5051723633005 116.24166403048393 609.1079101562791 362.7927441406355 149.5129550136285 148.30227411998885 1009.7215356416393 228.94770903519384 1.2106808936396487 331073.2589302033 2300.0  255304.0-257380.638=2300 
233000 234000 0.0 498.19621191405895 132.0036439135991 617.9099531249958 378.8068847655959 151.87350406704994 149.9755957937111 1582.6813230787538 221.88547194049698 1.8979082733388324 314277.83908911597 2300.0 128.0 "255304.0-257380.638=2300 257415.0-259136.664=2300" 257384.0:257595.558=128
234000 235000 0.0 461.051522949223 126.18061783631333 617.8161152343964 341.5210800780915 143.51214721154105 141.90460934337526 1343.889363095958 246.80748173270422 1.6075378681657975 357995.0497446867 2300.0  257415.0-259136.664=2300 
235000 236000 0.0 497.52873291016294 99.16613467715662 617.7521035156387 375.264892578125 127.5105412811408 125.88263864771072 1358.3739789855517 213.01251927969741 1.6279026334300917 307421.85687681567 2300.0 128.0 "257415.0-259136.664=2300 259256.0-260980.552=2300" 259256.0:259421.153=128
236000 237000 2.591976562514901 378.5280224609305 247.22816517651773 623.5191074218892 41.052001953125 145.87361712456362 144.8718577278809 831.8645875157612 239.0375030392109 1.0017593966827123 339025.2566956327 2300.0  "259256.0-260980.552=2300 260872.0-262746.253=2300" 
237000 238000 4.11300390624092 469.2070266927185 463.17756840969724 958.4389980468841 37.447998046875 178.02165222803202 176.49774543701517 1282.0813458620603 270.77831226550234 1.5239067910168718 381286.92452332313 2300.0 128.0 "259256.0-260980.552=2300 260872.0-262746.253=2300" 261015.0:261325.546=128
238000 239000 0.0 799.9995400390762 110.72508989759037 878.2940019531525 721.705078125 160.61250630788788 157.69837551781654 2430.237832415143 216.29589425059942 2.914130790071364 303093.05393731873 2300.0 128.0 "260872.0-262746.253=2300 262763.0-264621.737=2300" 262774.0:262930.104=128
239000 240000 134.0281816406059 432.98590917969705 588.8544677876998 849.368896484375 16.602921875019092 137.34473679129903 137.29976119337778 37.32974627463197 249.57533005988412 0.04497559792124334 351743.3024401197 2300.0 128.0 262763.0-264621.737=2300 262774.0:262930.104=128
240000 241000 0.8329453124897555 574.0250045572951 372.3996491508168 848.949951171875 150.21710351563524 131.835224215891 129.52941659699954 1924.1119151662028 164.382217181005 1.4481749950356855 231268.46822210037 2300.0  262763.0-264621.737=2300 
241000 242000 0.0 491.9062324218685 335.117035109545 829.889892578125 140.9260488281143 106.9279293096871 105.51084036819097 1170.663264351652 214.81156435003982 1.3863582404647752 304089.8212989926 2300.0 128.0 265054.0-267535.937=2300 265052.0:265193.121=128
242000 243000 0.0 491.96581640625664 321.04107369348424 827.510986328125 164.54610742186196 135.96018252072113 134.97260405843642 824.0238395269057 215.38397876940365 1.5864168098442077 301087.4880182478 2300.0 128.0 265054.0-267535.937=2300 266774.0:269956.832=128
243000 244000 0.0 444.1753808593727 221.40106654630716 699.19091796875 169.75601367186755 164.3514696247834 163.44230899630168 764.9341992269497 208.41387631240372 1.198685605809382 292337.7655471298 2300.0 128.0 "265054.0-267535.937=2300 267293.0-269397.756=2300" 266774.0:269956.832=128
244000 245000 0.0 355.06301835937194 219.16848680615738 617.3291015625 73.07108203123789 152.72526069787173 151.3448963490258 1140.2667817282897 224.05119274297135 1.3803643488459496 323825.0407306381 2300.0 128.0 267293.0-269397.756=2300 266774.0:269956.832=128
245000 246000 0.0 514.421751953123 154.63311264587577 678.895263671875 382.2748984374921 141.1400066735003 139.4335943580555 1421.9569206442995 245.3706922239801 1.7064123154447877 352204.6114985215 2300.0 128.0 "267293.0-269397.756=2300 269234.0-271266.584=2300" 266774.0:269956.832=128
246000 247000 0.0 476.4246673177113 151.25829161471128 676.672119140625 317.65773632813944 186.73547526040468 184.38371477429743 1970.276531808758 243.1789196040019 2.3517604861072443 348579.06372404925 2300.0 128.0 269234.0-271266.584=2300 "266774.0:269956.832=128 269980.0:271294.103=128"
247000 248000 0.0 352.97754785155604 213.4323176331626 624.0080761718564 23.181999999971595 165.99102088502244 164.31450422129367 1402.2934931952661 229.08788039377873 1.6765166637287428 327220.96341251367 2300.0 128.0 "269234.0-271266.584=2300 271124.0-273127.958=2300" "269980.0:271294.103=128 271309.0:272165.302=128"
248000 249000 0.0 409.20041757813885 192.1178463646545 631.3576914062724 208.8852539063082 161.8962989494492 160.19948145426332 1413.9389011436613 269.5608022703012 1.696817495185874 378426.34216019476 2300.0 128.0 "271124.0-273127.958=2300 272507.0-275217.717=2300" "271309.0:272165.302=128 272703.0:273189.895=128"
249000 250000 11.149359375005588 369.66910156251106 278.8887838737781 785.2837460937444 203.56689453125 96.74654725435828 96.17805421482494 477.5341532080152 164.00026664214164 0.5684930395333514 229885.24022032975 2300.0 128.0 "271124.0-273127.958=2300 272507.0-275217.717=2300" 272703.0:273189.895=128
250000 251000 0.0 430.0402958984341 388.9890960655862 794.9561054687365 2.0380859375 174.34240325254532 172.35127925875847 1652.6573888348228 282.7862377683864 1.9911239937868632 396115.62822284724 2300.0 128.0 "272507.0-275217.717=2300 274911.0-276919.128=2300" 274349.0:274917.675=128
251000 252000 1.6939765625284053 326.58025781250035 469.1807295940207 997.2689140624716 1.037109375 159.70620586105824 158.6973298548451 849.3426111651772 239.24723559401897 1.0088760062131368 341931.6654214619 2300.0 128.0 "272507.0-275217.717=2300 274911.0-276919.128=2300" 274349.0:274917.675=128
252000 253000 0.0 860.7634023437568 193.46652008017733 997.5648906250135 723.9619140625 173.29372177837936 170.55092579505998 2287.491850088362 262.0992018205871 2.742795983319379 369187.9864567662 2300.0 128.0 274911.0-276919.128=2300 276656.0:276942.921=128
253000 254000 227.46003515616758 261.39632161460275 384.8982836236933 704.6508789063082 11.648999999975786 105.2489078488841 104.99170383220348 214.50814991163793 206.77543180711166 0.257204016680621 293783.0199253657 2300.0 128.0 "274911.0-276919.128=2300 276959.0-278856.944=2300" 276656.0:276942.921=128
254000 255000 0.0 504.6418349609303 211.12817858451982 721.443115234375 293.029121093743 192.49091926710594 190.5350474253073 1627.6686735382686 326.6243793310504 1.9558718417986118 476076.01876727404 2300.0 128.0 "276959.0-278856.944=2300 278556.0-280491.433=2300" 278436.0:279051.353=128
255000 256000 1.858197265653871 393.2195624999974 231.78778639951088 640.8878964843461 181.51688476564595 127.59119805033956 126.18840427803104 1175.610442311713 232.63242090818812 1.402793772308509 352220.6258867823 2300.0 128.0 278556.0-280491.433=2300 278436.0:279051.353=128
256000 257000 0.0 493.52220703124766 298.8787162751098 721.906982421875 30.73599999997532 239.60235005855958 237.4424014997155 1799.8734984069215 308.8629678296153 2.1599485588440643 429983.28681117523 2300.0 128.0 "278556.0-280491.433=2300 280191.0-282068.168=2300" 280201.0:280937.616=128
257000 258000 3.8770820312784053 318.4157917968696 253.75221750355962 718.472900390625 43.96799804689363 163.258249141838 159.98970278671914 3232.6365503780557 236.57640955426257 4.268546355118837 328324.1993107436 2300.0 128.0 280191.0-282068.168=2300 280201.0:280937.616=128
258000 259000 0.0 274.58702783203626 243.50376558257418 636.31201171875 111.61800000001676 160.7937104085034 158.5808709365734 1839.210835365041 260.3603141482655 2.2128394719299775 369218.4289075707 2300.0 128.0 "280191.0-282068.168=2300 282085.0-283866.895=2300" 282095.0:282252.006=128
259000 260000 3.7987539062742144 498.1006230468629 195.00397738267424 635.9892578125 360.2119882812258 123.41504390495606 122.77289385960853 526.5630371849937 176.74665633946563 0.6421500453475534 264113.3398337322 2300.0  282085.0-283866.895=2300 
260000 261000 0.0 422.8876757812686 248.7648111941842 698.7172851563082 215.52899999998044 125.7518875239021 123.69394530288224 1722.914651096355 198.4969100636144 2.0579422210198444 294546.57653568184 2300.0 128.0 284214.0-286037.524=2300 284211.0:284427.648=128
261000 262000 2.310191406228114 365.33092903646565 305.43189919718657 698.37109375 98.302978515625 138.1111818914927 137.01362545676017 922.7439269198063 231.32711338085383 1.0975564347325102 332766.1146212565 2300.0  "284214.0-286037.524=2300 285815.0-287743.193=2300" 
262000 263000 0.9809472655761056 315.4256598307402 299.3222396809104 901.1870214844239 97.83203125 169.05858657136645 166.85623527246634 1831.7783847988449 260.0068313162088 2.2023512989000924 371930.859232279 2300.0 128.0 "284214.0-286037.524=2300 285815.0-287743.193=2300" 286064.0:286300.816=128
263000 264000 150.28903124999488 424.85548437500256 571.4518586527436 828.932968750014 20.777999999991152 126.2211894331359 125.2211894331359 0.0 202.248340160397 1.0 287804.80404485005 2300.0  285815.0-287743.193=2300 
264000 265000 276.117919921875 435.743512695306 282.0401642318646 635.176025390625 236.31099999998696 81.28179212123938 78.64533873390036 2195.893752139441 154.65422408046174 2.636453387339004 214724.98319719563 2300.0 128.0 288278.0-290115.302=2300 288277.0:288425.971=128
265000 266000 3.835124999983236 498.0824375000084 191.29425214058463 633.347900390625 362.81697460939176 129.2923468486835 128.28592427095361 833.2645392170641 209.27835647921586 1.0064225777299052 296048.1178994817 2300.0  288278.0-290115.302=2300 
266000 267000 16.703812499996275 391.62979231770925 221.18210359351187 630.00927734375 193.04899999999907 161.5450888033807 159.55732043225933 1663.844239715713 260.620436496464 1.987768371121374 399449.20560857677 2300.0 128.0 "288278.0-290115.302=2300 290283.0-291995.08=2300" 290282.0:290434.342=128
267000 268000 3.027019531233236 351.98244189455 199.55191472682674 627.9892578125 199.680908203125 187.69894140429457 186.4085482320641 1077.8570359380908 262.81059812076626 1.2903931722304538 391222.08336203307 2300.0 128.0 "290283.0-291995.08=2300 291713.0-293667.225=2300" 291702.0:292000.477=128
268000 269000 11.662994140642695 361.0272172851546 316.37982090024843 799.3750917968573 81.12074218748603 131.28516695500102 129.01722176126202 1893.8859028038682 225.21257929823378 2.267945193738998 326961.8820564347 2300.0 128.0 "290283.0-291995.08=2300 291713.0-293667.225=2300" 291702.0:292000.477=128
269000 270000 0.0 442.70307942708797 336.08164352044633 810.928085937514 152.48388671875 179.91945521808896 178.50596522651244 1183.3113884208478 263.1766947249008 1.413489991576531 374396.52691948216 2300.0 128.0 "291713.0-293667.225=2300 293548.0-295458.806=2300" 293700.0:293942.808=128
270000 271000 3.26627343747532 495.4229466145819 136.29528539894017 634.5667343750247 362.1669921875 163.0945280729334 161.33160477006015 1466.875778916987 237.9996260506655 1.7629233028732725 331330.2360414248 2300.0 128.0 293548.0-295458.806=2300 293700.0:293942.808=128
271000 272000 0.0 510.2959511718752 159.49937523027052 628.9960078125005 328.991943359375 168.52067778625462 166.88557557659047 1366.1054921170555 259.53899906196204 1.6351022096641818 364028.95939387433 2300.0 128.0 "293548.0-295458.806=2300 295340.0-297206.213=2300" 295508.0:295726.927=128
272000 273000 0.0 479.3378033854145 79.37608382683396 570.437255859375 425.0570976562449 139.561882907802 137.98785958466377 1311.559955436981 219.80513604031398 1.5740233231382426 309818.58694214583 2300.0  295340.0-297206.213=2300 
273000 274000 0.0 556.836306640626 130.76036132409396 683.645263671875 422.45374414062826 146.5939609194943 144.90013890555477 1412.4869456545175 248.85511319506924 1.69382201393953 352789.9611416426 2300.0 128.0 "295340.0-297206.213=2300 297229.0-298955.505=2300" 297207.0:297391.869=128
274000 275000 0.0 349.449675781274 280.1821226298133 680.5258789063082 0.0 161.70468103036455 160.97302457371603 606.9149696394339 240.96991495489726 0.7316564566485072 343614.07746863004 2300.0  297229.0-298955.505=2300 
275000 276000 752.0747675781022 150.72776302084094 94.74311028572973 206.589111328125 41.33612109377282 43.2608620838047 42.44442507407683 680.0958336679553 65.97052567714192 0.8164370097278725 92077.94649949088 2300.0 128.0 "297229.0-298955.505=2300 299709.0-301703.301=2300" 299707.0:299918.274=128
276000 277000 3.6220722655998543 411.8457109375013 286.8390758470467 794.9189433594001 182.47802734375 167.6102556318801 165.24394158418445 1975.4150545678197 252.99335215877323 2.3663140476956697 355201.68826305645 2300.0 128.0 299709.0-301703.301=2300 299707.0:299918.274=128
277000 278000 0.0 646.5550878906312 270.40778176597604 816.027972656244 334.707275390625 183.74589685509585 182.59364013515247 968.5656603071733 244.00548582830197 1.1522567199433802 347326.2477938206 2300.0 128.0 "299709.0-301703.301=2300 301579.0-303669.464=2300" 301201.0:301729.824=128
278000 279000 1.1643339843139984 359.0232220052276 293.85310124791073 664.3957246093778 78.23399999999674 105.4843306980799 103.81933847544683 1379.9234514570514 187.79721675118216 1.6649922226330778 264259.02765319694 2300.0  301579.0-303669.464=2300 
279000 280000 7.796015625004657 496.1019921874977 229.03622297962593 658.0550585937453 334.14892578125 119.45905223657668 118.7884575983784 556.5935497045742 195.36476869732707 0.6705946381982822 273364.99539987015 2300.0  301579.0-303669.464=2300 
280000 281000 0.0 642.0680175781599 28.790639804780916 662.4260742188198 621.7099609375 82.7833061555874 80.83170053904746 1627.2990647850188 147.36462536987585 1.9516056165399518 206570.34925268436 2300.0 128.0 304291.0-306084.725=2300 304289.0:304576.211=128
281000 282000 1.4899042968754657 499.25504785156227 172.18475628922317 621.008056640625 377.50203906249953 146.0897671882155 144.45694426950283 1359.7766194746512 200.94710642590974 1.0053113319872145 284780.2550327111 2300.0  304291.0-306084.725=2300 
282000 283000 2.226060546876397 447.8163131510373 157.4549136714803 629.14599609375 345.67499999998836 159.75455063546016 158.38035167693934 1148.1358011559346 242.98555307400233 2.0017105452462607 339484.3075538988 2300.0 128.0 "304291.0-306084.725=2300 306284.0-308134.906=2300" 306282.0:306652.881=128
283000 284000 3.047025390609633 498.4764873046952 180.65656672684176 626.219970703125 370.73300390626537 141.6088766900743 139.96505854284172 1368.8183966193883 217.40935641218005 1.00729800763044 306735.8617352553 2300.0  306284.0-308134.906=2300 
284000 285000 2.2759941405965947 381.77700195314054 247.14813899273435 640.1259765625 147.60700000001816 121.14329432386648 119.77498557390967 1143.3924508140913 220.81394858464472 2.004828889558966 312973.2084644272 2300.0 128.0 "306284.0-308134.906=2300 308273.0-310442.399=2300" 308271.0:308443.759=128
285000 286000 2.1130546875065193 498.94347265624674 199.3708064603628 639.919921875 357.9670234374935 155.25867458538525 154.90002361454637 301.98411744634166 219.9651318341461 0.3586509708388856 315637.8041345991 2300.0  308273.0-310442.399=2300 
286000 287000 0.0 432.6880286458375 179.80050543983907 637.7080078125 301.83500000002095 143.62398931272264 140.98612502816042 2197.081727601385 228.63895762020084 2.6378642845622147 318078.47789735877 2300.0 128.0 "308273.0-310442.399=2300 310474.0-312323.98=2300" 310338.0:310491.099=128
287000 288000 0.0 569.6907942708349 183.76695481806988 711.3720703125 362.04699218750466 149.31108790355322 147.47377585508556 1545.5415684767518 246.04479536912845 1.8373120484676742 346100.2284349175 2300.0 128.0 310474.0-312323.98=2300 311202.0:311809.847=128
288000 289000 0.0 391.54295976562423 269.36045633221835 724.3720703125 38.63000000000466 176.0171800832365 173.72943285277344 1904.6032616210032 277.3389229508915 2.2877472304630504 386883.7748269942 2300.0 128.0 "310474.0-312323.98=2300 312135.0-314000.961=2300" 312702.0:313011.596=128
289000 290000 3.2650078124715947 287.8867119140632 251.92815622721005 577.089111328125 57.39892578125 121.15865573619695 120.27929213129954 724.7118584042055 216.9782120806319 0.879363604897415 304654.2978519391 2300.0 128.0 "312135.0-314000.961=2300 313856.0-315789.203=2300" 312702.0:313011.596=128
290000 291000 2.587960937526077 469.0003092447878 446.73984207464014 942.4730742187239 54.93896484375 134.47202689365648 133.11431406204684 1134.0615838966548 271.92673873211425 1.3577128316096456 388460.4283783034 2300.0  "312135.0-314000.961=2300 313856.0-315789.203=2300" 
291000 292000 125.06796484376537 874.9320351562346  874.9320351562346 874.9320351562346 163.71967091907086 163.71967091907086 0.0 198.53362393059743 0.0 277749.48079655477 2300.0  313856.0-315789.203=2300 
292000 293000 276.156005859375 435.49150488281157 232.31074747602574 599.760009765625 271.22299999999814 80.20854419897967 77.60846434665275 2165.2672356592607 160.61764736424772 2.6000798523269126 223948.04168971983 2300.0 128.0 316314.0-318070.057=2300 316313.0:316461.231=128
293000 294000 1.949015624995809 499.0254921875021 140.45757245668514 598.343994140625 399.7069902343792 124.35963716215132 123.35995097505815 828.5409166652057 201.13836804672746 0.999686187093168 283475.50104093 2300.0  316314.0-318070.057=2300 
294000 295000 4.085111328109633 421.7503118489597 140.12715876175074 571.7529296875 294.2129999999888 130.2085021159011 128.23626182683014 1649.8211762649876 239.09750975536494 1.9722402890709572 333997.8190818887 2300.0 128.0 "316314.0-318070.057=2300 318341.0-320143.57=2300" 318340.0:318611.811=128
295000 296000 3.8599921875284053 498.0700039062358 99.37103626110861 568.3359375 427.8040703124716 118.49607972315638 116.92993230046335 1305.0382848933245 206.14938931581827 1.5661474226930325 293546.3155851244 2300.0  318341.0-320143.57=2300 
296000 297000 0.0 381.58805468746385 279.9579057560679 633.9541015625 80.44799999991665 130.1997136086881 128.7022122452229 1250.5539930519217 263.5387255559549 1.497501363465217 403434.8021130017 2300.0 128.0 "318341.0-320143.57=2300 320279.0-322044.264=2300" 320278.0:320429.357=128
297000 298000 2.9460195312276483 498.5269902343862 191.1409922700302 633.68408203125 363.36989843752235 146.72087702754422 145.68249909382052 859.4854931311338 203.3036477015616 1.0383779337236807 301930.1774741713 2300.0  320279.0-322044.264=2300 
298000 299000 110.48700000002282 338.6790045572755 203.3060991936196 556.173095703125 153.4099999999744 121.66322861328908 119.78087658324404 1575.7691363621213 195.8828085712689 1.882352030045031 271076.6778504853 2300.0 128.0 "320279.0-322044.264=2300 322357.0-324256.372=2300" 322354.0:322484.044=128
299000 300000 2.2870058593689464 498.8564970703155 78.36241179932364 554.26708984375 443.44590429688105 134.22103701351352 133.21937591336655 842.2825539666369 213.36792443765916 1.0016611001469915 300482.4264602382 2300.0  322357.0-324256.372=2300 
