ts te idle avg_span std_span max_span min_span c_bytes_all s_bytes_all avg_video_rate avg_audio_rate video_requests_sequence audio_requests_sequence
0.0 7000.0 7000.0 0.0 0.0 0.0 0.0 0.0 0.0 0.0 0.0 - -
7000.0 14000.0 2800.1068789062556 699.9821868489574 463.0349913948771 999.9810000000289 94.50699999998324 48758.862966896806 2768997.297741945 2300.0 128.0 9888.0#9888.0#2300_9890.0#9890.0#2300_11271.0#11271.0#2300_12312.0#12312.0#2300_13217.0#13217.0#2300 9881.0#9881.0#128_9883.0#9883.0#128_10355.0#10355.0#128_11383.0#11383.0#128_12427.0#12427.0#128_13262.0#13262.0#128
14000.0 21000.0 66.89220117189689 866.6384748535129 314.18715474393485 999.9720000000088 94.867919921875 62349.827286609776 4262918.278739481 2720.0 128.0 13217.0#13217.0#2300_14076.0#14076.0#2300_14879.0#14879.0#2300_15665.0#15665.0#2300_16602.0#16602.0#2300_17506.0#17506.0#2300_18208.0#18208.0#2300_18925.0#18925.0#2300_20765.0#20765.0#4400_20768.0#20768.0#4400 14168.0#14168.0#128_14953.0#14953.0#128_15753.0#15753.0#128_16703.0#16703.0#128_17603.0#17603.0#128_18753.0#18753.0#128_20758.0#20758.0#128_20762.0#20762.0#128
21000.0 28000.0 41.018798828125 869.8726501464844 320.1250224006267 999.4020000000019 81.59912109375 56174.189442356284 4318780.518073276 4400.0 128.0 20768.0#20768.0#4400_22370.0#22370.0#4400_24764.0#24764.0#4400_26381.0#26381.0#4400 22461.0#22461.0#128_24761.0#24761.0#128_26470.0#26470.0#128
28000.0 35000.0 361.0811972655938 948.4169718192009 97.89238117899595 999.704000000027 737.471923828125 58193.501867646286 4239909.744102473 4400.0 128.0 26381.0#26381.0#4400_28577.0#28577.0#4400_30120.0#30120.0#4400_32257.0#32257.0#4400_33962.0#33962.0#4400 28601.0#28601.0#128_30154.0#30154.0#128_32255.0#32255.0#128_33958.0#33958.0#128
35000.0 42000.0 62.112980468780734 867.2358774414024 266.6307954305001 999.9400000000023 261.9130761718843 53481.99839343712 4019011.075387911 4400.0 128.0 33962.0#33962.0#4400_36259.0#36259.0#4400_37890.0#37890.0#4400_39761.0#39761.0#4400_41762.0#41762.0#4400 36258.0#36258.0#128_37903.0#37903.0#128_39759.0#39759.0#128_41760.0#41760.0#128
42000.0 49000.0 506.4450097657391 811.6943737792826 337.66376891312615 999.3119999999763 227.6069335936918 57172.18156299278 4248927.609147932 4400.0 128.0 41762.0#41762.0#4400_43762.0#43762.0#4400_45567.0#45567.0#4400_47774.0#47774.0#4400 41760.0#41760.0#128_43760.0#43760.0#128_45580.0#45580.0#128_47771.0#47771.0#128
49000.0 56000.0 774.9758691405295 889.2891615513529 135.98066112295143 999.9650000000256 724.2480000000214 57142.88569870769 4053601.8942453805 4400.0 128.0 47774.0#47774.0#4400_49380.0#49380.0#4400_51263.0#51263.0#4400_53087.0#53087.0#4400_55261.0#55261.0#4400 49451.0#49451.0#128_51260.0#51260.0#128_53213.0#53213.0#128_55259.0#55259.0#128
56000.0 63000.0 16.944748046866152 872.8819064941417 265.4256765760242 999.9050000000279 257.2479355468531 56836.05735518335 4130874.281477336 4400.0 128.0 55261.0#55261.0#4400_57261.0#57261.0#4400_58877.0#58877.0#4400_60765.0#60765.0#4400_62760.0#62760.0#4400 57260.0#57260.0#128_59005.0#59005.0#128_60761.0#60761.0#128_62754.0#62754.0#128
63000.0 70000.0 524.2093203125987 809.4738349609252 344.7268300304658 999.661999999953 240.0209960936918 57693.17434642646 4136598.14529108 4400.0 128.0 62760.0#62760.0#4400_64761.0#64761.0#4400_66758.0#66758.0#4400_68510.0#68510.0#4400 64758.0#64758.0#128_66754.0#66754.0#128_68520.0#68520.0#128
70000.0 77000.0 37.89870312495623 870.2626621093805 275.2902838877144 999.170999999973 220.9252929686918 54973.21848618939 4043846.924052272 4400.0 128.0 68510.0#68510.0#4400_70369.0#70369.0#4400_72761.0#72761.0#4400_74762.0#74762.0#4400_76326.0#76326.0#4400 70378.0#70378.0#128_72757.0#72757.0#128_74758.0#74758.0#128_76257.0#76257.0#128
77000.0 84000.0 146.53417382820044 856.683228271475 316.13796076476217 999.1560000000172 97.422119140625 56508.71027542648 4043098.2829838432 4400.0 128.0 76326.0#76326.0#4400_78180.0#78180.0#4400_80257.0#80257.0#4400_81965.0#81965.0#4400 78177.0#78177.0#128_80254.0#80254.0#128_81991.0#81991.0#128
84000.0 91000.0 74.6201367189642 865.6724829101295 338.8897524630623 999.6130000000121 31.156982421875 57987.11644365541 4246996.156038953 4400.0 128.0 84094.0#84094.0#4400_86261.0#86261.0#4400_87823.0#87823.0#4400_89767.0#89767.0#4400 84089.0#84089.0#128_86259.0#86259.0#128_87752.0#87752.0#128_89762.0#89762.0#128
91000.0 98000.0 1264.1610449219006 819.405565011157 242.9716120623447 998.4890000000014 393.35801757808076 56521.97664630671 3956257.166244937 4400.0 128.0 89767.0#89767.0#4400_92219.0#92219.0#4400_93786.0#93786.0#4400_95408.0#95408.0#4400_97267.0#97267.0#4400 92209.0#92209.0#128_93756.0#93756.0#128_95432.0#95432.0#128_97262.0#97262.0#128
98000.0 105000.0 204.41668945306446 849.4479138183669 263.36291261979613 999.7150000000838 257.90906249999534 57233.73262996618 3786483.901607388 4400.0 128.0 97267.0#97267.0#4400_99266.0#99266.0#4400_100230.0#100230.0#4400_100231.0#100231.0#4400_101271.0#101271.0#4400_103266.0#103266.0#4400_104985.0#104985.0#4400 99262.0#99262.0#128_100258.0#100258.0#128_100260.0#100260.0#128_101267.0#101267.0#128_103263.0#103263.0#128
105000.0 112000.0 46.60327148420038 869.174591064475 252.67298665396518 999.8350000000792 307.69575195311336 53982.59686326297 3880245.9776434107 4400.0 128.0 104985.0#104985.0#4400_107266.0#107266.0#4400_108708.0#108708.0#4400_111267.0#111267.0#4400 105257.0#105257.0#128_107259.0#107259.0#128_108752.0#108752.0#128_111261.0#111261.0#128
112000.0 119000.0 30.22070898464881 871.2224113769189 252.01714914872602 999.8150000000023 321.82202343747485 57379.6762565056 4264699.441467093 4400.0 128.0 111267.0#111267.0#4400_112822.0#112822.0#4400_114759.0#114759.0#4400_116775.0#116775.0#4400_118756.0#118756.0#4400 112755.0#112755.0#128_114755.0#114755.0#128_116770.0#116770.0#128_118754.0#118754.0#128
119000.0 126000.0 1674.0223027344327 760.8539567522239 306.482961194537 999.0279999999912 340.56373242189875 52285.9791160833 3661248.117268664 4400.0 128.0 118756.0#118756.0#4400_120417.0#120417.0#4400_123611.0#123611.0#4400_125323.0#125323.0#4400 120752.0#120752.0#128_123608.0#123608.0#128_124455.0#124455.0#128
126000.0 133000.0 23.358861328219064 872.0801423339726 242.846321107753 999.5979999999981 374.131103515625 65575.721719735 4851749.092898926 4400.0 128.0 125323.0#125323.0#4400_126714.0#126714.0#4400_128071.0#128071.0#4400_130020.0#130020.0#4400_131901.0#131901.0#4400 126257.0#126257.0#128_128006.0#128006.0#128_130255.0#130255.0#128_131887.0#131887.0#128
133000.0 140000.0 413.97503125004005 823.253121093745 337.39684473463274 999.359999999986 127.424072265625 53632.044635211074 3837062.13684826 4400.0 128.0 131901.0#131901.0#4400_133955.0#133955.0#4400_135670.0#135670.0#4400_137764.0#137764.0#4400_139766.0#139766.0#4400 133952.0#133952.0#128_135754.0#135754.0#128_137758.0#137758.0#128_139761.0#139761.0#128
140000.0 147000.0 18.56377929711016 872.6795275878612 309.84328836380814 999.9859999999753 113.92529296869179 60863.53681575853 4387682.886852728 4400.0 128.0 139766.0#139766.0#4400_141555.0#141555.0#4400_143765.0#143765.0#4400_145277.0#145277.0#4400 141757.0#141757.0#128_143758.0#143758.0#128_145262.0#145262.0#128
147000.0 154000.0 449.9302226562868 935.7242539062447 98.67141235204572 999.9440000000177 736.6220703125 56771.81754166885 3948166.6367484145 4400.0 128.0 145277.0#145277.0#4400_147265.0#147265.0#4400_149261.0#149261.0#4400_151259.0#151259.0#4400_153263.0#153263.0#4400 147258.0#147258.0#128_149258.0#149258.0#128_151257.0#151257.0#128_153258.0#153258.0#128
154000.0 161000.0 60.39112500002375 867.451109374997 266.84902092483105 999.5109999999986 259.6499296874972 58643.59658071722 4129305.989339371 4400.0 128.0 153263.0#153263.0#4400_154943.0#154943.0#4400_156764.0#156764.0#4400_159260.0#159260.0#4400_160827.0#160827.0#4400 155256.0#155256.0#128_156762.0#156762.0#128_159257.0#159257.0#128_160766.0#160766.0#128
161000.0 168000.0 514.1830351562239 810.727120605472 339.8695446735038 999.0109999999986 222.10791015625 58994.530503935144 4143021.3772468707 4400.0 128.0 160827.0#160827.0#4400_162576.0#162576.0#4400_164764.0#164764.0#4400_166759.0#166759.0#4400 162754.0#162754.0#128_164758.0#164758.0#128_166756.0#166756.0#128
168000.0 175000.0 26.097591796831694 871.737801025396 278.40477181985773 999.2660000000033 210.351318359375 61971.49532151157 4349432.9031906715 4400.0 128.0 166759.0#166759.0#4400_168430.0#168430.0#4400_170758.0#170758.0#4400_172315.0#172315.0#4400_174119.0#174119.0#4400 168757.0#168757.0#128_170755.0#170755.0#128_172256.0#172256.0#128_174079.0#174079.0#128
175000.0 182000.0 288.6573144531576 838.9178356933553 319.62001515468324 999.8979999999865 97.35400390625 59330.503683899035 3977402.214945279 4400.0 128.0 174119.0#174119.0#4400_176264.0#176264.0#4400_178074.0#178074.0#4400_179960.0#179960.0#4400_181953.0#181953.0#4400 176261.0#176261.0#128_178071.0#178071.0#128_179958.0#179958.0#128_181949.0#181949.0#128
182000.0 189000.0 15.41108984395396 873.0736137695058 319.1495289993729 999.9389999999548 87.7119140625 60796.956208905634 4152920.1972691547 4400.0 128.0 181953.0#181953.0#4400_183658.0#183658.0#4400_185760.0#185760.0#4400_187759.0#187759.0#4400 181949.0#181949.0#128_183754.0#183754.0#128_185757.0#185757.0#128_187756.0#187756.0#128
189000.0 196000.0 27.511624999984633 871.5610468750019 322.57639567319717 999.5179999999818 76.8212890625 61302.78323970991 4315273.683112891 4400.0 128.0 187759.0#187759.0#4400_189510.0#189510.0#4400_191760.0#191760.0#4400_193296.0#193296.0#4400_195266.0#195266.0#4400 189756.0#189756.0#128_191756.0#191756.0#128_193257.0#193257.0#128_195257.0#195257.0#128
196000.0 203000.0 492.5222539061797 929.6396780134029 116.42329758246649 999.4320000000298 692.18603515625 57460.49110911917 4027087.6187801734 4400.0 128.0 195266.0#195266.0#4400_197267.0#197267.0#4400_199260.0#199260.0#4400_201268.0#201268.0#4400_202958.0#202958.0#4400 197264.0#197264.0#128_199259.0#199259.0#128_201263.0#201263.0#128
203000.0 210000.0 45.58909960940946 869.3013625488238 253.61133407418174 999.9790000000503 306.2359648437705 59828.28239133944 4116411.0379672456 4400.0 128.0 201268.0#201268.0#4400_202958.0#202958.0#4400_204768.0#204768.0#4400_207262.0#207262.0#4400_209026.0#209026.0#4400 203253.0#203253.0#128_204761.0#204761.0#128_207259.0#207259.0#128_208753.0#208753.0#128
210000.0 217000.0 537.3799609375419 807.8275048828073 338.21699055258364 999.3889999999665 203.198974609375 55987.41243124854 3725315.2433304884 4400.0 128.0 209026.0#209026.0#4400_210596.0#210596.0#4400_212762.0#212762.0#4400_214370.0#214370.0#4400_215762.0#215762.0#4400_215768.0#215768.0#4400_216760.0#216760.0#4400 210754.0#210754.0#128_212758.0#212758.0#128_214753.0#214753.0#128_215755.0#215755.0#128_215759.0#215759.0#128_216755.0#216755.0#128
217000.0 224000.0 384.12608007807285 826.9842399902409 301.82097749371195 999.189000000013 139.94189453125 67967.42678644281 4294274.41231865 4400.0 128.0 216760.0#216760.0#4400_218765.0#218765.0#4400_220276.0#220276.0#4400_222077.0#222077.0#4400 218761.0#218761.0#128_220259.0#220259.0#128_222195.0#222195.0#128
224000.0 231000.0 200.70381445309613 971.3280265067006 51.471540610624054 999.7569999999832 857.3191054688068 66355.50970284684 4253463.949992088 4400.0 128.0 224263.0#224263.0#4400_226257.0#226257.0#4400_227962.0#227962.0#4400_229853.0#229853.0#4400 224260.0#224260.0#128_226255.0#226255.0#128_227959.0#227959.0#128_229754.0#229754.0#128
231000.0 238000.0 21.879966796841472 872.2650041503948 344.16305523981237 999.6929999999702 20.858919921913184 60666.0809889559 3900921.5072114654 4400.0 128.0 229853.0#229853.0#4400_231733.0#231733.0#4400_233759.0#233759.0#4400_235759.0#235759.0#4400_237759.0#237759.0#4400 231754.0#231754.0#128_233757.0#233757.0#128_235757.0#235757.0#128_237757.0#237757.0#128
238000.0 245000.0 348.8191601561848 831.3976049804769 340.7786895561556 999.2380000000121 28.804886718746275 65951.66283303048 4087840.3390808995 4400.0 128.0 237759.0#237759.0#4400_239488.0#239488.0#4400_241756.0#241756.0#4400_244306.0#244306.0#4400 239599.0#239599.0#128_241755.0#241755.0#128_244305.0#244305.0#128
245000.0 252000.0 22.614007812459022 872.1732490234426 255.19046623382064 999.6970000000438 303.8200468750438 75284.56916054695 5026600.124803364 4400.0 128.0 244306.0#244306.0#4400_245878.0#245878.0#4400_247637.0#247637.0#4400_249421.0#249421.0#4400_250984.0#250984.0#4400 245253.0#245253.0#128_247255.0#247255.0#128_249252.0#249252.0#128_251116.0#251116.0#128
252000.0 259000.0 569.6158808594337 803.7980148925708 337.9040766894901 999.875 202.466064453125 58513.55614189375 3957824.574340307 4400.0 128.0 250984.0#250984.0#4400_253266.0#253266.0#4400_254929.0#254929.0#4400_256760.0#256760.0#4400_258759.0#258759.0#4400 253263.0#253263.0#128_254755.0#254755.0#128_256758.0#256758.0#128_258754.0#258754.0#128
259000.0 266000.0 54.52808789059054 868.1839890136762 281.43386100600884 999.9640000000363 193.2509765625 61947.94907659081 4308469.915801863 4400.0 128.0 258759.0#258759.0#4400_260760.0#260760.0#4400_262486.0#262486.0#4400_264758.0#264758.0#4400 260757.0#260757.0#128_262501.0#262501.0#128_264754.0#264754.0#128
266000.0 273000.0 17.657708984334022 872.7927863769582 286.4106262449213 999.9020000000019 184.499267578125 66151.75271081075 4327329.361161113 4400.0 128.0 264758.0#264758.0#4400_266320.0#266320.0#4400_268762.0#268762.0#4400_270578.0#270578.0#4400_272211.0#272211.0#4400 266254.0#266254.0#128_268759.0#268759.0#128_270257.0#270257.0#128_272222.0#272222.0#128
273000.0 280000.0 392.95618164062034 825.8804772949225 305.2740732418974 999.4089999999851 135.9130859375 63019.17990785705 4142902.717756344 4400.0 128.0 272211.0#272211.0#4400_274260.0#274260.0#4400_275783.0#275783.0#4400_278062.0#278062.0#4400_279755.0#279755.0#4400 274257.0#274257.0#128_275758.0#275758.0#128_278056.0#278056.0#128_279761.0#279761.0#128
280000.0 287000.0 36.29597656254191 870.4630029296823 307.33788552264247 999.7789999999804 119.037109375 63044.71983344022 4341144.532367091 4400.0 128.0 279755.0#279755.0#4400_281757.0#281757.0#4400_283756.0#283756.0#4400_285355.0#285355.0#4400 281754.0#281754.0#128_283753.0#283753.0#128_285365.0#285365.0#128
287000.0 294000.0 37.87322265619878 870.2658471679752 315.70871434040663 999.5060000000522 96.10888671875 62873.02595467503 4187581.2303166776 4400.0 128.0 287759.0#287759.0#4400_289397.0#289397.0#4400_291321.0#291321.0#4400_293054.0#293054.0#4400 287754.0#287754.0#128_289405.0#289405.0#128_291319.0#291319.0#128_293065.0#293065.0#128
