ts te idle avg_span std_span max_span min_span c_bytes_all s_bytes_all avg_video_rate avg_audio_rate video_requests_sequence audio_requests_sequence
0 7000 7000.0 0.0 0.0 0.0 0.0 0.0 0.0 0.0 0.0 - -
7000 14000 2288.8100625000006 942.2379874999999 122.79910006846859 999.2520000000004 722.5859375 34368.966662349645 2651974.2537504807 2300.0 128.0 9993.0#9993.0#2300_9995.0#9995.0#2300_11000.0#11000.0#2300_12020.0#12020.0#2300_12960.0#12960.0#2300_13721.0#13721.0#2300 9989.0#9989.0#128_9991.0#9991.0#128_11113.0#11113.0#128_12063.0#12063.0#128_13136.0#13136.0#128_13974.0#13974.0#128
14000 21000 1163.7839374999858 833.7451517857163 278.8663984715139 999.6739999999991 276.36906250000175 39278.033337650355 4129264.7462495193 1944.4444444444443 128.0 13721.0#13721.0#2300_14427.0#14427.0#2300_15187.0#15187.0#2300_16005.0#16005.0#2300_16844.0#16844.0#2300_17692.0#17692.0#1500_17697.0#17697.0#1500_18378.0#18378.0#1500_20060.0#20060.0#1500 13974.0#13974.0#128_14796.0#14796.0#128_15599.0#15599.0#128_16485.0#16485.0#128_17286.0#17286.0#128_17290.0#17290.0#128_18115.0#18115.0#128_18687.0#18687.0#128_20057.0#20057.0#128
21000 28000 596.9230078124965 914.7252845982148 220.50766600386783 999.8369999999995 414.6669921875 38749.89630812859 4147741.348569357 4400.0 128.0 21574.0#21574.0#4400_21576.0#21576.0#4400_23376.0#23376.0#4400_25257.0#25257.0#4400_26807.0#26807.0#4400 21566.0#21566.0#128_21571.0#21571.0#128_23548.0#23548.0#128_25255.0#25255.0#128_26805.0#26805.0#128
28000 35000 1561.040927734386 906.4931787109357 164.82780026757973 998.8359999999957 582.5940078124986 27023.939918881148 2944634.8901457153 3840.0 128.0 26807.0#26807.0#4400_28537.0#28537.0#4400_32066.0#32066.0#4400_34058.0#34058.0#3000_34061.0#34061.0#3000 28535.0#28535.0#128_32065.0#32065.0#128_34550.0#34550.0#128_34555.0#34555.0#128
35000 42000 41.35596875000192 869.8305039062498 345.7445244671061 999.0169999999998 14.730935546882392 35321.54310715508 3860437.781617416 3466.6666666666665 128.0 34061.0#34061.0#3000_35456.0#35456.0#3000_36655.0#36655.0#3000_38059.0#38059.0#3000_40066.0#40066.0#4400_40068.0#40068.0#4400 34555.0#34555.0#128_35616.0#35616.0#128_37052.0#37052.0#128_38056.0#38056.0#128_40057.0#40057.0#128_40063.0#40063.0#128
42000 49000 26.79405273438897 871.6507434082014 337.7706719856696 999.9349999999977 36.85090429687261 41963.611560490106 4496478.145339646 4400.0 128.0 42061.0#42061.0#4400_43746.0#43746.0#4400_45447.0#45447.0#4400_47230.0#47230.0#4400 42057.0#42057.0#128_43052.0#43052.0#128_45048.0#45048.0#128_47228.0#47228.0#128
49000 56000 33.26177343749441 870.8422783203132 332.92498868955175 999.5430000000051 48.726957031249185 41546.56736589986 4425541.191097947 4400.0 128.0 49007.0#49007.0#4400_50663.0#50663.0#4400_52556.0#52556.0#4400_54340.0#54340.0#4400 49003.0#49003.0#128_50659.0#50659.0#128_52555.0#52555.0#128_54338.0#54338.0#128
56000 63000 1429.844308593747 795.7365273437505 368.3900027431086 999.5749999999971 52.72473046874802 27906.518390357196 2872501.599747196 4400.0 128.0 54340.0#54340.0#4400_56558.0#56558.0#4400_60069.0#60069.0#4400_62061.0#62061.0#4400 56553.0#56553.0#128_60066.0#60066.0#128_62057.0#62057.0#128
63000 70000 43.74785156249709 869.5315185546879 344.11791552824934 998.5559999999969 18.377039062499534 36157.13071667446 3717455.663578914 3466.6666666666665 128.0 62061.0#62061.0#4400_64067.0#64067.0#4400_66068.0#66068.0#3000_66068.0#66068.0#3000_68056.0#68056.0#3000_69007.0#69007.0#3000 64061.0#64061.0#128_66082.0#66082.0#128_66087.0#66087.0#128_68552.0#68552.0#128_69201.0#69201.0#128
70000 77000 2345.2381093749864 664.965984375002 449.381700161685 997.5510000000068 36.77289062499767 20987.79263241357 2087830.379903809 4050.0 128.0 70066.0#70066.0#3000_72075.0#72075.0#4400_72080.0#72080.0#4400_74062.0#74062.0#4400 70062.0#70062.0#128_72070.0#72070.0#128_72073.0#72073.0#128_74061.0#74061.0#128
77000 84000 1031.2498964843835 994.7916839192694 7.079086713983847 999.5639999999839 980.756103515625 34337.460314657554 3450494.829314256 3280.0 128.0 78077.0#78077.0#4400_79820.0#79820.0#3000_79822.0#79822.0#3000_80974.0#80974.0#3000_82139.0#82139.0#3000 78074.0#78074.0#128_78549.0#78549.0#128_81049.0#81049.0#128_81052.0#81052.0#128_82150.0#82150.0#128
84000 91000 51.92712304687302 868.5091096191409 343.70030551443705 999.5320000000211 19.060896484355908 39025.17532692824 4031363.8541918127 4400.0 128.0 84071.0#84071.0#4400_84074.0#84074.0#4400_86060.0#86060.0#4400_88057.0#88057.0#4400_90055.0#90055.0#4400 84061.0#84061.0#128_84068.0#84068.0#128_86055.0#86055.0#128_88054.0#88054.0#128_90053.0#90053.0#128
91000 98000 36.12087304686429 870.484890869142 331.07172770083406 999.9809999999998 53.91101953123871 40199.32190808476 4182288.5740269246 4400.0 128.0 90055.0#90055.0#4400_92065.0#92065.0#4400_93799.0#93799.0#4400_95554.0#95554.0#4400_97335.0#97335.0#4400 92061.0#92061.0#128_93055.0#93055.0#128_95550.0#95550.0#128_97331.0#97331.0#128
98000 105000 24.49118359372369 871.9386020507845 322.23952852817007 999.9840000000113 77.889892578125 40245.54619598494 4306135.00140422 4400.0 128.0 97335.0#97335.0#4400_99057.0#99057.0#4400_100709.0#100709.0#4400_102468.0#102468.0#4400_104556.0#104556.0#4400 99052.0#99052.0#128_100698.0#100698.0#128_102463.0#102463.0#128_104553.0#104553.0#128
105000 112000 47.35899804686778 869.0801252441415 319.92511850668495 999.8760000000038 83.88507617187861 40159.771834962754 4231870.345209076 4400.0 128.0 104556.0#104556.0#4400_106338.0#106338.0#4400_108332.0#108332.0#4400_110141.0#110141.0#4400 106335.0#106335.0#128_108324.0#108324.0#128_110138.0#110138.0#128
112000 119000 32.562962890646304 870.9296296386692 307.99835320033895 998.8300000000017 116.90007421876362 35260.25254026502 3761410.0715294094 4400.0 128.0 112075.0#112075.0#4400_114062.0#114062.0#4400_116072.0#116072.0#4400_118072.0#118072.0#4400 112073.0#112073.0#128_114060.0#114060.0#128_116068.0#116068.0#128_118068.0#118068.0#128
119000 126000 575.2416425780975 803.0947946777378 312.3532759286775 998.198000000004 129.42703710938804 34538.05051059606 3584116.5613411013 4400.0 128.0 118072.0#118072.0#4400_120067.0#120067.0#4400_122063.0#122063.0#4400_124425.0#124425.0#4400 120065.0#120065.0#128_122061.0#122061.0#128_124419.0#124419.0#128
126000 133000 2045.749302734359 825.7084495442735 293.9798071259906 999.7680000000109 280.6886796875042 28144.739986961875 3013083.501201027 4400.0 128.0 124425.0#124425.0#4400_126083.0#126083.0#4400_128124.0#128124.0#4400_132063.0#132063.0#4400 126078.0#126078.0#128_128117.0#128117.0#128_132061.0#132061.0#128_132549.0#132549.0#128
133000 140000 52.345921875035856 868.4567597656205 349.8085442313892 999.109999999986 2.9159824218659196 37711.632781457476 3826578.139976223 3466.6666666666665 128.0 132063.0#132063.0#4400_133662.0#133662.0#4400_135405.0#135405.0#3000_135409.0#135409.0#3000_136581.0#136581.0#3000_138060.0#138060.0#3000 132549.0#132549.0#128_135430.0#135430.0#128_135433.0#135433.0#128_136606.0#136606.0#128_138058.0#138058.0#128
140000 147000 49.78719726559939 868.7766003418001 343.6055664638984 999.6080000000075 19.961904296884313 39134.66675450142 3893918.26996391 4400.0 128.0 140075.0#140075.0#4400_140077.0#140077.0#4400_142064.0#142064.0#4400_144064.0#144064.0#4400_146069.0#146069.0#4400 140065.0#140065.0#128_140072.0#140072.0#128_142061.0#142061.0#128_144061.0#144061.0#128_146063.0#146063.0#128
147000 154000 262.4767890624935 842.1904013671883 329.47279285612564 999.4109999999928 48.291101562499534 38906.27637559362 3900978.3822657787 4400.0 128.0 146069.0#146069.0#4400_148059.0#148059.0#4400_150055.0#150055.0#4400_152056.0#152056.0#4400 148057.0#148057.0#128_150051.0#150051.0#128_152055.0#152055.0#128
154000 161000 284.4021777343878 839.4497277832015 282.00142812574495 999.9979999999923 211.55589062499348 38211.00918319666 3916737.0874536065 4400.0 128.0 154059.0#154059.0#4400_156062.0#156062.0#4400_158056.0#158056.0#4400_160067.0#160067.0#4400 154056.0#154056.0#128_156060.0#156060.0#128_158052.0#158052.0#128_160064.0#160064.0#128
161000 168000 93.88383203130797 863.2645209960865 249.30538418985407 998.6359999999986 345.7890683593869 40539.34618308168 4024774.823833896 3600.0 128.0 160067.0#160067.0#4400_162059.0#162059.0#3000_162061.0#162061.0#3000_163235.0#163235.0#3000_164544.0#164544.0#3000_166064.0#166064.0#4400_166067.0#166067.0#4400 162552.0#162552.0#128_162555.0#162555.0#128_163472.0#163472.0#128_164543.0#164543.0#128_166060.0#166060.0#128_166062.0#166062.0#128
168000 175000 29.92299414065201 871.2596257324185 239.670837998152 998.0350000000035 391.76090039062547 39700.116840912204 3940148.1907118317 4400.0 128.0 168064.0#168064.0#4400_170066.0#170066.0#4400_172067.0#172067.0#4400_174059.0#174059.0#4400 168061.0#168061.0#128_170063.0#170063.0#128_172065.0#172065.0#128_174054.0#174054.0#128
175000 182000 27.964085937390337 871.5044892578262 239.66532401464667 999.4210000000021 405.2288945312903 38194.801019561215 3825809.657735019 4400.0 128.0 174059.0#174059.0#4400_176071.0#176071.0#4400_178061.0#178061.0#4400_180056.0#180056.0#4400_181814.0#181814.0#4400 176066.0#176066.0#128_178059.0#178059.0#128_180053.0#180053.0#128_181048.0#181048.0#128
182000 189000 30.185087890538853 871.2268640136826 236.7609715020784 999.5770000000193 419.936980468774 37977.02515275151 3891571.4018393224 4400.0 128.0 181814.0#181814.0#4400_184066.0#184066.0#4400_186062.0#186062.0#4400_188065.0#188065.0#4400 184063.0#184063.0#128_186058.0#186058.0#128_188061.0#188061.0#128
189000 196000 27.816994140594034 871.5228757324257 236.78198085367924 999.1330000000016 432.9900683593878 38056.29085826346 3849974.0506911967 4400.0 128.0 188065.0#188065.0#4400_190063.0#190063.0#4400_192052.0#192052.0#4400_194065.0#194065.0#4400 190061.0#190061.0#128_192050.0#192050.0#128_194062.0#194062.0#128
196000 203000 29.830666015594034 871.2711667480507 235.08825730473782 999.2399999999907 447.417062499997 36695.02998712925 3719898.392825818 4400.0 128.0 196064.0#196064.0#4400_198062.0#198062.0#4400_200060.0#200060.0#4400_202055.0#202055.0#4400 196060.0#196060.0#128_198057.0#198057.0#128_200055.0#200055.0#128_202052.0#202052.0#128
203000 210000 24.523251953010913 871.9345935058736 233.32117826457917 999.0659999999916 462.6347285156371 39321.54519123234 4016392.841423009 4400.0 128.0 202055.0#202055.0#4400_204061.0#204061.0#4400_206056.0#206056.0#4400_208064.0#208064.0#4400 204057.0#204057.0#128_206052.0#206052.0#128_208063.0#208063.0#128
210000 217000 31.430009765637806 871.0712487792953 235.34663808653733 999.8990000000049 472.1729804687493 42263.66467045285 4324171.818310894 3700.0 128.0 210055.0#210055.0#4400_212057.0#212057.0#4400_213531.0#213531.0#4400_215469.0#215469.0#3000_215474.0#215474.0#3000_216612.0#216612.0#3000 210053.0#210053.0#128_212055.0#212055.0#128_212549.0#212549.0#128_215489.0#215489.0#128_215491.0#215491.0#128_216631.0#216631.0#128
217000 224000 1971.977083984384 838.003819335936 242.03507362339104 999.7039999999979 489.4549902344006 21826.560369483264 2133520.1978997104 3000.0 128.0 216612.0#216612.0#3000_220063.0#220063.0#3000_222093.0#222093.0#3000 220061.0#220061.0#128_222553.0#222553.0#128
224000 231000 64.10797851570533 866.9865026855368 349.41883385091006 999.4659999999858 2.884074218745809 31874.56004619527 3005569.41619273 2650.0 128.0 224095.0#224095.0#3000_226055.0#226055.0#3000_228062.0#228062.0#3000_230062.0#230062.0#2300_230066.0#230066.0#2300_230598.0#230598.0#2300 224549.0#224549.0#128_226548.0#226548.0#128_228547.0#228547.0#128_230077.0#230077.0#128_230078.0#230078.0#128_230988.0#230988.0#128
231000 238000 1976.993880859227 717.5723027343962 470.90870140767197 998.3020000000251 20.23800000004121 30299.885623190043 2860230.460159711 3350.0 128.0 230598.0#230598.0#2300_234061.0#234061.0#2300_234535.0#234535.0#2300_236067.0#236067.0#4400_236070.0#236070.0#4400_237534.0#237534.0#4400 230988.0#230988.0#128_234058.0#234058.0#128_234548.0#234548.0#128_236058.0#236058.0#128_236064.0#236064.0#128_237054.0#237054.0#128
238000 245000 108.99595117178978 861.3755061035263 341.1166933730227 999.3789999999863 19.274933593755122 42670.093931866286 4422308.771810276 4400.0 128.0 236070.0#236070.0#4400_237534.0#237534.0#4400_239584.0#239584.0#4400_241135.0#241135.0#4400_243063.0#243063.0#4400 237054.0#237054.0#128_239583.0#239583.0#128_241134.0#241134.0#128_243061.0#243061.0#128
245000 252000 3491.0101152342977 584.8316474609504 458.60197526900566 998.960000000021 40.71500000002561 20099.176412690234 1883461.3586892388 2720.0 128.0 243063.0#243063.0#4400_246876.0#246876.0#2300_246880.0#246880.0#2300_248057.0#248057.0#2300_248719.0#248719.0#2300 246870.0#246870.0#128_246873.0#246873.0#128_248069.0#248069.0#128_248957.0#248957.0#128
252000 259000 54.170062499993946 992.261419642858 10.985478200567456 999.890000000014 969.4609375 39661.40118331209 3942062.332359534 3933.3333333333335 128.0 252069.0#252069.0#4400_252073.0#252073.0#4400_254056.0#254056.0#4400_256065.0#256065.0#4400_258071.0#258071.0#3000_258074.0#258074.0#3000 252064.0#252064.0#128_252067.0#252067.0#128_254053.0#254053.0#128_256061.0#256061.0#128_258088.0#258088.0#128_258089.0#258089.0#128
259000 266000 1979.3309374999371 717.238437500009 479.75266602250787 999.2390000000014 0.0 28435.598816687907 2773116.667640466 3560.0 128.0 258074.0#258074.0#3000_259058.0#259058.0#3000_260566.0#260566.0#3000_262076.0#262076.0#4400_262077.0#262077.0#4400 258088.0#258088.0#128_258089.0#258089.0#128_259214.0#259214.0#128_260584.0#260584.0#128_262069.0#262069.0#128_262071.0#262071.0#128
266000 273000 43.565914062492084 993.7762979910725 12.697786867811164 999.9070000000065 965.0380859375 40055.52255459137 3858304.9150923803 3233.3333333333335 128.0 266068.0#266068.0#4400_268051.0#268051.0#3000_268052.0#268052.0#3000_269152.0#269152.0#3000_270345.0#270345.0#3000_272065.0#272065.0#3000 266065.0#266065.0#128_268063.0#268063.0#128_268064.0#268064.0#128_269305.0#269305.0#128_270350.0#270350.0#128_272061.0#272061.0#128
273000 280000 46.00799609371461 869.2490004882857 338.62537453882317 999.7679999999818 32.640914062503725 34988.9835013113 3491715.639014152 4120.0 128.0 272065.0#272065.0#3000_274066.0#274066.0#4400_274071.0#274071.0#4400_276072.0#276072.0#4400_278057.0#278057.0#4400 274062.0#274062.0#128_274064.0#274064.0#128_276068.0#276068.0#128_278055.0#278055.0#128
280000 287000 106.35601953114383 861.705497558607 340.4189262541107 999.3090000000084 24.884910156251863 37151.79949813318 3716324.9318352616 4400.0 128.0 280094.0#280094.0#4400_282091.0#282091.0#4400_284104.0#284104.0#4400_286101.0#286101.0#4400 280092.0#280092.0#128_282089.0#282089.0#128_284102.0#284102.0#128_286097.0#286097.0#128
287000 294000 165.9458144530072 854.2567731933741 313.10258087777277 999.5210000000079 114.78892968752189 39731.347692212876 3998768.031132714 4400.0 128.0 286101.0#286101.0#4400_288097.0#288097.0#4400_290121.0#290121.0#4400_292113.0#292113.0#4400 288097.0#288097.0#128_290117.0#290117.0#128_292110.0#292110.0#128
