ts te idle avg_span std_span max_span min_span c_bytes_all s_bytes_all avg_video_rate avg_audio_rate video_requests_sequence audio_requests_sequence
0.0 7000.0 6926.008056640625 73.991943359375  73.991943359375 73.991943359375 2532.8982197829473 7382.051885954137 0.0 0.0 - -
7000.0 14000.0 1363.1740273437463 805.2608532366077 347.11011347794783 999.63400000002 35.64205664064502 76379.01580614888 3889752.4303486934 1740.0 128.0 7970.0#7970.0#2300_7971.0#7971.0#2300_9029.0#9029.0#2300_10159.0#10159.0#1500_10162.0#10162.0#1500_11093.0#11093.0#1500_11685.0#11685.0#1500_12287.0#12287.0#1500_12957.0#12957.0#1500_13656.0#13656.0#1500 7966.0#7966.0#128_7969.0#7969.0#128_9061.0#9061.0#128_10291.0#10291.0#128_10294.0#10294.0#128_11113.0#11113.0#128_11779.0#11779.0#128_12389.0#12389.0#128_13005.0#13005.0#128_13709.0#13709.0#128
14000.0 21000.0 892.4789433592232 763.4401320800971 348.97075596270525 999.4290000000037 94.04608398437267 66174.7029670247 4220105.675505444 3150.0 128.0 13656.0#13656.0#1500_14140.0#14140.0#1500_14698.0#14698.0#2300_14700.0#14700.0#2300_16519.0#16519.0#4400_16521.0#16521.0#4400_18520.0#18520.0#4400_20173.0#20173.0#4400 14225.0#14225.0#128_14227.0#14227.0#128_14827.0#14827.0#128_16514.0#16514.0#128_16516.0#16516.0#128_18515.0#18515.0#128_20509.0#20509.0#128
21000.0 28000.0 498.48004296870204 812.6899946289122 255.92346210325962 999.7989999999991 459.7529296875 59408.78699556019 4133392.8199225077 4400.0 128.0 20173.0#20173.0#4400_22535.0#22535.0#4400_24210.0#24210.0#4400_26060.0#26060.0#4400 22532.0#22532.0#128_24309.0#24309.0#128_26057.0#26057.0#128
28000.0 35000.0 423.4239570312202 822.0720053710975 352.58502116373876 999.8769999999786 46.14697265630821 56938.75583118519 3940008.589509312 4400.0 128.0 28013.0#28013.0#4400_30017.0#30017.0#4400_32018.0#32018.0#4400_34019.0#34019.0#4400 28010.0#28010.0#128_30014.0#30014.0#128_32013.0#32013.0#128_34014.0#34014.0#128
35000.0 42000.0 611.0568925780244 798.617888427747 370.3823734834436 999.9600000000792 34.382080078125 62750.4786468107 4342800.9631214775 4400.0 128.0 34019.0#34019.0#4400_35751.0#35751.0#4400_38018.0#38018.0#4400_39749.0#39749.0#4400_41512.0#41512.0#4400 35839.0#35839.0#128_38017.0#38017.0#128_39852.0#39852.0#128_41509.0#41509.0#128
42000.0 49000.0 738.9060507813701 894.4419927455185 193.97414325435014 999.9699999999721 479.780029296875 61514.56133266195 4223999.4525345005 4400.0 128.0 41512.0#41512.0#4400_43518.0#43518.0#4400_45190.0#45190.0#4400_47519.0#47519.0#4400 43515.0#43515.0#128_45203.0#45203.0#128_47516.0#47516.0#128
49000.0 56000.0 1100.9229628905887 737.3846296386764 387.9485012858884 999.9859999999753 2.76806640625 59703.055417174095 4020898.8401871184 4400.0 128.0 47519.0#47519.0#4400_49226.0#49226.0#4400_52170.0#52170.0#4400_53827.0#53827.0#4400_55484.0#55484.0#4400 49238.0#49238.0#128_52162.0#52162.0#128_53010.0#53010.0#128_55010.0#55010.0#128
56000.0 63000.0 404.4570878906525 942.220416015621 139.37029739956952 999.9400000000023 626.505999999994 66097.71607736412 4424458.18505143 4400.0 128.0 55484.0#55484.0#4400_57023.0#57023.0#4400_59023.0#59023.0#4400_60662.0#60662.0#4400_62518.0#62518.0#4400 57010.0#57010.0#128_59016.0#59016.0#128_60672.0#60672.0#128_62515.0#62515.0#128
63000.0 70000.0 26.846703125105705 871.6441621093618 345.86720234543236 999.6680000000051 16.00802148442017 66673.98715380876 4439431.885389953 4400.0 128.0 62518.0#62518.0#4400_65021.0#65021.0#4400_66552.0#66552.0#4400_68517.0#68517.0#4400 65017.0#65017.0#128_66517.0#66517.0#128_68514.0#68514.0#128
70000.0 77000.0 27.760251953091938 871.5299685058635 342.0841777437401 999.5200000000186 25.61972460936522 57081.2020285663 4035072.3697591857 4400.0 128.0 68517.0#68517.0#4400_70517.0#70517.0#4400_72520.0#72520.0#4400_74519.0#74519.0#4400_76265.0#76265.0#4400 70511.0#70511.0#128_72517.0#72517.0#128_74516.0#74516.0#128_76012.0#76012.0#128
77000.0 84000.0 77.03501562500605 865.3706230468742 334.162685807374 999.4639999999781 40.447976562485565 63516.96905431973 4335104.211792266 4400.0 128.0 76265.0#76265.0#4400_77850.0#77850.0#4400_80025.0#80025.0#4400_82019.0#82019.0#4400_83796.0#83796.0#4400 77900.0#77900.0#128_80024.0#80024.0#128_82013.0#82013.0#128_83851.0#83851.0#128
84000.0 91000.0 137.42091796878958 857.8223852539013 321.0440734434812 999.6109999999171 70.60699218750233 58937.26448362949 3817456.0852770945 4400.0 128.0 83796.0#83796.0#4400_86020.0#86020.0#4400_87789.0#87789.0#4400_90161.0#90161.0#4400 83851.0#83851.0#128_86014.0#86014.0#128_87510.0#87510.0#128_90158.0#90158.0#128
91000.0 98000.0 986.0181816407712 751.7477272949036 420.9256355370228 999.314000000013 43.930908203125 66329.48261624636 4261274.001584396 4400.0 128.0 90161.0#90161.0#4400_91933.0#91933.0#4400_93310.0#93310.0#4400_96069.0#96069.0#4400_97660.0#97660.0#4400 91510.0#91510.0#128_93328.0#93328.0#128_96064.0#96064.0#128_97517.0#97517.0#128
98000.0 105000.0 60.71290820307331 991.3267273995609 16.572798959763023 999.8910000000033 953.9220917968778 64263.12336971658 4451069.4381306665 4400.0 128.0 97660.0#97660.0#4400_100068.0#100068.0#4400_101651.0#101651.0#4400_103244.0#103244.0#4400_104786.0#104786.0#4400 100065.0#100065.0#128_101005.0#101005.0#128_103006.0#103006.0#128_104801.0#104801.0#128
105000.0 112000.0 574.825921874959 917.8820111607201 170.95086369336877 998.539999999979 534.7260000000242 61517.456966333935 4209673.182080524 4400.0 128.0 104786.0#104786.0#4400_107018.0#107018.0#4400_109015.0#109015.0#4400_111028.0#111028.0#4400 107015.0#107015.0#128_109011.0#109011.0#128_111024.0#111024.0#128
112000.0 119000.0 69.57499999995343 866.3031250000058 341.7441191160491 998.8400000000256 21.598921875003725 59919.704250765055 4073904.595225373 4400.0 128.0 111028.0#111028.0#4400_112521.0#112521.0#4400_114520.0#114520.0#4400_116520.0#116520.0#4400_118497.0#118497.0#4400 112518.0#112518.0#128_114517.0#114517.0#128_116520.0#116520.0#128_118520.0#118520.0#128
119000.0 126000.0 50.608990234381054 868.6738762207024 335.28686299911294 999.2840000000433 41.081921875011176 65725.52379545334 4304982.664507979 4400.0 128.0 118497.0#118497.0#4400_120517.0#120517.0#4400_122063.0#122063.0#4400_124092.0#124092.0#4400 120512.0#120512.0#128_122894.0#122894.0#128_124110.0#124110.0#128
126000.0 133000.0 25.538125000020955 871.8077343749974 325.2210578417744 999.6570000000065 69.80391210934613 58742.12270002329 4152974.6695731506 4400.0 128.0 126013.0#126013.0#4400_128014.0#128014.0#4400_129801.0#129801.0#4400_132019.0#132019.0#4400 126010.0#126010.0#128_128012.0#128012.0#128_130008.0#130008.0#128_132014.0#132014.0#128
133000.0 140000.0 54.50492773432052 868.1868840332099 320.22530686966684 999.6830000000191 80.08003710937919 64640.16338113833 4158611.457869866 4400.0 128.0 132019.0#132019.0#4400_133740.0#133740.0#4400_135518.0#135518.0#4400_138058.0#138058.0#4400_139678.0#139678.0#4400 133836.0#133836.0#128_135512.0#135512.0#128_138056.0#138056.0#128_139509.0#139509.0#128
140000.0 147000.0 580.5830156253651 802.4271230468294 337.5179856396103 999.9569999999367 96.21596484375186 67481.87828735558 4533467.282044669 4400.0 128.0 139678.0#139678.0#4400_141406.0#141406.0#4400_143519.0#143519.0#4400_145212.0#145212.0#4400 141420.0#141420.0#128_143514.0#143514.0#128_145388.0#145388.0#128
147000.0 154000.0 550.8551035157288 921.3064137834673 178.27890052699604 999.3429999999935 519.2119804688264 61899.49891678557 4059644.3998438055 4400.0 128.0 147011.0#147011.0#4400_149013.0#149013.0#4400_151027.0#151027.0#4400_153013.0#153013.0#4400 147008.0#147008.0#128_149009.0#149009.0#128_151022.0#151022.0#128_153010.0#153010.0#128
154000.0 161000.0 62.91601367195835 867.1354982910052 346.50335997116446 999.5410000000265 10.131083984393626 52185.03748915914 3525620.225168691 4400.0 128.0 153013.0#153013.0#4400_155013.0#155013.0#4400_156693.0#156693.0#4400_158523.0#158523.0#4400 155007.0#155007.0#128_156781.0#156781.0#128_158519.0#158519.0#128
161000.0 168000.0 28.386853515403345 871.4516433105746 339.544635434484 999.9220000000787 32.49409765622113 70267.08496115782 4794844.822146208 4400.0 128.0 161012.0#161012.0#4400_162953.0#162953.0#4400_164349.0#164349.0#4400_166518.0#166518.0#4400 161009.0#161009.0#128_162511.0#162511.0#128_164444.0#164444.0#128_166514.0#166514.0#128
168000.0 175000.0 124.69100000016624 859.4136249999792 328.48224282779125 999.5929999999353 54.895951171871275 71626.26954652829 4430822.801479556 4400.0 128.0 166518.0#166518.0#4400_168287.0#168287.0#4400_170161.0#170161.0#4400_172014.0#172014.0#4400_174016.0#174016.0#4400 168300.0#168300.0#128_170157.0#170157.0#128_172009.0#172009.0#128_174015.0#174015.0#128
175000.0 182000.0 73.76274023449514 865.7796574706881 299.0648520818442 999.8809999999357 138.324951171875 66461.93093153389 4330637.785439438 4400.0 128.0 174016.0#174016.0#4400_176021.0#176021.0#4400_178017.0#178017.0#4400_179872.0#179872.0#4400_181660.0#181660.0#4400 176018.0#176018.0#128_178013.0#178013.0#128_179974.0#179974.0#128_181672.0#181672.0#128
182000.0 189000.0 1067.2510253905784 741.5936218261777 406.47741872422563 999.7050000000163 42.665283203125 58783.76665892462 4009043.5054292483 4400.0 128.0 181660.0#181660.0#4400_183528.0#183528.0#4400_186018.0#186018.0#4400_187700.0#187700.0#4400 183522.0#183522.0#128_186016.0#186016.0#128_187510.0#187510.0#128
189000.0 196000.0 828.739181640558 881.6086883370632 197.85952013063348 998.125 487.2041015625 58691.7080058398 3961259.4861501646 4400.0 128.0 187700.0#187700.0#4400_189295.0#189295.0#4400_191515.0#191515.0#4400_193084.0#193084.0#4400_195515.0#195515.0#4400 189301.0#189301.0#128_191513.0#191513.0#128_193013.0#193013.0#128_195512.0#195512.0#128
196000.0 203000.0 31.885017578140832 871.0143728027324 232.2129248508314 998.5599999999977 478.111083984375 67747.87688359778 4500854.350938445 4400.0 128.0 195515.0#195515.0#4400_197011.0#197011.0#4400_199011.0#199011.0#4400_200695.0#200695.0#4400 197009.0#197009.0#128_199009.0#199009.0#128_200758.0#200758.0#128
203000.0 210000.0 592.170035156305 915.4042806919564 176.64126987888122 999.3349999999627 521.7779160155915 68739.32026523525 4357495.714029629 4400.0 128.0 203015.0#203015.0#4400_204876.0#204876.0#4400_207010.0#207010.0#4400_208699.0#208699.0#4400 203011.0#203011.0#128_204929.0#204929.0#128_207008.0#207008.0#128_208508.0#208508.0#128
210000.0 217000.0 538.3660820311634 807.7042397461046 370.7138385355729 999.9980000000214 12.988951171864755 56200.8007252103 3761874.224905274 4400.0 128.0 208699.0#208699.0#4400_210277.0#210277.0#4400_212518.0#212518.0#4400_214518.0#214518.0#4400_216516.0#216516.0#4400 210296.0#210296.0#128_212515.0#212515.0#128_214515.0#214515.0#128_216512.0#216512.0#128
217000.0 224000.0 493.61091210937593 813.298635986328 350.3385425098318 999.9229999999516 43.4560546875 62274.2382397489 4309646.714531913 4400.0 128.0 216516.0#216516.0#4400_218053.0#218053.0#4400_220164.0#220164.0#4400_222010.0#222010.0#4400 218051.0#218051.0#128_220159.0#220159.0#128_222008.0#222008.0#128
224000.0 231000.0 1158.0709414060693 834.5612940848472 354.195475506438 999.7950000000419 41.26611328125 59604.12136839196 3971820.099457597 4400.0 128.0 224021.0#224021.0#4400_225760.0#225760.0#4400_227601.0#227601.0#4400_230010.0#230010.0#4400 224017.0#224017.0#128_225872.0#225872.0#128_227689.0#227689.0#128_230008.0#230008.0#128
231000.0 238000.0 27.17880468745716 871.6026494140679 340.024067346786 999.9780000000028 30.84130859375 65951.04418568204 4543359.107348006 4400.0 128.0 230010.0#230010.0#4400_231782.0#231782.0#4400_233433.0#233433.0#4400_235515.0#235515.0#4400_237199.0#237199.0#4400 231858.0#231858.0#128_233450.0#233450.0#128_235513.0#235513.0#128_237212.0#237212.0#128
238000.0 245000.0 1836.183033203124 860.6361611328126 202.62579887018458 998.7519999999786 479.9799999999814 52833.25686226223 3531799.7731135464 4400.0 128.0 237199.0#237199.0#4400_239514.0#239514.0#4400_241177.0#241177.0#4400_244212.0#244212.0#4400 239512.0#239512.0#128_241186.0#241186.0#128_244206.0#244206.0#128
245000.0 252000.0 25.091283202986233 871.8635895996267 282.42696163509737 999.4320000000298 195.52372460940387 72314.77894593973 4941798.871770783 4400.0 128.0 244212.0#244212.0#4400_246078.0#246078.0#4400_247478.0#247478.0#4400_249160.0#249160.0#4400_250710.0#250710.0#4400 245510.0#245510.0#128_247012.0#247012.0#128_249013.0#249013.0#128_250725.0#250725.0#128
252000.0 259000.0 24.87506054691039 871.8906174316362 279.311262768637 999.9499999999534 205.96000781247858 57994.6732553099 4063216.975921696 4400.0 128.0 250710.0#250710.0#4400_253020.0#253020.0#4400_255020.0#255020.0#4400_256797.0#256797.0#4400_258517.0#258517.0#4400 253012.0#253012.0#128_255018.0#255018.0#128_256506.0#256506.0#128_258512.0#258512.0#128
259000.0 266000.0 700.6016601562733 787.4247924804658 296.6930732907621 999.7310000000289 215.26806835934985 61308.11393872626 4046257.4398660585 4400.0 128.0 258517.0#258517.0#4400_260517.0#260517.0#4400_262518.0#262518.0#4400_264514.0#264514.0#4400 260513.0#260513.0#128_262515.0#262515.0#128_264509.0#264509.0#128
266000.0 273000.0 15.940326171927154 873.0074592285091 234.67161110005776 999.9030000000494 458.5439453125 67346.30443321189 4449954.70282731 4400.0 128.0 264514.0#264514.0#4400_266174.0#266174.0#4400_268015.0#268015.0#4400_270011.0#270011.0#4400_272013.0#272013.0#4400 266170.0#266170.0#128_268011.0#268011.0#128_270008.0#270008.0#128_272010.0#272010.0#128
273000.0 280000.0 509.21785937505774 811.3477675781178 364.38771884166084 999.6650000000373 0.7880859375 62351.76249793605 3932311.538130957 4400.0 128.0 272013.0#272013.0#4400_274013.0#274013.0#4400_276021.0#276021.0#4400_278164.0#278164.0#4400_279781.0#279781.0#4400 274011.0#274011.0#128_276015.0#276015.0#128_278161.0#278161.0#128_279823.0#279823.0#128
280000.0 287000.0 22.455126953078434 996.7921247209888 2.4573363671322075 999.5600000000559 992.657958984375 67603.56632156568 4625938.933628609 4400.0 128.0 279781.0#279781.0#4400_281519.0#281519.0#4400_283519.0#283519.0#4400_285514.0#285514.0#4400 281531.0#281531.0#128_283517.0#283517.0#128_285511.0#285511.0#128
287000.0 294000.0 1416.39996874996 697.950003906255 434.69786726513166 999.625 7.3030410156352445 56337.41030695787 3594510.6545417975 4400.0 128.0 285514.0#285514.0#4400_287145.0#287145.0#4400_289520.0#289520.0#4400_292152.0#292152.0#4400_293717.0#293717.0#4400 287157.0#287157.0#128_289516.0#289516.0#128_292149.0#292149.0#128_293007.0#293007.0#128
