ts te idle avg_span std_span max_span min_span c_bytes_all s_bytes_all avg_video_rate avg_audio_rate video_requests_sequence audio_requests_sequence
0 2000 2000.0 0.0 0.0 0.0 0.0 0.0 0.0 0.0 0.0 0 0
2000 4000 2000.0 0.0 0.0 0.0 0.0 0.0 0.0 0.0 0.0 0 0
4000 6000 2000.0 0.0 0.0 0.0 0.0 0.0 0.0 0.0 0.0 0 0
6000 8000 1858.2719999999972 141.7280000000028  141.7280000000028 141.7280000000028 3750.0 10884.0    
8000 10000 259.6619628906483 870.1690185546759 178.09330188289906 996.0999999999767 744.238037109375 15157.267613065133 526312.7392274714    
10000 12000 10.404986328096129 663.1983378906347 377.26259327861425 994.439000000013 252.55396289064083 13686.889900715289 478904.318700262    
12000 14000 14.447136718721595 661.8509544270928 376.44856186992075 997.7530000000261 254.96294921875233 16513.542417229924 633009.4791733008    
14000 16000 977.3239335937542 340.8920221354153 252.93167536974764 623.97998046875 137.1359999999986 9907.250976774829 345269.36776031763    
16000 18000 8.878097656241152 663.7073007812529 312.6254659448761 994.99099999998 373.87601953127887 18112.621655956827 768664.7351516648    
18000 20000 6.644917968660593 664.4516940104464 311.6026574586501 995.9660000000731 377.5751171875163 14584.972429210326 746079.9522661869    
20000 22000 11.897904296871275 662.7006985677095 314.14818386549894 998.6940000000177 376.29603515623603 14886.459830303236 685689.633565822    
22000 24000 9.024164062459022 663.6586119791804 310.5504343481082 997.4980000000214 383.35893945314456 12909.627269630844 588155.3464263084    
24000 26000 22.849863281240687 659.0500455729198 312.08792742588906 999.8360000000102 387.18010351562407 12377.172511470635 551519.8214355713    
26000 28000 14.519775390625 661.8267415364584 305.6105600624728 998.9050000000279 402.83596679684706 15508.70192898283 699770.3235801166    
28000 30000 486.1179511718801 504.6273496093733 450.6749221837267 998.9189999999944 116.539306640625 12615.398379153534 602592.1861270019    
30000 32000 14.47134179691784 661.842886067694 485.2683563416468 997.4589999999735 105.43896484375 13509.552304106895 624231.585097804    
32000 34000 50.83892187505262 649.7203593749824 503.60301995253855 996.99099999998 72.14404296869179 11814.311263649866 459506.64722321817    
34000 36000 11.583951171953231 662.8053496093489 518.1939199792407 997.875 65.944091796875 14399.15840948966 728419.9040314453    
36000 38000 16.50418554682983 661.16527148439 523.9573237895402 994.7369999999646 57.25390625 13669.635109052253 711616.6048423281    
38000 40000 9.659792968828697 663.4467356770571 531.8599471457377 999.7379999999539 50.26611328119179 13684.31038419951 606103.2134982329    
40000 42000 12.699099609337281 662.4336334635542 539.1568261515623 999.713000000047 40.614013671875 11995.743962384544 615171.7923026562    
42000 44000 9.412902343727183 663.5290325520909 543.4380280746622 997.4839999999967 36.464111328125 14794.990943627661 681377.9478551537    
44000 46000 11.616037109401077 662.7946542968663 551.7916120772481 999.1080000000075 25.976074218691792 12082.05087592026 586390.549629594    
46000 48000 7.789011718763504 664.0703294270788 554.34604750408 997.789999999979 24.1640625 14329.66075918738 700773.6327026262    
48000 50000 6.911955078132451 664.3626816406226 558.1628720248221 997.9070000000065 19.985107421875 13366.779655455299 622585.5477127528    
50000 52000 350.4421074219281 824.778946289036 212.3865168384354 974.9588925780845 674.5989999999874 10245.901420433267 534989.6716901648    
52000 54000 282.7327500000829 858.6336249999586 194.24559154909662 995.9859999999171 721.28125 12651.868806750681 614153.0074955693    
54000 56000 2.8333496093400754 665.7222167968866 363.51242098629905 999.4430000000284 278.3757500000065 13592.699697541648 718711.8138596052    
56000 58000 12.01880664069904 662.6603977864337 364.79194416514076 999.5949999999139 275.2650996093871 14357.267088431709 716383.7920089127    
58000 60000 13.95501953130588 662.0149934895647 357.42553892356057 993.9380000000237 283.6309062499786 13617.889732326097 681461.147843809    
60000 62000 543.966166015598 485.344611328134 170.5076877253613 611.180908203125 291.28992578125326 10915.050379999446 529864.0615663003    
62000 64000 11.618007812532596 662.7939973958224 308.53614213208044 996.2839999999851 387.5000917968573 14259.885278486003 696140.427405733    
64000 66000 43.21487304684706 652.2617089843843 306.72707649659327 990.9220000000205 393.13509960938245 11314.45452475014 534345.3754500067    
66000 68000 11.02293164061848 662.9923561197938 295.15019361778195 992.7490000000107 423.5549726562458 14057.043943306635 670177.0457184173    
68000 70000 11.858826171956025 662.713724609348 296.96610221257407 995.9679999999935 426.1219042968587 14611.698855272009 726284.4392089372    
70000 72000 25.219970703125 658.260009765625 299.3019413981238 996.6109999999753 428.0877304687747 11390.37088016367 558582.5708953397    
72000 74000 13.618220703094266 662.1272597656352 294.9948321550293 998.4760000000242 447.3257011718815 12754.618596948174 619502.6520028557    
74000 76000 9.365156250074506 663.5449479166418 291.7205606337191 997.6309999999357 459.20892187498976 14423.987792419317 702470.082769206    
76000 78000 471.5559960938408 509.4813346353864 449.98892023008796 999.74099999998 115.27392578119179 11320.146841433347 563389.8311517251    
78000 80000 12.56167773436755 662.4794407552108 483.0856891311093 999.2289999999339 108.979248046875 14554.35894510757 685749.0460648651    
80000 82000 9.963222656224389 663.3455924479252 485.7828034042306 998.1130000000121 106.176025390625 14164.42943095285 688733.7034911995    
82000 84000 13.77092968748184 662.0763567708394 487.11966986013783 994.5329999999958 102.923095703125 14796.37682628402 655235.4912438056    
84000 86000 13.581013671937399 662.1396621093542 488.50525611862565 988.8410000000149 100.55908203119179 12332.69278434104 580763.1707415796    
86000 88000 7.107775390613824 664.2974082031287 492.96502119305455 997.7090000000317 98.039306640625 12641.414800933077 588086.679386258    
88000 90000 28.425218749966007 657.1915937500113 504.3810047409895 998.4820000000182 77.840087890625 13368.118388340741 602474.850369581    
90000 92000 16.04618554690387 661.3179381510321 518.6425083662647 999.0529999999562 64.14990234375 16116.10314076046 707672.0570209072    
92000 94000 9.713798828073777 663.4287337239754 524.3275325758436 997.7900000000373 59.131103515625 12775.683880432493 593886.1770509458    
94000 96000 11.84719726559706 662.7176009114677 529.4006478738717 995.619000000006 52.25390625 12403.135019087411 606545.647091222    
96000 98000 8.336970703152474 663.8876764322825 531.7439298007923 997.23199999996 50.658935546875 15057.830014969659 744588.2493440326    
98000 100000 700.4279355469625 649.7860322265187 417.96379286684686 945.3310644531157 354.24099999992177 9061.874350961807 439169.6808191863    
100000 102000 285.85501953132916 857.0724902343354 198.47428068805175 997.414999999979 716.7299804686918 14300.909153430046 628934.8911011931    
102000 104000 15.789078124973457 661.4036406250088 362.290597127027 998.2760000000126 278.16001953126397 16624.13250835371 770875.7692791605    
104000 106000 16.306884765625 661.2310384114584 351.42615731964827 991.5380000000005 291.93709765624953 15286.225322321658 709364.0296178062    
106000 108000 244.59402343753027 585.1353255208232 272.0220833344888 839.3979999999865 298.28898242185824 13097.30293337395 622831.3624369823    
108000 110000 5.929041015624534 664.6903196614585 312.9376158375814 999.689000000013 379.8800058593624 15874.52096219502 732702.509455624    
110000 112000 855.8930625000503 381.3689791666499 126.03480371813338 506.64399999997113 254.587890625 8121.0349734841875 357344.69576142565    
112000 114000 9.709945312526543 663.4300182291578 379.935135959551 996.1209999999846 249.4189453125 17140.8398256155 765457.6080820166    
114000 116000 8.080886718817055 663.9730377603943 385.3098386734186 998.7719999999972 242.8100585936918 15534.717058442357 744882.9613442624    
116000 118000 12.161753906169906 662.6127486979434 387.1186981137311 993.7180000000517 236.9873046875 15227.71790138839 699757.407410526    
118000 120000 228.10242187499534 590.6325260416683 446.9915944766314 997.2430000000168 112.0048828125 13390.13808626822 630821.0958301172    
120000 122000 10.824966796906665 663.0583444010311 487.655173913359 999.2729999999865 103.763916015625 12455.540663378371 550326.2930933491    
122000 124000 27.35494531248696 657.5483515625043 493.1061721765653 998.1589999999851 92.094970703125 20785.1532613622 673578.1643353992    
124000 126000 14.773064453096595 661.7423118489678 501.77785098412886 996.0 84.75390625 14968.31803938126 669911.9188652032    
126000 128000 10.584818359347992 663.1383938802173 506.7005510138774 996.9290000000037 80.090087890625 14594.582820219512 602433.2616369816    
128000 130000 11.777037109422963 662.7409876301923 516.1010606250848 999.9290000000037 68.60205078119179 13442.712316774045 660627.8474662331    
130000 132000 34.30707031249767 655.2309765625008 530.4553995489263 994.9459999999963 43.97998046869179 14135.298141714242 669025.2440497773    
132000 134000 12.12092773441691 662.626357421861 541.6421288594803 995.9309999999823 37.654052734375 14228.234527398401 737999.7178901348    
134000 136000 14.366943359375 661.877685546875 544.7426414323589 996.1720000000205 33.287109375 13578.715684006323 643056.6578611687    
136000 138000 5.308798828104045 664.8970670572986 549.0875998058293 998.0320000000065 31.143310546875 12624.38749223332 616013.5411601408    
138000 140000 9.846396484354045 663.3845345052154 556.031772902904 999.8780000000261 21.5869140625 15138.82263809267 673285.3761818692    
140000 142000 408.21491406246787 795.8925429687661 251.06468738830898 973.42208593752 618.3630000000121 10429.695690566621 543650.6471406291    
142000 144000 280.6689218750107 859.6655390624946 195.10555492904854 997.6259999999893 721.705078125 13403.738690198454 570176.5407050578    
144000 146000 49.491144531348255 650.1696184895505 361.5225378886832 998.0249999999651 276.3769218749949 13838.966272415671 628918.0015251221    
146000 148000 20.0489296875312 659.9836901041563 338.06232519863966 998.484999999986 322.36206640623277 15540.710156338613 708105.4346302139    
148000 150000 9.082064453104977 663.639311848965 329.4007910560973 997.6880000000237 339.0919960937463 11126.054691250849 544975.1452125424    
150000 152000 11.630966796947177 662.7896777343509 328.5158081039562 998.381999999925 341.8400605468778 14071.973730579752 665247.249473281    
152000 154000 9.03804687509546 663.6539843749682 321.4120519931322 993.3459999999614 351.2170273437514 14564.115113040787 689800.0090224104    
154000 156000 236.85563281265786 587.7147890624474 223.02366192849004 794.3939999999129 351.3250742187374 13012.558065816687 626349.6641259852    
156000 158000 13.595173828129191 662.1349420572902 312.26777794019546 997.0310000000172 378.9517070312286 12955.387484130046 601652.7859964953    
158000 160000 12.099080078129191 662.633639973957 308.692263817696 997.3919999999925 389.21888085937826 14751.785405398681 736549.3181628445    
160000 162000 14.311062499997206 661.8963125000009 307.4277824227191 998.4569999999949 395.8559609375079 14385.8050731873 682323.8631409211    
162000 164000 12.11607421876397 662.627975260412 301.9721364776638 996.1289999999572 407.73002343752887 13094.761274143497 635032.947159149    
164000 166000 8.981906250177417 663.6726979166075 301.6853281053337 998.640999999945 413.35609765618574 9503.930533661158 389833.8479429229    
166000 168000 10.82308789063245 663.0589707031226 296.9464957971963 993.6520000000019 418.9690039062407 14718.967054281107 708916.4394120607    
168000 170000 8.703890625038184 663.7653697916539 299.99219244914735 999.3849999999511 421.6930917968857 19388.803346599336 724915.7078555389    
170000 172000 16.21096289064735 661.2630123697842 297.41034830630247 994.39300000004 422.4399824218126 12054.448502299747 535232.4244033768    
172000 174000 12.787101562600583 662.4042994791331 297.32022815149014 996.4209999999148 426.66494531248463 14528.369956237264 694316.668768069    
174000 176000 534.3176835938357 488.5607721353881 456.49271336528534 995.9069999999483 111.05126953119179 10859.103133503982 528846.267511619    
176000 178000 9.56720507814316 663.4775983072856 487.59140773815653 997.5979999999981 103.966064453125 14641.249940008453 710602.3840466572    
178000 180000 4.749121093715075 665.083626302095 490.91992512565486 998.6140000000014 101.366943359375 14184.564116398882 707631.1975759307    
180000 182000 10.802851562446449 663.0657161458512 495.59173983898575 999.4589999999735 93.944091796875 12120.606168789596 550135.7587097976    
182000 184000 10.148150390654337 663.2839498697818 497.9695502581863 999.380999999994 91.18994140625 13730.507861293438 701545.234182523    
184000 186000 15.883638671890367 661.3721204427032 497.1017837163562 986.9859999999753 89.185302734375 13175.87135654841 611473.7352495017    
186000 188000 44.47922265622765 651.8402591145908 495.4972562906728 970.8670000000275 81.007080078125 15489.359031571415 659209.3264144724    
188000 190000 45.921958984516095 651.3593470051613 500.1782994495473 963.9039999999804 74.47412109369179 12310.94922394883 584512.8748350802    
190000 192000 14.537171875010245 661.8209427083299 517.2457216416655 998.7750000000233 66.27294921869179 14391.882317881245 751933.6677886882    
192000 194000 606.8009492187994 696.5995253906003 329.06419734821617 929.2830507812323 463.91599999996834 9811.531500476798 467860.50614973914    
194000 196000 284.9269101562677 857.5365449218662 191.65345133688328 993.0559999999823 722.01708984375 13575.373265269358 541847.7090246768    
196000 198000 12.709105468704365 662.4302981770985 362.0333647067351 993.7989999999991 276.03291015629657 14108.473342531055 752047.0048219883    
198000 200000 13.325923828058876 662.2246920573137 360.5327187387365 999.2480000000214 282.0640156250447 14340.589202992862 716847.5993319959    
200000 202000 130.8620976562379 623.0459674479207 334.8886110936932 958.8850000000093 289.1159394531278 11342.952409169626 529159.5269121057    
202000 204000 6.1660078124841675 664.611330729172 312.4700946680603 997.408000000054 377.4970371093368 14116.465662215134 682863.7234164134    
204000 206000 13.501035156310536 662.1663216145631 313.0627257076965 995.1659999999683 373.84004492184613 15014.20609806741 713096.3560524584    
206000 208000 9.009808593778871 663.6633971354071 313.0378824588165 999.8919999999925 380.6340800781036 11952.335148736267 536912.086262429    
208000 210000 8.825134765706025 663.724955078098 310.91161663503436 999.5429999999469 385.88088867184706 14495.61948156121 736010.979450707    
210000 212000 27.119058593758382 657.6269804687472 308.37553183963655 996.6820000000298 393.8830234374618 9876.695394834283 428109.2169780779    
212000 214000 10.037003906210884 663.3209986979297 300.644434099506 996.8490000000456 413.1520820312435 14329.595506372916 745725.8488661718    
214000 216000 8.229916015639901 663.92336132812 295.6767913727333 992.7140000000363 419.8580859374488 13763.141211373159 664438.8863258648    
216000 218000 13.892939453129657 662.0356868489567 302.22075089070626 999.6899999999441 416.8570019531762 14381.582829406987 665193.5330214414    
218000 220000 501.5041640625568 499.4986119791477 454.2097915803153 999.2539999999572 111.81689453125 10476.955816603284 529313.3890453638    
220000 222000 36.44688476563897 654.5177050781203 501.37752117028367 996.7929999999469 79.010009765625 12598.809735396178 601463.5166419937    
222000 224000 17.218115234398283 660.9272949218672 510.7685507795275 996.0840000000317 73.06689453125 14648.324242847113 689441.4269761327    
224000 226000 13.292931640637107 662.2356894531209 516.6322381691215 997.3199999999488 67.261962890625 14521.971512678992 729625.1878432776    
226000 228000 11.642052734387107 662.7859824218709 525.1928693408315 999.2449999999953 57.60791015625 13449.569144525289 610672.7063472203    
228000 230000 56.49964257818647 647.8334524739379 537.2634822432759 974.420999999973 27.749267578125 13653.025995792237 626653.6344991904    
230000 232000 192.81426757818554 903.5928662109072 91.27315410927197 968.1327324218582 839.0529999999562 13268.31399962663 601377.6681824913    
232000 234000 284.5930273437407 857.7034863281297 192.236190188676 993.6350000000093 721.77197265625 12844.632658286902 575027.9574579237    
234000 236000 10.361886718659662 663.2127044271134 364.0064622349279 998.984000000055 276.3660273437854 13756.026284858395 685251.1608669478    
236000 238000 8.794968750094995 663.735010416635 359.921985825032 997.841999999946 282.617914062459 14694.198154262667 710833.2287869628    
238000 240000 12.994142578099854 662.3352858073 359.8692960404815 999.8819999999832 283.6748828125419 9486.214100878815 441514.4594082173    
240000 242000 47.635986328125 650.7880045572916 360.10621959514174 997.2449999999953 278.43102539062966 13801.825227561647 618101.0980412883    
242000 244000 8.821070312522352 663.7263098958259 337.91209888040544 998.4239999999991 322.6890117187286 14067.09350072391 614994.137313801    
244000 246000 11.903859375044703 662.6987135416517 336.44741360268125 999.4649999999674 326.5710820312379 11642.632652609147 478372.59560770413    
246000 248000 8.002175781293772 663.9992747395687 331.2930091437434 997.6389999999665 335.10394140623976 15186.591959602934 694330.5495880469    
248000 250000 10.935566406231374 663.0214778645895 326.892724923765 994.1879999999655 340.5771171875531 14125.58931718731 735117.5605245307    
250000 252000 9.887216796865687 663.3709277343781 324.42489467728234 994.0270000000019 345.55868359375745 13704.733517217028 676633.8041618941    
252000 254000 10.37612695316784 663.2079576822774 324.0452747671692 996.3630000000121 349.11390039057005 14585.506458503973 730083.6946606368    
254000 256000 5.038693359470926 664.9871022135097 324.31410933556094 999.8199999999488 352.3300273437053 14344.283393642914 680179.5548122379    
256000 258000 8.208167968783528 663.9306106770722 321.58008983347906 998.2539999999572 356.8237207031343 13246.534380865603 667971.1471107954    
258000 260000 17.791128906304948 660.736290364565 318.1267074957984 993.2619999999879 359.28988867183216 14291.974301328168 681841.4532259568    
260000 262000 13.397058593807742 662.2009804687308 315.99905611978403 994.545999999973 365.58501757809427 12246.879564402403 564282.2080044793    
262000 264000 9.289929687511176 663.5700234374963 315.76347363216 998.2219999999506 370.8940761719132 13009.627779560771 631201.2464603472    
264000 266000 9.510740234400146 663.4964199218666 312.9341676906537 997.6999999999534 377.4040058593964 12479.813448054572 574070.2953871501    
266000 268000 5.2272753906436265 664.9242415364521 310.46854580245815 998.1080000000075 383.7367460937239 14463.523319380194 688227.0498939595    
268000 270000 12.096978515619412 662.6343404947935 312.37071413723686 998.2569999999832 380.39602148439735 14582.593441652267 634200.5549676522    
270000 272000 14.272683593793772 661.9091054687354 307.976576968915 993.170999999973 384.25699999998324 12256.878697401316 617460.5495750044    
272000 274000 508.19200781243853 497.2693307291872 451.34603915527276 994.4590000000317 113.34130859375 10795.26272472626 497824.928088094    
274000 276000 15.628005859442055 661.457331380186 486.6983587147195 999.8669999999693 103.685302734375 15483.95069828819 607457.6912443781    
276000 278000 10.229269531206228 663.2569101562646 494.0145496459101 998.094000000041 95.884033203125 13867.780738313893 671565.2531692694    
278000 280000 10.709953124984168 663.096682291672 499.71778406103283 999.4590000000317 88.882080078125 13967.695823864768 708753.4205903152    
280000 282000 13.345097656245343 662.2183007812515 501.5182800649001 995.2010000000009 85.406982421875 14282.024298213108 679875.6092320862    
282000 284000 11.223050781176426 662.9256497396078 502.5007139662474 994.8730000000214 84.804931640625 13745.38554288975 585382.3930122134    
284000 286000 40.6876796875149 653.1041067708284 512.0395830149225 981.1459999999497 63.083251953125 13657.352207434204 602338.9599559547    
286000 288000 243.0962519531604 878.4518740234198 77.85652109157199 933.5047480468638 823.3989999999758 11540.395808288893 596294.4388521523    
288000 290000 279.04203515627887 860.4789824218606 197.1626086574474 999.8939999999711 721.06396484375 14492.900187996189 615832.9750550519    
290000 292000 14.830054687452503 661.7233151041825 362.5398736451961 999.7310000000289 278.8310351562686 14607.790903086778 724706.9123323677    
292000 294000 16.528951171785593 661.1570162760714 352.62346774635023 995.7630000000354 292.925089843804 12815.955758723056 569280.9072434922    
294000 296000 5.954902343801223 664.6816992187329 350.01704740669896 999.8149999999441 301.47204101562966 13828.077155743118 672030.3853437852    
296000 298000 7.283947265590541 664.2386842448032 349.37194007113237 999.3699999999953 302.1839433594141 14625.822016238842 707188.4595884024    
298000 300000 348.6610136718955 550.4463287760349 216.73407660884027 726.155999999959 308.2598906250205 12244.231092171249 585105.1045349557    
