ts te idle avg_span std_span max_span min_span c_bytes_all s_bytes_all avg_video_rate avg_audio_rate video_requests_sequence audio_requests_sequence
0 7000 7000.0 0.0 0.0 0.0 0.0 0.0 0.0 0.0 0.0 - -
7000 14000 3465.5067382812267 883.6233154296933 159.83568010632797 988.4550000000163 648.59326171875 12914.826870827803 255295.46050882846 288.0 128.0 11459.0#11459.0#288 11453.0#11453.0#128
14000 21000 135.8702734374092 858.0162158203239 257.0392623532925 999.8670000000275 335.37873828125885 15500.65715287275 409689.8179718206 288.0 128.0 11459.0#11459.0#288_14939.0#14939.0#288_17596.0#17596.0#288_19664.0#19664.0#288 14967.0#14967.0#128_17667.0#17667.0#128_19878.0#19878.0#128
21000 28000 176.62304296856746 852.9221196289291 260.61667570643766 997.1720000000205 366.54401171882637 15952.314316390815 423236.08609489235 288.0 128.0 19664.0#19664.0#288_21619.0#21619.0#288_23739.0#23739.0#288_25693.0#25693.0#288_27788.0#27788.0#288 19878.0#19878.0#128_21781.0#21781.0#128_23779.0#23779.0#128_25879.0#25879.0#128_27876.0#27876.0#128
28000 35000 365.52462500007823 829.3094218749902 289.16921413666694 999.5979999999981 261.9033203125 17384.05139463131 492200.34652320785 288.0 128.0 27788.0#27788.0#288_29427.0#29427.0#288_31863.0#31863.0#288_33238.0#33238.0#288 27876.0#27876.0#128_29641.0#29641.0#128_31882.0#31882.0#128_33381.0#33381.0#128
35000 42000 170.97620703128632 853.6279741210892 288.3169214586563 997.0500000000466 177.3911132811918 16698.66928556341 454317.11652039574 288.0 128.0 33238.0#33238.0#288_35142.0#35142.0#288_37071.0#37071.0#288_38980.0#38980.0#288_40735.0#40735.0#288 35155.0#35155.0#128_37201.0#37201.0#128_39202.0#39202.0#128_40878.0#40878.0#128
42000 49000 130.58606054686243 858.6767424316422 303.99273052389816 998.9629999999306 120.904052734375 18261.99431738161 515050.9615277916 288.0 128.0 40735.0#40735.0#288_42419.0#42419.0#288_44010.0#44010.0#288_45517.0#45517.0#288_47403.0#47403.0#288 40878.0#40878.0#128_42548.0#42548.0#128_44154.0#44154.0#128_45706.0#45706.0#128_47542.0#47542.0#128
49000 56000 147.8948027343722 856.5131496582035 328.5956702984627 998.0680000000284 51.53125 17926.3813632249 462173.1825222062 288.0 128.0 47403.0#47403.0#288_49270.0#49270.0#288_51202.0#51202.0#288_52799.0#52799.0#288_54517.0#54517.0#288 47542.0#47542.0#128_49279.0#49279.0#128_51246.0#51246.0#128_52827.0#52827.0#128_54707.0#54707.0#128
56000 63000 147.78825000004144 978.8873928571369 25.07810101457163 998.7189999999828 927.1807499999995 18053.1052991074 509298.0283308573 288.0 128.0 54517.0#54517.0#288_56519.0#56519.0#288_58174.0#58174.0#288_59416.0#59416.0#288_61531.0#61531.0#288 56525.0#56525.0#128_58378.0#58378.0#128_59879.0#59879.0#128_61843.0#61843.0#128
63000 70000 200.37470312492223 971.3750424107254 54.16050685628622 998.1290000000154 849.279296875 17143.283172033174 417594.5480216083 288.0 128.0 61531.0#61531.0#288_63181.0#63181.0#288_65194.0#65194.0#288_67473.0#67473.0#288_69460.0#69460.0#288 63377.0#63377.0#128_65230.0#65230.0#128_67484.0#67484.0#128_69608.0#69608.0#128
70000 77000 170.3173144531902 853.7103356933512 296.0140781937174 998.9409999999916 144.75270312500652 16794.50870264371 462801.04281311814 288.0 128.0 69460.0#69460.0#288_71453.0#71453.0#288_73361.0#73361.0#288_75326.0#75326.0#288_76943.0#76943.0#288 69608.0#69608.0#128_71575.0#71575.0#128_73381.0#73381.0#128_75356.0#75356.0#128
77000 84000 173.5270820313599 853.30911474608 296.28156895883563 997.2909999999683 157.80001757811988 20885.627363797088 595696.8592240425 288.0 128.0 75326.0#75326.0#288_76943.0#76943.0#288_78251.0#78251.0#288_79597.0#79597.0#288_81261.0#81261.0#288_82924.0#82924.0#288 77048.0#77048.0#128_78681.0#78681.0#128_80416.0#80416.0#128_81940.0#81940.0#128_83265.0#83265.0#128
84000 91000 147.78100976569112 856.5273737792886 269.68484542806476 997.3209999999963 264.36409960937453 18365.76729519847 494456.01687700325 288.0 128.0 82924.0#82924.0#288_84474.0#84474.0#288_86267.0#86267.0#288_88044.0#88044.0#288_89851.0#89851.0#288 83265.0#83265.0#128_84677.0#84677.0#128_86381.0#86381.0#128_88054.0#88054.0#128_89857.0#89857.0#128
91000 98000 171.9569980467786 853.5053752441527 262.21308793449214 999.1780000000726 340.0111093749874 18536.744714677356 520056.172643155 288.0 128.0 89851.0#89851.0#288_91339.0#91339.0#288_93030.0#93030.0#288_95013.0#95013.0#288_96452.0#96452.0#288 91382.0#91382.0#128_93093.0#93093.0#128_95022.0#95022.0#128_96685.0#96685.0#128
98000 105000 1052.6017949218513 849.6283150111641 208.04461342112776 998.6459999999497 463.1361074218876 34538.33542726138 989961.3872971104 2344.0 128.0 96452.0#96452.0#288_98276.0#98276.0#288_100213.0#100213.0#4400_103557.0#103557.0#4400 98289.0#98289.0#128_100303.0#100303.0#128_103647.0#103647.0#128
105000 112000 319.64712695305934 835.0441091308676 287.47857397684135 998.8570000000182 216.8659023437649 49639.064966441285 1180557.5745632225 2077.714285714286 128.0 100213.0#100213.0#4400_103557.0#103557.0#4400_108317.0#108317.0#4400_109390.0#109390.0#480_110275.0#110275.0#288_110963.0#110963.0#288_111598.0#111598.0#288 109495.0#109495.0#128_110376.0#110376.0#128_111020.0#111020.0#128_111677.0#111677.0#128
112000 119000 1276.8150683593703 715.3981164550787 397.90163886911864 999.5430000000051 107.64990234375 46672.10849154599 1088733.0541344201 426.0 128.0 111598.0#111598.0#288_112338.0#112338.0#288_113021.0#113021.0#288_113567.0#113567.0#288_114280.0#114280.0#288_114942.0#114942.0#288_116892.0#116892.0#840_118481.0#118481.0#840 112380.0#112380.0#128_113036.0#113036.0#128_113682.0#113682.0#128_114307.0#114307.0#128_114949.0#114949.0#128_116887.0#116887.0#128_118602.0#118602.0#128
119000 126000 929.8699824218638 867.1614310825909 188.3839149307484 996.5019999999786 581.117919921875 34720.5921551934 896265.7578167452 840.0 128.0 118481.0#118481.0#840_120369.0#120369.0#840_122383.0#122383.0#840_124381.0#124381.0#840 118602.0#118602.0#128_120379.0#120379.0#128_122381.0#122381.0#128_124379.0#124379.0#128
126000 133000 97.54366796871182 862.807041503911 242.37875838133746 999.765000000014 417.53508007811615 40550.924747247846 1040078.7418837876 840.0 128.0 124381.0#124381.0#840_126694.0#126694.0#840_128398.0#128398.0#840_129891.0#129891.0#840_131896.0#131896.0#840 126654.0#126654.0#128_128393.0#128393.0#128_129887.0#129887.0#128_131891.0#131891.0#128
133000 140000 78.09436914057005 865.2382038574287 233.32279274270937 998.6500000000815 470.5307480468764 35833.927294476816 878921.0158081602 840.0 128.0 131896.0#131896.0#840_133889.0#133889.0#840_135891.0#135891.0#840_137896.0#137896.0#840_139525.0#139525.0#840 133885.0#133885.0#128_135885.0#135885.0#128_137891.0#137891.0#128_139521.0#139521.0#128
140000 147000 68.02785156248137 866.4965185546898 241.85635373861106 999.4519999999902 457.58203125 36546.13032773714 935067.127837102 840.0 128.0 139525.0#139525.0#840_141892.0#141892.0#840_143507.0#143507.0#840_145387.0#145387.0#840 141887.0#141887.0#128_143505.0#143505.0#128_145384.0#145384.0#128
147000 154000 63.058958984329365 867.1176301269588 237.77464923173184 998.5850000000792 429.174072265625 34156.08675985217 870029.1639811108 840.0 128.0 145387.0#145387.0#840_147391.0#147391.0#840_149388.0#149388.0#840_151388.0#151388.0#840_153390.0#153390.0#840 147386.0#147386.0#128_149386.0#149386.0#128_151386.0#151386.0#128_153386.0#153386.0#128
154000 161000 751.18214257824 781.10223217772 334.7790846846424 999.5320000000065 90.6279296875 36621.26410186981 882447.0442926015 840.0 128.0 153390.0#153390.0#840_154912.0#154912.0#840_156888.0#156888.0#840_158891.0#158891.0#840_160886.0#160886.0#840 154884.0#154884.0#128_156885.0#156885.0#128_158886.0#158886.0#128_160882.0#160882.0#128
161000 168000 72.1016738282051 865.9872907714744 324.49844949028363 998.9729999999981 66.687255859375 41162.378284636594 1117070.0818622701 840.0 128.0 160886.0#160886.0#840_162886.0#162886.0#840_164882.0#164882.0#840_166294.0#166294.0#840 160882.0#160882.0#128_162884.0#162884.0#128_164880.0#164880.0#128_166312.0#166312.0#128
168000 175000 918.6252265625517 868.7678247767783 197.74292773362595 998.5420000000158 574.6199999999953 34282.774720097674 846918.0954267408 840.0 128.0 168892.0#168892.0#840_170267.0#170267.0#840_172391.0#172391.0#840_174386.0#174386.0#840 168887.0#168887.0#128_170278.0#170278.0#128_172387.0#172387.0#128_174383.0#174383.0#128
175000 182000 392.21413671859773 825.9732329101753 240.8650128448384 998.9619999999995 409.9359707031981 39823.167534218075 1042291.4810718587 840.0 128.0 174386.0#174386.0#840_176392.0#176392.0#840_178149.0#178149.0#840_179885.0#179885.0#840_181890.0#181890.0#840 176389.0#176389.0#128_178157.0#178157.0#128_179880.0#179880.0#128_181886.0#181886.0#128
182000 189000 389.34491796873044 826.3318852539087 241.1629797669015 999.8229999999749 442.27410742186476 35088.47740630686 871133.8605809319 840.0 128.0 181890.0#181890.0#840_183884.0#183884.0#840_185887.0#185887.0#840_187888.0#187888.0#840 181886.0#181886.0#128_183883.0#183883.0#128_185885.0#185885.0#128_187885.0#187885.0#128
189000 196000 1102.550066406373 842.4928476562325 225.9612082555051 999.5250000000233 485.082025390584 38533.382431452526 1019804.1630753961 840.0 128.0 187888.0#187888.0#840_189507.0#189507.0#840_191365.0#191365.0#840_193507.0#193507.0#840_195389.0#195389.0#840 189504.0#189504.0#128_191384.0#191384.0#128_193505.0#193505.0#128_195385.0#195385.0#128
196000 203000 809.4439082032768 884.3651559709605 214.6399533544069 999.0740000000224 440.1400917968713 35817.454103312615 895192.8107896154 840.0 128.0 195389.0#195389.0#840_197385.0#197385.0#840_199391.0#199391.0#840_200892.0#200892.0#840 197383.0#197383.0#128_199387.0#199387.0#128_200889.0#200889.0#128
203000 210000 1016.1849003905663 854.8307285156334 331.390422253361 998.6010000000242 108.777099609375 42543.83097498897 1090970.0256207343 840.0 128.0 203384.0#203384.0#840_204887.0#204887.0#840_206893.0#206893.0#840_208603.0#208603.0#840 203381.0#203381.0#128_204885.0#204885.0#128_206887.0#206887.0#128_208616.0#208616.0#128
210000 217000 75.06214648450259 865.6172316894372 328.21244065076115 999.1949999999488 58.626953125 33753.23213413707 866610.1992113073 840.0 128.0 208603.0#208603.0#840_210888.0#210888.0#840_212889.0#212889.0#840_214885.0#214885.0#840_216393.0#216393.0#840 210884.0#210884.0#128_212887.0#212887.0#128_214881.0#214881.0#128_216391.0#216391.0#128
217000 224000 549.4718808594625 921.5040170200767 156.72611617204151 999.4279999999562 573.174072265625 38709.75654485641 1008506.1651824876 840.0 128.0 216393.0#216393.0#840_218390.0#218390.0#840_220385.0#220385.0#840_222393.0#222393.0#840_223997.0#223997.0#840 218386.0#218386.0#128_220381.0#220381.0#128_222389.0#222389.0#128
224000 231000 188.7300996093545 851.4087375488307 238.55021028282863 998.655999999959 419.917927734321 39513.668581474834 948512.4571720718 840.0 128.0 223997.0#223997.0#840_225890.0#225890.0#840_227889.0#227889.0#840_229885.0#229885.0#840 224007.0#224007.0#128_225886.0#225886.0#128_227885.0#227885.0#128_229882.0#229882.0#128
231000 238000 95.98503906256519 863.0018701171794 248.48708254434916 999.0829999999842 443.07602734374814 36090.106854051184 909067.3010078982 840.0 128.0 229885.0#229885.0#840_231889.0#231889.0#840_233885.0#233885.0#840_235503.0#235503.0#840_237889.0#237889.0#840 231886.0#231886.0#128_233882.0#233882.0#128_235498.0#235498.0#128_237884.0#237884.0#128
238000 245000 59.521880859392695 867.5597648925759 238.91277671045322 998.2010000000009 442.904052734375 40686.429894163404 1046034.2168872138 840.0 128.0 237889.0#237889.0#840_239519.0#239519.0#840_241389.0#241389.0#840_243390.0#243390.0#840 237884.0#237884.0#128_239517.0#239517.0#128_241384.0#241384.0#128_243386.0#243386.0#128
245000 252000 1222.7819316404639 825.3168669085052 213.84407771357144 994.5600000000559 514.0599472656613 37444.27902292558 917726.0007935689 840.0 128.0 245395.0#245395.0#840_247359.0#247359.0#840_248926.0#248926.0#840_251389.0#251389.0#840 245392.0#245392.0#128_247383.0#247383.0#128_248883.0#248883.0#128_251385.0#251385.0#128
252000 259000 1200.161011718912 724.979873535136 353.0402459738363 999.9309999999823 89.412109375 39946.42778175872 911320.4545024786 840.0 128.0 251389.0#251389.0#840_252924.0#252924.0#840_254885.0#254885.0#840_256890.0#256890.0#840_258882.0#258882.0#840 252881.0#252881.0#128_254883.0#254883.0#128_256887.0#256887.0#128_258881.0#258881.0#128
259000 266000 278.4361093749758 960.2234129464321 68.88219188898609 999.7989999999991 822.6049999999814 40145.26821164382 1031135.1796222395 840.0 128.0 258882.0#258882.0#840_260883.0#260883.0#840_262892.0#262892.0#840_264396.0#264396.0#840 258881.0#258881.0#128_260881.0#260881.0#128_262888.0#262888.0#128_264390.0#264390.0#128
266000 273000 1343.26402929693 808.1051386718672 236.7551972915551 996.9189999999944 475.1030000000028 38146.25730950597 988525.7775266425 840.0 128.0 266383.0#266383.0#840_268386.0#268386.0#840_270394.0#270394.0#840_272386.0#272386.0#840 266379.0#266379.0#128_268382.0#268382.0#128_270389.0#270389.0#128_272383.0#272383.0#128
273000 280000 141.12096875009593 857.359878906238 241.25162015326185 999.1570000000065 421.1120292969281 40943.277281912306 1076327.8208720356 840.0 128.0 272386.0#272386.0#840_273936.0#273936.0#840_275888.0#275888.0#840_277889.0#277889.0#840_279889.0#279889.0#840 273882.0#273882.0#128_275886.0#275886.0#128_277885.0#277885.0#128_279885.0#279885.0#128
280000 287000 82.06196484377142 864.7422543945286 237.22402010647627 999.7889999999898 479.70299804687966 36976.04940964324 957527.1322023019 840.0 128.0 279889.0#279889.0#840_281890.0#281890.0#840_283509.0#283509.0#840_285880.0#285880.0#840 279885.0#279885.0#128_281886.0#281886.0#128_283507.0#283507.0#128_285878.0#285878.0#128
287000 294000 69.46413671865594 866.316982910168 245.60198874710338 999.9570000000531 437.347900390625 38126.4265252538 955841.4283720738 840.0 128.0 285880.0#285880.0#840_287497.0#287497.0#840_289393.0#289393.0#840_291395.0#291395.0#840_293391.0#293391.0#840 287494.0#287494.0#128_289388.0#289388.0#128_291389.0#291389.0#128_293387.0#293387.0#128
