ts te idle avg_span std_span max_span min_span c_bytes_all s_bytes_all avg_video_rate avg_audio_rate video_requests_sequence audio_requests_sequence
0 6000 6000.0 0.0 0.0 0.0 0.0 0.0 0.0 0.0 0.0 - -
6000 12000 1094.4217421874055 981.1156515625189 14.990628000897027 998.5340000000433 963.7392578125 46787.37891149652 1626672.0067549068 480.0 128.0 7167.0#7167.0#480_7667.0#7667.0#480_8234.0#8234.0#480_8925.0#8925.0#480_9900.0#9900.0#480_10263.0#10263.0#480_10895.0#10895.0#480_11723.0#11723.0#480 7163.0#7163.0#128_7671.0#7671.0#128_7810.0#7810.0#128_8245.0#8245.0#128_9897.0#9897.0#128_10105.0#10105.0#128_10785.0#10785.0#128_11193.0#11193.0#128_11733.0#11733.0#128
12000 18000 2337.267199218739 610.4554667968769 447.82060554308964 997.8180000000284 36.16174218751257 30343.931602978235 1183191.8206018338 1672.0 128.0 11723.0#11723.0#480_12085.0#12085.0#480_15215.0#15215.0#4400_16322.0#16322.0#1500_17489.0#17489.0#1500 15208.0#15208.0#128_15401.0#15401.0#128_16705.0#16705.0#128_17622.0#17622.0#128
18000 24000 535.6730585937039 780.6181344866137 373.42099859602496 999.5659999999916 135.97694140626118 39082.68948552525 1837693.1726432594 1500.0 128.0 17489.0#17489.0#1500_18728.0#18728.0#1500_19955.0#19955.0#1500_21186.0#21186.0#1500_22318.0#22318.0#1500 18792.0#18792.0#128_20052.0#20052.0#128_22208.0#22208.0#128
24000 30000 1855.7638925780193 828.8472214843962 275.26472485092523 998.3620000000228 364.26699999999255 34437.005927974365 1473484.659201416 1900.0 128.0 25204.0#25204.0#1500_26186.0#26186.0#1500_28221.0#28221.0#2300_29850.0#29850.0#2300 25200.0#25200.0#128_26203.0#26203.0#128_28213.0#28213.0#128_29700.0#29700.0#128
30000 36000 300.803107421787 814.1709846540305 323.82650213346506 999.3520000000717 211.50989257812034 36994.994072025635 1811580.340798584 2300.0 128.0 28221.0#28221.0#2300_29850.0#29850.0#2300_32214.0#32214.0#2300_33854.0#33854.0#2300 29700.0#29700.0#128_32212.0#32212.0#128_33701.0#33701.0#128
36000 42000 1162.1759453125414 967.5648109374918 65.07616860275289 999.8709999999264 851.2060546875 35058.44142627917 1714194.035162049 2300.0 128.0 37216.0#37216.0#2300_38906.0#38906.0#2300_40522.0#40522.0#2300 37213.0#37213.0#128_37402.0#37402.0#128_39699.0#39699.0#128_41699.0#41699.0#128
42000 48000 37.49976562493248 851.7857477678668 315.4967803585918 998.9980000000214 148.30894531251397 42175.4808933516 2112248.881584159 2300.0 128.0 40522.0#40522.0#2300_42202.0#42202.0#2300_43809.0#43809.0#2300_45753.0#45753.0#2300_47337.0#47337.0#2300 41699.0#41699.0#128_43287.0#43287.0#128_45312.0#45312.0#128_47300.0#47300.0#128
48000 54000 1954.3033789063338 674.2827701822777 444.1780244534128 997.0869999999995 54.55099999991944 29494.661187785383 1385427.2723865914 2033.3333333333333 128.0 47337.0#47337.0#2300_51205.0#51205.0#2300_53215.0#53215.0#1500 51203.0#51203.0#128_51401.0#51401.0#128
54000 60000 847.7149101564428 736.0407271205082 448.0377437830251 999.170999999973 21.42599999991944 30963.416492583845 1321194.8108672001 1500.0 128.0 53215.0#53215.0#1500_55199.0#55199.0#1500_56430.0#56430.0#1500_57456.0#57456.0#1500 55196.0#55196.0#128_55330.0#55330.0#128_57292.0#57292.0#128
60000 66000 1176.8817128906376 964.6236574218725 72.92599546322641 999.9400000000023 834.269287109375 36950.06045712738 1580761.3033487527 1500.0 128.0 61190.0#61190.0#1500_62508.0#62508.0#1500_63598.0#63598.0#1500_65199.0#65199.0#1500 61187.0#61187.0#128_61315.0#61315.0#128_63215.0#63215.0#128_65193.0#65193.0#128
66000 72000 1524.537980468769 745.9103365885385 353.61502046268515 999.5680000000284 162.18771289061988 36982.374500375896 1611520.7972698058 1900.0 128.0 65199.0#65199.0#1500_66383.0#66383.0#1500_69209.0#69209.0#2300_71092.0#71092.0#2300 66701.0#66701.0#128_69201.0#69201.0#128_70202.0#70202.0#128
72000 78000 70.31927734374767 847.0972460937503 319.6402570497494 998.3649999999907 137.86069335939828 39681.04555503694 1884021.2063474106 2300.0 128.0 71092.0#71092.0#2300_72424.0#72424.0#2300_75199.0#75199.0#2300_76616.0#76616.0#2300 72208.0#72208.0#128_75196.0#75196.0#128_76201.0#76201.0#128_77702.0#77702.0#128
78000 84000 28.130041015683673 853.1242798549023 304.9798536235564 999.9899999999907 181.5609707031981 44700.3997476489 2132878.8211017284 2300.0 128.0 76616.0#76616.0#2300_78512.0#78512.0#2300_80150.0#80150.0#2300_81810.0#81810.0#2300_83867.0#83867.0#2300 77702.0#77702.0#128_79698.0#79698.0#128_81699.0#81699.0#128_83700.0#83700.0#128
84000 90000 27.416974609310273 853.2261464843842 299.40541448943907 999.734999999986 196.85101171873976 43612.2563800342 2161481.440018246 2300.0 128.0 83867.0#83867.0#2300_85855.0#85855.0#2300_87373.0#87373.0#2300_89391.0#89391.0#2300 85700.0#85700.0#128_87302.0#87302.0#128_89322.0#89322.0#128
90000 96000 1964.343986328051 672.6093356119915 449.82624664943637 999.2829999999958 0.0 30381.088882095184 1281817.3471942719 2300.0 128.0 89391.0#89391.0#2300_93217.0#93217.0#2300_94679.0#94679.0#2300 93214.0#93214.0#128_93346.0#93346.0#128_95315.0#95315.0#128
96000 102000 1046.4609101562528 825.5898483072912 336.3525547119742 998.9610000000102 147.3159726561862 37518.84988098153 1740302.5219803457 2300.0 128.0 94679.0#94679.0#2300_96579.0#96579.0#2300_98350.0#98350.0#2300_101202.0#101202.0#2300 97309.0#97309.0#128_101198.0#101198.0#128_101400.0#101400.0#128
102000 108000 1836.9040253906278 693.849329101562 420.4557353235366 999.085000000021 139.02988281252328 33799.500118595475 1469389.9372416926 1700.0 128.0 101202.0#101202.0#2300_103102.0#103102.0#1500_104056.0#104056.0#1500_107192.0#107192.0#1500 103253.0#103253.0#128_107190.0#107190.0#128_107311.0#107311.0#128
108000 114000 58.71482617181027 848.7550248325986 319.55331243283257 999.9459999999963 139.15690820320742 45315.085643177714 1977758.3215380402 1980.0 128.0 107192.0#107192.0#1500_108199.0#108199.0#1500_109368.0#109368.0#2300_111209.0#111209.0#2300_113205.0#113205.0#2300 109314.0#109314.0#128_111203.0#111203.0#128_113201.0#113201.0#128
114000 120000 37.738255859410856 851.7516777343699 306.17066891675034 998.5559999999823 176.2587343750056 37714.69960064821 1769747.6285799576 2300.0 128.0 113205.0#113205.0#2300_114939.0#114939.0#2300_116452.0#116452.0#2300_119193.0#119193.0#2300 114201.0#114201.0#128_116701.0#116701.0#128_119190.0#119190.0#128
120000 126000 1607.5159589844989 627.4977201450716 392.52287948656635 999.5599999999977 70.56699999998091 35679.550998097846 1543939.086612368 2300.0 128.0 119193.0#119193.0#2300_121146.0#121146.0#2300_124469.0#124469.0#2300 120203.0#120203.0#128_124467.0#124467.0#128_124652.0#124652.0#128
126000 132000 598.4610546876211 771.6484207589112 303.89763506031204 999.5339999999851 292.2709960936918 42986.666145747135 1911505.5004134465 1633.3333333333333 128.0 124469.0#124469.0#2300_126340.0#126340.0#1500_127456.0#127456.0#1500_128739.0#128739.0#1500_129856.0#129856.0#1500_131710.0#131710.0#1500 127318.0#127318.0#128_127623.0#127623.0#128_129703.0#129703.0#128_131707.0#131707.0#128
132000 138000 74.09804882807657 846.557421595989 290.1023979550713 999.445000000007 235.845947265625 32958.07511719345 1414746.5907683773 1500.0 128.0 131710.0#131710.0#1500_133706.0#133706.0#1500_135703.0#135703.0#1500_137207.0#137207.0#1500 133701.0#133701.0#128_135701.0#135701.0#128_137201.0#137201.0#128
138000 144000 2696.691865234403 660.6616269531194 423.748079593991 997.0899999999674 34.35400000005029 22879.264347765376 934437.5155640745 1500.0 128.0 137207.0#137207.0#1500_139201.0#139201.0#1500_143210.0#143210.0#1500 139199.0#139199.0#128_143206.0#143206.0#128_143333.0#143333.0#128
144000 150000 1847.6330156248296 692.0611640625284 420.8187824590435 998.0450000000419 136.3629179688287 35976.42315602899 1440254.4514513107 1700.0 128.0 143210.0#143210.0#1500_144190.0#144190.0#1500_147203.0#147203.0#2300_149232.0#149232.0#1500 147196.0#147196.0#128_147341.0#147341.0#128_149255.0#149255.0#128
150000 156000 1542.2160722656408 742.9639879557266 358.9947866578669 998.9579999999842 143.58293359377421 35854.878745878756 1537029.802891154 1660.0 128.0 149232.0#149232.0#1500_150276.0#150276.0#1500_153211.0#153211.0#1500_154321.0#154321.0#1500_155341.0#155341.0#2300 153205.0#153205.0#128_153340.0#153340.0#128_155312.0#155312.0#128
156000 162000 2018.4519941406907 663.5913343098849 450.56940103419754 994.1699999999837 33.87099999998463 32783.325636118345 1369845.4655518658 2033.3333333333333 128.0 155341.0#155341.0#2300_159188.0#159188.0#2300_160994.0#160994.0#1500 159186.0#159186.0#128_159339.0#159339.0#128_161215.0#161215.0#128
162000 168000 1366.9628964843578 772.1728505859404 339.11540818325165 997.3150000000023 138.96799999999348 36133.19497499591 1623876.0172687992 1660.0 128.0 160994.0#160994.0#1500_162215.0#162215.0#1500_163509.0#163509.0#1500_164695.0#164695.0#1500_167206.0#167206.0#2300 162315.0#162315.0#128_164201.0#164201.0#128_167197.0#167197.0#128
168000 174000 50.95482617180096 849.8635962611713 319.9137371608717 999.7910000000265 138.3118964844034 41447.63042430628 1917151.597350245 2300.0 128.0 167206.0#167206.0#2300_168685.0#168685.0#2300_170720.0#170720.0#2300_173190.0#173190.0#2300 168199.0#168199.0#128_170200.0#170200.0#128_173187.0#173187.0#128
174000 180000 36.48524804704357 851.9306788504224 308.7918020767301 999.6749999999302 170.94772265618667 39660.82848983642 1826724.3859807192 2300.0 128.0 173190.0#173190.0#2300_174892.0#174892.0#2300_177195.0#177195.0#2300_179047.0#179047.0#2300 174201.0#174201.0#128_177193.0#177193.0#128_177701.0#177701.0#128_179705.0#179705.0#128
180000 186000 33.96677929681027 852.2904601004557 301.7642948939702 999.4890000000014 191.15897070319625 39916.028993872365 1871625.2235296846 2300.0 128.0 179047.0#179047.0#2300_180939.0#180939.0#2300_183195.0#183195.0#2300_185188.0#185188.0#2300 179705.0#179705.0#128_183192.0#183192.0#128_183699.0#183699.0#128_185698.0#185698.0#128
186000 192000 21.376330078113824 854.0890957031266 295.6333870425446 999.2179999999935 209.4697499999893 43471.238888170235 2082849.9683759508 2300.0 128.0 185188.0#185188.0#2300_186678.0#186678.0#2300_188458.0#188458.0#2300_190351.0#190351.0#2300 185698.0#185698.0#128_187309.0#187309.0#128_189221.0#189221.0#128_191315.0#191315.0#128
192000 198000 55.67684375005774 849.1890223214203 291.2560856899517 999.3800000000047 219.85808007814921 43068.879021779685 2093566.8952903892 2300.0 128.0 190351.0#190351.0#2300_192065.0#192065.0#2300_193804.0#193804.0#2300_195537.0#195537.0#2300_197203.0#197203.0#2300 193321.0#193321.0#128_195319.0#195319.0#128_197199.0#197199.0#128
198000 204000 27.335769531317055 853.2377472098118 286.1919321945431 999.3199999999488 239.29492382809985 41022.117544421635 1952048.219187326 2300.0 128.0 197203.0#197203.0#2300_199190.0#199190.0#2300_201197.0#201197.0#2300_203204.0#203204.0#2300 199187.0#199187.0#128_201191.0#201191.0#128_203200.0#203200.0#128
204000 210000 1955.915361328167 808.8169277343666 320.1930758646424 998.420999999973 245.48569335939828 29241.148659108672 1301801.7668281635 2033.3333333333333 128.0 203204.0#203204.0#2300_207194.0#207194.0#2300_209146.0#209146.0#1500 207192.0#207192.0#128_207340.0#207340.0#128_209299.0#209299.0#128
210000 216000 1127.0429550780682 812.1595074869887 332.544557785165 999.5629999999655 145.410054687527 37236.96427259436 1638535.2115468625 1500.0 128.0 209146.0#209146.0#1500_210504.0#210504.0#1500_211690.0#211690.0#1500_212778.0#212778.0#1500_215199.0#215199.0#1500 211305.0#211305.0#128_212203.0#212203.0#128_215196.0#215196.0#128
216000 222000 1383.344054687419 659.5222779017973 372.0857750990684 999.3379999999888 140.85600976564456 35205.290477453585 1524684.5669869804 1500.0 128.0 215199.0#215199.0#1500_216212.0#216212.0#1500_218204.0#218204.0#1500_220211.0#220211.0#1500_221709.0#221709.0#1500 216201.0#216201.0#128_218201.0#218201.0#128_220209.0#220209.0#128_221705.0#221705.0#128
222000 228000 525.8939570313087 782.0151489955273 364.9505616452661 999.2909999999683 213.07706445315853 37522.04811054247 1594621.519374288 2100.0 128.0 221709.0#221709.0#1500_223716.0#223716.0#2300_225711.0#225711.0#2300_227569.0#227569.0#2300 223710.0#223710.0#128_225707.0#225707.0#128_227700.0#227700.0#128
228000 234000 61.2349140625447 848.3950122767793 285.73263335409666 999.9660000000149 246.716064453125 35097.36160575095 1628632.8071542436 2300.0 128.0 227569.0#227569.0#2300_229485.0#229485.0#2300_231711.0#231711.0#2300_233710.0#233710.0#2300 227700.0#227700.0#128_229707.0#229707.0#128_231706.0#231706.0#128_233706.0#233706.0#128
234000 240000 35.943755859392695 852.0080348772296 287.9583535099293 997.8830000000307 232.09130859375 44550.31057679732 2131625.318195236 2300.0 128.0 233710.0#233710.0#2300_234814.0#234814.0#2300_235950.0#235950.0#2300_237578.0#237578.0#2300_239388.0#239388.0#2300 234202.0#234202.0#128_235335.0#235335.0#128_237331.0#237331.0#128_239345.0#239345.0#128
240000 246000 2380.4753808593377 723.9049238281325 286.0782246185445 998.3490000000456 418.5779999999795 26947.263522058285 1226091.0697900709 2300.0 128.0 239388.0#239388.0#2300_243845.0#243845.0#2300_245629.0#245629.0#2300 243843.0#243843.0#128_244196.0#244196.0#128
246000 252000 61.060927734244615 848.4198674665365 253.36839029947848 999.7240000000456 408.875 47149.64021239211 1995828.153469175 1660.0 128.0 245629.0#245629.0#2300_247312.0#247312.0#1500_248468.0#248468.0#1500_249666.0#249666.0#1500_251208.0#251208.0#1500 247344.0#247344.0#128_248531.0#248531.0#128_249699.0#249699.0#128_251203.0#251203.0#128
252000 258000 2623.1437226562994 675.3712554687402 405.13916658632684 997.2669999999925 64.64099999994505 28943.2115584465 1163018.0921015055 1766.6666666666667 128.0 251208.0#251208.0#1500_255234.0#255234.0#2300_256992.0#256992.0#1500 255228.0#255228.0#128_255700.0#255700.0#128
258000 264000 466.1782773438608 790.5459603794485 358.7805122955874 999.4139999999898 141.99972265621182 39445.29775492191 1720519.449697512 1500.0 128.0 256992.0#256992.0#1500_258105.0#258105.0#1500_259318.0#259318.0#1500_261220.0#261220.0#1500_262322.0#262322.0#1500 258200.0#258200.0#128_259394.0#259394.0#128_261216.0#261216.0#128_262197.0#262197.0#128
264000 270000 1157.1381074219244 968.5723785156151 66.09838680700918 999.5259999999544 850.389892578125 38711.04021024321 1749282.372765699 2300.0 128.0 265237.0#265237.0#2300_266984.0#266984.0#2300_268723.0#268723.0#2300 265229.0#265229.0#128_266201.0#266201.0#128_268198.0#268198.0#128
270000 276000 31.438796875067055 852.651600446419 316.7552462492295 999.810999999987 148.81110742187593 45237.44069526189 2144949.354771481 2300.0 128.0 268723.0#268723.0#2300_270256.0#270256.0#2300_272048.0#272048.0#2300_273761.0#273761.0#2300_275512.0#275512.0#2300 270199.0#270199.0#128_272162.0#272162.0#128_273704.0#273704.0#128_275520.0#275520.0#128
276000 282000 26.141074218670838 853.4084179687613 308.863549971218 999.8839999999618 170.5899042969104 41739.74460442203 1947272.559068568 2300.0 128.0 275512.0#275512.0#2300_277708.0#277708.0#2300_279482.0#279482.0#2300_281430.0#281430.0#2300 277706.0#277706.0#128_279495.0#279495.0#128_281326.0#281326.0#128
282000 288000 1977.5031249999302 670.416145833345 455.03682489220205 998.689000000013 0.0 30568.35074634281 1376227.0988701114 2300.0 128.0 281430.0#281430.0#2300_285215.0#285215.0#2300_286945.0#286945.0#2300 285210.0#285210.0#128_285696.0#285696.0#128
288000 294000 77.16559570317622 846.1192006138319 315.01415434207286 999.344000000041 148.56710351561196 42660.9789400147 1798983.485661795 1660.0 128.0 286945.0#286945.0#2300_289210.0#289210.0#1500_290507.0#290507.0#1500_291731.0#291731.0#1500_293191.0#293191.0#1500 289706.0#289706.0#128_290517.0#290517.0#128_291807.0#291807.0#128_293188.0#293188.0#128
294000 300000 51.48735156247858 849.7875212053602 303.48586576495074 998.5620000000345 189.11069921869785 30889.438576719946 1297818.816392699 1500.0 128.0 293191.0#293191.0#1500_295216.0#295216.0#1500_297201.0#297201.0#1500_299195.0#299195.0#1500 295212.0#295212.0#128_297198.0#297198.0#128_299189.0#299189.0#128
