ts te idle avg_span std_span max_span min_span c_bytes_all s_bytes_all avg_video_rate avg_audio_rate video_requests_sequence audio_requests_sequence
0 6000 6000.0 0.0 0.0 0.0 0.0 0.0 0.0 0.0 0.0 - -
6000 12000 479.1688984375214 920.1385169270798 180.31598547671837 999.1149999999907 552.3291015625 57746.75212123265 1944315.4444207898 560.0 128.0 6631.0#6631.0#840_7554.0#7554.0#840_8059.0#8059.0#480_8668.0#8668.0#480_9573.0#9573.0#480_10122.0#10122.0#480_10835.0#10835.0#480_11373.0#11373.0#480_11781.0#11781.0#480 6629.0#6629.0#128_6939.0#6939.0#128_7566.0#7566.0#128_8336.0#8336.0#128_8819.0#8819.0#128_9974.0#9974.0#128_10211.0#10211.0#128_10845.0#10845.0#128_11446.0#11446.0#128_11896.0#11896.0#128
12000 18000 1816.2330546874437 697.2944908854261 326.7637284096557 998.3460000000196 385.52799999999115 34591.07672547523 1472153.4874632992 1390.0 128.0 11781.0#11781.0#480_12300.0#12300.0#480_14750.0#14750.0#2300_16843.0#16843.0#2300 11896.0#11896.0#128_14744.0#14744.0#128_15938.0#15938.0#128
18000 24000 104.97593749995576 842.1462946428635 276.7532500939691 999.8820000000414 311.537109375 41512.69821595598 1993813.5061360374 2300.0 128.0 16843.0#16843.0#2300_18731.0#18731.0#2300_20706.0#20706.0#2300_22166.0#22166.0#2300 18726.0#18726.0#128_20704.0#20704.0#128_21442.0#21442.0#128_23937.0#23937.0#128
24000 30000 45.90019140631193 850.5856869419555 273.33024363395634 999.1379999999772 287.94091796875 38679.724501454395 1913563.5595083395 2300.0 128.0 22166.0#22166.0#2300_24184.0#24184.0#2300_26710.0#26710.0#2300_28473.0#28473.0#2300 23937.0#23937.0#128_26706.0#26706.0#128_27440.0#27440.0#128
30000 36000 43.560656249988824 850.9199062500016 280.5861142192863 998.9099999999744 266.8432617186918 40160.465571436886 1854755.720807718 2300.0 128.0 28473.0#28473.0#2300_30720.0#30720.0#2300_32387.0#32387.0#2300_34716.0#34716.0#2300 30717.0#30717.0#128_31443.0#31443.0#128_34713.0#34713.0#128_34968.0#34968.0#128
36000 42000 65.0169980469509 847.8547145647213 282.35400780442274 999.0740000000806 247.895263671875 41020.04028149911 1992105.1078951587 2300.0 128.0 34716.0#34716.0#2300_36303.0#36303.0#2300_38712.0#38712.0#2300_40350.0#40350.0#2300 38708.0#38708.0#128_38940.0#38940.0#128_40773.0#40773.0#128
42000 48000 35.98127539065899 852.0026749441915 288.83542890184077 998.2689999999711 232.1879882811918 43167.87073602525 2148881.468584339 2300.0 128.0 40350.0#40350.0#2300_42225.0#42225.0#2300_43650.0#43650.0#2300_45466.0#45466.0#2300_47086.0#47086.0#2300 42798.0#42798.0#128_44842.0#44842.0#128_46815.0#46815.0#128
48000 54000 34.415992187627126 852.226286830339 294.4580288507904 999.4809999999707 214.3959960936918 43521.65201649176 2080091.5155296004 2300.0 128.0 47086.0#47086.0#2300_48713.0#48713.0#2300_50697.0#50697.0#2300_52387.0#52387.0#2300 48711.0#48711.0#128_50695.0#50695.0#128_52441.0#52441.0#128
54000 60000 1931.1460683592595 813.7707863281481 246.44234502555315 999.8000000000466 403.325927734375 26006.89629163206 1154368.0809122722 2300.0 128.0 52387.0#52387.0#2300_54281.0#54281.0#2300_58713.0#58713.0#2300 54441.0#54441.0#128_58708.0#58708.0#128_58904.0#58904.0#128
60000 66000 1022.3999277343391 829.6000120442768 268.3908199117671 999.3020000000251 390.84399999998277 39115.82353879668 1744016.1087424455 1660.0 128.0 58713.0#58713.0#2300_60339.0#60339.0#1500_61645.0#61645.0#1500_62987.0#62987.0#1500_63897.0#63897.0#1500 60896.0#60896.0#128_61758.0#61758.0#128_63941.0#63941.0#128
66000 72000 619.3210664063226 896.7798222656129 248.5877303066216 999.3150000000023 389.3569335936918 43685.82439346786 1942020.5873428383 2300.0 128.0 66708.0#66708.0#2300_68578.0#68578.0#2300_70529.0#70529.0#2300 66703.0#66703.0#128_67942.0#67942.0#128_69441.0#69441.0#128_71440.0#71440.0#128
72000 78000 27.001050781225786 853.2855641741106 257.5127510183024 999.75900000002 370.8798828125 42107.62750481153 2158455.9221261004 2300.0 128.0 70529.0#70529.0#2300_72225.0#72225.0#2300_73683.0#73683.0#2300_75278.0#75278.0#2300_77219.0#77219.0#2300 73443.0#73443.0#128_75443.0#75443.0#128_77440.0#77440.0#128
78000 84000 1301.5558828125359 783.0740195312441 372.6020446474195 999.600999999966 85.48299999994924 31515.54810172061 1516600.4905310613 2300.0 128.0 77219.0#77219.0#2300_79452.0#79452.0#2300_81177.0#81177.0#2300 79446.0#79446.0#128_81442.0#81442.0#128
84000 90000 1107.4509999998845 978.5098000000231 43.76778407916771 999.6080000000075 900.2710000000079 38153.0 1776105.0 2300.0 128.0 84716.0#84716.0#2300_86157.0#86157.0#2300_87966.0#87966.0#2300 84714.0#84714.0#128_84982.0#84982.0#128_86826.0#86826.0#128
90000 96000 620.6580371093587 896.5569938151069 250.1786707436481 999.9469999999856 385.886962890625 42572.551797892076 1968788.0322684753 2300.0 128.0 90710.0#90710.0#2300_92641.0#92641.0#2300_94435.0#94435.0#2300 90705.0#90705.0#128_90832.0#90832.0#128_92755.0#92755.0#128_94446.0#94446.0#128
96000 102000 34.763873046729714 852.1765895647529 256.9193116694016 997.9000000000233 370.26708984375 44586.41939047057 2115689.2618224393 2300.0 128.0 94435.0#94435.0#2300_96287.0#96287.0#2300_97827.0#97827.0#2300_99620.0#99620.0#2300_101085.0#101085.0#2300 96331.0#96331.0#128_98447.0#98447.0#128_100442.0#100442.0#128
102000 108000 92.94677929690806 843.8647458147274 266.9571151866334 999.6759999999776 322.643310546875 43199.236447211275 2088566.9484067685 2300.0 128.0 101085.0#101085.0#2300_102802.0#102802.0#2300_104708.0#104708.0#2300_106488.0#106488.0#2300 102439.0#102439.0#128_104706.0#104706.0#128_106437.0#106437.0#128_107944.0#107944.0#128
108000 114000 31.968025390524417 852.5759963727822 270.92299032157734 999.505999999994 301.21728515625 37733.874437089646 1778922.9015188296 2300.0 128.0 106488.0#106488.0#2300_108219.0#108219.0#2300_110058.0#110058.0#2300_112707.0#112707.0#2300 107944.0#107944.0#128_109944.0#109944.0#128_112703.0#112703.0#128
114000 120000 101.02831445314223 842.7102407924083 288.3890617219275 999.875 238.219970703125 41302.95156564519 1820679.9530976026 2300.0 128.0 112707.0#112707.0#2300_114723.0#114723.0#2300_116594.0#116594.0#2300_118715.0#118715.0#2300 114720.0#114720.0#128_115938.0#115938.0#128_118713.0#118713.0#128_119440.0#119440.0#128
120000 126000 98.0809121094644 843.1312982700765 309.05753805532373 999.954000000027 170.5600585936918 41411.26861674011 1896217.842849607 2300.0 128.0 118715.0#118715.0#2300_120823.0#120823.0#2300_122635.0#122635.0#2300_124661.0#124661.0#2300 121437.0#121437.0#128_123437.0#123437.0#128_125439.0#125439.0#128
126000 132000 408.9450585937593 931.8424902343735 103.21299925944338 999.8310000000056 777.6170000000275 38924.69774495113 1966501.0600362774 2300.0 128.0 124661.0#124661.0#2300_126159.0#126159.0#2300_127839.0#127839.0#2300_129478.0#129478.0#2300 127440.0#127440.0#128_128937.0#128937.0#128
132000 138000 619.7250898437924 896.7124850260346 249.84009876176378 1000.0 386.73291015625 38380.265035038145 1791498.928678936 2300.0 128.0 132716.0#132716.0#2300_134296.0#134296.0#2300_135989.0#135989.0#2300 132712.0#132712.0#128_132940.0#132940.0#128_134765.0#134765.0#128
138000 144000 102.01097265619319 842.5698610491153 275.8799655454691 999.564000000013 316.4609375 40631.81332001751 1941537.0074923122 2300.0 128.0 138724.0#138724.0#2300_140332.0#140332.0#2300_142149.0#142149.0#2300_143716.0#143716.0#2300 138721.0#138721.0#128_138933.0#138933.0#128_140723.0#140723.0#128_142753.0#142753.0#128
144000 150000 38.97489257808775 851.5750153459875 270.3383052834503 998.3219999999856 298.696044921875 44030.29663436829 2091540.4956442323 2300.0 128.0 143716.0#143716.0#2300_145437.0#145437.0#2300_147132.0#147132.0#2300_148798.0#148798.0#2300 144437.0#144437.0#128_146441.0#146441.0#128_148795.0#148795.0#128
150000 156000 29.754123046819586 852.8922681361686 272.0194771738548 997.695000000007 289.794921875 43063.68508176011 2068609.8822840904 2300.0 128.0 148798.0#148798.0#2300_150328.0#150328.0#2300_152293.0#152293.0#2300_153968.0#153968.0#2300 150444.0#150444.0#128_152440.0#152440.0#128_153937.0#153937.0#128
156000 162000 62.10599999997066 848.2705714285756 277.6272163050149 999.6149999999907 266.169921875 41517.63203615447 1942629.593084402 2300.0 128.0 156447.0#156447.0#2300_158284.0#158284.0#2300_159779.0#159779.0#2300_161609.0#161609.0#2300 156444.0#156444.0#128_157941.0#157941.0#128_159938.0#159938.0#128_161937.0#161937.0#128
162000 168000 584.0410156249418 773.7084263392941 352.2344016372408 999.6780000000144 51.75390625 37721.92360547636 1790367.749528928 2300.0 128.0 161609.0#161609.0#2300_163445.0#163445.0#2300_165940.0#165940.0#2300_167451.0#167451.0#2300 161937.0#161937.0#128_163442.0#163442.0#128_165938.0#165938.0#128_167446.0#167446.0#128
168000 174000 1279.697625000088 786.7170624999853 301.8271797459606 998.2380000000121 396.36328125 34859.940066785755 1582421.222223955 2300.0 128.0 167451.0#167451.0#2300_170714.0#170714.0#2300_172362.0#172362.0#2300 170711.0#170711.0#128_171440.0#171440.0#128_173440.0#173440.0#128
174000 180000 34.62021679681493 852.1971118861693 256.39717402354233 999.76800000004 379.216064453125 43725.5681338966 2149231.065858253 2300.0 128.0 172362.0#172362.0#2300_174153.0#174153.0#2300_175908.0#175908.0#2300_177556.0#177556.0#2300_179319.0#179319.0#2300 175456.0#175456.0#128_177444.0#177444.0#128_178887.0#178887.0#128
180000 186000 54.268177734455094 849.3902603236493 262.89256127268914 999.9639999999781 346.6088867186918 40765.8820680814 1953868.8981691748 2300.0 128.0 179319.0#179319.0#2300_181104.0#181104.0#2300_182942.0#182942.0#2300_184687.0#184687.0#2300 180859.0#180859.0#128_182940.0#182940.0#128_184793.0#184793.0#128
186000 192000 183.5539140625042 830.9208694196423 294.86413756097056 999.4969999999739 227.52197265625 41527.87497472456 1922880.7677323841 2300.0 128.0 184687.0#184687.0#2300_186740.0#186740.0#2300_188571.0#188571.0#2300_190792.0#190792.0#2300 186738.0#186738.0#128_188442.0#188442.0#128_190789.0#190789.0#128
192000 198000 137.88967773434706 837.4443317522362 288.3326946227705 999.9939999999478 213.727294921875 38667.99302561102 1766268.7241610093 2300.0 128.0 190792.0#190792.0#2300_192481.0#192481.0#2300_194450.0#194450.0#2300_196819.0#196819.0#2300 192437.0#192437.0#128_194445.0#194445.0#128_196817.0#196817.0#128
198000 204000 22.234191406168975 853.966544084833 296.4417940639324 999.9370000000345 206.506103515625 42352.78919846937 1939751.6638436283 2300.0 128.0 196819.0#196819.0#2300_199020.0#199020.0#2300_200463.0#200463.0#2300_202730.0#202730.0#2300 198439.0#198439.0#128_200442.0#200442.0#128_202726.0#202726.0#128
204000 210000 525.8558085937984 782.0205987723145 348.5960102254345 999.1620000000112 57.977294921875 40548.90097506749 1838350.5349390036 2300.0 128.0 202730.0#202730.0#2300_204795.0#204795.0#2300_206352.0#206352.0#2300_207918.0#207918.0#2300_209946.0#209946.0#2300 204793.0#204793.0#128_205940.0#205940.0#128_207939.0#207939.0#128_209941.0#209941.0#128
210000 216000 33.995220703072846 852.2863970424181 362.21649792428366 999.6809999999823 32.47607421875 43435.87073646186 2151901.6600283873 2300.0 128.0 209946.0#209946.0#2300_211897.0#211897.0#2300_213411.0#213411.0#2300_215502.0#215502.0#2300 209941.0#209941.0#128_211943.0#211943.0#128_213440.0#213440.0#128_215939.0#215939.0#128
216000 222000 1247.2340742186643 950.5531851562671 80.15915333193506 999.48199999996 809.2460000000428 34225.565108087074 1565958.8063313032 2300.0 128.0 215502.0#215502.0#2300_217444.0#217444.0#2300_219447.0#219447.0#2300 215939.0#215939.0#128_217440.0#217440.0#128_219444.0#219444.0#128
222000 228000 619.7790019530803 896.7034996744866 246.85569157861926 999.7380000000121 392.822998046875 39621.10651373778 1932291.4168065838 2300.0 128.0 222728.0#222728.0#2300_224696.0#224696.0#2300_226261.0#226261.0#2300_227717.0#227717.0#2300 222725.0#222725.0#128_224694.0#224694.0#128_225440.0#225440.0#128_226938.0#226938.0#128
228000 234000 1543.1857441407628 742.8023759765396 286.26116802516435 999.6720000000205 399.63525390625 33751.30795874499 1531422.3918826238 2300.0 128.0 227717.0#227717.0#2300_229277.0#229277.0#2300_232707.0#232707.0#2300 228827.0#228827.0#128_232703.0#232703.0#128_232829.0#232829.0#128
234000 240000 696.7212539061438 883.8797910156427 179.87376709180523 999.5870000000577 595.2137460937956 39196.58552751723 1826569.1913107922 2300.0 128.0 232707.0#232707.0#2300_234669.0#234669.0#2300_236713.0#236713.0#2300_238383.0#238383.0#2300 236710.0#236710.0#128_236906.0#236906.0#128
240000 246000 615.2201035156613 897.4633160807231 247.5061471363994 998.8360000000102 392.243896484375 40969.0504669605 1682497.3557950235 1935.0 128.0 240671.0#240671.0#2300_241581.0#241581.0#2300_242839.0#242839.0#2300_245146.0#245146.0#840 240669.0#240669.0#128_240748.0#240748.0#128_241440.0#241440.0#128_242765.0#242765.0#128
246000 252000 2024.6838339844253 662.5526943359291 395.45234405307684 997.8190000000177 37.26500000001397 27898.97953132635 976791.7581449461 840.0 128.0 246665.0#246665.0#840_247432.0#247432.0#840_250714.0#250714.0#840_251525.0#251525.0#840 246948.0#246948.0#128_247438.0#247438.0#128_250711.0#250711.0#128_250937.0#250937.0#128
252000 258000 2109.6610625000903 778.0677874999819 243.95160052521925 997.6239999999525 445.59499999997206 30545.97000171315 1311120.8860600302 1335.0 128.0 251525.0#251525.0#840_252274.0#252274.0#1500_254709.0#254709.0#1500_255791.0#255791.0#1500 252317.0#252317.0#128_254707.0#254707.0#128_255841.0#255841.0#128
258000 264000 1460.0080624999246 756.6653229166792 400.1534363412388 998.6879999999655 46.3359375 32904.37332276223 1480881.9883185893 1500.0 128.0 258706.0#258706.0#1500_259782.0#259782.0#1500_261948.0#261948.0#1500_263448.0#263448.0#1500 258704.0#258704.0#128_259867.0#259867.0#128_261943.0#261943.0#128_263446.0#263446.0#128
264000 270000 1448.9260175779928 758.5123304036679 288.52827677801366 998.9980000000214 332.1350000000093 29211.567424263914 1233692.6786555497 1500.0 128.0 263448.0#263448.0#1500_265444.0#265444.0#1500_267447.0#267447.0#1500_269444.0#269444.0#1500 265442.0#265442.0#128_267445.0#267445.0#128_269442.0#269442.0#128
270000 276000 82.75696875003632 845.3204330357091 242.77288108348094 998.2580000000307 490.849080078071 32797.951162779405 1431187.5762981854 1500.0 128.0 269444.0#269444.0#1500_271442.0#271442.0#1500_273440.0#273440.0#1500_274948.0#274948.0#1500 271440.0#271440.0#128_273438.0#273438.0#128_274945.0#274945.0#128
276000 282000 1789.357951171929 701.7736748046785 459.91353281119984 999.7889999999898 47.34499999997206 26067.10809019445 1110196.7567276757 1766.6666666666667 128.0 274948.0#274948.0#1500_276944.0#276944.0#1500_278959.0#278959.0#2300 276941.0#276941.0#128_278952.0#278952.0#128
282000 288000 627.8339003906585 895.3610166015569 250.50357763540268 998.7750000000233 384.027099609375 41053.412238354955 1940709.6804061027 2300.0 128.0 282727.0#282727.0#2300_284430.0#284430.0#2300_286168.0#286168.0#2300_287745.0#287745.0#2300 282720.0#282720.0#128_282938.0#282938.0#128_284772.0#284772.0#128_286939.0#286939.0#128
288000 294000 32.255207031266764 852.5349704241047 256.21614676805285 998.9629999999888 372.514892578125 44993.675535817274 2128984.106451039 2300.0 128.0 287745.0#287745.0#2300_289537.0#289537.0#2300_291131.0#291131.0#2300_292928.0#292928.0#2300 288807.0#288807.0#128_290437.0#290437.0#128_292439.0#292439.0#128
294000 300000 405.93089257820975 799.1527296316843 378.2657063312808 998.6080000000075 0.0 43107.91222582777 2010428.2131428584 2300.0 128.0 292928.0#292928.0#2300_294408.0#294408.0#2300_296122.0#296122.0#2300_297957.0#297957.0#2300 294440.0#294440.0#128_296222.0#296222.0#128_297942.0#297942.0#128
