ts te idle avg_span std_span max_span min_span c_ack_cnt c_ack_cnt_p c_bytes_all c_bytes_uniq s_ack_cnt s_ack_cnt_p s_bytes_all s_bytes_uniq avg_video_rate avg_audio_rate video_requests_sequence audio_requests_sequence
0 9000 6646.4251171875 452.858124565973 386.44017756958516 998.6510000000017 31.89794921875 430.4987305766315 411.3965731443907 16649.236464361282 14776.236464361284 701.6948028738013 23.10215743224085 1137321.0241418711 1099169.1237680141 2300.0 128.0 6867.0#6867.0#2300_6869.0#6869.0#2300_8143.0#8143.0#2300_8953.0#8953.0#2300 6861.0#6861.0#128_6865.0#6865.0#128_8152.0#8152.0#128_8962.0#8962.0#128
9000 18000 2630.090923828124 610.3369052309791 362.25422327458415 998.6829999999973 37.1050000000032 1956.9564375048412 1932.1294095454825 20753.13763536553 19911.13763536553 2734.66825813598 24.82702795935869 4535414.9015168855 4261129.785053067 2116.6666666666665 128.0 8143.0#8143.0#2300_8953.0#8953.0#2300_9788.0#9788.0#1500_9789.0#9789.0#1500_10393.0#10393.0#1500_11285.0#11285.0#1500_11627.0#11627.0#1500_12049.0#12049.0#1500_12746.0#12746.0#1500_14288.0#14288.0#1500_17066.0#17066.0#4400_17071.0#17071.0#4400 8962.0#8962.0#128_12204.0#12204.0#128_12313.0#12313.0#128_12461.0#12461.0#128_12717.0#12717.0#128_12889.0#12889.0#128_13065.0#13065.0#128_14287.0#14287.0#128_17065.0#17065.0#128
18000 27000 54.24345312503283 658.6315960477921 468.66755635742516 999.9300000000003 0.0 2016.363610377717 2001.2097141503189 12639.524931767342 12639.524931767342 3207.1281889798556 15.153896227397947 5531840.365473957 5403755.781106055 4400.0 128.0 17071.0#17071.0#4400_18989.0#18989.0#4400_20991.0#20991.0#4400_22927.0#22927.0#4400_24941.0#24941.0#4400_26130.0#26130.0#4400 18987.0#18987.0#128_20987.0#20987.0#128_22925.0#22925.0#128_24939.0#24939.0#128_25785.0#25785.0#128
27000 36000 74.64437109375285 767.6372081473211 342.7360705218148 999.663999999997 0.0 2085.193090518869 2071.566788508185 11375.401984697975 11375.401984697975 3183.816112184159 13.626302010684379 5549216.56234959 5443713.889392057 4400.0 128.0 26130.0#26130.0#4400_27601.0#27601.0#4400_29794.0#29794.0#4400_31301.0#31301.0#4400_33294.0#33294.0#4400_35290.0#35290.0#4400 27627.0#27627.0#128_29793.0#29793.0#128_31297.0#31297.0#128_33292.0#33292.0#128_35288.0#35288.0#128
36000 45000 15.96879492187145 598.1892532958987 450.9281704190616 999.9490000000005 42.673095703125 1891.1061118402604 1875.7239026140448 12819.820168473607 12819.820168473607 2845.7470461503917 15.382209226215684 4952803.4313311875 4893563.865508243 5000.0 128.0 35290.0#35290.0#4400_37290.0#37290.0#4400_38974.0#38974.0#4400_40956.0#40956.0#4400_42944.0#42944.0#4400_44906.0#44906.0#6500_44908.0#44908.0#6500 37287.0#37287.0#128_38971.0#38971.0#128_40954.0#40954.0#128_42942.0#42942.0#128_44905.0#44905.0#128
45000 54000 8.58378906249709 649.5929307861334 407.6684940867163 999.6359999999986 6.10693359375 2480.087760371478 2467.179353227376 10772.878815334263 10772.878815334263 3835.208377812522 12.908407144102451 6974636.352599414 6886575.205496849 6500.0 128.0 44908.0#44908.0#6500_46955.0#46955.0#6500_48974.0#48974.0#6500_50989.0#50989.0#6500_53020.0#53020.0#6500 46954.0#46954.0#128_48973.0#48973.0#128_50947.0#50947.0#128_52973.0#52973.0#128
54000 63000 177.1880683593772 727.6664786305148 320.33013362783663 999.9320000000007 99.56396484375 2521.9055395694168 2508.5730621551857 10283.956253812095 10283.956253812095 3892.7386171399785 12.332477414231441 6799988.993732336 6672852.557656295 6500.0 128.0 53020.0#53020.0#6500_55164.0#55164.0#6500_57071.0#57071.0#6500_59662.0#59662.0#6500_61551.0#61551.0#6500 54947.0#54947.0#128_56948.0#56948.0#128_59082.0#59082.0#128_60994.0#60994.0#128_62962.0#62962.0#128
63000 72000 9.684849609358935 718.4349882812505 331.37778816389124 999.6699999999983 36.95699999999488 2794.6582140951996 2776.6379764617063 15536.744290364772 15536.744290364772 4348.473971490895 18.870895542265167 7421232.967654769 7032148.390819429 5300.0 128.0 61551.0#61551.0#6500_63941.0#63941.0#6500_65753.0#65753.0#4400_67081.0#67081.0#4400_68330.0#68330.0#4400_69735.0#69735.0#4400_71796.0#71796.0#6500 62962.0#62962.0#128_65790.0#65790.0#128_67172.0#67172.0#128_68786.0#68786.0#128_69741.0#69741.0#128_71794.0#71794.0#128
72000 81000 342.7507910156273 739.8202169744308 352.54411840721207 999.6770000000106 32.37300000000687 2701.5888166442896 2687.5226981038622 10903.931333989056 10903.931333989056 4109.768870779919 14.215460631655105 7044315.2981351195 6901782.9518755395 6500.0 128.0 71796.0#71796.0#6500_73744.0#73744.0#6500_75804.0#75804.0#6500_77835.0#77835.0#6500_79849.0#79849.0#6500 73787.0#73787.0#128_75786.0#75786.0#128_77787.0#77787.0#128_79287.0#79287.0#128
81000 90000 15.85091210938117 830.2543354235179 297.2870165885818 999.9330000000045 90.9149999999936 2739.0181606537076 2724.4369942418593 12162.368121834079 12162.368121834079 4243.694362986812 14.581166411848287 7334804.484158377 7081786.249213604 6500.0 128.0 79849.0#79849.0#6500_81966.0#81966.0#6500_83784.0#83784.0#6500_85755.0#85755.0#6500_88153.0#88153.0#6500_89877.0#89877.0#6500 81292.0#81292.0#128_83288.0#83288.0#128_85286.0#85286.0#128_87290.0#87290.0#128_88975.0#88975.0#128
90000 99000 164.5557285156392 778.3247128906232 323.67773988393503 999.8929999999964 88.03105273435358 2913.8958986819243 2901.290255839682 10510.68355906124 10510.68355906124 4589.869172235385 12.605642842242458 8018215.44463169 7805839.259037099 6500.0 128.0 88153.0#88153.0#6500_89877.0#89877.0#6500_91868.0#91868.0#6500_93697.0#93697.0#6500_95595.0#95595.0#6500_97450.0#97450.0#6500 91188.0#91188.0#128_93281.0#93281.0#128_94967.0#94967.0#128_96965.0#96965.0#128_98949.0#98949.0#128
99000 108000 13.392923828112544 709.9995231291127 370.0853012263794 999.8830000000162 14.301000000021304 2747.763604751947 2732.3692475941893 12849.31644093876 12007.31644093876 4238.2977579699855 15.394357157757542 7305724.666244161 7108681.476569526 6500.0 128.0 97450.0#97450.0#6500_99332.0#99332.0#6500_101251.0#101251.0#6500_103234.0#103234.0#6500_104975.0#104975.0#6500_107216.0#107216.0#6500 98949.0#98949.0#128_100978.0#100978.0#128_102948.0#102948.0#128_104945.0#104945.0#128_106947.0#106947.0#128
108000 117000 236.07192773437419 788.3245142822252 281.6007397392616 999.4200000000128 142.18799999999464 2938.5091054956665 2925.195057453054 11108.97392341126 11108.97392341126 4537.949795599206 13.314048042612827 7775497.964387964 7587334.475844831 6500.0 128.0 107216.0#107216.0#6500_109333.0#109333.0#6500_111197.0#111197.0#6500_113128.0#113128.0#6500_115008.0#115008.0#6500 108952.0#108952.0#128_110286.0#110286.0#128_112289.0#112289.0#128_114288.0#114288.0#128_115786.0#115786.0#128
117000 126000 42.02917578123743 728.6404585731905 393.0752131423021 999.7900000000081 8.896068359375931 2467.2570521212333 2450.597868701561 13906.592349825698 13906.592349825698 3804.905383849117 15.7118744159665 6409888.157124648 6131918.01925734 4700.0 128.0 115008.0#115008.0#6500_117127.0#117127.0#6500_118937.0#118937.0#6500_120568.0#120568.0#6500_123886.0#123886.0#2300_124822.0#124822.0#2300_125972.0#125972.0#2300 117784.0#117784.0#128_119786.0#119786.0#128_121786.0#121786.0#128_123876.0#123876.0#128_124110.0#124110.0#128_124890.0#124890.0#128
126000 135000 152.18186914062244 795.8489532552097 331.46455428104326 999.9640000000072 45.82699999999022 1751.7506020024903 1736.3027782745125 12881.909534681774 12881.909534681774 2690.592065632674 15.684605136552438 4754483.944248041 4653756.527132063 3400.0 128.0 124822.0#124822.0#2300_125972.0#125972.0#2300_127801.0#127801.0#3000_127802.0#127802.0#3000_129821.0#129821.0#4400_131151.0#131151.0#4400_133292.0#133292.0#4400 126051.0#126051.0#128_127798.0#127798.0#128_129815.0#129815.0#128_131278.0#131278.0#128_133291.0#133291.0#128
135000 144000 24.59053906254121 620.7712514322891 445.6256070603399 999.6669999999867 59.66099999999278 1791.3657916448044 1777.704233180699 11398.267388663766 11398.267388663766 2934.0401767385315 14.372086059237132 5173691.7458748445 5128544.7685264945 4400.0 128.0 135289.0#135289.0#4400_136951.0#136951.0#4400_138937.0#138937.0#4400_140919.0#140919.0#4400_142913.0#142913.0#4400 135287.0#135287.0#128_136947.0#136947.0#128_138934.0#138934.0#128_140919.0#140919.0#128_142910.0#142910.0#128
144000 153000 62.49399023439037 624.6211968749956 458.98284011446225 999.7099999999919 40.27392578125 1766.3356188939583 1753.127396219119 11004.639883594766 11004.639883594766 2780.683521689991 13.208222674839703 4977017.178537325 4931051.366786824 4400.0 128.0 142913.0#142913.0#4400_144942.0#144942.0#4400_146932.0#146932.0#4400_148924.0#148924.0#4400_150947.0#150947.0#4400_152959.0#152959.0#4400 144941.0#144941.0#128_146931.0#146931.0#128_148922.0#148922.0#128_150946.0#150946.0#128_152956.0#152956.0#128
153000 162000 59.55996874990524 641.0467530517672 399.22172423173976 999.7039999999979 33.79300000000512 2008.886378284631 1993.9397024691445 12485.60214565597 12485.60214565597 3140.1157420371715 14.946675815486447 5705278.019144351 5572863.189225189 4750.0 128.0 152959.0#152959.0#4400_154972.0#154972.0#4400_156926.0#156926.0#4400_158935.0#158935.0#4400_160510.0#160510.0#4400_161761.0#161761.0#6500 152956.0#152956.0#128_154969.0#154969.0#128_156925.0#156925.0#128_158934.0#158934.0#128_160285.0#160285.0#128_161723.0#161723.0#128
162000 171000 963.1739492186462 603.3839368832291 434.6711990848104 999.8830000000016 7.736000000004424 2422.37238739274 2405.3630925977777 13799.030644740746 13799.030644740746 3619.1682824833156 18.00929479496204 6433887.257886951 6252666.6651293095 6500.0 128.0 161761.0#161761.0#6500_164644.0#164644.0#6500_166680.0#166680.0#6500_168843.0#168843.0#6500_170700.0#170700.0#6500 164641.0#164641.0#128_165784.0#165784.0#128_169888.0#169888.0#128_170285.0#170285.0#128
171000 180000 1779.0269570311648 661.0916006433853 397.5637712744025 999.9239999999991 3.1559999999881256 2257.4769982062385 2244.7238051458953 10621.984129426022 10621.984129426022 3457.3037563183516 12.75319306034291 6109277.878229603 5965241.584077505 6500.0 128.0 170700.0#170700.0#6500_172524.0#172524.0#6500_174723.0#174723.0#6500_178464.0#178464.0#6500 171787.0#171787.0#128_173788.0#173788.0#128_178460.0#178460.0#128_178788.0#178788.0#128_179285.0#179285.0#128
180000 189000 351.2770996094041 656.3662158203175 360.3308662561939 999.9560000000638 87.12299999999232 2776.4747705252175 2761.346146504782 12628.757936961105 12628.757936961105 4277.114913146962 15.128624020435065 7648848.229916447 7536082.735844197 5000.0 128.0 178464.0#178464.0#6500_180284.0#180284.0#4400_181592.0#181592.0#4400_182833.0#182833.0#4400_184098.0#184098.0#4400_185201.0#185201.0#4400_186948.0#186948.0#6500 182913.0#182913.0#128_184210.0#184210.0#128_185301.0#185301.0#128_186941.0#186941.0#128
189000 198000 322.4217792968848 716.4536054687477 346.873515505438 999.6389999999956 120.74308398438734 2508.8620892813988 2495.015974007593 11551.972548790167 11551.972548790167 3975.331140984044 13.846115273806351 7138574.0185062 7006863.0185062 6500.0 128.0 189042.0#189042.0#6500_191259.0#191259.0#6500_193108.0#193108.0#6500_195074.0#195074.0#6500_197026.0#197026.0#6500 189040.0#189040.0#128_191258.0#191258.0#128_193100.0#193100.0#128_194983.0#194983.0#128_196947.0#196947.0#128
198000 207000 14.277230468695052 639.2954772518373 407.33674085466004 999.7719999999972 25.224001953116385 2678.288963644106 2665.809939123764 10405.893480353283 10405.893480353283 4136.556758451803 12.479024520342385 7347697.4693079395 7161213.790126906 6500.0 128.0 197026.0#197026.0#6500_198928.0#198928.0#6500_200979.0#200979.0#6500_202963.0#202963.0#6500_205493.0#205493.0#6500 198926.0#198926.0#128_200971.0#200971.0#128_202962.0#202962.0#128_204978.0#204978.0#128_206968.0#206968.0#128
207000 216000 164.81466796871973 694.9532159745102 337.0517841465501 999.9729999999981 64.09326171875 2810.1970362864117 2795.5866419111885 12187.397229712798 12187.397229712798 4275.721086579541 14.61039437522303 7524548.534816702 7258404.785029659 6500.0 128.0 205493.0#205493.0#6500_207074.0#207074.0#6500_209340.0#209340.0#6500_211112.0#211112.0#6500_213008.0#213008.0#6500_215046.0#215046.0#6500 206968.0#206968.0#128_208286.0#208286.0#128_210287.0#210287.0#128_211796.0#211796.0#128_213786.0#213786.0#128
216000 225000 6.7861835937656 801.5280327919432 283.194801322085 999.9070000000356 155.9709472655959 2703.2949887033424 2688.974273395106 11955.423807558182 11955.423807558182 4155.083965152031 14.32071530823598 7465803.604889806 7230874.310008891 5900.0 128.0 213008.0#213008.0#6500_215046.0#215046.0#6500_216833.0#216833.0#4400_217890.0#217890.0#4400_219796.0#219796.0#6500_221616.0#221616.0#6500_223402.0#223402.0#6500 216988.0#216988.0#128_218152.0#218152.0#128_219793.0#219793.0#128_221788.0#221788.0#128_223287.0#223287.0#128
225000 234000 187.87602148446604 870.6657903262873 200.82691438105707 999.1089999999967 399.33610937499907 2641.9454167693384 2627.3302902673813 12190.554996624465 12190.554996624465 4120.505478369655 14.615126501957187 7108217.361504412 6886419.980568971 6500.0 128.0 223402.0#223402.0#6500_225629.0#225629.0#6500_227760.0#227760.0#6500_229926.0#229926.0#6500_231793.0#231793.0#6500_233898.0#233898.0#6500 225288.0#225288.0#128_227287.0#227287.0#128_229286.0#229286.0#128_230987.0#230987.0#128_232970.0#232970.0#128
234000 243000 384.7120292968757 758.4372693142391 316.4631142321074 999.9689999999828 48.13072656249278 2600.4832003038455 2588.4832003038455 10008.0 10008.0 4219.7064030727415 12.0 7350142.196813382 7135871.904470514 6500.0 128.0 231793.0#231793.0#6500_233898.0#233898.0#6500_235416.0#235416.0#6500_237805.0#237805.0#6500_239566.0#239566.0#6500_241391.0#241391.0#6500 234785.0#234785.0#128_237016.0#237016.0#128_238786.0#238786.0#128_240971.0#240971.0#128
243000 252000 127.67979492183076 807.0602409179788 250.04400407256796 999.3279999999795 92.36000000004424 2899.895236957763 2884.895236957763 12510.0 12510.0 4385.679684781535 14.69760787077577 7551332.870846613 7325638.267973916 6500.0 128.0 241391.0#241391.0#6500_243715.0#243715.0#6500_245751.0#245751.0#6500_247201.0#247201.0#6500_249334.0#249334.0#6500_251263.0#251263.0#6500 243189.0#243189.0#128_244790.0#244790.0#128_246286.0#246286.0#128_249000.0#249000.0#128_250287.0#250287.0#128
252000 261000 280.7263183593168 704.2012392113157 326.4436201783652 999.1500000000233 21.162000000011176 2859.1958704376193 2841.4177627195595 15322.16669860655 15322.16669860655 4475.992930514058 19.080499847284266 7863469.900855545 7497819.392802704 6028.571428571428 128.0 251263.0#251263.0#6500_253472.0#253472.0#6500_255485.0#255485.0#8000_255487.0#255487.0#8000_257636.0#257636.0#4400_259006.0#259006.0#4400_260452.0#260452.0#4400 252288.0#252288.0#128_254970.0#254970.0#128_257789.0#257789.0#128_259289.0#259289.0#128_260636.0#260636.0#128
261000 270000 404.6893515623524 724.3863551240955 353.55890774057525 999.6500000000233 36.57700000004843 2762.3725174629117 2750.150625180972 10194.83330139345 10194.83330139345 3927.4433758595874 12.221892281939963 7127809.175139865 6976302.683192706 6080.0 128.0 260452.0#260452.0#4400_261758.0#261758.0#6500_263737.0#263737.0#6500_265795.0#265795.0#6500_267650.0#267650.0#6500 261732.0#261732.0#128_263787.0#263787.0#128_265787.0#265787.0#128_267766.0#267766.0#128
270000 279000 2353.1582421874627 660.2624930419915 409.9799032659844 999.8790000000154 30.496999999973923 2136.4817124359943 2122.2125749263687 11913.163897301345 11913.163897301345 3351.101296300853 14.269137509625324 5983084.273698604 5840893.303234078 4820.0 128.0 272400.0#272400.0#6500_274261.0#274261.0#4400_275490.0#275490.0#4400_276792.0#276792.0#4400_278042.0#278042.0#4400 272397.0#272397.0#128_272788.0#272788.0#128_273289.0#273289.0#128_276910.0#276910.0#128_278132.0#278132.0#128
279000 288000 33.42769921873696 593.095166838011 388.8794024239419 999.8090000000084 44.470009765645955 2359.4387079905937 2344.707845500219 12286.836102698655 12286.836102698655 3699.949497077926 14.730862490374676 6505234.755041909 6338496.378386981 5800.0 128.0 278042.0#278042.0#4400_279332.0#279332.0#4400_280915.0#280915.0#6500_282848.0#282848.0#6500_285024.0#285024.0#6500_287068.0#287068.0#6500 279370.0#279370.0#128_280911.0#280911.0#128_282790.0#282790.0#128_284790.0#284790.0#128_286791.0#286791.0#128
288000 297000 11.967138671898283 682.5299490234407 356.6773918113236 999.2710000000079 113.8640000000014 2884.6745849768754 2871.8075252580898 10727.659566592154 10727.659566592154 4491.072248368756 12.867059718785729 7640245.254981961 7369917.217943821 6500.0 128.0 287068.0#287068.0#6500_289336.0#289336.0#6500_291168.0#291168.0#6500_293338.0#293338.0#6500_295058.0#295058.0#6500_297000.0#297000.0#6500 288789.0#288789.0#128_290796.0#290796.0#128_292784.0#292784.0#128_294785.0#294785.0#128_296932.0#296932.0#128
