ts te idle avg_span std_span max_span min_span c_bytes_all s_bytes_all avg_video_rate avg_audio_rate video_requests_sequence audio_requests_sequence
0 3000 3000.0 0.0 0.0 0.0 0.0 0.0 0.0 0.0 0.0 - -
3000 6000 2863.653076171875 136.346923828125  136.346923828125 136.346923828125 1739.1750250227049 39511.08441359993 0.0 0.0 - -
6000 9000 24.64392968750326 743.8390175781242 419.62111159472084 998.6199999999953 121.593994140625 34617.42645840918 976390.0624923949 820.0 128.0 6353.0#6353.0#1500_7879.0#7879.0#480_8408.0#8408.0#480 6349.0#6349.0#128_7245.0#7245.0#128_7889.0#7889.0#128_8419.0#8419.0#128
9000 12000 11.572892578144092 747.106776855464 424.7574024420573 998.25 115.8291015625 23929.335460560178 807957.3871204795 480.0 128.0 8408.0#8408.0#480_9494.0#9494.0#480_10023.0#10023.0#480_10674.0#10674.0#480_11229.0#11229.0#480_11746.0#11746.0#480 9512.0#9512.0#128_10032.0#10032.0#128_10744.0#10744.0#128_11234.0#11234.0#128_11828.0#11828.0#128
12000 15000 776.2271621093969 741.257612630201 122.89037078088876 880.9388984374818 649.762939453125 18745.002061943993 574733.5071770072 735.0 128.0 11746.0#11746.0#480_12398.0#12398.0#480_12873.0#12873.0#480_14765.0#14765.0#1500 12433.0#12433.0#128_14761.0#14761.0#128
15000 18000 14.187033203139435 746.4532416992151 313.13793267086487 999.6599999999744 349.7970605468727 19656.451609783875 755888.0644451006 1500.0 128.0 14765.0#14765.0#1500_16601.0#16601.0#1500 14761.0#14761.0#128_16541.0#16541.0#128
18000 21000 28.863865234307013 742.7840336914232 313.789276529279 997.7510000000475 350.2030937499949 17406.21879084709 728049.1501268473 1500.0 128.0 16601.0#16601.0#1500_18663.0#18663.0#1500_20521.0#20521.0#1500 18582.0#18582.0#128_20248.0#20248.0#128
21000 24000 24.373933593800757 743.9065166015498 310.8621868865328 998.8929999999818 365.7579589843517 17128.22291163808 720186.280752763 1500.0 128.0 20521.0#20521.0#1500_22127.0#22127.0#1500_23962.0#23962.0#1500 22245.0#22245.0#128_23976.0#23976.0#128
24000 27000 24.666060546878725 743.8334848632803 302.2371526274135 999.859999999986 385.1958925781073 17614.563315654963 673435.2234520363 1500.0 128.0 23962.0#23962.0#1500_26254.0#26254.0#1500 23976.0#23976.0#128_26251.0#26251.0#128
27000 30000 12.694085937459022 746.8264785156352 300.43200444751267 998.9010000000126 397.84895312500885 19169.25260258457 863827.2274054283 1500.0 128.0 26254.0#26254.0#1500_27874.0#27874.0#1500_29747.0#29747.0#1500 28103.0#28103.0#128_29754.0#29754.0#128
30000 33000 578.0076738280477 605.4980815429881 344.716712563587 995.862000000081 243.269287109375 17010.039529334692 702781.384582607 1500.0 128.0 29747.0#29747.0#1500_31757.0#31757.0#1500 31755.0#31755.0#128
33000 36000 44.32036523433635 738.9199086914159 366.450383451298 998.375 215.419921875 15725.400079754772 611435.8328411189 1500.0 128.0 31757.0#31757.0#1500_33758.0#33758.0#1500_35748.0#35748.0#1500 33755.0#33755.0#128_35747.0#35747.0#128
36000 39000 134.67997265636222 716.3300068359094 404.227076713137 997.1129999999539 127.27294921869179 14632.640766153125 593337.8085420404 1500.0 128.0 35748.0#35748.0#1500_37493.0#37493.0#1500 35747.0#35747.0#128_37747.0#37747.0#128
39000 42000 1105.3476757812314 631.5507747395895 500.59508694746563 967.9052734375 56.255999999993946 13908.504031401017 660864.4880890143 1060.0 128.0 37493.0#37493.0#1500_41076.0#41076.0#840_41613.0#41613.0#840 41036.0#41036.0#128_41228.0#41228.0#128
42000 45000 1017.9692871093866 495.50767822265334 370.74161783142614 906.9899999999907 29.33072656247532 12771.467156101291 524584.6384773421 1170.0 128.0 41613.0#41613.0#840_43265.0#43265.0#1500 43258.0#43258.0#128
45000 48000 75.7670761718764 731.0582309570309 319.1884635971477 998.1169999999693 358.0790136719006 14666.425275700694 711476.0909439634 1900.0 128.0 45260.0#45260.0#1500_47264.0#47264.0#2300 45255.0#45255.0#128_47258.0#47258.0#128
48000 51000 70.4460175781278 732.388495605468 296.84934180283653 998.3099999999977 415.8590898437542 17834.900936977978 938813.4684920744 2300.0 128.0 47264.0#47264.0#2300_49253.0#49253.0#2300 49252.0#49252.0#128
51000 54000 804.0760058594751 731.9746647135083 268.8177158654646 992.0889999999781 455.226107421855 17378.298294621287 1017738.9361467389 2300.0 128.0 51259.0#51259.0#2300_53254.0#53254.0#2300 51255.0#51255.0#128_53251.0#53251.0#128
54000 57000 300.793001953105 674.8017495117238 315.80503724572145 995.0910000000149 251.33011328126304 23080.689400820138 1138404.8383814956 2533.3333333333335 128.0 53254.0#53254.0#2300_54756.0#54756.0#2300_56758.0#56758.0#3000 54753.0#54753.0#128_56755.0#56755.0#128
57000 60000 13.177990234398749 746.7055024414003 314.73581941517955 998.7690000000293 347.55211523437174 27660.712799416026 1263973.5049599903 3000.0 128.0 56758.0#56758.0#3000_58763.0#58763.0#3000 58757.0#58757.0#128
60000 63000 140.95178320305422 714.7620541992364 312.2935362355296 996.4330000000191 350.7081054687733 20380.631888403957 1074177.2659617346 3000.0 128.0 58763.0#58763.0#3000_60756.0#60756.0#3000_62526.0#62526.0#3000 60753.0#60753.0#128_62523.0#62523.0#128
63000 66000 59.56505664053839 735.1087358398654 290.50246340509733 998.7800000000279 439.754888671916 25765.656373762824 1409641.1199909921 3000.0 128.0 62526.0#62526.0#3000_64256.0#64256.0#3000 64251.0#64251.0#128
66000 69000 5.950777343765367 748.5123056640587 290.89798424943535 999.9409999999916 467.01494531251956 22427.571545419964 1232056.4545522297 3000.0 128.0 64256.0#64256.0#3000_66262.0#66262.0#3000_68255.0#68255.0#3000 66258.0#66258.0#128_68252.0#68252.0#128
69000 72000 7.564226562564727 748.1089433593588 290.40856486197276 999.8470000000088 470.76772265625186 22255.47642911977 1226151.3605384533 3000.0 128.0 68255.0#68255.0#3000_70257.0#70257.0#3000 70253.0#70253.0#128
72000 75000 34.41312109376304 741.3967197265592 290.94617137250725 997.1790000000037 474.35594921873417 23550.38537667411 1405166.2888742664 3000.0 128.0 70257.0#70257.0#3000_72036.0#72036.0#3000_73975.0#73975.0#3000 72041.0#72041.0#128_74108.0#74108.0#128
75000 78000 14.263810546894092 746.4340473632765 289.45272292369486 997.3279999999795 492.6190703124739 17459.503718666354 1053695.8625611311 3000.0 128.0 73975.0#73975.0#3000_76253.0#76253.0#3000 76251.0#76251.0#128
78000 81000 336.40017578122206 665.8999560546945 357.9169937361901 998.9380000000237 243.616943359375 20665.568387483407 1183837.0518671128 3000.0 128.0 78252.0#78252.0#3000_79756.0#79756.0#3000 78249.0#78249.0#128_79754.0#79754.0#128
81000 84000 436.6319453124306 640.8420136718923 411.46730913085753 996.4880000000703 237.697998046875 23508.147227186197 1291421.5057353138 3000.0 128.0 79756.0#79756.0#3000_81761.0#81761.0#3000_83465.0#83465.0#3000 81758.0#81758.0#128_83472.0#83472.0#128
84000 87000 43.18195703130914 739.2045107421727 372.71604042689415 999.6889999999548 205.092041015625 21388.19796700611 1183321.9709007007 3000.0 128.0 83465.0#83465.0#3000_85758.0#85758.0#3000 85757.0#85757.0#128
87000 90000 75.77814648440108 731.0554633788997 391.49296775229857 999.7670000000508 169.5668945311918 26138.94646394139 1321172.613517038 3000.0 128.0 85758.0#85758.0#3000_87756.0#87756.0#3000_89370.0#89370.0#3000 87751.0#87751.0#128_89377.0#89377.0#128
90000 93000 32.77693554677535 741.8057661133062 402.09462673007863 999.1030000000028 151.032958984375 26298.193271440254 1462490.0773955234 3000.0 128.0 89370.0#89370.0#3000_91165.0#91165.0#3000 91244.0#91244.0#128
93000 96000 12.936646484420635 746.7658383788948 405.14885551247545 996.7689999999711 148.1953125 19063.309265976564 1125686.1656671779 3000.0 128.0 93255.0#93255.0#3000_95252.0#95252.0#3000 93253.0#93253.0#128_95251.0#95251.0#128
96000 99000 521.0893886719714 826.3035371093429 148.47214787143125 997.5019999999204 732.8116874999832 19802.490875068943 1052145.7229986936 3000.0 128.0 95252.0#95252.0#3000_97252.0#97252.0#3000 97250.0#97250.0#128
99000 102000 55.31495507818181 736.1712612304545 357.9228285241454 999.3089999999502 241.17107617191505 28237.00849432461 1563036.3570426998 3000.0 128.0 97252.0#97252.0#3000_99143.0#99143.0#3000_100779.0#100779.0#3000 99241.0#99241.0#128_100748.0#100748.0#128
102000 105000 88.47300390613964 727.8817490234651 322.17997420001063 977.0650000000023 289.1830312500242 19321.424555462596 1004362.7733403845 3000.0 128.0 100779.0#100779.0#3000_103258.0#103258.0#3000_104930.0#104930.0#3000 103254.0#103254.0#128_104748.0#104748.0#128
105000 108000 9.836859375005588 747.5407851562486 325.0607759801893 999.5300000000279 315.515035156277 26182.048682592278 1540408.9830748958 3000.0 128.0 104930.0#104930.0#3000_106540.0#106540.0#3000 106552.0#106552.0#128
108000 111000 45.121193359431345 738.7197016601422 329.7699193584897 997.9969999999157 309.9788945312612 24188.264311709463 1281380.8386215784 3000.0 128.0 106540.0#106540.0#3000_108439.0#108439.0#3000_110254.0#110254.0#3000 108437.0#108437.0#128_110253.0#110253.0#128
111000 114000 98.18163476564223 725.4545913085894 325.9362939270963 999.335000000021 350.7600878906087 19394.527090522668 1049687.2217361394 3000.0 128.0 110254.0#110254.0#3000_112479.0#112479.0#3000 112478.0#112478.0#128
114000 117000 19.369015625154134 745.1577460937115 296.39568184726534 999.8439999999828 440.7747226561769 22939.825122446142 1273687.6471970556 3000.0 128.0 114255.0#114255.0#3000_116251.0#116251.0#3000 114253.0#114253.0#128_116247.0#116247.0#128
117000 120000 17.417156249983236 745.6457109375042 293.88850542038824 999.9189999999944 457.3637382813031 21817.62783649428 1204231.4416238072 3000.0 128.0 116251.0#116251.0#3000_118253.0#118253.0#3000_119920.0#119920.0#3000 118251.0#118251.0#128
120000 123000 1161.1118437500554 459.72203906248615 402.6244330822844 995.1170000000275 26.396999999997206 17213.576742950623 938501.7456984536 3000.0 128.0 118253.0#118253.0#3000_119920.0#119920.0#3000_122649.0#122649.0#3000 120038.0#120038.0#128_122649.0#122649.0#128
123000 126000 10.905242187611293 747.2736894530972 316.4202471722845 999.8850000000093 342.2700195311918 32767.372678179385 1546951.0702312354 3000.0 128.0 122649.0#122649.0#3000_124251.0#124251.0#3000_125840.0#125840.0#3000 124244.0#124244.0#128
126000 129000 202.7797578125028 699.3050605468743 336.9039768020687 999.4760000000242 243.8432617186918 22654.673670570824 1364641.7026547538 3000.0 128.0 124251.0#124251.0#3000_125840.0#125840.0#3000_127755.0#127755.0#3000 126065.0#126065.0#128_127754.0#127754.0#128
129000 132000 51.36932226549834 737.1576694336254 375.82602296559804 998.3680000000168 200.387939453125 22110.276102906926 1236136.9317301642 3000.0 128.0 127755.0#127755.0#3000_129753.0#129753.0#3000_131405.0#131405.0#3000 129751.0#129751.0#128_131414.0#131414.0#128
132000 135000 11.905009765643626 747.0237475585891 377.89148136200674 998.3959999999497 198.1279296875 18188.121918330016 1108741.4898627573 3000.0 128.0 131405.0#131405.0#3000_133764.0#133764.0#3000 133759.0#133759.0#128
135000 138000 14.621611328155268 746.3445971679612 381.34725759729884 999.9340000000084 191.851318359375 24445.209365355953 1457240.9760094513 3000.0 128.0 133764.0#133764.0#3000_135479.0#135479.0#3000_137264.0#137264.0#3000 135486.0#135486.0#128_137243.0#137243.0#128
138000 141000 560.2254160157172 813.2581946614276 159.5072410861183 995.1699999999255 697.3296816406073 17913.926584508707 994786.2615664226 3000.0 128.0 137264.0#137264.0#3000_139253.0#139253.0#3000 139251.0#139251.0#128
141000 144000 58.53879492194392 735.365301269514 350.59754366697393 999.7509999999893 251.47609765618108 22648.521800040122 1252489.299722997 3000.0 128.0 141254.0#141254.0#3000_143246.0#143246.0#3000 141252.0#141252.0#128_143245.0#143245.0#128
144000 147000 122.52517187502235 719.3687070312444 314.9968964861582 967.4500000000116 296.5598925781087 21316.052251505713 1101982.5480982016 3000.0 128.0 143246.0#143246.0#3000_145251.0#145251.0#3000 145249.0#145249.0#128
147000 150000 11.128939453104977 747.2177651367238 317.00685353391617 998.8180000000284 336.72506445320323 27194.081656582377 1499221.7480620192 3000.0 128.0 147253.0#147253.0#3000_148754.0#148754.0#3000 147250.0#147250.0#128_148747.0#148747.0#128
150000 153000 20.48170898441458 744.8795727538964 318.4553381551902 999.6469999999972 338.29100390622625 21108.682404266245 1088714.6861596392 3000.0 128.0 148754.0#148754.0#3000_151253.0#151253.0#3000_152832.0#152832.0#3000 151250.0#151250.0#128_152747.0#152747.0#128
153000 156000 47.67521289072465 738.0811967773188 314.2128974889811 998.3800000000047 355.88171289057937 25436.076799887807 1289115.4538798975 3000.0 128.0 152832.0#152832.0#3000_154755.0#154755.0#3000 154752.0#154752.0#128
156000 159000 9.57108984387014 747.6072275390325 302.9457568223608 999.6880000000237 390.16692578117363 27638.863362687982 1471392.5652360301 3000.0 128.0 154755.0#154755.0#3000_156692.0#156692.0#3000_158340.0#158340.0#3000 156441.0#156441.0#128_158355.0#158355.0#128
159000 162000 71.55209570319857 732.1119760742004 290.61022961008183 996.7509999999893 393.74001562502235 26274.012285358625 1192532.1447722865 3000.0 128.0 158340.0#158340.0#3000_160443.0#160443.0#3000 160440.0#160440.0#128
162000 165000 19.573810546833556 745.1065473632916 295.4376167952069 997.2660000000033 411.75211132812547 22165.701570784415 1215195.4989671514 3000.0 128.0 162257.0#162257.0#3000_164259.0#164259.0#3000 162254.0#162254.0#128_164256.0#164256.0#128
165000 168000 14.84381835948443 746.2890454101289 294.20135182382865 996.8719999999157 418.6449218749767 21704.488624211634 1193933.7597297563 3000.0 128.0 164259.0#164259.0#3000_166256.0#166256.0#3000_167916.0#167916.0#3000 166253.0#166253.0#128_167926.0#167926.0#128
168000 171000 4.772380859416444 748.8069047851459 295.0626364337458 998.8559999999707 423.05574023438385 21074.037772239968 1143037.1869111478 3000.0 128.0 167916.0#167916.0#3000_170255.0#170255.0#3000 167926.0#167926.0#128_170254.0#170254.0#128
171000 174000 31.36399609374348 742.1590009765641 297.6851417392878 995.8609999999753 420.88012109376723 23566.725849790208 1246334.3035462645 3000.0 128.0 170255.0#170255.0#3000_172253.0#172253.0#3000 172827.0#172827.0#128_173748.0#173748.0#128
174000 177000 91.07988281256985 727.2300292968575 315.16443037383783 999.6809999999241 425.63911718747113 27896.06716941495 1546191.9251224003 3000.0 128.0 172253.0#172253.0#3000_174283.0#174283.0#3000_175732.0#175732.0#3000 175751.0#175751.0#128
177000 180000 987.4500156249269 670.8499947916911 386.19477325280724 999.7069999999949 245.583984375 17960.273155344814 1030125.1676205723 3000.0 128.0 177752.0#177752.0#3000_179756.0#179756.0#3000 177751.0#177751.0#128_179754.0#179754.0#128
180000 183000 14.47395507816691 746.3815112304583 359.3262380763798 998.935999999987 236.030029296875 23847.25012204636 1307433.4513046423 3000.0 128.0 179756.0#179756.0#3000_181761.0#181761.0#3000 181756.0#181756.0#128
183000 186000 51.761003906140104 737.059749023465 375.1306887993883 998.829000000027 201.176025390625 25472.72786103396 1341636.7815028417 3000.0 128.0 181761.0#181761.0#3000_183754.0#183754.0#3000_185202.0#185202.0#3000 183751.0#183751.0#128_185243.0#185243.0#128
186000 189000 18.51177734375233 745.3720556640619 379.01423950162757 996.1940000000177 194.729248046875 22400.503682816925 1204408.0667526138 3000.0 128.0 185202.0#185202.0#3000_187250.0#187250.0#3000 187249.0#187249.0#128
189000 192000 7.575941406248603 748.1060146484378 381.19296981217957 999.2000000000116 193.039306640625 23090.514037742832 1229053.2303510858 3000.0 128.0 187250.0#187250.0#3000_189245.0#189245.0#3000_191254.0#191254.0#3000 189245.0#189245.0#128_191250.0#191250.0#128
192000 195000 423.0263066405896 858.9912311198035 120.93895220600595 997.4710000000196 774.1389999999665 23023.73114101511 1121337.302468244 3000.0 128.0 191254.0#191254.0#3000_193246.0#193246.0#3000 193245.0#193245.0#128
195000 198000 260.5400253906846 913.1533248697718 145.99570691175535 998.1489999999758 744.573974609375 29696.4395235633 1415700.7523016487 3000.0 128.0 195253.0#195253.0#3000_196898.0#196898.0#3000 195251.0#195251.0#128_196755.0#196755.0#128
198000 201000 34.05304687493481 741.4867382812663 349.00453998322865 995.8560000000289 251.6420253906399 21379.059803002383 1083925.7614026659 3000.0 128.0 196898.0#196898.0#3000_199257.0#199257.0#3000 199252.0#199252.0#128_200752.0#200752.0#128
201000 204000 118.34399609360844 720.4140009765979 380.42684612815833 997.7310000000289 189.35907226568088 27335.66575188464 1530548.9433656572 3000.0 128.0 199257.0#199257.0#3000_201151.0#201151.0#3000_202793.0#202793.0#3000 200752.0#200752.0#128_202513.0#202513.0#128
204000 207000 276.9630019530887 680.7592495117278 432.1380707355772 999.8830000000307 84.07606835942715 24448.335542702436 1227880.280836124 3000.0 128.0 202793.0#202793.0#3000_204489.0#204489.0#3000_206470.0#206470.0#3000 204486.0#204486.0#128_206468.0#206468.0#128
207000 210000 153.72192968742456 711.5695175781439 329.10947060785463 994.6750000000466 357.14007031254005 23237.22452099742 1150673.8048653884 3000.0 128.0 206470.0#206470.0#3000_208613.0#208613.0#3000 208611.0#208611.0#128
210000 213000 12.804996093735099 746.7987509765662 290.19296319256733 998.5320000000065 490.9070000000065 26870.636512652294 1348967.2481427323 3000.0 128.0 208613.0#208613.0#3000_210259.0#210259.0#3000_212259.0#212259.0#3000 210255.0#210255.0#128_212256.0#212256.0#128
213000 216000 5.936908203060739 748.5157729492348 288.8421010178729 999.533000000054 496.923095703125 25637.236451063825 1342212.3020016758 3000.0 128.0 212259.0#212259.0#3000_214258.0#214258.0#3000_215942.0#215942.0#3000 214255.0#214255.0#128_215951.0#215951.0#128
216000 219000 48.65907617181074 737.8352309570473 299.5599678432206 999.1350000000093 477.02001953125 22112.376830407313 1251613.5258813566 3000.0 128.0 215942.0#215942.0#3000_218257.0#218257.0#3000 215951.0#215951.0#128_218253.0#218253.0#128
219000 222000 7.7981308593880385 748.050467285153 289.93888338730716 998.8059999999823 472.535888671875 26116.693934950268 1205705.3024722852 3000.0 128.0 218257.0#218257.0#3000_220249.0#220249.0#3000_221753.0#221753.0#3000 220246.0#220246.0#128_221751.0#221751.0#128
222000 225000 32.58581054687966 741.8535473632801 288.6458523217223 996.0559999999823 462.080078125 24638.094701608374 1261636.9967601504 3000.0 128.0 221753.0#221753.0#3000_223755.0#223755.0#3000 223754.0#223754.0#128
225000 228000 408.12499804690015 647.968750488275 405.7630838794156 997.5820000000531 243.382080078125 20403.547763103867 1044871.6724801582 3000.0 128.0 223755.0#223755.0#3000_225750.0#225750.0#3000_227644.0#227644.0#3000 225749.0#225749.0#128_227749.0#227749.0#128
228000 231000 15.102164062554948 746.2244589843613 359.4082490019629 998.0039999999572 235.263916015625 24101.015395152677 1400755.7671192158 3000.0 128.0 227644.0#227644.0#3000_229465.0#229465.0#3000 229472.0#229472.0#128
231000 234000 64.58960156247485 733.8525996093813 381.9422835594841 998.3120000000345 187.747314453125 21005.054737566756 1169521.1115042348 3000.0 128.0 229465.0#229465.0#3000_231752.0#231752.0#3000_233375.0#233375.0#3000 231750.0#231750.0#128_233248.0#233248.0#128
234000 237000 331.98031445313245 889.3398951822892 96.06205757421154 995.8490000000456 809.2566855468322 22613.618531344448 1326840.5308667067 3000.0 128.0 233375.0#233375.0#3000_235098.0#235098.0#3000 235165.0#235165.0#128
237000 240000 266.88388476567343 911.0387050781088 143.5797124409166 998.0999999999767 745.318115234375 24147.719586615345 1304600.7025857617 3000.0 128.0 237246.0#237246.0#3000_239058.0#239058.0#3000 237245.0#237245.0#128_239130.0#239130.0#128
240000 243000 73.53384179680143 731.6165395507996 358.1900827977082 999.3379999999888 238.78788476565387 22340.203905204286 1101140.3736791243 3000.0 128.0 239058.0#239058.0#3000_241256.0#241256.0#3000 241254.0#241254.0#128
243000 246000 146.92433789069764 713.2689155273256 377.0264673371502 998.3839999999618 195.97472656250466 27804.280597024608 1385259.249320674 3000.0 128.0 241256.0#241256.0#3000_243126.0#243126.0#3000_245006.0#245006.0#3000 243580.0#243580.0#128_244747.0#244747.0#128
246000 249000 8.359667968703434 747.9100830078241 320.64513353268285 999.3209999999963 328.3780644531362 27012.103096769155 1200668.4540830161 3000.0 128.0 245006.0#245006.0#3000_247000.0#247000.0#3000_248816.0#248816.0#3000 247205.0#247205.0#128_248746.0#248746.0#128
249000 252000 19.97099609381985 745.007250976545 317.3083124298448 995.7759999999544 331.26673242182005 25010.31347844 1081754.5501563498 3000.0 128.0 247000.0#247000.0#3000_248816.0#248816.0#3000_251216.0#251216.0#3000 248746.0#248746.0#128_250751.0#250751.0#128
252000 255000 15.577347656246275 746.1056630859384 320.7750850247606 999.984000000055 331.8257285156287 22438.415194951816 790072.1178501525 2650.0 128.0 251216.0#251216.0#3000_254450.0#254450.0#2300 252654.0#252654.0#128_254477.0#254477.0#128
255000 258000 28.20797656243667 742.9480058593908 319.8276909405932 999.3170000000391 335.98707617190666 15238.45309590487 519585.1598953988 2300.0 128.0 254450.0#254450.0#2300 254477.0#254477.0#128
258000 261000 32.89100195316132 741.7772495117097 314.78096188713414 997.5969999999506 349.6290527343517 18451.46255419978 667661.4107965715 1205.0 128.0 254450.0#254450.0#2300_258052.0#258052.0#840_259639.0#259639.0#840_260737.0#260737.0#840 258247.0#258247.0#128_259746.0#259746.0#128_260747.0#260747.0#128
261000 264000 1185.556945312419 604.814351562527 342.69326098568047 998.2700000000186 371.57405468751676 14021.048490890142 640775.9816329514 840.0 128.0 260737.0#260737.0#840_261711.0#261711.0#840_262249.0#262249.0#840 260747.0#260747.0#128_262247.0#262247.0#128
264000 267000 1332.157054687501 833.9214726562495 123.04015413026664 920.9239999999991 746.9189453125 16922.944841362303 730215.24849065 1500.0 128.0 264251.0#264251.0#1500_266254.0#266254.0#1500 264248.0#264248.0#128_266251.0#266251.0#128
267000 270000 13.377845703158528 746.6555385742104 352.93203787495804 999.3379999999888 249.65505468752235 17959.37569757156 849867.6670283728 2033.3333333333333 128.0 266254.0#266254.0#1500_268262.0#268262.0#2300_269754.0#269754.0#2300 268256.0#268256.0#128_269753.0#269753.0#128
270000 273000 679.790826171753 580.0522934570618 387.51896856337027 994.0010000000475 242.6552734375 22100.365657824696 1077238.1445999555 2300.0 128.0 269754.0#269754.0#2300_271757.0#271757.0#2300 271756.0#271756.0#128
273000 276000 54.2592128906399 736.43519677734 380.1661263876655 999.935999999987 193.362060546875 16470.668341822817 838772.7858997498 2300.0 128.0 271757.0#271757.0#2300_273753.0#273753.0#2300_275757.0#275757.0#2300 273752.0#273752.0#128_275754.0#275754.0#128
276000 279000 29.20997851563152 742.6975053710921 387.2626937898351 996.1419999999925 177.05908203125 20286.17684584632 1112663.1482538385 2300.0 128.0 275757.0#275757.0#2300_277753.0#277753.0#2300 277751.0#277751.0#128
279000 282000 8.434078125050291 747.8914804687374 390.9766825033826 999.1539999999804 175.10400390625 23912.81842965038 1237662.2665174145 2766.6666666666665 128.0 277753.0#277753.0#2300_279761.0#279761.0#3000_281345.0#281345.0#3000 279757.0#279757.0#128_281356.0#281356.0#128
282000 285000 12.402919922024012 746.899270019494 393.93042221915874 998.265999999945 169.111083984375 23634.13707981427 1287902.6564916903 3000.0 128.0 281345.0#281345.0#3000_283246.0#283246.0#3000 283246.0#283246.0#128
285000 288000 451.61403515632264 849.4619882812258 112.60623633666106 970.7879999999423 748.300048828125 21956.863996626198 1221244.135383565 3000.0 128.0 283246.0#283246.0#3000_285073.0#285073.0#3000_287254.0#287254.0#3000 285082.0#285082.0#128_287251.0#287251.0#128
288000 291000 69.35006640618667 732.6624833984533 353.95235175760473 999.3429999999935 249.11495117191225 18957.809199640407 999968.752931259 3000.0 128.0 287254.0#287254.0#3000_289248.0#289248.0#3000 289246.0#289246.0#128
291000 294000 21.345888671814464 744.6635278320464 328.56847339557856 999.1850000000559 307.65501757815946 27002.77232135882 1494898.1196811511 3000.0 128.0 291249.0#291249.0#3000_292824.0#292824.0#3000 291248.0#291248.0#128_292834.0#292834.0#128
294000 297000 13.38618164055515 746.6534545898612 323.95844309112925 998.9790000000503 320.1409062499879 22097.12744444144 1168155.280169057 3000.0 128.0 292824.0#292824.0#3000_294754.0#294754.0#3000_296753.0#296753.0#3000 294753.0#294753.0#128_296750.0#296750.0#128
297000 300000 6.77195703110192 748.3070107422245 321.3134303045188 999.8540000000503 328.35808789066505 25721.93724602376 1290104.9435033742 3000.0 128.0 296753.0#296753.0#3000_298764.0#298764.0#3000 298761.0#298761.0#128
