ts te idle avg_span std_span max_span min_span c_bytes_all s_bytes_all avg_video_rate avg_audio_rate video_requests_sequence audio_requests_sequence
0 6000 6000.0 0.0 0.0 0.0 0.0 0.0 0.0 0.0 0.0 - -
6000 12000 2087.5039531249786 978.1240117187554 29.814234677011765 999.9670000000042 936.248046875 63120.44614870254 9025194.90016929 4400.0 128.0 8416.0#8416.0#4400_10015.0#10015.0#4400_10438.0#10438.0#4400_10723.0#10723.0#4400_10955.0#10955.0#4400_11130.0#11130.0#4400_11304.0#11304.0#4400_11701.0#11701.0#4400 8412.0#8412.0#128_8881.0#8881.0#128_10436.0#10436.0#128_10953.0#10953.0#128_11150.0#11150.0#128_11285.0#11285.0#128_11366.0#11366.0#128_11485.0#11485.0#128
12000 18000 4234.782046874985 353.043590625003 274.1163191969318 611.6589999999851 57.73595312499674 33826.55385129746 6179817.099830709 7100.0 128.0 11701.0#11701.0#4400_13895.0#13895.0#8000_15883.0#15883.0#8000_17387.0#17387.0#8000 13893.0#13893.0#128_15881.0#15881.0#128_17384.0#17384.0#128
18000 24000 3293.573999999964 541.2852000000072 324.2308029100649 961.8439999999828 65.74099999997998 29262.872613068852 5311418.823199367 8000.0 128.0 19889.0#19889.0#8000_21390.0#21390.0#8000_23389.0#23389.0#8000 19886.0#19886.0#128_21387.0#21387.0#128_23388.0#23388.0#128
24000 30000 110.12989648425719 841.4100147879633 260.85868143626215 999.7380000000703 428.6720000000205 31704.439242045177 5900809.418072792 8000.0 128.0 25387.0#25387.0#8000_27392.0#27392.0#8000_29390.0#29390.0#8000 25383.0#25383.0#128_27390.0#27390.0#128_29387.0#29387.0#128
30000 36000 4140.823103515897 464.79422412102576 310.23162738128326 817.6859999998705 61.40999999991618 38117.68814488597 7234083.758727841 8000.0 128.0 31387.0#31387.0#8000_34495.0#34495.0#8000_34739.0#34739.0#8000 31387.0#31387.0#128_34493.0#34493.0#128_34904.0#34904.0#128
36000 42000 4182.621000000101 605.7929999999664 199.88700152583888 738.9980000000214 375.95100000000093 30323.0 5581453.0 8000.0 128.0 36889.0#36889.0#8000_38505.0#38505.0#8000_40883.0#40883.0#8000 36885.0#36885.0#128_38504.0#38504.0#128_40882.0#40882.0#128
42000 48000 4870.805999999982 376.3980000000059 44.436660281806 423.26500000001397 334.875 32098.0 6043217.0 8000.0 128.0 42539.0#42539.0#8000_44389.0#44389.0#8000_46390.0#46390.0#8000 42535.0#42535.0#128_44386.0#44386.0#128_46388.0#46388.0#128
48000 54000 4643.020000000077 452.3266666666411 9.138411313455874 460.7579999999725 442.61599999992177 32258.0 6041859.0 8000.0 128.0 48387.0#48387.0#8000_50392.0#50392.0#8000_52390.0#52390.0#8000 48385.0#48385.0#128_50390.0#50390.0#128_52384.0#52384.0#128
54000 60000 4437.066937500029 390.7332656249928 209.1917309081841 621.7459999999846 117.6640625 35564.27882820834 6794768.43247143 8000.0 128.0 54496.0#54496.0#8000_56386.0#56386.0#8000_57882.0#57882.0#8000_59883.0#59883.0#8000 54495.0#54495.0#128_56383.0#56383.0#128_57882.0#57882.0#128_59882.0#59882.0#128
60000 66000 4480.397062500007 506.5343124999975 134.70643037307408 628.3910000000033 361.8859999999986 30368.721171791658 5627802.56752857 8000.0 128.0 59883.0#59883.0#8000_62514.0#62514.0#8000_63882.0#63882.0#8000 59882.0#59882.0#128_62514.0#62514.0#128_63882.0#63882.0#128
66000 72000 3016.850070312503 596.6299859374994 232.1379848848959 961.8209999999963 330.92299999995157 36950.06155700569 6868565.443377856 8000.0 128.0 66499.0#66499.0#8000_67883.0#67883.0#8000_69386.0#69386.0#8000_71389.0#71389.0#8000 66496.0#66496.0#128_67881.0#67881.0#128_69384.0#69384.0#128_71388.0#71388.0#128
72000 78000 1571.8079863281455 738.0320022786424 254.3710232692962 972.5430000000051 428.5310703124851 29333.132496892737 6277812.682159003 8000.0 128.0 73387.0#73387.0#8000_75389.0#75389.0#8000_77388.0#77388.0#8000 73385.0#73385.0#128_75387.0#75387.0#128_77385.0#77385.0#128
78000 84000 828.7449433594011 861.8758427734332 225.09184116725902 999.9110000000219 428.17205664061476 30905.805946101573 6773826.874463141 8000.0 128.0 79386.0#79386.0#8000_81388.0#81388.0#8000_82885.0#82885.0#8000 79384.0#79384.0#128_81385.0#81385.0#128_82884.0#82884.0#128
84000 90000 3658.673999999999 780.4420000000003 22.895681230375267 793.9839999999967 754.006999999925 27416.0 5816567.0 8000.0 128.0 84886.0#84886.0#8000_86888.0#86888.0#8000_88886.0#88886.0#8000 84884.0#84884.0#128_86886.0#86886.0#128_88883.0#88883.0#128
90000 96000 4373.968999999925 542.0103333333585 229.34137751904223 806.4220000000205 397.06400000001304 28850.0 6112100.0 8000.0 128.0 90897.0#90897.0#8000_92491.0#92491.0#8000_94385.0#94385.0#8000 90894.0#90894.0#128_92489.0#92489.0#128_94384.0#94384.0#128
96000 102000 4758.94299999997 413.6856666666766 61.1697719247983 454.4670000000042 343.3510000000242 27887.0 5873867.0 8000.0 128.0 96543.0#96543.0#8000_98388.0#98388.0#8000_100393.0#100393.0#8000 96540.0#96540.0#128_98386.0#98386.0#128_100389.0#100389.0#128
102000 108000 4480.702089843748 379.8244775390631 218.65207368478895 636.0709999999963 106.23291015625 29054.697854124777 6266511.839922961 8000.0 128.0 102484.0#102484.0#8000_103887.0#103887.0#8000_106385.0#106385.0#8000_107894.0#107894.0#8000 102481.0#102481.0#128_103884.0#103884.0#128_106385.0#106385.0#128_107892.0#107892.0#128
108000 114000 4186.774001953076 453.3064995117311 251.9979748333242 681.8640898437588 116.680908203125 29915.796995137553 7390562.437205962 8000.0 128.0 107894.0#107894.0#8000_109889.0#109889.0#8000_112486.0#112486.0#8000_113884.0#113884.0#8000 107892.0#107892.0#128_109887.0#109887.0#128_112484.0#112484.0#128_113882.0#113882.0#128
114000 120000 4283.651908203145 572.1160305989519 64.70347063531888 614.6080000000075 497.6500917968806 26624.505150737667 5729368.722871076 8000.0 128.0 113884.0#113884.0#8000_115885.0#115885.0#8000_117888.0#117888.0#8000 113882.0#113882.0#128_115885.0#115885.0#128_117885.0#117885.0#128
120000 126000 2009.6781074219616 798.0643785156077 249.56295551327764 994.8279999999795 490.64399999997113 34000.300276833455 7112129.2676299075 8000.0 128.0 120491.0#120491.0#8000_121885.0#121885.0#8000_123440.0#123440.0#8000_125392.0#125392.0#8000 120490.0#120490.0#128_121883.0#121883.0#128_123439.0#123439.0#128_125388.0#125388.0#128
126000 132000 1313.4338925780612 781.0943512369898 316.9106165503375 999.3320000000531 321.2050000000163 30964.69972316654 6958306.7323700925 8000.0 128.0 127386.0#127386.0#8000_129388.0#129388.0#8000_131384.0#131384.0#8000 127384.0#127384.0#128_129386.0#129386.0#128_131383.0#131383.0#128
132000 138000 2939.4599999999627 765.1350000000093 261.1049272073868 991.7579999999725 389.362000000081 28108.0 5963373.0 8000.0 128.0 132885.0#132885.0#8000_134886.0#134886.0#8000_136886.0#136886.0#8000 132882.0#132882.0#128_134885.0#134885.0#128_136885.0#136885.0#128
138000 144000 4025.472999999998 658.1756666666673 304.4897714149557 893.3869999999879 314.25 26920.0 5640969.0 8000.0 128.0 138886.0#138886.0#8000_140887.0#140887.0#8000_142480.0#142480.0#8000 138884.0#138884.0#128_140886.0#140886.0#128_142479.0#142479.0#128
144000 150000 5007.858000000007 330.7139999999975 35.425942372769754 360.04999999998836 291.35700000001816 27276.0 5924890.0 8000.0 128.0 144392.0#144392.0#8000_146485.0#146485.0#8000_148394.0#148394.0#8000 144390.0#144390.0#128_146484.0#146484.0#128_148391.0#148391.0#128
150000 156000 4733.980878906266 316.5047802734334 136.48438699909278 407.92800000001444 113.59912109369179 30782.48970699353 6796819.415179438 8000.0 128.0 150390.0#150390.0#8000_152488.0#152488.0#8000_154387.0#154387.0#8000_155887.0#155887.0#8000 150388.0#150388.0#128_152485.0#152485.0#128_154385.0#154385.0#128_155885.0#155885.0#128
156000 162000 4362.088005859463 409.47799853513425 213.68271999156266 617.604999999865 115.193115234375 27366.773253559764 5977515.644672585 8000.0 128.0 155887.0#155887.0#8000_158500.0#158500.0#8000_159888.0#159888.0#8000_161885.0#161885.0#8000 158498.0#158498.0#128_159886.0#159886.0#128_161884.0#161884.0#128
162000 168000 3870.550115234568 532.362471191358 112.44531965044985 627.6459999999497 386.8539999999339 33595.73703944671 7390614.940147977 8000.0 128.0 161885.0#161885.0#8000_163884.0#163884.0#8000_165883.0#165883.0#8000_167391.0#167391.0#8000 161884.0#161884.0#128_163883.0#163883.0#128_165881.0#165881.0#128_167388.0#167388.0#128
168000 174000 1742.389000000083 851.5221999999834 248.3695925525159 969.9679999999935 407.45899999997346 27891.0 6011307.0 8000.0 128.0 169392.0#169392.0#8000_171386.0#171386.0#8000_173392.0#173392.0#8000 169389.0#169389.0#128_171384.0#171384.0#128_173389.0#173389.0#128
174000 180000 550.0500429687672 908.3249928385388 196.43399218409456 999.9510000000009 508.6059570311918 26485.277174992614 5506595.003326971 8000.0 128.0 175389.0#175389.0#8000_176883.0#176883.0#8000_179382.0#179382.0#8000 175387.0#175387.0#128_176882.0#176882.0#128_178880.0#178880.0#128
180000 186000 2897.8329570312053 775.5417607421987 217.40455540869885 974.1560000000172 480.21804296877235 30729.722825007386 6702809.996673029 8000.0 128.0 180883.0#180883.0#8000_182882.0#182882.0#8000_184885.0#184885.0#8000 180882.0#180882.0#128_182882.0#182882.0#128_184884.0#184884.0#128
186000 192000 4277.280999999959 574.2396666666804 266.93923464776344 882.1780000000144 408.56400000001304 26718.0 5686096.0 8000.0 128.0 186888.0#186888.0#8000_188494.0#188494.0#8000_190515.0#190515.0#8000 186886.0#186886.0#128_188491.0#188491.0#128_190514.0#190514.0#128
192000 198000 4689.11400000006 436.96199999998015 78.42849978801203 503.8649999999907 350.65200000000186 29292.0 6334802.0 8000.0 128.0 192392.0#192392.0#8000_194392.0#194392.0#8000_196495.0#196495.0#8000 192391.0#192391.0#128_194389.0#194389.0#128_196492.0#196492.0#128
198000 204000 4945.271999999997 351.57600000000093 97.59483862886317 454.2739999999758 260.0450000000419 27260.0 5882174.0 8000.0 128.0 198391.0#198391.0#8000_200394.0#200394.0#8000_202388.0#202388.0#8000 198389.0#198389.0#128_200391.0#200391.0#128_202385.0#202385.0#128
204000 210000 4383.73492382816 404.0662690429599 211.61449411120816 619.7979999999516 115.778076171875 29697.104341218706 6373953.15972648 8000.0 128.0 204519.0#204519.0#8000_206517.0#206517.0#8000_207885.0#207885.0#8000_209883.0#209883.0#8000 204517.0#204517.0#128_206515.0#206515.0#128_207883.0#207883.0#128_209883.0#209883.0#128
210000 216000 4224.473800781299 355.10523984374015 258.8134485859113 652.9579999999842 62.59600000001956 29004.157189397785 6244519.73621718 8000.0 128.0 209883.0#209883.0#8000_211886.0#211886.0#8000_213389.0#213389.0#8000_215892.0#215892.0#8000 209883.0#209883.0#128_211884.0#211884.0#128_213386.0#213386.0#128_215890.0#215890.0#128
216000 222000 2052.346357421833 789.5307285156334 254.46581767682255 991.060999999987 493.28872460941784 31454.528207779294 6611633.772015014 8000.0 128.0 215892.0#215892.0#8000_218504.0#218504.0#8000_219386.0#219386.0#8000_221388.0#221388.0#8000 215890.0#215890.0#128_218500.0#218500.0#128_219384.0#219384.0#128_221386.0#221386.0#128
222000 228000 1998.176923828083 666.9705126953195 397.93953112572643 999.8499999999767 24.236000000033528 27971.97536273358 6007915.630660905 8000.0 128.0 224497.0#224497.0#8000_225391.0#225391.0#8000_227390.0#227390.0#8000 224494.0#224494.0#128_225389.0#225389.0#128_227389.0#227389.0#128
228000 234000 2928.356994140544 767.910751464864 214.67204917311105 940.3000000000466 471.4420058593387 31325.234898870636 6978816.701380421 8000.0 128.0 228887.0#228887.0#8000_230892.0#230892.0#8000_232891.0#232891.0#8000 228885.0#228885.0#128_230890.0#230890.0#128_232887.0#232887.0#128
234000 240000 4107.670000000042 630.7766666666527 220.24556237604077 885.0489999999991 499.48199999995995 27808.0 5843433.0 8000.0 128.0 234886.0#234886.0#8000_236492.0#236492.0#8000_238388.0#238388.0#8000 234884.0#234884.0#128_236490.0#236490.0#128_238386.0#238386.0#128
240000 246000 4296.187000000151 567.9376666666163 159.6970384018918 688.98199999996 386.9399999999441 27466.0 5872194.0 8000.0 128.0 240496.0#240496.0#8000_243215.0#243215.0#8000_244389.0#244389.0#8000 240495.0#240495.0#128_243213.0#243213.0#128_244386.0#244386.0#128
246000 252000 4082.352724609431 479.4118188476423 248.43385799260173 627.0389999999898 108.957275390625 30053.20690243515 6424289.692439504 8000.0 128.0 246390.0#246390.0#8000_248394.0#248394.0#8000_249889.0#249889.0#8000_251891.0#251891.0#8000 246388.0#246388.0#128_248390.0#248390.0#128_249886.0#249886.0#128_251890.0#251890.0#128
252000 258000 4274.235275390558 575.2549082031474 53.41617055574754 606.3090000000084 513.575724609429 26775.79309756485 5728812.307560496 8000.0 128.0 251891.0#251891.0#8000_253890.0#253890.0#8000_255891.0#255891.0#8000 251890.0#251890.0#128_253890.0#253890.0#128_255888.0#255888.0#128
258000 264000 4156.925892578205 368.61482148435897 254.44690175695425 617.4179999999469 75.17900000000373 30485.405902439667 6521169.382452323 8000.0 128.0 258516.0#258516.0#8000_259888.0#259888.0#8000_261391.0#261391.0#8000_263887.0#263887.0#8000 258514.0#258514.0#128_259884.0#259884.0#128_261389.0#261389.0#128_263884.0#263884.0#128
264000 270000 1679.969828124973 720.0050286458378 273.401818904161 990.5620000000345 443.04899999999907 31006.44388952827 6575191.256682705 8000.0 128.0 263887.0#263887.0#8000_265393.0#265393.0#8000_267392.0#267392.0#8000_269386.0#269386.0#8000 263884.0#263884.0#128_265390.0#265390.0#128_267389.0#267389.0#128_269384.0#269384.0#128
270000 276000 3005.63427929685 598.8731441406301 397.4761758927062 989.0820000000531 26.317999999970198 21807.150208032064 4807920.360864971 8000.0 128.0 271388.0#271388.0#8000_273393.0#273393.0#8000 271386.0#271386.0#128_273391.0#273391.0#128
276000 282000 3723.2089999999152 758.9303333333615 26.375386941892124 789.1310000000522 740.4239999999991 36768.0 8079328.0 8000.0 128.0 276511.0#276511.0#8000_276758.0#276758.0#8000_278885.0#278885.0#8000_280887.0#280887.0#8000 276510.0#276510.0#128_276884.0#276884.0#128_278882.0#278882.0#128_280884.0#280884.0#128
282000 288000 4430.48199999996 523.17266666668 206.95818257402655 758.4150000000373 369.11699999996927 27916.0 6081445.0 8000.0 128.0 282892.0#282892.0#8000_284516.0#284516.0#8000_286392.0#286392.0#8000 282886.0#282886.0#128_284514.0#284514.0#128_286390.0#286390.0#128
288000 294000 4905.344000000041 364.8853333333197 32.61069495319874 394.6339999999618 330.01800000004005 27405.0 6012015.0 8000.0 128.0 288511.0#288511.0#8000_290387.0#290387.0#8000_292388.0#292388.0#8000 288502.0#288502.0#128_290385.0#290385.0#128_292386.0#292386.0#128
