ts te idle avg_span std_span max_span min_span c_bytes_all s_bytes_all avg_video_rate avg_audio_rate video_requests_sequence audio_requests_sequence
0 8000 8000.0 0.0 0.0 0.0 0.0 0.0 0.0 0.0 0.0 - -
8000 16000 6502.50774804689 499.16408398437005 433.67568799086996 959.2519999999786 97.90700000000652 24787.906552868102 1374172.1963959918 3000.0 128.0 14543.0#14543.0#3000_15559.0#15559.0#3000 14534.0#14534.0#128_14867.0#14867.0#128_15577.0#15577.0#128
16000 24000 27.603273437474854 885.8218585069473 225.19035320589097 999.7700000000186 429.052978515625 92767.81654185493 7088839.404717532 3000.0 128.0 15559.0#15559.0#3000_16502.0#16502.0#3000_17441.0#17441.0#3000_18415.0#18415.0#3000_19373.0#19373.0#3000_20170.0#20170.0#3000_21090.0#21090.0#3000_22066.0#22066.0#3000_23060.0#23060.0#3000_23856.0#23856.0#3000 16532.0#16532.0#128_17461.0#17461.0#128_18488.0#18488.0#128_19405.0#19405.0#128_20271.0#20271.0#128_21159.0#21159.0#128_22137.0#22137.0#128_23068.0#23068.0#128_23886.0#23886.0#128
24000 32000 1063.9510703124106 770.6721032986211 357.14482338345283 999.3040000000037 99.055908203125 71722.17845048381 5616473.113585843 4750.0 128.0 23856.0#23856.0#3000_24847.0#24847.0#3000_25790.0#25790.0#3000_27887.0#27887.0#6500_29761.0#29761.0#6500_31807.0#31807.0#6500 25856.0#25856.0#128_27880.0#27880.0#128_29875.0#29875.0#128_31879.0#31879.0#128
32000 40000 237.50290039059473 862.4996777343783 319.88585189189547 999.7370000000228 19.4580078125 76705.5823704116 6799638.548359641 6500.0 128.0 31807.0#31807.0#6500_33736.0#33736.0#6500_35857.0#35857.0#6500_37718.0#37718.0#6500_39809.0#39809.0#6500 33873.0#33873.0#128_35881.0#35881.0#128_37450.0#37450.0#128_39376.0#39376.0#128
40000 48000 115.48797265632311 985.5640034179596 18.728955307015244 999.0819999999949 953.43603515625 69624.52742468301 6914533.11103501 6500.0 128.0 39809.0#39809.0#6500_41869.0#41869.0#6500_43691.0#43691.0#6500_45730.0#45730.0#6500_47645.0#47645.0#6500 41495.0#41495.0#128_43472.0#43472.0#128_45533.0#45533.0#128_47434.0#47434.0#128
48000 56000 27.050724609696772 885.8832528211448 316.56403583224926 999.9189999999944 43.45696484367363 72750.55179812088 6647953.719845273 6500.0 128.0 47645.0#47645.0#6500_49509.0#49509.0#6500_51606.0#51606.0#6500_53488.0#53488.0#6500_55218.0#55218.0#6500 48854.0#48854.0#128_50880.0#50880.0#128_52804.0#52804.0#128_54801.0#54801.0#128
56000 64000 37.00026171869831 884.7777486979224 312.0060639797911 999.7889999999898 55.731689453125 85626.90288533094 7152087.426115489 6500.0 128.0 55218.0#55218.0#6500_57113.0#57113.0#6500_59084.0#59084.0#6500_61221.0#61221.0#6500_62968.0#62968.0#6500 56814.0#56814.0#128_58559.0#58559.0#128_60808.0#60808.0#128_62390.0#62390.0#128
64000 72000 120.82106640626444 875.4643259548595 303.251613848295 999.4709999999614 76.99295117188012 83342.88927068832 6834907.864083375 6500.0 128.0 62968.0#62968.0#6500_64938.0#64938.0#6500_66954.0#66954.0#6500_68869.0#68869.0#6500_70803.0#70803.0#6500 64430.0#64430.0#128_66417.0#66417.0#128_68432.0#68432.0#128_70422.0#70422.0#128
72000 80000 25.909050781221595 886.0101054687532 282.82302107778054 999.7870000000112 145.39301757811336 86064.81148437543 6955014.75146142 6500.0 128.0 70803.0#70803.0#6500_72578.0#72578.0#6500_74278.0#74278.0#6500_76412.0#76412.0#6500_78438.0#78438.0#6500 72398.0#72398.0#128_74415.0#74415.0#128_75876.0#75876.0#128_77893.0#77893.0#128_79880.0#79880.0#128
80000 88000 30.991818359470926 885.4453535156143 278.1766256112532 999.7910000000265 158.866068359348 78217.21831731201 6732683.032601479 6500.0 128.0 78438.0#78438.0#6500_80615.0#80615.0#6500_82380.0#82380.0#6500_84178.0#84178.0#6500_86434.0#86434.0#6500 79880.0#79880.0#128_81876.0#81876.0#128_83886.0#83886.0#128_85474.0#85474.0#128_87407.0#87407.0#128
88000 96000 29.182197265676223 885.646422526036 274.7700818392257 999.1969999999274 170.64588671881938 84925.28463149321 6822409.126912389 6500.0 128.0 86434.0#86434.0#6500_88278.0#88278.0#6500_90167.0#90167.0#6500_92232.0#92232.0#6500_94287.0#94287.0#6500 89395.0#89395.0#128_91395.0#91395.0#128_93392.0#93392.0#128_95495.0#95495.0#128
96000 104000 90.57279687497066 878.8252447916699 270.7207700566443 999.8329999999842 182.88208398438292 87334.22987798357 6972999.780142325 6500.0 128.0 94287.0#94287.0#6500_96207.0#96207.0#6500_98235.0#98235.0#6500_100029.0#100029.0#6500_101922.0#101922.0#6500_103853.0#103853.0#6500 97388.0#97388.0#128_98822.0#98822.0#128_100881.0#100881.0#128_102820.0#102820.0#128
104000 112000 22.265822265704628 886.414908637144 261.2831770547312 999.8810000000522 219.53688085934846 83223.43514926085 6832218.8444026355 6500.0 128.0 103853.0#103853.0#6500_105728.0#105728.0#6500_107656.0#107656.0#6500_109624.0#109624.0#6500_111724.0#111724.0#6500 104881.0#104881.0#128_106385.0#106385.0#128_108808.0#108808.0#128_110778.0#110778.0#128
112000 120000 24.5693730469211 886.158958550342 259.14615700910707 999.7160000000149 228.83870312501676 85170.04189754119 7042821.500662999 5660.0 128.0 111724.0#111724.0#6500_113609.0#113609.0#6500_115830.0#115830.0#6500_117607.0#117607.0#4400_118915.0#118915.0#4400 112459.0#112459.0#128_114386.0#114386.0#128_116123.0#116123.0#128_118442.0#118442.0#128_119873.0#119873.0#128
120000 128000 4000.2839238281595 799.9432152343682 324.90180346586084 996.2690000000293 238.80907617189223 41571.62334759212 3164499.5796785974 3875.0 128.0 118915.0#118915.0#4400_120171.0#120171.0#4400_121883.0#121883.0#4400_126087.0#126087.0#2300 119873.0#119873.0#128_121880.0#121880.0#128_126080.0#126080.0#128
128000 136000 1000.047710937506 874.9940361328117 338.57179992187554 999.5910000000149 37.3212890625 87019.12107584659 6055822.676356135 3559.5 128.0 128899.0#128899.0#2300_129590.0#129590.0#288_129948.0#129948.0#288_130202.0#130202.0#4400_131611.0#131611.0#4400_132819.0#132819.0#4400_134087.0#134087.0#4400_135466.0#135466.0#8000 128893.0#128893.0#128_129580.0#129580.0#128_129707.0#129707.0#128_129980.0#129980.0#128_130238.0#130238.0#128_131868.0#131868.0#128_133446.0#133446.0#128_135412.0#135412.0#128
136000 144000 22.452291015768424 886.3941898871368 322.3933685299533 999.3790000000154 27.322998046875 89194.29647903537 6792906.709110168 7250.0 128.0 135466.0#135466.0#8000_137987.0#137987.0#8000_140205.0#140205.0#6500_142377.0#142377.0#6500 137375.0#137375.0#128_139375.0#139375.0#128_141411.0#141411.0#128_143379.0#143379.0#128
144000 152000 40.40699414064875 884.3992228732612 327.70839552409 999.9409999999916 10.85400390625 81011.99107485295 6999848.07172213 6500.0 128.0 142377.0#142377.0#6500_144285.0#144285.0#6500_146120.0#146120.0#6500_148173.0#148173.0#6500_149953.0#149953.0#6500_151985.0#151985.0#6500 144882.0#144882.0#128_146902.0#146902.0#128_148834.0#148834.0#128_150819.0#150819.0#128
152000 160000 33.65070312505122 995.7936621093686 4.0692694267076535 999.5810000000056 988.8059960937244 82230.80718036147 6896085.35236299 6500.0 128.0 149953.0#149953.0#6500_151985.0#151985.0#6500_153941.0#153941.0#6500_155862.0#155862.0#6500_157650.0#157650.0#6500_159626.0#159626.0#6500 152871.0#152871.0#128_154789.0#154789.0#128_156873.0#156873.0#128_158434.0#158434.0#128
160000 168000 27.773300781205762 885.802966579866 329.1936424348559 999.7369999999646 8.310699218825903 83611.78418990363 6594775.190448577 6500.0 128.0 159626.0#159626.0#6500_161457.0#161457.0#6500_163251.0#163251.0#6500_164994.0#164994.0#6500_167993.0#167993.0#6500 160383.0#160383.0#128_162401.0#162401.0#128_164378.0#164378.0#128_166374.0#166374.0#128
168000 176000 62.81191601557657 992.1485104980529 16.656437884414686 999.4799999999814 951.361083984375 81660.43353519436 6772601.584732211 5450.0 128.0 167993.0#167993.0#6500_169938.0#169938.0#4400_170942.0#170942.0#4400_172261.0#172261.0#4400_173914.0#173914.0#6500_175823.0#175823.0#6500 168099.0#168099.0#128_170092.0#170092.0#128_171877.0#171877.0#128_173903.0#173903.0#128_175924.0#175924.0#128
176000 184000 23.97214257827727 886.2253174913026 314.87229993690266 999.9179999999469 48.286916015611496 86288.17170652919 6920476.905612514 6500.0 128.0 175823.0#175823.0#6500_177818.0#177818.0#6500_179593.0#179593.0#6500_181608.0#181608.0#6500_183733.0#183733.0#6500 175924.0#175924.0#128_177879.0#177879.0#128_179866.0#179866.0#128_181906.0#181906.0#128_183370.0#183370.0#128
184000 192000 21.040695312607568 886.5510338541548 309.91743446358817 999.387999999919 62.24505859374767 88379.1680310827 7178683.922708096 6500.0 128.0 183733.0#183733.0#6500_185820.0#185820.0#6500_187423.0#187423.0#6500_189408.0#189408.0#6500_191218.0#191218.0#6500 185375.0#185375.0#128_187438.0#187438.0#128_189420.0#189420.0#128_191400.0#191400.0#128
192000 200000 28.84527343767695 885.6838585069248 307.48251790347405 999.9869999999646 69.28275390621275 81590.75684776108 6781731.1212477945 6500.0 128.0 191218.0#191218.0#6500_193301.0#193301.0#6500_195374.0#195374.0#6500_196902.0#196902.0#6500_198967.0#198967.0#6500 193380.0#193380.0#128_194888.0#194888.0#128_196833.0#196833.0#128_198873.0#198873.0#128
200000 208000 24.625982421915978 886.1526686197872 301.24176342348215 999.7639999999665 87.72602734377142 85203.48402069122 7045613.4984105835 6500.0 128.0 198967.0#198967.0#6500_200813.0#200813.0#6500_202677.0#202677.0#6500_204697.0#204697.0#6500_206836.0#206836.0#6500 200783.0#200783.0#128_202747.0#202747.0#128_204871.0#204871.0#128_206373.0#206373.0#128
208000 216000 23.577009765664116 886.2692211371484 297.3116898640213 999.8649999999907 99.1360097656725 85391.69406182272 6948497.110240673 6500.0 128.0 206836.0#206836.0#6500_208513.0#208513.0#6500_210749.0#210749.0#6500_212494.0#212494.0#6500_214078.0#214078.0#6500 208373.0#208373.0#128_210373.0#210373.0#128_212370.0#212370.0#128_214374.0#214374.0#128_215866.0#215866.0#128
216000 224000 23.121964843710884 886.3197816840321 294.18344742142506 999.5379999999423 109.08201953128446 81896.10415530457 6760341.884371913 6500.0 128.0 214078.0#214078.0#6500_216112.0#216112.0#6500_218115.0#218115.0#6500_219914.0#219914.0#6500_221873.0#221873.0#6500_223717.0#223717.0#6500 215866.0#215866.0#128_217867.0#217867.0#128_219867.0#219867.0#128_221868.0#221868.0#128_223870.0#223870.0#128
224000 232000 29.142999999807216 885.6507777777992 289.6738458769721 999.9490000000224 122.05298437504098 85940.59831190991 6859665.886148717 6500.0 128.0 223717.0#223717.0#6500_225864.0#225864.0#6500_227748.0#227748.0#6500_229620.0#229620.0#6500_231690.0#231690.0#6500 223870.0#223870.0#128_225875.0#225875.0#128_227894.0#227894.0#128_229867.0#229867.0#128_231406.0#231406.0#128
232000 240000 23.7969160155626 886.244787109382 286.3083495411427 999.6489999999758 132.89298437500838 86137.25054931604 7045911.475855569 6500.0 128.0 231690.0#231690.0#6500_233513.0#233513.0#6500_235223.0#235223.0#6500_237246.0#237246.0#6500_239282.0#239282.0#6500 233384.0#233384.0#128_235366.0#235366.0#128_237368.0#237368.0#128_239366.0#239366.0#128
240000 248000 24.956111328094266 886.1159876302117 284.03108845369087 999.7889999999898 141.9509003906278 82262.49032345405 6735872.584287979 6800.0 128.0 239282.0#239282.0#6500_241376.0#241376.0#6500_243436.0#243436.0#6500_245400.0#245400.0#6500_247481.0#247481.0#8000 241399.0#241399.0#128_242802.0#242802.0#128_245356.0#245356.0#128_246911.0#246911.0#128
248000 256000 271.1179882813012 858.7646679687443 296.7571080733392 999.7049999999581 160.0750117187854 85052.84845693415 6954543.026383949 5840.0 128.0 247481.0#247481.0#8000_248818.0#248818.0#8000_251840.0#251840.0#4400_253185.0#253185.0#4400_254359.0#254359.0#4400 248730.0#248730.0#128_251233.0#251233.0#128_252376.0#252376.0#128_254372.0#254372.0#128
256000 264000 478.83588085940573 940.1455148925743 143.5011688733492 999.8850000000093 586.547119140625 80960.89578712443 6587529.750660444 6500.0 128.0 256379.0#256379.0#6500_258358.0#258358.0#6500_260251.0#260251.0#6500_262320.0#262320.0#6500 256377.0#256377.0#128_258372.0#258372.0#128_260406.0#260406.0#128_262412.0#262412.0#128_263870.0#263870.0#128
264000 272000 28.750238281325437 885.6944179687416 227.0018229654819 999.85699999996 413.3068808594253 85581.41176291885 6892844.1329317335 6500.0 128.0 262320.0#262320.0#6500_264414.0#264414.0#6500_266182.0#266182.0#6500_267968.0#267968.0#6500_269779.0#269779.0#6500_271602.0#271602.0#6500 263870.0#263870.0#128_266375.0#266375.0#128_267879.0#267879.0#128_269880.0#269880.0#128_271878.0#271878.0#128
272000 280000 21.482996093924157 886.5018893228973 225.80945030883106 999.8090000000084 426.6281191406306 73577.10300841146 6487646.808067174 6500.0 128.0 271602.0#271602.0#6500_273531.0#273531.0#6500_275695.0#275695.0#6500_277745.0#277745.0#6500_279724.0#279724.0#6500 271878.0#271878.0#128_273882.0#273882.0#128_275913.0#275913.0#128_277892.0#277892.0#128_279407.0#279407.0#128
280000 288000 23.125957031268626 886.3193381076368 223.78977970090398 999.9320000000298 441.51911523437593 75409.7193279194 6715538.880435576 6500.0 128.0 279724.0#279724.0#6500_282104.0#282104.0#6500_284048.0#284048.0#6500_285756.0#285756.0#6500_287086.0#287086.0#6500 281406.0#281406.0#128_283412.0#283412.0#128_285381.0#285381.0#128_287397.0#287397.0#128
288000 296000 320.0358339842642 853.3293517795262 288.74579753081116 998.9660000000149 243.81407226563897 74352.53758928269 6047480.000398833 6500.0 128.0 287086.0#287086.0#6500_288918.0#288918.0#6500_289277.0#289277.0#6500_291435.0#291435.0#6500_293654.0#293654.0#6500_295554.0#295554.0#6500 288912.0#288912.0#128_289008.0#289008.0#128_291389.0#291389.0#128_292814.0#292814.0#128_294852.0#294852.0#128
