ts te idle avg_span std_span max_span min_span c_ack_cnt c_ack_cnt_p c_bytes_all c_bytes_uniq s_ack_cnt s_ack_cnt_p s_bytes_all s_bytes_uniq avg_video_rate avg_audio_rate video_requests_sequence audio_requests_sequence
0 5000 5000.0 0.0 0.0 0.0 0.0 0.0 0.0 0.0 0.0 0.0 0.0 0.0 0.0 0.0 0.0 - -
5000 10000 450.9160644531257 547.6977915364585 356.8483366666625 999.3770000000004 18.410888671875 681.3609401329684 658.0111783537644 20837.42580934043 20837.42580934043 965.4011013614411 27.34976177920401 1511707.1007935195 1372760.0327083927 840.0 128.0 5663.0#5663.0#840_5665.0#5665.0#840_6431.0#6431.0#840_7039.0#7039.0#840_7762.0#7762.0#840_8361.0#8361.0#840_9042.0#9042.0#840_9710.0#9710.0#840 5660.0#5660.0#128_5662.0#5662.0#128_6446.0#6446.0#128_7049.0#7049.0#128_7807.0#7807.0#128
10000 15000 743.9401933593763 690.1332447415866 273.1036352611 964.4841113281218 62.500999999996566 357.2284192941498 349.5781810733538 6375.574190659568 6375.574190659568 439.1882580656772 7.65023822079599 680377.002404446 555387.9672916073 840.0 128.0 9710.0#9710.0#840_10222.0#10222.0#840_10943.0#10943.0#840 7807.0#7807.0#128_10123.0#10123.0#128_10341.0#10341.0#128_10938.0#10938.0#128
15000 20000 1067.2508164062601 558.863412109374 348.11623173443945 976.2430000000022 34.726999999991676 262.4106405728818 251.41064057288176 8333.0 8333.0 277.4106405728818 11.0 376786.89680203446 360411.0 380.0 128.0 10222.0#10222.0#840_18049.0#18049.0#288_18051.0#18051.0#288_18541.0#18541.0#288_19040.0#19040.0#288_19450.0#19450.0#288 10938.0#10938.0#128_19047.0#19047.0#128_19218.0#19218.0#128
20000 25000 2453.9574609374977 585.2756000000008 239.8412981677671 950.5319999999992 338.88700000000244 245.0 234.0 9202.0 9202.0 354.0 11.0 515394.0 497921.0 564.0 128.0 22051.0#22051.0#288_23753.0#23753.0#840 19218.0#19218.0#128_20211.0#20211.0#128_20406.0#20406.0#128_20591.0#20591.0#128_20777.0#20777.0#128_20926.0#20926.0#128_22048.0#22048.0#128_23747.0#23747.0#128
25000 30000 1897.5761992187472 457.785985351562 379.7934003835096 998.0970000000016 28.207000000002154 390.3458323722255 381.10002575445486 7699.96917216291 7699.96917216291 508.01615810986834 9.245806617770675 764057.5262079684 733304.4920889367 1335.0 128.0 25737.0#25737.0#840_27763.0#27763.0#1500_27765.0#27765.0#1500_29753.0#29753.0#1500 25734.0#25734.0#128_27761.0#27761.0#128_29751.0#29751.0#128
30000 35000 18.47175976561266 604.930911024308 420.6936302577241 997.0520000000033 70.57800000000134 496.19213716551207 488.99453381047465 6011.495204995888 6011.495204995888 709.8706618357478 6.754193382229324 1093032.5611425496 1084585.5952615812 1500.0 128.0 29753.0#29753.0#1500_31554.0#31554.0#1500_33554.0#33554.0#1500 31552.0#31552.0#128_33551.0#33551.0#128
35000 40000 19.9608222656243 471.7930148111979 414.43305124621435 999.9100000000035 60.822000000000116 433.7338350161779 425.730055043997 6668.0695565219785 6668.0695565219785 680.89273888716 8.447189944989045 974858.3609383535 966458.3609383535 1500.0 128.0 35555.0#35555.0#1500_37553.0#37553.0#1500_39555.0#39555.0#1500 35551.0#35551.0#128_37547.0#37547.0#128_39549.0#39549.0#128
40000 45000 11.418777343766124 752.1975043945295 293.1359188067328 999.8530000000028 176.87999999999738 433.2098034310143 425.7059737635862 6268.322540749578 6268.322540749578 669.8285980665605 6.552810055010955 1039038.4790318726 1023844.1966597207 1500.0 128.0 39555.0#39555.0#1500_41060.0#41060.0#1500_43048.0#43048.0#1500 41055.0#41055.0#128_43047.0#43047.0#128
45000 50000 15.560181640641531 787.7474718749975 327.9048683959825 997.9079999999958 48.926705078119994 534.6243231709759 525.6271778874839 7483.498367925078 6663.498367925078 844.9881202006577 9.948164895909064 1193259.7223277935 1132065.6961572184 1500.0 128.0 45050.0#45050.0#1500_47003.0#47003.0#1500_49052.0#49052.0#1500 45048.0#45048.0#128_47002.0#47002.0#128_49048.0#49048.0#128
50000 55000 15.226070312506636 812.6001362304669 324.9037058531463 999.9440000000031 51.76398632812197 443.30926152638665 436.30616036543796 5846.708645405026 5846.708645405026 650.4037229000057 6.0518351040909355 907892.3503514626 890366.6588941894 1500.0 128.0 49052.0#49052.0#1500_51054.0#51054.0#1500_52551.0#52551.0#1500 51050.0#51050.0#128_53047.0#53047.0#128
55000 60000 8.5978496093594 661.4801548295469 368.24030624282705 998.9689999999973 48.16989648438175 554.474150156957 545.5640101934232 7431.903509164396 7431.903509164396 877.0348352321408 9.861406020391392 1317791.2649235334 1253881.7829980764 1900.0 128.0 55048.0#55048.0#1500_56552.0#56552.0#1500_58550.0#58550.0#2300_58553.0#58553.0#2300 55047.0#55047.0#128_56551.0#56551.0#128_58547.0#58547.0#128
60000 65000 30.587935546878725 711.5185154296865 334.53171975447174 999.9330000000045 147.16999999999825 715.0572028756989 706.9186088960903 6791.033003075145 6791.033003075145 1007.1917791194045 8.138593979608608 1483293.7492739907 1415253.2311994478 2300.0 128.0 58553.0#58553.0#2300_60221.0#60221.0#2300_62560.0#62560.0#2300_64552.0#64552.0#2300 60190.0#60190.0#128_62557.0#62557.0#128_64549.0#64549.0#128
65000 70000 35.65410156251164 735.4243448350672 276.4576667993936 996.554999999993 339.966064453125 738.4411759712223 731.1588658307081 6068.317416626776 6068.317416626776 1175.7257276156533 7.282310140514189 1690303.378518289 1623103.378518289 2300.0 128.0 64552.0#64552.0#2300_66171.0#66171.0#2300_67929.0#67929.0#2300 66041.0#66041.0#128_67938.0#67938.0#128
70000 75000 5.463056640626746 666.4586935763881 391.1278077699929 999.8830000000016 95.40799999999581 623.1573166386152 615.487061228479 6401.742777020782 6401.742777020782 1039.710824638225 7.670255410136119 1525351.3253245258 1512636.3253245258 2300.0 128.0 70052.0#70052.0#2300_71957.0#71957.0#2300_74046.0#74046.0#2300 70050.0#70050.0#128_71969.0#71969.0#128_74044.0#74044.0#128
75000 80000 11.534580078150611 522.1608179086537 383.3255289071753 998.1600000000035 47.4206933593814 708.9131283694045 698.4396800309894 9231.64350094544 9231.64350094544 1171.7281389921225 11.473448338415011 1654066.529240917 1606160.4320174595 2300.0 128.0 74046.0#74046.0#2300_75797.0#75797.0#2300_77685.0#77685.0#2300_79575.0#79575.0#2300 75889.0#75889.0#128_77541.0#77541.0#128_79629.0#79629.0#128
80000 85000 18.88174804688606 604.8306142578119 375.4614289828522 999.9660000000003 56.47699999999895 584.745263365356 576.7453601557263 5845.066668310823 5845.066668310823 1079.5529534750497 7.999903209629706 1528122.7687877922 1521719.730258557 2300.0 128.0 79575.0#79575.0#2300_81557.0#81557.0#2300_83309.0#83309.0#2300 81552.0#81552.0#128_83319.0#83319.0#128
85000 90000 467.8448398437031 506.8112361653645 378.76197809189495 998.851999999999 59.0 709.1114147542347 701.089707157841 6683.129630360857 6683.129630360857 1048.656808299167 8.021707596393666 1509967.1765439163 1382152.3122966087 2300.0 128.0 85552.0#85552.0#2300_87293.0#87293.0#2300_89552.0#89552.0#2300 85549.0#85549.0#128_87041.0#87041.0#128_89548.0#89548.0#128
90000 95000 9.310091796854977 628.3897121093789 363.9691200299937 998.6460000000079 34.85800000000745 752.1265969711817 745.5742216662704 5469.100006735322 5469.100006735322 1186.872806948688 6.552375304911308 1712048.1017055246 1585927.651243051 2300.0 128.0 89552.0#89552.0#2300_91516.0#91516.0#2300_93446.0#93446.0#2300 91040.0#91040.0#128_93040.0#93040.0#128
95000 100000 420.9164101562492 629.5661107954525 355.73114201619205 998.9799999999959 75.83999999999651 707.7076137584512 698.752529910827 7468.180599699575 7468.180599699575 1149.093733680631 8.955083847624199 1623733.1176831333 1586053.568145607 2300.0 128.0 93446.0#93446.0#2300_95080.0#95080.0#2300_96785.0#96785.0#2300_99045.0#99045.0#2300 95040.0#95040.0#128_97021.0#97021.0#128_99043.0#99043.0#128
100000 105000 77.71162695311068 699.3027881747165 346.8463328319122 999.6399999999994 44.88574414064351 686.6751367326266 678.2792131758475 7011.645471911126 7011.645471911126 1116.0859030013053 8.044916152375801 1568404.01831649 1549357.391484005 2300.0 128.0 99045.0#99045.0#2300_100638.0#100638.0#2300_102488.0#102488.0#2300_104556.0#104556.0#2300 100809.0#100809.0#128_102494.0#102494.0#128_104550.0#104550.0#128
105000 110000 117.97213281248696 766.8100199218795 287.46995948315373 999.6050000000105 187.60205078125 720.4837145543822 713.8655720297238 5523.449032497031 5523.449032497031 1164.5304924308318 6.969149929061672 1678706.893528047 1613206.7879824897 2300.0 128.0 104556.0#104556.0#2300_106549.0#106549.0#2300_108401.0#108401.0#2300 106547.0#106547.0#128_108415.0#108415.0#128
110000 115000 369.28639843751444 609.3323492838559 324.46101636591925 999.9349999999977 191.7259999999951 697.950932185424 687.9200821144856 8803.724895892268 8803.724895892268 1091.4898813849973 11.030850070938328 1539048.6230242595 1515680.8472773852 2300.0 128.0 108401.0#108401.0#2300_110549.0#110549.0#2300_112478.0#112478.0#2300_114084.0#114084.0#2300 110545.0#110545.0#128_112544.0#112544.0#128_114044.0#114044.0#128
115000 120000 4.200255859381286 832.1853393554702 241.47029340198247 999.9510000000009 287.090087890625 694.476239229284 684.9673598759313 7093.27545803749 7093.27545803749 1023.8576085102354 9.508879353352839 1429401.4241063995 1366312.4105217708 2300.0 128.0 114084.0#114084.0#2300_116553.0#116553.0#2300_118150.0#118150.0#2300 116550.0#116550.0#128_118040.0#118040.0#128
120000 125000 28.586177734367084 603.6460544921895 401.29340899210746 999.5689999999886 85.57269921875559 797.5569566532857 790.9674997274514 5497.36029089612 5497.36029089612 1202.2008243719483 6.589456925834488 1704370.042784963 1540612.1981676104 2300.0 128.0 120050.0#120050.0#2300_121863.0#121863.0#2300_123902.0#123902.0#2300 120048.0#120048.0#128_121843.0#121843.0#128_123929.0#123929.0#128
125000 130000 216.93199218751397 536.870508713941 353.23162463832983 996.1959999999963 30.703000000008615 697.4177460499459 687.1396776155759 9069.297019881626 9069.297019881626 1178.0433341885487 11.278068434369956 1641805.452531306 1549864.294364446 2300.0 128.0 123902.0#123902.0#2300_125637.0#125637.0#2300_128055.0#128055.0#2300_129623.0#129623.0#2300 125542.0#125542.0#128_128051.0#128051.0#128_129542.0#129542.0#128
130000 135000 7.136105468758615 487.8109477539013 429.4268184303409 999.7870000000112 19.379999999975553 648.0053977578868 640.5845150551942 6200.383235667257 6200.383235667257 1166.5062446147997 7.420882702692705 1638910.4819834107 1628353.0064771685 2300.0 128.0 128055.0#128055.0#2300_129623.0#129623.0#2300_131542.0#131542.0#2300_133323.0#133323.0#2300 131556.0#131556.0#128_133385.0#133385.0#128
135000 140000 427.5615781250235 538.4619326923074 353.72983218496694 998.3030000000144 52.571999999985565 779.9066582827684 772.2434365121828 6380.432730833106 6380.432730833106 1073.1663795041122 7.663221770585637 1528974.4201552726 1448659.507586316 2300.0 128.0 133323.0#133323.0#2300_135142.0#135142.0#2300_137544.0#137544.0#2300_139539.0#139539.0#2300 135540.0#135540.0#128_137543.0#137543.0#128_139041.0#139041.0#128
140000 145000 9.155017578130355 710.9059183238635 346.8406728293674 999.2809999999881 27.443115234375 654.8792012105489 648.3121969577986 5481.417580815778 5481.417580815778 1145.6913128700621 6.567004252750331 1608999.2791496448 1565013.0411952387 2300.0 128.0 137544.0#137544.0#2300_139539.0#139539.0#2300_141119.0#141119.0#2300_142851.0#142851.0#2300_144972.0#144972.0#2300 140927.0#140927.0#128_143044.0#143044.0#128
145000 150000 534.3558671874925 700.3930966796936 371.7785010254431 999.0780000000086 15.456000000005588 654.8296729721849 645.9138793000532 7435.098271934768 7435.098271934768 1082.3517548007321 8.915793672131553 1507989.8335687004 1490097.984092063 2300.0 128.0 142851.0#142851.0#2300_144972.0#144972.0#2300_146767.0#146767.0#2300_149056.0#149056.0#2300 145042.0#145042.0#128_146778.0#146778.0#128_149053.0#149053.0#128
150000 155000 115.52592773435754 628.7601650390643 394.9661754988532 999.7300000000105 56.66788671875838 777.2067285636842 769.1500356754018 6733.735411933857 6733.735411933857 1229.210967549841 8.056692888282491 1828133.5572709707 1739886.1342693192 2300.0 128.0 149056.0#149056.0#2300_150664.0#150664.0#2300_152532.0#152532.0#2300_154220.0#154220.0#2300 150545.0#150545.0#128_152541.0#152541.0#128_154544.0#154544.0#128
155000 160000 4.453585937502794 729.7848631310111 381.5318023222268 999.0100000000093 27.519999999989523 730.6128617458028 723.4349176136338 5973.828959286299 5973.828959286299 1084.7511856192766 7.177944132169001 1570412.9839498869 1468987.406951538 2300.0 128.0 154220.0#154220.0#2300_156560.0#156560.0#2300_158238.0#158238.0#2300 154544.0#154544.0#128_156550.0#156550.0#128_158478.0#158478.0#128
160000 165000 897.666466796858 596.0520685546944 384.99416536758514 998.8719999999739 24.68700000003446 594.1563737012543 586.9215814514645 6041.695074323094 6041.695074323094 959.2848252733911 7.234792249789898 1368729.5379460794 1353240.383272367 2300.0 128.0 158238.0#158238.0#2300_160119.0#160119.0#2300_162052.0#162052.0#2300_164588.0#164588.0#2300 160129.0#160129.0#128_162050.0#162050.0#128_164542.0#164542.0#128
165000 170000 13.269986328028608 801.9167732204951 222.93523926647057 998.7870000000112 349.9079589844041 788.2910996350225 779.1574660413128 7623.963046195599 7623.963046195599 1182.6840425260325 9.133633593709767 1761077.1035825256 1668000.258256238 2300.0 128.0 164588.0#164588.0#2300_166353.0#166353.0#2300_168092.0#168092.0#2300_169806.0#169806.0#2300 166043.0#166043.0#128_167880.0#167880.0#128_169803.0#169803.0#128
170000 175000 49.85631054683472 649.742276811086 414.89674908878794 999.2280000000028 65.98800000004121 648.8402221383113 642.1392883508205 5380.512920195008 5380.512920195008 1131.5047683746764 6.453630024331334 1654381.9128016958 1638703.4126471772 2300.0 128.0 169806.0#169806.0#2300_171639.0#171639.0#2300_173617.0#173617.0#2300 169803.0#169803.0#128_172040.0#172040.0#128_173634.0#173634.0#128
175000 180000 6.120976562524447 592.919720348013 358.99696798270605 999.6179999999877 77.15299999999115 744.2477302156449 734.7032271613672 7330.701340282197 7330.701340282197 1117.3932645527723 8.791806817437289 1609398.8753473496 1570104.080057746 2300.0 128.0 173617.0#173617.0#2300_175551.0#175551.0#2300_177411.0#177411.0#2300_179209.0#179209.0#2300 175547.0#175547.0#128_177420.0#177420.0#128_179351.0#179351.0#128
180000 185000 770.5029492187314 551.8434524739633 393.1907813625919 997.6560000000172 70.84900000001653 588.3142728285287 582.106079645966 5179.298659717803 5179.298659717803 965.6796024253558 6.208193182562711 1416047.1479513762 1392132.4433954982 2300.0 128.0 179209.0#179209.0#2300_181551.0#181551.0#2300_183226.0#183226.0#2300 181549.0#181549.0#128_183378.0#183378.0#128
185000 190000 551.1531152343377 602.068719105123 413.45009048217406 998.8990000000049 64.53799999997136 638.0433743339373 629.5945999163058 7041.8680596456925 7041.8680596456925 1059.74042541498 8.448774417631462 1496079.3870439378 1398222.8186745697 2300.0 128.0 185550.0#185550.0#2300_187552.0#187552.0#2300_189622.0#189622.0#2300 185547.0#185547.0#128_187040.0#187040.0#128_189042.0#189042.0#128
190000 195000 0.0 795.1914717548151 314.3665187268784 999.4629999999888 193.87109375 713.2901307661608 703.7389051837923 8447.131940354308 8447.131940354308 1213.0129867145124 10.551225582368538 1732093.9932049215 1649978.5482730218 2300.0 128.0 189622.0#189622.0#2300_191480.0#191480.0#2300_193034.0#193034.0#2300_194696.0#194696.0#2300 189042.0#189042.0#128_191042.0#191042.0#128_193043.0#193043.0#128
195000 200000 765.3400957031117 586.1461678060004 366.710518722741 999.4460000000254 9.562050781241851 678.4921338737278 670.5449061901908 6619.565709538132 6619.565709538132 1094.4229149699918 7.9472276835369735 1549951.6652599366 1469886.6785612046 2300.0 128.0 193034.0#193034.0#2300_194696.0#194696.0#2300_196478.0#196478.0#2300_199055.0#199055.0#2300 195040.0#195040.0#128_196485.0#196485.0#128_199048.0#199048.0#128
200000 205000 13.058150390599621 541.6181467848633 399.8837979205803 999.9640000000363 23.095999999990454 928.0624130328201 919.7656739610965 6930.487029775646 6930.487029775646 1150.6571378891113 8.296739071723731 1658966.4772248052 1587566.4772248052 2300.0 128.0 199055.0#199055.0#2300_200602.0#200602.0#2300_202388.0#202388.0#2300_204259.0#204259.0#2300 200541.0#200541.0#128_202526.0#202526.0#128_204267.0#204267.0#128
205000 210000 1.745996093726717 751.0714825994351 297.87885385992536 999.4189999999944 241.50399999998626 586.0219250590279 578.9385918033852 5898.879269845123 5898.879269845123 948.4357063245285 6.4106332665462045 1448305.319656223 1357351.9808082168 2300.0 128.0 204259.0#204259.0#2300_206422.0#206422.0#2300_208552.0#208552.0#2300 206418.0#206418.0#128_208549.0#208549.0#128
210000 215000 2.392089843720896 773.2136954900554 267.6709655739849 999.375 88.68900000004214 867.3019346588464 859.8948146096241 6187.4496814669765 6187.4496814669765 1234.257223056929 8.079820038318836 1764207.1190750673 1638768.2604920808 2300.0 128.0 208552.0#208552.0#2300_210585.0#210585.0#2300_212509.0#212509.0#2300_214266.0#214266.0#2300 210543.0#210543.0#128_212042.0#212042.0#128_213859.0#213859.0#128
215000 220000 16.257736328057945 675.1354123046883 342.70624660571826 999.5899999999965 265.23707617187756 777.3168074584478 768.7839584002922 7112.65890696693 7112.65890696693 1103.9965057593206 8.532849058155499 1587876.098716232 1560555.296147225 2300.0 128.0 214266.0#214266.0#2300_216058.0#216058.0#2300_217860.0#217860.0#2300_219732.0#219732.0#2300 216054.0#216054.0#128_217859.0#217859.0#128_219788.0#219788.0#128
220000 225000 89.57470117192133 598.8472048611051 385.70233960122164 999.594000000041 57.742999999958556 677.2420293622874 670.3133480225947 5785.557787105445 5785.557787105445 1168.443798873856 6.928681339692866 1684084.4462851442 1597095.156026524 2300.0 128.0 219732.0#219732.0#2300_221507.0#221507.0#2300_223441.0#223441.0#2300 221521.0#221521.0#128_223457.0#223457.0#128
225000 230000 12.55816796873114 580.8108011718781 406.43121365529515 998.9189999999944 55.92300000003888 629.4696886379909 621.2153417637352 6878.5519690392 6878.5519690392 1013.1513900773839 8.254346874255644 1435872.8182465916 1380815.041635224 2300.0 128.0 223441.0#223441.0#2300_225556.0#225556.0#2300_227362.0#227362.0#2300_229549.0#229549.0#2300 225549.0#225549.0#128_227369.0#227369.0#128_229546.0#229546.0#128
230000 235000 10.530589843809139 692.633913194447 321.7884659367326 999.252999999997 242.89100000000326 656.3874630851471 649.8377604173769 5466.849646262547 5466.849646262547 1135.9916349314167 6.549702667770246 1613332.1198590966 1563675.1867290845 2300.0 128.0 229549.0#229549.0#2300_231332.0#231332.0#2300_233173.0#233173.0#2300 231447.0#231447.0#128_233043.0#233043.0#128
235000 240000 5.4898046874732245 769.1864814453177 339.7388103074614 998.5130000000063 128.50400000001537 711.0174552348312 702.0647883271876 7466.1455362360375 7466.1455362360375 1133.849655347926 8.95266690764375 1642041.621214788 1501332.621214788 2300.0 128.0 233173.0#233173.0#2300_235828.0#235828.0#2300_237091.0#237091.0#2300_239047.0#239047.0#2300 235041.0#235041.0#128_237044.0#237044.0#128_239045.0#239045.0#128
240000 245000 14.724492187378928 609.4475655184783 377.9326991563111 999.1290000000154 34.535888671875 756.1564252302027 749.0745072423775 5072.974945748654 5072.974945748654 1152.954048087328 6.081917987825006 1616798.5630338914 1440971.926700186 2300.0 128.0 239047.0#239047.0#2300_240885.0#240885.0#2300_243365.0#243365.0#2300_244965.0#244965.0#2300 240899.0#240899.0#128_243043.0#243043.0#128
245000 250000 29.15009960939642 634.0579721679629 372.48831588200346 998.9029999999912 69.6479999999865 712.5488240184898 703.5442009626454 7523.024314470097 7523.024314470097 1141.2317115587366 9.004623055844387 1621577.6881117786 1569857.4738044008 2300.0 128.0 243365.0#243365.0#2300_244965.0#244965.0#2300_246626.0#246626.0#2300_248546.0#248546.0#2300 245046.0#245046.0#128_246542.0#246542.0#128_248542.0#248542.0#128
250000 255000 26.058039062540047 817.3417224609351 240.79923946243667 999.8339999999735 348.498046875 744.9901036347525 737.0293115860657 6639.855203545212 6639.855203545212 1091.7065654320688 7.960792048686857 1534480.2368466763 1472710.4956129966 2300.0 128.0 248546.0#248546.0#2300_250551.0#250551.0#2300_252246.0#252246.0#2300_254257.0#254257.0#2300 250548.0#250548.0#128_252544.0#252544.0#128_254271.0#254271.0#128
255000 260000 9.430001953034662 582.5646507161533 353.9015582026901 999.5660000000498 55.035888671875 779.6193351720652 770.0828464441848 8448.948020203276 8448.948020203276 1203.2311331627154 10.536488727880382 1718161.0052034776 1643629.829914083 2300.0 128.0 254257.0#254257.0#2300_256164.0#256164.0#2300_258033.0#258033.0#2300_259944.0#259944.0#2300 256169.0#256169.0#128_258042.0#258042.0#128_259874.0#259874.0#128
260000 265000 12.163054687494878 584.1288583096731 385.64256117197414 999.1049999999814 0.0 563.374559031206 554.9110477590863 6230.0519797967245 6230.0519797967245 1045.712545991508 8.39069280648887 1478860.1946391386 1478683.9618032959 2300.0 128.0 258033.0#258033.0#2300_259944.0#259944.0#2300_262055.0#262055.0#2300_264054.0#264054.0#2300 259874.0#259874.0#128_262051.0#262051.0#128_264049.0#264049.0#128
265000 270000 82.96125195309287 602.2994648437549 374.5379192347596 998.6680000000051 72.68870312499348 690.8438866770238 681.0988009752774 8633.421132449452 8633.421132449452 1039.2920855221278 10.817904167377074 1455728.5733127827 1386041.0756246082 2300.0 128.0 264054.0#264054.0#2300_265731.0#265731.0#2300_267606.0#267606.0#2300_269542.0#269542.0#2300 265727.0#265727.0#128_267543.0#267543.0#128
270000 275000 67.26609570311848 608.1633721590941 394.4090015390448 999.2609999999986 60.367000000027474 684.8427268151198 677.194022089291 6372.424922437928 6372.424922437928 1096.9909268018723 7.64870472582883 1544886.0845263794 1480915.0091194357 2300.0 128.0 269542.0#269542.0#2300_271550.0#271550.0#2300_273647.0#273647.0#2300 270046.0#270046.0#128_271546.0#271546.0#128_273543.0#273543.0#128
275000 280000 668.6392148438026 589.9843719618124 310.9436961713431 999.713000000047 210.6720000000205 588.7648886904016 580.1586791179767 7179.15394511262 7179.15394511262 995.8016387118993 8.606209572424843 1409627.812512526 1397072.8631659125 2300.0 128.0 273647.0#273647.0#2300_275337.0#275337.0#2300_277556.0#277556.0#2300_279341.0#279341.0#2300 275447.0#275447.0#128_277551.0#277551.0#128_279351.0#279351.0#128
280000 285000 11.288291015662253 757.4228587239631 308.84450273703027 998.1460000000079 168.8400000000256 819.9425103847934 812.9893117642168 5804.68684128444 5804.68684128444 1161.3977377669453 6.0 1696598.0398542501 1593306.2158143301 2300.0 128.0 279341.0#279341.0#2300_281136.0#281136.0#2300_283047.0#283047.0#2300 281265.0#281265.0#128_283045.0#283045.0#128
285000 290000 11.181107421929482 768.0004257812456 299.2726865966107 999.8969999999972 46.65395507810172 752.7754848422612 744.7699302518329 6670.583362381738 6670.583362381738 1058.6479340259336 8.95875321100496 1511238.5246113604 1477061.8710930122 2300.0 128.0 285049.0#285049.0#2300_286837.0#286837.0#2300_289048.0#289048.0#2300 285046.0#285046.0#128_286929.0#286929.0#128_289045.0#289045.0#128
290000 295000 19.562048828112893 655.7539962713067 405.11289108038 999.4409999999916 3.827999999979511 742.3349167849802 734.961748796121 6158.207446619495 6158.207446619495 1139.4119331472716 7.373167988859258 1615557.5966365137 1556757.5966365137 2300.0 128.0 289048.0#289048.0#2300_290799.0#290799.0#2300_293055.0#293055.0#2300_294668.0#294668.0#2300 290815.0#290815.0#128_293050.0#293050.0#128_294540.0#294540.0#128
295000 300000 783.3847851561732 686.250342285166 297.2631657363073 999.0879999999888 174.3430000000517 248.16098321547895 237.49290441534316 8912.522349714327 8912.522349714327 397.6623604316368 10.668078800135781 551123.6149244816 549723.6149244816 2300.0 128.0 294668.0#294668.0#2300 296503.0#296503.0#128_298542.0#298542.0#128
