ts te idle avg_span std_span max_span min_span c_bytes_all s_bytes_all avg_video_rate avg_audio_rate video_requests_sequence audio_requests_sequence
0.0 7000.0 7000.0 0.0 0.0 0.0 0.0 0.0 0.0 0.0 0.0 - -
7000.0 14000.0 2840.425999999992 693.2623333333346 470.71774731261996 999.3430000000008 49.59100000000035 45883.0 1453212.0 480.0 128.0 9546.0#9546.0#480_9548.0#9548.0#480_10047.0#10047.0#480_10459.0#10459.0#480_10723.0#10723.0#480_11212.0#11212.0#480_11637.0#11637.0#480_12089.0#12089.0#480_12499.0#12499.0#480_12951.0#12951.0#480 9542.0#9542.0#128_9545.0#9545.0#128_10056.0#10056.0#128_10580.0#10580.0#128_10952.0#10952.0#128_11451.0#11451.0#128_11878.0#11878.0#128_12340.0#12340.0#128_12845.0#12845.0#128_13248.0#13248.0#128
14000.0 21000.0 984.2237070312476 859.3966132812503 368.3016067387681 999.7150000000001 24.17529296875 43744.12803380609 2082462.638964576 2300.0 128.0 14965.0#14965.0#2300_14967.0#14967.0#2300_16536.0#16536.0#2300_18463.0#18463.0#2300_20166.0#20166.0#2300 14963.0#14963.0#128_16461.0#16461.0#128_18461.0#18461.0#128_20315.0#20315.0#128
21000.0 28000.0 29.88298046876298 871.2646274414046 347.4095551344885 998.877999999997 11.6953125 47944.56199615892 2310641.782997324 2300.0 128.0 20166.0#20166.0#2300_21813.0#21813.0#2300_23625.0#23625.0#2300_25576.0#25576.0#2300_27586.0#27586.0#2300 21688.0#21688.0#128_23624.0#23624.0#128_25574.0#25574.0#128_27581.0#27581.0#128
28000.0 35000.0 28.017013671880704 995.9975694754456 4.772617601894876 999.752999999997 986.218687499997 43504.34100158116 2165613.0491499645 2300.0 128.0 27586.0#27586.0#2300_29584.0#29584.0#2300_31577.0#31577.0#2300_33579.0#33579.0#2300 29581.0#29581.0#128_31575.0#31575.0#128_33577.0#33577.0#128
35000.0 42000.0 25.572382812504657 871.8034521484369 350.6214936894506 999.1800000000003 4.180701171877445 43820.997890141756 2030424.1985398405 2300.0 128.0 33579.0#33579.0#2300_35588.0#35588.0#2300_37579.0#37579.0#2300_39580.0#39580.0#2300_41582.0#41582.0#2300 35584.0#35584.0#128_37578.0#37578.0#128_39578.0#39578.0#128_41579.0#41579.0#128
42000.0 49000.0 31.024822265630064 871.1218972167962 345.82231654692265 999.8229999999967 15.72808398437337 50993.75469648708 2511857.628851044 2300.0 128.0 41582.0#41582.0#2300_43314.0#43314.0#2300_45002.0#45002.0#2300_46552.0#46552.0#2300_48340.0#48340.0#2300 42458.0#42458.0#128_44459.0#44459.0#128_46457.0#46457.0#128_48354.0#48354.0#128
49000.0 56000.0 458.4571347656238 817.692858154297 357.92481929826675 999.4499999999971 32.32490625000355 46946.9951365833 2269082.910343659 2300.0 128.0 48340.0#48340.0#2300_50471.0#50471.0#2300_52154.0#52154.0#2300_53876.0#53876.0#2300_55961.0#55961.0#2300 50460.0#50460.0#128_52220.0#52220.0#128_53884.0#53884.0#128_55959.0#55959.0#128
56000.0 63000.0 330.2458476562315 833.7192690429711 244.16559124598913 999.695000000007 451.089111328125 44446.68209649222 2125363.958820521 2300.0 128.0 55961.0#55961.0#2300_57608.0#57608.0#2300_59965.0#59965.0#2300_61715.0#61715.0#2300 55959.0#55959.0#128_57953.0#57953.0#128_59962.0#59962.0#128_61685.0#61685.0#128
63000.0 70000.0 85.58121093749651 864.3023486328129 240.18474275837127 998.6040000000066 417.847900390625 41335.13514059376 1945430.2611015416 2300.0 128.0 61715.0#61715.0#2300_63589.0#63589.0#2300_65592.0#65592.0#2300_67592.0#67592.0#2300_69584.0#69584.0#2300 63588.0#63588.0#128_65588.0#65588.0#128_67590.0#67590.0#128_69581.0#69581.0#128
70000.0 77000.0 44.632867187508964 869.4208916015614 244.69229654281105 999.9560000000056 385.884033203125 44140.641767781766 2076262.7363950522 2300.0 128.0 69584.0#69584.0#2300_71580.0#71580.0#2300_73579.0#73579.0#2300_75580.0#75580.0#2300 71578.0#71578.0#128_73577.0#73577.0#128_75579.0#75579.0#128
77000.0 84000.0 60.00509765621973 867.4993627929725 249.2731838330227 999.6410000000033 354.283935546875 46040.01956939287 2114537.2034023134 2300.0 128.0 75580.0#75580.0#2300_77583.0#77583.0#2300_79581.0#79581.0#2300_81582.0#81582.0#2300_83579.0#83579.0#2300 77580.0#77580.0#128_79579.0#79579.0#128_81580.0#81580.0#128_83577.0#83577.0#128
84000.0 91000.0 30.242919921860448 871.2196350097674 249.1608048231995 999.6779999999999 336.416015625 45422.58357420834 2129829.090879081 2300.0 128.0 83579.0#83579.0#2300_85578.0#85578.0#2300_87580.0#87580.0#2300_89573.0#89573.0#2300 85575.0#85575.0#128_87580.0#87580.0#128_89570.0#89570.0#128
91000.0 98000.0 29.612929687500582 871.2983837890624 251.37412912899325 999.9020000000164 321.5380859375 51174.150863762916 2365012.8640241427 2300.0 128.0 89573.0#89573.0#2300_91574.0#91574.0#2300_93584.0#93584.0#2300_95338.0#95338.0#2300_96947.0#96947.0#2300 91573.0#91573.0#128_93582.0#93582.0#128_94452.0#94452.0#128_96452.0#96452.0#128
98000.0 105000.0 418.5311425781256 822.6836071777343 340.096933223887 999.9550000000017 28.116943359375 50812.505375766326 2391397.183500963 2300.0 128.0 96947.0#96947.0#2300_98540.0#98540.0#2300_100107.0#100107.0#2300_101803.0#101803.0#2300_103969.0#103969.0#2300 98453.0#98453.0#128_99953.0#99953.0#128_101915.0#101915.0#128_103967.0#103967.0#128
105000.0 112000.0 35.245687499977066 870.5942890625029 347.71992355642567 999.9780000000028 10.437255859375 47731.35450601112 2150100.2258577235 2300.0 128.0 103969.0#103969.0#2300_105966.0#105966.0#2300_107966.0#107966.0#2300_109657.0#109657.0#2300_111583.0#111583.0#2300 105964.0#105964.0#128_107964.0#107964.0#128_109654.0#109654.0#128_111581.0#111581.0#128
112000.0 119000.0 26.41795312499744 871.6977558593753 350.65607457844044 999.429999999993 3.935302734375 45284.878462242 2154675.160806434 2300.0 128.0 111583.0#111583.0#2300_113581.0#113581.0#2300_115582.0#115582.0#2300_117582.0#117582.0#2300 113580.0#113580.0#128_115581.0#115581.0#128_117580.0#117580.0#128
119000.0 126000.0 657.9073886718543 906.013230189735 172.12007953462182 999.3159999999916 545.4619140625 42023.49936923179 1849821.6053534085 2300.0 128.0 117582.0#117582.0#2300_119578.0#119578.0#2300_121591.0#121591.0#2300_124456.0#124456.0#2300 119576.0#119576.0#128_121585.0#121585.0#128_124452.0#124452.0#128_125659.0#125659.0#128
126000.0 133000.0 284.9188027343771 839.3851496582029 249.57485140995055 999.7330000000075 439.714111328125 48782.84052785447 2245798.3772475505 2300.0 128.0 124456.0#124456.0#2300_126153.0#126153.0#2300_127680.0#127680.0#2300_129588.0#129588.0#2300_131575.0#131575.0#2300 127677.0#127677.0#128_129585.0#129585.0#128_131572.0#131572.0#128
133000.0 140000.0 42.14411523434683 869.7319855957066 240.09170745890668 998.8910000000033 414.52099609375 45466.583098306684 2062137.0180359038 2300.0 128.0 131575.0#131575.0#2300_133578.0#133578.0#2300_135585.0#135585.0#2300_137581.0#137581.0#2300_139586.0#139586.0#2300 133576.0#133576.0#128_135581.0#135581.0#128_137577.0#137577.0#128_139584.0#139584.0#128
140000.0 147000.0 31.92208789064898 871.0097390136689 238.84505728796896 998.7099999999919 399.680908203125 52992.43004370945 2458356.7962506297 2300.0 128.0 139586.0#139586.0#2300_141577.0#141577.0#2300_143289.0#143289.0#2300_144913.0#144913.0#2300_146451.0#146451.0#2300 141575.0#141575.0#128_142462.0#142462.0#128_144455.0#144455.0#128_146457.0#146457.0#128
147000.0 154000.0 415.51483593750163 823.0606455078123 351.3061139071373 998.869000000006 23.674072265625 49264.81437574182 2221556.9775257865 2300.0 128.0 146451.0#146451.0#2300_148075.0#148075.0#2300_149890.0#149890.0#2300_151959.0#151959.0#2300_153958.0#153958.0#2300 147961.0#147961.0#128_149903.0#149903.0#128_151957.0#151957.0#128_153958.0#153958.0#128
154000.0 161000.0 25.654146484361263 871.7932316894548 348.6108229055222 999.6240000000107 9.27392578125 48150.35717424614 2340248.9025988383 2300.0 128.0 153958.0#153958.0#2300_155691.0#155691.0#2300_157596.0#157596.0#2300_159585.0#159585.0#2300 153958.0#153958.0#128_155688.0#155688.0#128_157594.0#157594.0#128_159583.0#159583.0#128
161000.0 168000.0 26.48886132813641 996.2158769531234 2.9152791061042604 998.695000000007 990.2310742187547 46206.012506714695 2102771.285760263 2300.0 128.0 159585.0#159585.0#2300_161583.0#161583.0#2300_163584.0#163584.0#2300_165582.0#165582.0#2300_167588.0#167588.0#2300 161578.0#161578.0#128_163580.0#163580.0#128_165578.0#165578.0#128_167585.0#167585.0#128
168000.0 175000.0 30.332974609336816 871.2083781738329 351.0876058251036 999.8619999999937 2.5439355468843132 44779.83057368784 2139243.1720003313 2300.0 128.0 167588.0#167588.0#2300_169574.0#169574.0#2300_171582.0#171582.0#2300_173578.0#173578.0#2300 169572.0#169572.0#128_171579.0#171579.0#128_173575.0#173575.0#128
175000.0 182000.0 29.27204882807564 871.3409938964905 342.5802566233545 999.9260000000068 24.15091015622602 47149.606014435296 2118083.055097211 2300.0 128.0 173578.0#173578.0#2300_175580.0#175580.0#2300_177582.0#177582.0#2300_179577.0#179577.0#2300_181580.0#181580.0#2300 175577.0#175577.0#128_177580.0#177580.0#128_179574.0#179574.0#128_181578.0#181578.0#128
182000.0 189000.0 28.6070624999993 871.4241171875001 337.13164261128367 999.8219999999565 38.68995898441062 51732.43183497245 2423609.879998899 2300.0 128.0 181580.0#181580.0#2300_183580.0#183580.0#2300_185114.0#185114.0#2300_186721.0#186721.0#2300_188369.0#188369.0#2300 183578.0#183578.0#128_184454.0#184454.0#128_186455.0#186455.0#128_188461.0#188461.0#128
189000.0 196000.0 762.8149902342702 779.6481262207162 344.57079970581964 999.5719999999856 60.98802148440154 48326.60452963979 2207550.947559224 2300.0 128.0 188369.0#188369.0#2300_190080.0#190080.0#2300_192464.0#192464.0#2300_194059.0#194059.0#2300_195960.0#195960.0#2300 190167.0#190167.0#128_192462.0#192462.0#128_194071.0#194071.0#128_195959.0#195959.0#128
196000.0 203000.0 338.5309414062358 832.6836323242205 244.21944534736087 999.4670000000042 455.248046875 45791.327801259344 2105642.3476231135 2300.0 128.0 195960.0#195960.0#2300_197962.0#197962.0#2300_199666.0#199666.0#2300_201964.0#201964.0#2300 195959.0#195959.0#128_197958.0#197958.0#128_199673.0#199673.0#128_201960.0#201960.0#128
203000.0 210000.0 46.54792773438385 869.181509033202 238.26043235356173 998.8969999999972 432.1721191406541 47130.398019250235 2166916.4901866587 2300.0 128.0 201964.0#201964.0#2300_203966.0#203966.0#2300_205670.0#205670.0#2300_207587.0#207587.0#2300_209588.0#209588.0#2300 203963.0#203963.0#128_205667.0#205667.0#128_207586.0#207586.0#128_209587.0#209587.0#128
210000.0 217000.0 65.45121093743364 866.8185986328208 244.5376777182409 999.094000000041 390.805908203125 46040.47365826012 2134698.818596573 2300.0 128.0 209588.0#209588.0#2300_211585.0#211585.0#2300_213586.0#213586.0#2300_215592.0#215592.0#2300 211583.0#211583.0#128_213584.0#213584.0#128_215588.0#215588.0#128
217000.0 224000.0 44.88262109379866 869.3896723632752 244.24504346781006 999.0989999999874 368.0192871093459 44345.046129334136 2014889.318548372 2300.0 128.0 215592.0#215592.0#2300_217586.0#217586.0#2300_219591.0#219591.0#2300_221587.0#221587.0#2300_223585.0#223585.0#2300 217583.0#217583.0#128_219589.0#219589.0#128_221585.0#221585.0#128_223583.0#223583.0#128
224000.0 231000.0 38.637996093719266 870.1702504882851 244.30991361403622 999.5400000000081 354.3732910155959 47963.495348712095 2212198.011053035 2300.0 128.0 223585.0#223585.0#2300_225592.0#225592.0#2300_227596.0#227596.0#2300_229587.0#229587.0#2300 225588.0#225588.0#128_227593.0#227593.0#128_229584.0#229584.0#128_230459.0#230459.0#128
231000.0 238000.0 27.405341796780704 871.5743322754024 248.16974765418638 999.4530000000086 339.77294921875 45320.664475454236 2088014.9652936133 2300.0 128.0 229587.0#229587.0#2300_231363.0#231363.0#2300_233590.0#233590.0#2300_235580.0#235580.0#2300_237582.0#237582.0#2300 233588.0#233588.0#128_235577.0#235577.0#128_237578.0#237578.0#128
238000.0 245000.0 287.3936425780412 839.0757946777449 262.2959433074214 998.8150000000023 271.2893066406541 46253.043654818546 2145188.2758029713 2300.0 128.0 237582.0#237582.0#2300_239584.0#239584.0#2300_241257.0#241257.0#2300_243743.0#243743.0#2300 239582.0#239582.0#128_240457.0#240457.0#128_242456.0#242456.0#128_244456.0#244456.0#128
245000.0 252000.0 35.42900781251956 870.571374023435 264.083030445629 998.5890000000072 259.831298828125 54180.08775885533 2545234.973503003 2300.0 128.0 243743.0#243743.0#2300_245335.0#245335.0#2300_246968.0#246968.0#2300_248700.0#248700.0#2300_250207.0#250207.0#2300_251926.0#251926.0#2300 245955.0#245955.0#128_247953.0#247953.0#128_249689.0#249689.0#128_251693.0#251693.0#128
252000.0 259000.0 389.202351562446 826.3497060546943 340.1884275443257 999.743000000075 18.970947265625 47800.48279564973 2281791.291179699 2300.0 128.0 250207.0#250207.0#2300_251926.0#251926.0#2300_253968.0#253968.0#2300_255692.0#255692.0#2300_257588.0#257588.0#2300 251693.0#251693.0#128_253962.0#253962.0#128_255689.0#255689.0#128_257584.0#257584.0#128
259000.0 266000.0 32.59101953118807 870.9261225586015 351.93107297324093 999.6350000000093 0.075927734375 46005.74104102937 2065523.6836822676 2300.0 128.0 257588.0#257588.0#2300_259590.0#259590.0#2300_261583.0#261583.0#2300_263586.0#263586.0#2300_265583.0#265583.0#2300 259587.0#259587.0#128_261580.0#261580.0#128_263583.0#263583.0#128_265580.0#265580.0#128
266000.0 273000.0 28.395857421739493 995.9434489397515 2.7683106706203153 999.3169999999809 990.6220703125 45022.12878225894 2149492.643034861 2300.0 128.0 265583.0#265583.0#2300_267589.0#267589.0#2300_269574.0#269574.0#2300_271584.0#271584.0#2300 267586.0#267586.0#128_269571.0#269571.0#128_271578.0#271578.0#128
273000.0 280000.0 27.912804687512107 871.510899414061 348.702285127993 999.9949999999953 8.819929687480908 43267.080510334126 1919957.6024975767 2300.0 128.0 271584.0#271584.0#2300_273585.0#273585.0#2300_275582.0#275582.0#2300_277575.0#277575.0#2300_279587.0#279587.0#2300 273581.0#273581.0#128_275580.0#275580.0#128_277573.0#277573.0#128_279581.0#279581.0#128
280000.0 287000.0 741.6049960937235 782.2993754882846 359.7961860991669 999.7119999999995 27.608734374982305 46576.92191138356 2127627.4821252003 2300.0 128.0 279587.0#279587.0#2300_281594.0#281594.0#2300_283089.0#283089.0#2300_285575.0#285575.0#2300 281590.0#281590.0#128_282457.0#282457.0#128_285572.0#285572.0#128_286456.0#286456.0#128
287000.0 294000.0 26.47095898410771 871.6911301269865 235.21360248800715 999.7339999999967 446.143310546875 53971.818707440485 2545267.0421365993 2300.0 128.0 285575.0#285575.0#2300_287289.0#287289.0#2300_288786.0#288786.0#2300_290354.0#290354.0#2300_292041.0#292041.0#2300_293796.0#293796.0#2300 288454.0#288454.0#128_290456.0#290456.0#128_291953.0#291953.0#128_293823.0#293823.0#128
