ts te idle avg_span std_span max_span min_span c_bytes_all s_bytes_all avg_video_rate avg_audio_rate video_requests_sequence audio_requests_sequence
0 5000 5000.0 0.0 0.0 0.0 0.0 0.0 0.0 0.0 0.0 0 0
5000 10000 1310.8807402343955 922.2798149414011 148.83493463486195 998.7750000000233 699.041259765625 33308.24236186771 1223340.3720931464    
10000 15000 548.8742636718089 741.8542893880318 327.32013392854117 998.2760000000126 300.27174023439875 31443.067378861782 1155306.4747036246    
15000 20000 58.74111328122672 823.5431477864622 283.4818038539583 998.0810000000056 325.7548828125 25770.582961719123 1093646.5947903835    
20000 25000 367.9548828123952 926.409023437521 142.73204587575236 999.8000000000466 672.5061171874986 22476.107297551378 975289.5584128455    
25000 30000 84.2560390624567 983.1487921875087 28.81693344065487 998.0430000000051 931.8349609375 28647.282210638707 1263273.503359323    
30000 35000 1218.8569921875023 630.1905013020829 472.17683320233965 999.8059999999823 10.29296875 20501.357979898876 827950.1940082    
35000 40000 749.6090117187705 850.078197656246 273.19398483607574 999.9680000000517 366.8559570311918 29345.505192840657 1274824.9902117522    
40000 45000 1008.9497031249921 665.175049479168 413.46739100874674 999.2689999999711 5.13525390625 25445.44868725288 1099244.9686264344    
45000 50000 457.6223417967558 908.4755316406488 124.79881190430237 999.9270000000251 722.8357460937696 34310.73947307489 1551875.8529827297    
50000 55000 76.08359570323955 820.65273404946 349.826719436663 997.957999999926 121.93708789057564 33044.19960242737 1643963.3775092752    
55000 60000 81.62638085935032 819.7289365234416 322.45823511503073 999.9349999999977 182.07568359375 28391.00357397727 1304997.3587478774    
60000 65000 16.821021484327503 830.529829752612 318.29605544423094 999.1450000000186 205.0920644531143 35864.28394954426 1783152.9720674197    
65000 70000 466.8738769531483 755.5210205078087 360.5120006202235 999.2260000000242 213.86108593747485 31346.902484700662 1510594.4498691852    
70000 75000 21.44110742182238 829.7598154296962 274.0843868105979 999.9760000000824 363.1279296875 33417.48880252343 1633338.0267953267    
75000 80000 25.20394921884872 829.1326751301918 276.24212885602947 999.9569999999949 349.6049804686918 32292.281744971508 1534735.4090810302    
80000 85000 583.0099843750359 736.1650026041607 385.0365150502362 999.4839999999967 6.895996093691792 30763.11398651225 1485535.1148199146    
85000 90000 65.89770898438292 986.8204582031234 17.88476296591386 999.7199999999721 955.769287109375 33194.79917296125 1619595.45820469    
90000 95000 612.2902968749986 731.2849505208336 420.049107492752 999.9089999999851 41.192712890624534 33355.54102407955 1549887.8657864425    
95000 100000 25.142910156282596 829.1428483072863 274.8647281729652 999.5189999999711 358.007080078125 37854.64247018203 1804730.0805175207    
100000 105000 557.2041054687579 888.5591789062485 148.21156541693358 999.1410000000033 641.8869199218461 34039.109874271046 1551601.0921062585    
105000 110000 598.6249082031427 733.5625152994762 369.059441152837 999.6979999999749 133.25302539061522 32469.285637554458 1544393.313209377    
110000 115000 20.755083984462544 829.8741526692562 342.4049948364651 999.8740000000107 143.31593359372346 32475.97420831217 1578326.1831026073    
115000 120000 515.9748691406567 747.3375218098905 383.7030243081244 999.4560000000056 160.55401757807704 35541.202062683915 1538142.5209418195    
120000 125000 1728.5821132812416 817.8544716796896 209.39052500017087 999.7459999999846 632.6330000000307 22137.83786159283 1012318.2680528167    
125000 130000 1333.9510781249264 733.2097843750147 430.2849329853708 999.6900000000023 7.794921875 33596.925901905255 1224155.7195011552    
130000 135000 1242.3400351562304 751.5319929687539 430.0283467332798 998.3059999999823 1.6088867186917923 24973.502229377842 1012652.0776301449    
135000 140000 112.69088671874488 977.461822656251 26.86916114516382 999.0380000000005 933.341999999946 25902.571868716903 1152354.2028686998    
140000 145000 1819.376083984389 636.1247832031222 500.01191567893187 999.6020000000135 0.263916015625 26058.74949422009 1063611.3441252043    
145000 150000 1217.5638496093452 756.487230078131 282.1285689871575 998.8150000000023 366.7930000000051 24445.76627861639 1005407.8380063968    
150000 155000 532.2031875001267 744.6328020833122 390.90885554162145 998.4689999999246 135.57993359374814 26528.49477046298 1194462.7312235406    
155000 160000 1584.652632812562 683.0694734374877 429.9627745357442 999.320000000007 83.78212109376909 24670.660107768315 1033050.21006081    
160000 165000 29.19027539069066 828.4682874348849 275.1351666242079 999.9589999999735 352.219970703125 36029.6739020206 1610881.1002418008    
165000 170000 60.22603124997113 823.2956614583381 291.9057790140512 999.765000000014 305.012939453125 32788.06638782821 1537784.6098998326    
170000 175000 27.378660156333353 828.7702233072778 290.9687607950904 999.8260000000009 289.061279296875 35055.84785927177 1690428.7180623412    
175000 180000 443.0042929686606 759.4992845052233 387.4897591414347 999.9200000000419 5.260986328125 32868.855715876445 1476013.7207079125    
180000 185000 56.65903320314828 988.6681933593703 19.57501112805783 999.9189999999944 954.376953125 35339.63085681774 1679916.6166661596    
185000 190000 711.1896445312886 714.8017259114519 409.37298602314047 999.1460000000079 44.409046875021886 31541.168182064866 1475108.4462845726    
190000 195000 916.8443535155384 680.5259410807436 399.04433081367773 996.9780000000028 1.303955078125 32252.540669839473 1426630.1581076346    
195000 200000 21.239054687554017 995.7521890624892 3.22747649666318 998.9529999999795 990.7490449218312 36895.408519025244 1740318.0011753384    
200000 205000 17.198617187561467 830.4668971354064 404.9220163965961 999.6770000000251 4.0070996093563735 36937.51951968066 1781884.2963681018    
205000 210000 76.82416601560544 820.5293056640658 397.65997943761334 998.7539999999572 9.611716796876863 28790.65046930535 1323133.5307161256    
210000 215000 23.14407421881333 829.4759876301978 386.6378987571065 999.7149999999674 41.562882812460884 34456.42506387827 1596616.174496951    
215000 220000 62.69015039072838 822.8849749348786 379.4784357666073 999.6169999999693 53.17595703119878 35064.482601719326 1633280.2083276834    
220000 225000 107.55284765618853 815.4078587239686 355.56450208837924 996.7929999999469 102.56910742190666 36365.58296039376 1619728.1948219242    
225000 230000 24.44194335944485 829.2596761067592 329.23583620263287 999.3719999999739 174.5639550781343 37117.911304914065 1763646.9005237683    
230000 235000 28.638218749896623 828.5602968750172 323.80808858480293 997.0770000000484 186.9308984375093 31830.293865813095 1339583.7239567672    
235000 240000 113.91486718750093 814.3475221354165 351.0234089581536 998.0500000000466 120.24911718745716 31794.532640950172 1549693.0685412334    
240000 245000 41.74471093749162 826.375881510418 311.1692821737941 996.7260000000242 220.80998437502421 37215.26835373468 1682576.8141484    
245000 250000 18.322226562537253 830.2796289062438 306.06087028490305 999.8229999999749 239.42869531246834 34648.69053293173 1639803.8457181344    
250000 255000 22.65615625004284 829.5573072916595 301.4416734976341 998.2299999999814 250.10292187496088 34880.19750355212 1709579.0703152125    
255000 260000 62.59002929693088 822.9016617838448 297.57956030725256 997.7070000000531 253.87807812495157 33231.12639132788 1530296.9427387263    
260000 265000 134.96393359382637 810.8393444010289 317.2637579795054 999.9949999999953 230.97710742184427 34584.61241819863 1559739.3147513496    
265000 270000 19.585048828157596 830.0691585286404 275.53556371723454 999.4989999999525 354.638041015598 33981.77824516936 1599227.338868815    
270000 275000 26.083832031232305 828.9860279947947 273.3771347078316 999.9470000000438 366.8710898438003 34085.82613147619 1591732.4078903687    
275000 280000 24.4310136717977 829.261497721367 269.37941824013524 999.4420000000391 383.34692187502515 36178.74266067404 1752015.0212004404    
280000 285000 774.1429492187453 704.3095084635424 416.30837664668877 999.7780000000494 0.693115234375 32260.701498963357 1425737.647416448    
285000 290000 62.81402148446068 987.4371957031078 21.710037844219997 997.9599999999627 948.62109375 29452.553724214995 1463573.0208436288    
290000 295000 31.97109570307657 828.0048173828205 381.7086150356158 998.0520000000251 50.46390624996275 36588.539665427765 1754724.9180016355    
295000 300000 18.963898437446915 830.1726835937588 376.58819329166056 999.7619999999879 64.0740019531222 36995.86076929203 1719682.4045917743    
300000 305000 4929.092099609319 70.90790039068088  70.90790039068088 70.90790039068088 490.840934570406 19869.661200968236    
