ts te idle avg_span std_span max_span min_span c_bytes_all s_bytes_all avg_video_rate avg_audio_rate video_requests_sequence audio_requests_sequence
0 5000 5000.0 0.0 0.0 0.0 0.0 0.0 0.0 0.0 0.0 0 0
5000 10000 2433.9570253906422 855.3476582031193 120.20421303726677 988.130999999994 753.948974609375 28600.051315480865 810034.5451743901    
10000 15000 946.5819746092311 810.6836050781537 325.6525870106129 999.8439999999828 242.7890253906371 34601.948684519135 1213391.45482561    
15000 20000 1246.3367011718801 750.732659765624 341.1674640053923 998.4749999999767 307.1140000000014 27498.491805431004 1043741.2872941616    
20000 25000 41.84699609375093 826.3588339843749 262.61916948392053 999.619000000006 437.685302734375 24353.347946346632 1052398.4486521927    
25000 30000 450.05730273440713 909.9885394531186 195.32920047215254 999.6280000000261 560.5976972656208 21039.160248222364 886617.2640536455    
30000 35000 1505.5860664063366 873.6034833984158 245.66607060261066 997.6849999999977 505.1069335936918 26398.1673944331 1171320.580211902    
35000 40000 664.3149511719821 722.6141748046697 334.2569862685373 996.4500000000116 198.281982421875 32320.75881076302 1412660.0105853654    
40000 45000 98.87290625000605 816.854515624999 352.3819326156534 999.4689999999828 116.528076171875 33950.61504099516 1640264.7213600632    
45000 50000 370.5190761719714 925.8961847656058 104.13094382963146 998.7139999999781 762.5650000000023 34063.458753808714 1606877.6878426694    
50000 55000 1496.0410332031897 875.9897416992026 243.5845827276674 998.5519999999669 510.615966796875 27002.949631375504 1280924.0203563976    
55000 60000 33.22207226557657 827.7963212890705 262.1785174019596 998.6010000000242 485.3870332032093 35760.153885632266 1791309.4093090089    
60000 65000 37.54261914052768 827.0762301432454 262.42443251739115 999.6380000000354 473.457275390625 36769.33183538045 1692445.4679074748    
65000 70000 1962.2710136718815 607.5457972656237 402.3152918353361 999.4739999999874 40.20400000002701 22286.295891684855 1031079.5968978632    
70000 75000 106.22724023438059 815.6287932942699 265.33318797644876 997.3889999999665 464.322021484375 33426.08860532557 1536869.4772612995    
75000 80000 1734.2677265625098 653.146454687498 336.22107753993185 995.8040000000037 223.49200000002747 25159.763777862026 1107139.0656333307    
80000 85000 1498.774294921779 700.2451410156442 438.20848994570486 999.689000000013 24.636999999987893 19749.416372739335 830742.9626346254    
85000 90000 702.1650000000955 859.5669999999809 308.24976674849336 999.9989999999525 308.16499999997905 35467.0 1503443.0    
90000 95000 1506.364710937487 873.4088222656283 247.23452855554066 998.9409999999916 502.5712890625 26236.829633244597 1140082.5253530927    
95000 100000 90.46629101550207 818.255618164083 277.27048733225774 999.5540000000037 436.197998046875 33037.354997076174 1439548.180954683    
100000 105000 1531.9970898438478 693.6005820312305 282.25292782625075 996.7189999999828 404.7609999999986 23376.331745769097 1011360.6325970934    
105000 110000 79.70801953115733 820.0486634114737 275.73202275998966 999.429999999993 444.285888671875 36996.381067893904 1716833.71051355    
110000 115000 148.3939101562719 808.6010149739546 293.8197023143889 995.8869999999879 327.552978515625 36611.40859748569 1767167.3009093807    
115000 120000 217.1980859375326 797.1336523437445 334.97422032749046 998.0860000000102 164.889892578125 34608.580549031605 1593908.623898735    
120000 125000 1004.5350000000326 665.9108333333279 451.97984892635776 999.329000000027 69.19800000003306 26749.007583816983 1189650.3914951112    
125000 130000 3231.904787109408 442.023803222648 337.2703541477201 885.6691074218834 127.2390000000014 17880.87885718725 488405.77307437593    
130000 135000 1720.7751054687542 655.8449789062491 398.8182253931331 997.48199999996 53.53100000001723 22588.22696849469 852661.8612039778    
135000 140000 535.41191210947 892.917617578106 233.92826169205404 999.9909999998636 474.465087890625 30210.097728831413 1231118.3876358832    
140000 145000 26.107781250029802 828.9820364583284 262.4601895524812 998.9810000000289 460.789306640625 27409.122094329137 1139013.6624717808    
145000 150000 44.11820312513737 825.9802994791438 268.5194998661768 999.5329999999958 426.131103515625 25604.47967729006 1039049.4409811825    
150000 155000 259.80412695312407 790.0326455078126 333.00005331684065 999.1059999999707 204.1259765625 27367.585157862002 1178075.4567021518    
155000 160000 917.6126796875033 816.4774640624994 221.30623826554248 999.0109999999986 456.529296875 30071.434044653648 1053834.9026417125    
160000 165000 1906.8359863281948 618.632802734361 399.0584857767694 999.8790000000154 44.25199999992037 22470.58240646336 903435.2253712579    
165000 170000 1473.7882539063576 705.2423492187285 266.74678449300217 997.3659999999218 485.1076894531143 31792.5904902973 1215548.514215034    
170000 175000 1538.2661718749441 692.3467656250111 277.79170603749395 996.7920000000158 475.99300000007497 28547.029442214523 1176258.6953720069    
175000 180000 24.80061328120064 829.1998977864665 259.555319453967 997.4610000000102 488.4441152344225 37390.89445128461 1713494.5782664323    
180000 185000 1895.083328125067 620.9833343749866 375.32965474231486 998.99099999998 109.82500000001164 23797.264601507366 1009855.5188243343    
185000 190000 69.9818554688245 821.6696907551959 273.50974197929713 998.8999999999651 450.340087890625 39676.94861089552 1797481.4521909817    
190000 195000 37.10714648436988 827.1488089192717 269.9610129269957 999.7739999999176 418.56494140625 39702.08480992846 1769728.5748122465    
195000 200000 1906.4668457030784 773.3832885742304 262.5064735001636 999.8270000000484 513.548095703125 23204.0707622875 960778.2870209012    
200000 205000 33.04103515611496 827.8264941406475 262.12982830697484 999.9740000000456 478.47890429687686 39527.794703897096 1820170.9406631796    
205000 210000 1172.1699824219104 765.5660035156179 249.5608582465642 999.0659999999916 497.4529394530691 30116.62137089466 1362449.886861311    
210000 215000 1406.5270781250438 718.6945843749912 401.40602305222137 999.10699999996 121.50500000000466 27438.399647363338 1202689.475969604    
215000 220000 807.6779999999562 838.4644000000087 351.3202553494485 996.6800000000512 210.00500000000466 35082.0 1455699.0    
220000 225000 1506.5670644531492 873.3582338867127 242.64528395587385 997.9869999999646 509.408935546875 28532.26827377109 1233690.0528356652    
225000 230000 1677.497886718833 664.5004226562335 312.75552887669 999.8939999999711 328.3149999999441 26386.425144117966 1104541.826032124    
230000 235000 66.21193359384779 822.2980110676921 271.82384789087985 999.5039999999572 454.193115234375 34947.48122969786 1473519.3142385837    
235000 240000 1431.8601953124162 713.6279609375167 260.26936644752027 999.3540000000503 509.242919921875 27961.797224200604 1241733.4496257023    
240000 245000 32.61279882804956 827.8978668619917 262.19251714387804 999.6199999999953 489.35608007817063 33064.78897901502 1577652.0598121851    
245000 250000 1967.8082089844393 606.4383582031121 375.5321065613566 998.8739999999525 86.3739999999525 23078.25574042139 782050.1228743742    
250000 255000 1471.3699121093377 705.7260175781324 419.90358285408126 999.5520000000251 71.03099999995902 26014.983408776065 1064421.1745813652    
255000 260000 549.1250585936941 890.1749882812612 238.98121620532908 999.2780000000494 462.68994140625 32124.678526920092 1375056.370065557    
260000 265000 2124.427941406262 575.1144117187475 399.4785820725068 996.4070000000065 59.550000000046566 18556.321473079908 736380.6299344429    
265000 270000 548.4050527343061 890.3189894531388 237.5777807221185 999.2730000000447 465.345947265625 31698.824053812532 1383235.120685067    
270000 275000 125.40788281243294 812.4320195312612 250.3081655271371 998.6700000000419 450.466064453125 33595.40115929921 1406928.7134637532    
275000 280000 1877.6081289062276 624.4783742187544 388.1576175799535 997.8090000000084 71.58600000001024 22400.407394668822 970480.5979449934    
280000 285000 28.691042968654074 828.5514928385577 261.5656068075 998.8329999999842 481.78906445309985 40652.538482085845 1769848.085334526    
285000 290000 37.90479492186569 827.0158675130224 263.37122081820723 998.8649999999907 477.22509765625 34219.980614038825 1406541.822792759    
290000 295000 35.19700195314363 827.4671663411427 262.77376951987287 999.3889999999665 461.423095703125 36460.95992684363 1676457.622949726    
295000 300000 1847.5878261720063 630.4824347655988 371.812060260459 998.4129999999423 117.11399999994319 24617.314259164832 1085630.7065905682    
300000 305000 4515.509269531234 484.49073046876583  484.49073046876583 484.49073046876583 3436.574110086303 182402.3302386073    
