ts te idle avg_span std_span max_span min_span c_bytes_all s_bytes_all avg_video_rate avg_audio_rate video_requests_sequence audio_requests_sequence
0 5000 5000.0 0.0 0.0 0.0 0.0 0.0 0.0 0.0 0.0 0 0
5000 10000 3849.3830273437197 575.3084863281401 587.1270432100479 990.4699999999721 160.1469726563082 9455.187639295531 111135.43465727722    
10000 15000 44.48391601565527 825.9193473307241 345.8130814740874 999.0480000000098 132.008056640625 29582.55755237203 1001139.4420044794    
15000 20000 82.11907031247392 819.6468216145877 362.78225564724335 997.2710000000079 87.010986328125 22561.1496234078 636492.6788656662    
20000 25000 1219.6828652342665 756.0634269531467 302.4042326815206 993.9870000000228 305.22412109375 15354.46054206372 373794.6743269382    
25000 30000 37.6630761717679 827.056153971372 287.649652170891 996.0920000000042 294.446044921875 22622.15029438701 626110.5950351706    
30000 35000 141.67808203131426 809.7203196614477 295.37526084756496 999.5160000000033 253.511962890625 13809.254683131348 353540.60891877976    
35000 40000 139.30185546871508 810.1163574218808 315.994902464907 990.3410000000149 194.235107421875 14312.25763031797 346988.79240537493    
40000 45000 955.2760878906702 808.944782421866 292.9574600325851 992.3209999999963 303.2700195311918 15518.882800101845 386143.55697640276    
45000 50000 982.8370976562728 803.4325804687454 282.9448573254967 993.7270000000135 352.9189999999944 16001.611755424492 393725.897921943    
50000 55000 1275.0089218750945 744.9982156249811 423.80966734861636 993.8190000000177 11.928078124998137 11558.48747949825 281059.3188879681    
55000 60000 759.475085937418 848.1049828125164 331.1698885495092 998.1849999999977 255.7119140625 17180.536027708495 433213.02975580614    
60000 65000 128.81292773439782 811.864512044267 297.0649271670761 996.4280000000144 245.385986328125 14004.03572689864 296356.4467631061    
65000 70000 97.07009570300579 817.154984049499 333.3651257676516 998.8310000000056 166.837890625 14075.245861626534 370423.0735517494    
70000 75000 1332.3768906249898 733.524621875002 420.49158301277447 998.2509999999893 0.0 10771.18238376633 258175.44992933836    
75000 80000 3024.04296875 658.65234375 333.8461306046625 975.1770000000251 309.83203125 16097.253775748488 549459.4761166417    
80000 85000 2441.308031249966 639.6729921875085 446.80358868010575 976.5260000000126 0.0 17993.746224251514 713334.5238833583    
85000 90000 1228.7710546875605 942.8072363281099 103.7298783678199 998.6419999998761 787.3460000000196 28807.7869834448 1227561.9575618398    
90000 95000 2267.9819453125237 546.4036109374953 457.7253401266642 998.1990000000224 7.588054687483236 21426.2130165552 891865.0424381602    
95000 100000 168.7049121094169 966.2590175781166 58.32190336618733 996.1930000000284 862.215087890625 27914.083579440983 1206638.3997430026    
100000 105000 98.9210058596218 816.8464990233964 339.510141068379 999.152999999933 135.61791210935917 25002.872096619296 1059187.0796586946    
105000 110000 1468.5910820312565 588.5681529947906 382.41572135027866 998.0719999999856 154.8159179688082 27859.04432393972 1135029.5205983026    
110000 115000 585.4928906250279 882.9014218749944 256.7283175472588 999.8530000000028 423.662109375 31322.82869429783 1353277.3217740082    
115000 120000 24.715001953125466 829.2141663411458 265.51687377932467 999.9340000000084 410.360107421875 34510.813670377145 1721308.9848383064    
120000 125000 22.571017578302417 829.5714970702829 268.10230224912584 999.63400000002 395.64208984375 34337.470606336006 1543395.9791824722    
125000 130000 27.180068359419238 828.8033219400968 268.8685597820568 999.4409999999916 383.322021484375 38213.60853324219 1794602.5797888862    
130000 135000 20.973921875061933 829.8376796874896 271.8082217626136 999.5470000000205 373.152099609375 31604.08880521499 1558301.3234762745    
135000 140000 2119.097128906229 576.1805742187541 382.1285623280715 996.9330000000191 101.82200000004377 18107.70169389466 837681.2359513782    
140000 145000 27.559984374966007 828.7400026041723 289.6343337826812 998.5339999999851 295.885986328125 39136.49448408804 1793479.192295962    
145000 150000 888.3280976561364 822.3343804687727 251.85764749808843 999.3300000000745 431.50599999999395 31142.513397702307 1370380.9799749283    
150000 155000 714.2207949219737 714.2965341796711 437.1324325659795 999.9880000000121 19.73511132807471 28836.195849207743 1309544.3448300103    
155000 160000 89.07016796886455 818.4883053385225 313.3196588305468 999.9160000000265 230.0239257811918 36772.88155999987 1661834.467720443    
160000 165000 25.075613281398546 829.1540644531002 313.65762093486796 999.734999999986 216.6953125 36568.62476773017 1785759.310874023    
165000 170000 98.23639843752608 816.9606002604123 318.2889259301105 996.4820000000182 188.9619140625 33113.50740795663 1550075.7157947244    
170000 175000 71.78001367190154 821.3699977213497 335.9211161710041 997.4560000000056 152.347900390625 33740.44518956893 1611033.2064629765    
175000 180000 180.01490039064083 963.9970199218718 66.98346981083857 999.7469999999739 844.7190996093559 31085.825340383475 1350856.3570356064    
180000 185000 40.800083984504454 991.8399832030991 11.608560711017942 998.1730000000098 971.138916015625 32968.56337096268 1625108.3907628942    
185000 190000 27.017023437540047 828.8304960937434 392.4098292275886 997.8979999999865 28.43508398439735 35864.92376723054 1607753.640405266    
190000 195000 24.392816406209022 829.2678639322985 386.8156716410449 999.6500000000233 40.95510742184706 33426.84261964212 1566400.5740731112    
195000 200000 48.716124999918975 825.2139791666801 382.29268018550897 999.7839999999851 48.695923828170635 32858.86945661759 1568581.3754138178    
200000 205000 878.5659355469979 686.9056774088336 400.92464666152824 999.1570000000065 90.10104882810265 31631.00473873156 1405501.3507606306    
205000 210000 85.92707226565108 819.0121546223914 310.668426022857 999.920999999973 233.491943359375 34227.687816051955 1560101.6281928588    
210000 215000 50.30905664060265 824.9484905598996 314.66005454180566 999.5670000000391 210.98388671875 37125.176789376135 1783361.3438992624    
215000 220000 32.47490039060358 827.9208499348994 321.8610751567857 999.9050000000279 195.260986328125 36636.093400175654 1764067.8053939524    
220000 225000 48.56767578131985 825.2387207031134 337.35024190670026 999.8149999999441 155.393310546875 37414.4578403329 1724502.2034963956    
225000 230000 191.61131054686848 801.3981149088553 397.20119268607 998.0500000000466 0.0 30932.38020087886 1418650.6876018108    
230000 235000 1717.8229960936587 820.5442509765853 349.30566988026345 997.51800000004 296.60400390625 27801.15206830387 1165423.4817016108    
235000 240000 771.2830878905952 845.7433824218809 201.58195885729472 994.4749999999767 565.155999999959 34469.140284788366 1432009.34648946    
240000 245000 25.000031249946915 829.1666614583422 397.7354094425052 998.7299999999814 17.530083984369412 39156.39680496414 1610007.6937189004    
245000 250000 1030.83196484379 661.5280058593684 418.66887926344447 999.3530000000028 23.060115234344266 29820.421043829607 1362959.1066721193    
250000 255000 22.278861328144558 829.6201897786426 290.15241501401255 998.7550000000047 292.06005859375 39484.25790590456 1815467.1710554112    
255000 260000 1399.4249882812146 720.115002343757 292.30378905064276 997.0760000000009 303.8720703125 26977.961195744607 1246653.5799410539    
260000 265000 32.42615234374534 827.9289746093758 290.65736246394084 998.2460000000428 289.94091796875 37035.72829337379 1791647.944489149    
265000 270000 17.526902343612164 830.4121829427313 291.30778082770723 999.7970000000205 284.916015625 37283.37619347773 1788540.9984255955    
270000 275000 28.756070312461816 828.540654947923 296.07312189292026 998.7530000000261 270.2939453125 36867.995999359286 1708833.7975940984    
275000 280000 87.2790351563599 818.78682747394 305.4362204102341 998.716999999946 233.35791015625 33996.0286975674 1515573.075101208    
280000 285000 44.003933593514375 825.999344401081 315.7639122392436 999.5010000000475 214.5009765625 35585.9261512159 1683805.0370036233    
285000 290000 92.13099414063618 817.9781676432273 334.8034255657297 999.9780000000028 165.031982421875 28857.990126922406 1270375.5370659234    
290000 295000 30.82789257809054 828.195351236985 336.7748994496202 998.3079999999609 154.01708984375 38911.67916101329 1759612.6650539432    
295000 300000 21.928091796929948 829.6786513671783 340.9222099188148 999.5999999999767 145.197998046875 38089.68916550642 1774387.0438078546    
300000 305000 4313.919998046826 686.0800019531744  686.0800019531744 686.0800019531744 3377.256908028629 127363.52188004936    
