ts te idle avg_span std_span max_span min_span c_ack_cnt c_ack_cnt_p c_bytes_all c_bytes_uniq s_ack_cnt s_ack_cnt_p s_bytes_all s_bytes_uniq avg_video_rate avg_audio_rate video_requests_sequence audio_requests_sequence
0 6000 6000.0 0.0 0.0 0.0 0.0 0.0 0.0 0.0 0.0 0.0 0.0 0.0 0.0 0.0 0.0 - -
6000 12000 4754.10009765625 422.1983193359374 379.6101902933364 964.1589999999997 95.3090000000011 146.35493239617387 135.0186732074198 10807.450059062066 10807.450059062066 254.43887831311298 13.781678918338782 364527.01616572385 363483.01616572385 3000.0 128.0 11618.0#11618.0#3000_11619.0#11619.0#3000 11606.0#11606.0#128_11609.0#11609.0#128
12000 18000 1101.7983378906283 612.0118038832729 409.4025408689442 999.8080000000045 41.431000000000495 1459.371089203054 1436.707348391808 19066.549940937934 19066.549940937934 2003.2105220727983 20.218321081661216 3082971.981835802 3037753.9281352693 2204.0 128.0 11619.0#11619.0#3000_13574.0#13574.0#288_13574.0#13574.0#288_13995.0#13995.0#288_14478.0#14478.0#288_14849.0#14849.0#288_15408.0#15408.0#4400_15410.0#15410.0#4400_16238.0#16238.0#4400_17463.0#17463.0#4400 13569.0#13569.0#128_13571.0#13571.0#128_14143.0#14143.0#128_14534.0#14534.0#128_14888.0#14888.0#128_15441.0#15441.0#128_15443.0#15443.0#128_16381.0#16381.0#128_17643.0#17643.0#128
18000 24000 2.0317695312478463 711.2510579044123 352.07190150917324 999.9100000000035 64.13100000000122 2067.569835489594 2054.569835489594 10870.0 10870.0 3298.1572548786958 7.0 5345624.561065528 5268894.614766061 4400.0 128.0 16238.0#16238.0#4400_17463.0#17463.0#4400_18714.0#18714.0#4400_19966.0#19966.0#4400_21174.0#21174.0#4400_22449.0#22449.0#4400_23741.0#23741.0#4400 18882.0#18882.0#128_20389.0#20389.0#128_21387.0#21387.0#128_22894.0#22894.0#128_23888.0#23888.0#128
24000 30000 172.26985351563053 691.282006460336 352.76796196453546 998.8220000000001 166.9259999999922 2040.538653746421 2029.660442148425 9085.454165512496 9085.454165512496 2803.4836501642076 7.87821159799584 4772940.690059229 4655328.690059229 4400.0 128.0 22449.0#22449.0#4400_23741.0#23741.0#4400_25105.0#25105.0#4400_26909.0#26909.0#4400_27889.0#27889.0#4400_29685.0#29685.0#4400 25393.0#25393.0#128_26938.0#26938.0#128_28401.0#28401.0#128_29734.0#29734.0#128
30000 36000 197.35890429689607 638.7686224459126 363.0866615363712 999.7849999999962 39.012000000002445 1937.5489159414376 1926.4271275394333 9267.545834487504 9267.545834487504 2807.231590922655 9.12178840200416 4643931.126038041 4638123.126038041 6560.0 128.0 29685.0#29685.0#4400_31040.0#31040.0#4400_32920.0#32920.0#8000_32927.0#32927.0#8000_35272.0#35272.0#8000 30891.0#30891.0#128_32910.0#32910.0#128_32914.0#32914.0#128_34389.0#34389.0#128
36000 42000 10.306875000002037 518.4999828404018 388.6821992748577 999.9890000000014 33.81900000000314 1560.5976127688957 1548.3418027388086 10199.136235303202 10199.136235303202 2712.7354872759183 12.25581003008704 4602939.856401037 4602939.856401037 5700.0 128.0 35272.0#35272.0#8000_37699.0#37699.0#6500_37708.0#37708.0#6500_39797.0#39797.0#4400_39803.0#39803.0#4400_41608.0#41608.0#4400 37683.0#37683.0#128_37690.0#37690.0#128_37889.0#37889.0#128_41896.0#41896.0#128_41904.0#41904.0#128
42000 48000 15.459384765643335 736.0622816051116 301.3651864156664 999.8740000000034 90.60399999999936 1383.5856124926834 1372.4695417851262 9283.98734579297 9283.98734579297 2568.157113072692 10.116070707556867 4315591.768256308 4315580.768256308 4400.0 128.0 41608.0#41608.0#4400_42623.0#42623.0#4400_44059.0#44059.0#4400_45731.0#45731.0#4400_47627.0#47627.0#4400 41904.0#41904.0#128_42883.0#42883.0#128_44438.0#44438.0#128_45867.0#45867.0#128_47626.0#47626.0#128
48000 54000 108.14928710937238 527.9127633713948 410.732391470618 999.846000000005 44.56500000000233 1520.064090438052 1510.1902815906258 8230.781532852227 8230.781532852227 2646.5007250297326 9.873808847426112 4379122.433532539 4374766.433532539 6080.0 128.0 47627.0#47627.0#4400_49704.0#49704.0#6500_49706.0#49706.0#6500_51730.0#51730.0#6500_53791.0#53791.0#6500 49697.0#49697.0#128_49700.0#49700.0#128_51684.0#51684.0#128_53670.0#53670.0#128
54000 60000 1818.9795664062403 503.20350097656484 387.2581659263636 999.945000000007 39.01799999999639 1160.1165482098859 1150.7834676660225 7762.419334613696 7762.419334613696 2014.9011752588399 7.333080543863582 3399270.687597632 3390941.564915997 5450.0 128.0 53791.0#53791.0#6500_57628.0#57628.0#6500_59414.0#59414.0#4400_59416.0#59416.0#4400 57626.0#57626.0#128_57893.0#57893.0#128
60000 66000 10.009095703120693 589.2666835937501 408.1515871323351 999.9919999999984 13.83299999999872 1438.5600899062536 1426.721832484291 9880.812749292269 9880.812749292269 2445.449151956829 9.838257421962314 4191157.032104065 4189322.1547857 4400.0 128.0 59416.0#59416.0#4400_60731.0#60731.0#4400_62001.0#62001.0#4400_63609.0#63609.0#4400_65609.0#65609.0#4400 60894.0#60894.0#128_60903.0#60903.0#128_62224.0#62224.0#128_63887.0#63887.0#128_65882.0#65882.0#128
66000 72000 41.734207031244296 612.9026792968755 438.2710602785765 999.8699999999953 40.84100000000035 1119.7414995765057 1110.1585271274016 7996.862802145639 7996.862802145639 1945.884095598794 5.964457974899421 3328317.016605437 3328317.016605437 4400.0 128.0 65609.0#65609.0#4400_67611.0#67611.0#4400_69615.0#69615.0#4400_71613.0#71613.0#4400 67884.0#67884.0#128_69892.0#69892.0#128_71888.0#71888.0#128
72000 78000 903.5595703124709 602.0563810763916 397.58392461218637 998.7440000000206 38.20699999999488 1057.7029694939417 1049.1366000515782 7140.883070470124 7140.883070470124 1871.2656465293417 5.18488391656823 3180328.6242497987 3180328.6242497987 4400.0 128.0 71613.0#71613.0#4400_73611.0#73611.0#4400_75613.0#75613.0#4400_77726.0#77726.0#4400 73892.0#73892.0#128_75889.0#75889.0#128_77766.0#77766.0#128
78000 84000 527.6693242187175 559.1179675781299 415.7569758111632 999.8590000000113 38.06100000000151 1156.596083504584 1147.7461424124008 7379.650399618061 7379.650399618061 1983.9543645704161 5.84994109218297 3413726.7539499365 3413726.7539499365 4400.0 128.0 77726.0#77726.0#4400_79617.0#79617.0#4400_81624.0#81624.0#4400_83611.0#83611.0#4400 79890.0#79890.0#128_81891.0#81891.0#128_83889.0#83889.0#128
84000 90000 66.02088867186103 634.4122974076691 442.70502685825676 999.528999999995 5.36328125 1259.891917589584 1249.960662670465 8290.116641898194 8290.116641898194 2233.0311401091126 6.931254919118994 3755969.8984725066 3755940.9780669142 4400.0 128.0 83611.0#83611.0#4400_85607.0#85607.0#4400_87622.0#87622.0#4400_88988.0#88988.0#4400 85884.0#85884.0#128_87886.0#87886.0#128_89228.0#89228.0#128
90000 96000 145.7227968750085 608.4356009615361 351.7899127929943 999.8249999999971 39.5109999999986 1375.2900819025197 1364.328093234108 8313.994458802586 8313.994458802586 2226.275631555699 9.961988668411623 3916380.002666615 3912052.9230722073 4400.0 128.0 88988.0#88988.0#4400_90370.0#90370.0#4400_91826.0#91826.0#4400_93709.0#93709.0#4400_95690.0#95690.0#4400 90393.0#90393.0#128_91841.0#91841.0#128_93892.0#93892.0#128_95891.0#95891.0#128
96000 102000 12.121425781224389 552.5736609700556 423.2708153246663 998.400999999998 33.6929999999993 1424.2553565045357 1411.7087797933154 10996.80015168124 10996.80015168124 2101.059272686854 12.546576711220325 3777049.0247016065 3777049.0247016065 5660.0 128.0 95690.0#95690.0#4400_97622.0#97622.0#4400_99627.0#99627.0#6500_99629.0#99629.0#6500_101716.0#101716.0#6500 97617.0#97617.0#128_99618.0#99618.0#128_99624.0#99624.0#128_101714.0#101714.0#128
102000 108000 11.361283203121275 514.2438542131682 393.85025687713187 999.1169999999984 38.94899999999325 1670.3917595351181 1658.98603570909 9494.03690068188 9494.03690068188 2659.958745097208 8.405723826028039 4850872.678445382 4850872.678445382 5660.0 128.0 101716.0#101716.0#6500_103749.0#103749.0#6500_105687.0#105687.0#6500_107732.0#107732.0#4400_107737.0#107737.0#4400 103718.0#103718.0#128_105649.0#105649.0#128_107775.0#107775.0#128_107777.0#107777.0#128
108000 114000 648.7539707031101 604.8247810329857 427.2864194295979 998.6410000000033 37.896999999997206 1081.822951300761 1072.0848059600862 8127.518376847913 8127.518376847913 1520.3055549070943 8.738145340674482 3091264.8478528126 3091264.8478528126 4400.0 128.0 107737.0#107737.0#4400_109613.0#109613.0#4400_111610.0#111610.0#4400_113610.0#113610.0#4400 109895.0#109895.0#128_111888.0#111888.0#128_113888.0#113888.0#128
114000 120000 804.4178808593715 604.4707910156253 434.0005675474783 999.9569999999949 57.51900000000023 1197.9785291538346 1189.555959415928 7019.8037193171585 7019.8037193171585 1784.3771766542236 4.8451394758127275 3561577.42702013 3561577.42702013 4400.0 128.0 113610.0#113610.0#4400_115604.0#115604.0#4400_117605.0#117605.0#4400_119604.0#119604.0#4400 115895.0#115895.0#128_117897.0#117897.0#128_119886.0#119886.0#128
120000 126000 1599.3381562500144 564.3062304687446 429.827793630154 999.2880000000005 39.4320000000007 858.2912574257755 852.5465712403699 4790.69125626497 4790.69125626497 1263.7536383210531 5.32211644749933 2594932.6654808926 2589124.6654808926 4400.0 128.0 119604.0#119604.0#4400_121612.0#121612.0#4400_124872.0#124872.0#4400 121886.0#121886.0#128
126000 132000 3.101167968736263 729.2050042968729 349.2334637716374 999.7690000000002 95.67499999998836 1789.1578134636338 1775.9540616197457 11019.89356440045 11019.89356440045 2857.898802571195 9.203751843888154 4850479.561593145 4773523.561593145 4400.0 128.0 124872.0#124872.0#4400_126625.0#126625.0#4400_127687.0#127687.0#4400_128931.0#128931.0#4400_130168.0#130168.0#4400 126586.0#126586.0#128_126754.0#126754.0#128_127892.0#127892.0#128_129386.0#129386.0#128_130391.0#130391.0#128
132000 138000 53.837236328137806 483.459380258412 452.0510344500138 999.7550000000047 28.34299999999348 1265.1146522169277 1253.106689195123 10011.70486435969 10011.70486435969 2174.1994215042578 12.007963021804859 3589372.835206118 3589372.835206118 5840.0 128.0 132045.0#132045.0#4400_133604.0#133604.0#4400_135622.0#135622.0#4400_137617.0#137617.0#8000_137620.0#137620.0#8000 132059.0#132059.0#128_133884.0#133884.0#128_135612.0#135612.0#128_137613.0#137613.0#128_137614.0#137614.0#128
138000 144000 2.128908203128958 731.7734810014213 304.5925384398935 999.8979999999865 233.5570000000007 1819.8674267469603 1811.9031823268676 6636.850096775539 6636.850096775539 2785.7755122472404 6.9642444200927205 5267975.891233293 5266755.353020305 8000.0 128.0 137620.0#137620.0#8000_139706.0#139706.0#8000_141933.0#141933.0#8000 139703.0#139703.0#128_141691.0#141691.0#128
144000 150000 442.48505468748044 536.6614876709009 399.7347055962082 999.9500000000116 41.4429999999993 1351.4861570011496 1336.0132947151305 12541.216897324255 12541.216897324255 2300.063004475918 15.47286228601901 3899529.035170871 3894929.5733838594 5000.0 128.0 141933.0#141933.0#8000_144350.0#144350.0#4400_144356.0#144356.0#4400_145877.0#145877.0#4400_147605.0#147605.0#4400_149615.0#149615.0#4400 144395.0#144395.0#128_144396.0#144396.0#128_145896.0#145896.0#128_147893.0#147893.0#128_149901.0#149901.0#128
150000 156000 18.395115234336117 610.231988476566 480.7353587854297 999.6650000000081 38.06099999998696 1053.8597359744854 1044.8814773134152 7487.93294734929 7487.93294734929 1944.7804031764308 6.978258661070145 3256166.50618604 3256166.50618604 4400.0 128.0 149615.0#149615.0#4400_151617.0#151617.0#4400_153609.0#153609.0#4400_155616.0#155616.0#4400 151895.0#151895.0#128_153897.0#153897.0#128_155893.0#155893.0#128
156000 162000 12.710679687501397 616.0853608398417 383.0599258140986 999.5769999999902 39.39900000000489 1502.8656380279074 1492.4852970938866 8663.984764163513 8663.984764163513 2652.1143455321617 9.380340934020733 4447958.12153267 4447958.12153267 4400.0 128.0 155616.0#155616.0#4400_157603.0#157603.0#4400_158939.0#158939.0#4400_160274.0#160274.0#4400_161825.0#161825.0#4400 157891.0#157891.0#128_159205.0#159205.0#128_160394.0#160394.0#128_161674.0#161674.0#128
162000 168000 6.735798828129191 595.8320525716166 378.6104036994991 999.7069999999949 118.44599999999627 1503.3261707856504 1492.220733311857 9253.778352934276 9253.778352934276 2475.248905626127 11.105437473793678 4277674.746612434 4277674.746612434 6080.0 128.0 161825.0#161825.0#4400_163619.0#163619.0#6500_163621.0#163621.0#6500_165752.0#165752.0#6500_167719.0#167719.0#6500 163614.0#163614.0#128_163617.0#163617.0#128_165689.0#165689.0#128_167670.0#167670.0#128
168000 174000 5.659794921870343 675.5481027343834 382.83818641497453 999.9830000000075 83.76000000003842 1647.1465303127304 1639.1523910101143 6672.871261869708 6672.871261869708 2823.916286066029 5.99413930261597 4728106.581629088 4722517.103886203 6500.0 128.0 167719.0#167719.0#6500_169908.0#169908.0#6500_171797.0#171797.0#6500_173918.0#173918.0#6500 169672.0#169672.0#128_171690.0#171690.0#128_173727.0#173727.0#128
174000 180000 9.03110546868993 672.6473705610948 322.8811991970547 999.7350000000151 262.1140136719332 1621.535685745129 1611.5476183642888 8324.146765600293 8324.146765600293 2786.6388476354355 7.988067380840088 4640971.4637178285 4636633.941460715 6500.0 128.0 173918.0#173918.0#6500_175947.0#175947.0#6500_177952.0#177952.0#6500_179734.0#179734.0#6500 175696.0#175696.0#128_177705.0#177705.0#128_179694.0#179694.0#128
180000 186000 5.1447539062355645 703.321728125005 355.6799537083998 999.8159999999916 15.1710000000312 1703.8059267177834 1695.800161747987 6682.7094148305805 6682.7094148305805 2956.8465365670763 7.00576496979645 4934271.199981236 4934271.199981236 6500.0 128.0 179734.0#179734.0#6500_181714.0#181714.0#6500_183826.0#183826.0#6500_185877.0#185877.0#6500 181713.0#181713.0#128_183668.0#183668.0#128_185641.0#185641.0#128
186000 192000 4.773691406269791 607.4048077799476 357.64533072342937 999.8949999999895 229.27600000001257 1622.3319767279127 1612.331687030569 8334.38861490151 8334.38861490151 2864.992211382499 9.0002896973438 4813530.412147386 4809174.412147386 6500.0 128.0 185877.0#185877.0#6500_187762.0#187762.0#6500_189930.0#189930.0#6500_191729.0#191729.0#6500 187715.0#187715.0#128_189644.0#189644.0#128_191675.0#191675.0#128
192000 198000 4.35478320310358 664.2133577769908 362.6807703571638 999.5320000000065 114.71700000000419 1618.900609450724 1610.9040560325282 6674.978543458519 6674.978543458519 2770.600473971522 7.574910307264646 4678452.584690716 4675738.584690716 6500.0 128.0 191729.0#191729.0#6500_193728.0#193728.0#6500_195689.0#195689.0#6500_197802.0#197802.0#6500 193693.0#193693.0#128_195672.0#195672.0#128_197690.0#197690.0#128
198000 204000 10.481892578070983 588.5938325195335 395.73264214479593 999.9290000000037 41.0570000000007 1537.5172820042253 1525.3627255122642 10123.256000893542 10123.256000893542 2634.1313878814362 8.995685427646706 4447736.466980855 4447736.466980855 5240.0 128.0 197802.0#197802.0#6500_199913.0#199913.0#6500_201782.0#201782.0#4400_201786.0#201786.0#4400_203614.0#203614.0#4400 199697.0#199697.0#128_201810.0#201810.0#128_201813.0#201813.0#128_203897.0#203897.0#128
204000 210000 63.19881835937849 685.5056169921911 403.9580272036516 999.7969999999914 40.70699999999488 1183.4171132092067 1173.5507925891784 8235.44196206378 8235.44196206378 2137.489965375319 9.446834795273732 3665030.012538041 3665030.012538041 4400.0 128.0 203614.0#203614.0#4400_205608.0#205608.0#4400_207609.0#207609.0#4400_209119.0#209119.0#4400 205886.0#205886.0#128_207897.0#207897.0#128_209377.0#209377.0#128
210000 216000 282.3336972655379 524.6048511439751 394.45787352460997 999.8410000000149 41.55199999999604 1436.3974950359632 1425.683301480746 8924.350973492921 8924.350973492921 2317.173081012075 10.714193555217246 4227512.488279255 4227512.488279255 5240.0 128.0 209119.0#209119.0#4400_210490.0#210490.0#4400_211938.0#211938.0#4400_213817.0#213817.0#6500_213820.0#213820.0#6500 210624.0#210624.0#128_212214.0#212214.0#128_213807.0#213807.0#128_213813.0#213813.0#128
216000 222000 1584.5481503906194 638.1747671441052 364.58671760941985 999.9739999999874 207.58800000001793 1147.1176899924853 1136.3033875905614 9008.642622419964 9008.642622419964 1861.7347959176327 9.814302401923948 3309967.7399052363 3309967.7399052363 4925.0 128.0 217622.0#217622.0#6500_219690.0#219690.0#4400_219693.0#219693.0#4400_221187.0#221187.0#4400 217620.0#217620.0#128_217894.0#217894.0#128_221382.0#221382.0#128_221389.0#221389.0#128
222000 228000 53.673933593701804 521.8837880859438 392.11368314434475 999.6430000000109 90.2049999999872 1417.372411123254 1404.8196409976297 10470.432445775768 10470.432445775768 2465.6015733386216 11.552770125624429 4057191.032883317 4057191.032883317 5100.0 128.0 221187.0#221187.0#4400_222418.0#222418.0#4400_223735.0#223735.0#4400_225615.0#225615.0#4400_227630.0#227630.0#6500_227631.0#227631.0#6500 222660.0#222660.0#128_223891.0#223891.0#128_225613.0#225613.0#128_227620.0#227620.0#128_227622.0#227622.0#128
228000 234000 9.806785156164551 612.8145158203231 445.2695627360895 999.7660000000324 29.325000000040745 1561.3611060527992 1552.3494544410216 7515.8106571166245 7515.8106571166245 2445.927734712284 8.011651611777463 4629644.405092155 4629644.405092155 6500.0 128.0 227631.0#227631.0#6500_229628.0#229628.0#6500_231634.0#231634.0#6500_233621.0#233621.0#6500 229623.0#229623.0#128_231619.0#231619.0#128_233618.0#233618.0#128
234000 240000 8.192259765608469 613.5901635298346 394.8164914152211 999.4340000000375 42.59299999999348 1579.2770884868355 1570.4498742279752 7360.514405960406 7360.514405960406 2656.3449801567203 3.82721425886034 4699238.146205385 4697774.146205385 6500.0 128.0 233621.0#233621.0#6500_235849.0#235849.0#6500_237729.0#237729.0#6500_239790.0#239790.0#6500 235649.0#235649.0#128_237725.0#237725.0#128_239679.0#239679.0#128
240000 246000 1119.4968007811112 539.9533812144999 392.77250916946554 999.0699999999779 55.18499999999767 1078.2800389169113 1068.9735045401153 7741.101945262297 7741.101945262297 1813.1826394693476 8.306534376796078 3220238.168030491 3213408.168030491 4400.0 128.0 239790.0#239790.0#6500_241798.0#241798.0#6500_245484.0#245484.0#2300_245486.0#245486.0#2300 241700.0#241700.0#128_245529.0#245529.0#128_245533.0#245533.0#128
246000 252000 2533.254498046823 370.99417436079506 313.22611604248857 866.2710000000079 40.62699999997858 789.8797109736977 777.0280266626702 10722.118189885125 10722.118189885125 1279.5126816693792 11.851684311027464 2262524.493251291 2262524.493251291 3000.0 128.0 245486.0#245486.0#2300_246575.0#246575.0#2300_247614.0#247614.0#2300_249630.0#249630.0#2300_251632.0#251632.0#4400_251635.0#251635.0#4400 246765.0#246765.0#128_247892.0#247892.0#128_249623.0#249623.0#128_251627.0#251627.0#128_251631.0#251631.0#128
252000 258000 6.8285078124608845 759.6641068359488 346.93999424193197 999.9619999999995 21.835000000020955 1260.1375463098677 1249.6210248467448 8782.020962866092 8782.020962866092 2337.8876060104553 10.516521463123071 3713249.200801322 3713249.200801322 4400.0 128.0 251635.0#251635.0#4400_253621.0#253621.0#4400_255620.0#255620.0#4400_257010.0#257010.0#4400 253618.0#253618.0#128_255617.0#255617.0#128_255888.0#255888.0#128_257660.0#257660.0#128
258000 264000 568.5368359375279 630.9312925781181 415.61137567879155 999.3769999999786 9.409900390601251 1325.5744081441492 1317.4550866932818 6765.358770713722 6765.358770713722 2414.8079887255594 7.119321450867209 3737647.813830802 3736195.813830802 4400.0 128.0 257010.0#257010.0#4400_258418.0#258418.0#4400_259779.0#259779.0#4400_261609.0#261609.0#4400 257660.0#257660.0#128_259664.0#259664.0#128_261607.0#261607.0#128
264000 270000 1619.0569687499083 567.9817612304832 462.1607234952764 999.9980000000214 40.13500000000931 850.3266191746559 841.3266191746559 7506.0 7506.0 1600.0230613780514 6.375345131417369 2519857.198212374 2519857.198212374 4400.0 128.0 265617.0#265617.0#4400_267622.0#267622.0#4400_269618.0#269618.0#4400 265614.0#265614.0#128_267620.0#267620.0#128_269889.0#269889.0#128
270000 276000 469.01159570302116 670.9517701823045 355.96984491708747 999.1300000000047 112.964111328125 1087.8444490962834 1079.18589570599 7219.3743214424685 7219.3743214424685 2012.8815623782796 9.283208258875938 3188014.949467285 3188014.949467285 4400.0 128.0 269618.0#269618.0#4400_271605.0#271605.0#4400_273696.0#273696.0#4400_275651.0#275651.0#4400 271886.0#271886.0#128_273885.0#273885.0#128_275886.0#275886.0#128
276000 282000 854.1403378906543 588.6336290838134 379.19364664156944 999.8670000000275 10.521089843765367 1087.259767040918 1075.8281019269823 9552.58965911822 9552.58965911822 1886.3255173377813 11.43166511393554 3106267.1713908995 3106267.1713908995 4400.0 128.0 275651.0#275651.0#4400_277663.0#277663.0#4400_278505.0#278505.0#4400 275886.0#275886.0#128_277896.0#277896.0#128_278855.0#278855.0#128_280358.0#280358.0#128
282000 288000 3.765992187487427 672.6027797476004 325.2793108576386 999.9959999999846 58.1699999999837 1589.3542441430666 1576.7573877095404 10534.421178634788 10534.421178634788 2778.0050946360366 12.596856433526211 4426230.839862834 4426230.839862834 4400.0 128.0 282250.0#282250.0#4400_283423.0#283423.0#4400_284770.0#284770.0#4400_286155.0#286155.0#4400_287729.0#287729.0#4400 283579.0#283579.0#128_284886.0#284886.0#128_286384.0#286384.0#128_287743.0#287743.0#128
288000 294000 2324.3630136717693 472.20661116538395 408.9177229966693 999.984000000055 35.44600195309613 1241.6193297503144 1231.2390586269175 8641.828248485223 8641.828248485223 2017.7545627966997 10.380271123396778 3092790.2581516597 2989514.2581516597 3560.0 128.0 287729.0#287729.0#4400_291665.0#291665.0#4400_292795.0#292795.0#3000_292804.0#292804.0#3000_293808.0#293808.0#3000 287743.0#287743.0#128_291662.0#291662.0#128_291895.0#291895.0#128_293887.0#293887.0#128_293889.0#293889.0#128
294000 300000 1569.8590761718224 470.37940838068874 350.704266286931 999.0810000000056 37.539685546886176 765.8337390460221 755.6542317515632 6963.877076020421 6963.877076020421 1344.6008704369137 8.343906579768719 2107361.2562809507 2095524.8242292935 3000.0 128.0 293808.0#293808.0#3000_295671.0#295671.0#3000_297686.0#297686.0#3000 293889.0#293889.0#128_295885.0#295885.0#128_297888.0#297888.0#128
