ts te idle avg_span std_span max_span min_span c_bytes_all s_bytes_all avg_video_rate avg_audio_rate video_requests_sequence audio_requests_sequence
0 2000 2000.0 0.0 0.0 0.0 0.0 0.0 0.0 0.0 0.0 - -
2000 4000 2000.0 0.0 0.0 0.0 0.0 0.0 0.0 0.0 0.0 - -
4000 6000 2000.0 0.0 0.0 0.0 0.0 0.0 0.0 0.0 0.0 - -
6000 8000 2000.0 0.0 0.0 0.0 0.0 0.0 0.0 0.0 0.0 - -
8000 10000 2000.0 0.0 0.0 0.0 0.0 0.0 0.0 0.0 0.0 - -
10000 12000 2000.0 0.0 0.0 0.0 0.0 0.0 0.0 0.0 0.0 - -
12000 14000 2000.0 0.0 0.0 0.0 0.0 0.0 0.0 0.0 0.0 - -
14000 16000 1885.8339999999735 114.16600000002654  114.16600000002654 114.16600000002654 3702.0 10931.0 0.0 0.0 - -
16000 18000 1107.493896484375 892.506103515625  892.506103515625 892.506103515625 14140.022637836515 569561.3279673263 1500.0 128.0 17168.0#17168.0#1500 17117.0#17117.0#128
18000 20000 11.707001953094732 662.7643326823018 485.4663508243405 994.7420000000275 105.5968964843778 27560.027222129185 1231547.5795589716 1500.0 128.0 18061.0#18061.0#1500_18696.0#18696.0#1500_19394.0#19394.0#1500 18055.0#18055.0#128_18244.0#18244.0#128_18705.0#18705.0#128_19719.0#19719.0#128
20000 22000 6.312044921854977 664.562651692715 481.9271841239804 997.2770000000019 111.90289843751816 22426.97984728682 1126623.6400866343 1500.0 128.0 18696.0#18696.0#1500_19394.0#19394.0#1500_20492.0#20492.0#1500_21151.0#21151.0#1500_21841.0#21841.0#1500 19719.0#19719.0#128_20521.0#20521.0#128_21297.0#21297.0#128
22000 24000 6.1869765624869615 664.6043411458377 479.94500970292626 999.5439999999944 114.76194335939363 19181.61149114505 972243.6422570206 1500.0 128.0 21841.0#21841.0#1500_22560.0#22560.0#1500_23729.0#23729.0#1500 22001.0#22001.0#128_23272.0#23272.0#128
24000 26000 659.2070800781366 446.9309733072878 480.5639027891778 998.6990000000224 120.00091992184753 13706.35880160243 672142.8101300474 1500.0 128.0 23729.0#23729.0#1500_24472.0#24472.0#1500 24200.0#24200.0#128
26000 28000 207.92704492190387 896.0364775390481 146.52316342811247 999.6439999999711 792.428955078125 19362.284012341803 947344.1135952186 3000.0 128.0 26217.0#26217.0#3000_27722.0#27722.0#3000 26209.0#26209.0#128
28000 30000 636.2439550781273 454.5853483072909 471.8260978823192 998.7110000000102 158.74599999998463 14131.715987658197 711826.8864047814 3000.0 128.0 27722.0#27722.0#3000 28202.0#28202.0#128
30000 32000 224.96508398436708 887.5174580078165 158.57370481447825 999.6460000000079 775.388916015625 16325.578520498206 880403.7980127658 3000.0 128.0 30227.0#30227.0#3000_31854.0#31854.0#3000 30221.0#30221.0#128
32000 34000 8.14298242185032 663.9523391927165 399.3291591101859 998.7719999999972 221.97808398440247 18196.988350381504 943145.727364965 3000.0 128.0 31854.0#31854.0#3000_33707.0#33707.0#3000 32203.0#32203.0#128_33705.0#33705.0#128
34000 36000 641.2710390625289 452.9096536458237 334.7297368013963 837.6489999999758 228.51306640624534 13999.880905983977 674482.3519148533 3000.0 128.0 33707.0#33707.0#3000_35710.0#35710.0#3000 35707.0#35707.0#128
36000 38000 8.631962890562136 663.789345703146 357.00429502697796 997.8099999999977 287.554931640625 20424.444898542268 1071028.2663481515 3000.0 128.0 35710.0#35710.0#3000_37348.0#37348.0#3000 37706.0#37706.0#128
38000 40000 9.518869140651077 663.4937102864496 357.5237447470883 996.1129999999539 285.4140625 13782.658731572006 684013.5061047013 3000.0 128.0 37348.0#37348.0#3000_39713.0#39713.0#3000 37706.0#37706.0#128_39709.0#39709.0#128
40000 42000 6.530748046934605 664.4897506510218 359.9792775891476 999.2959999999148 283.747314453125 18634.240000198235 938532.7700705003 3000.0 128.0 39713.0#39713.0#3000_41352.0#41352.0#3000 41700.0#41700.0#128
42000 44000 10.222212890628725 663.2592623697905 360.7657650263104 995.6130000000121 279.5791015625 17969.213858599338 964692.5288227667 3000.0 128.0 41352.0#41352.0#3000_43217.0#43217.0#3000 41700.0#41700.0#128_43213.0#43213.0#128
44000 46000 502.121060546895 499.2929798177017 476.4662747548196 997.7199999999721 48.342041015625 12784.308362306372 629343.3694442336 3000.0 128.0 43217.0#43217.0#3000_45216.0#45216.0#3000 45210.0#45210.0#128
46000 48000 47.46994140621973 650.8433528645934 555.6222092067219 996.0480000000098 9.902099609375 10848.620407035689 530418.4612747063 3000.0 128.0 45216.0#45216.0#3000_47710.0#47710.0#3000 47706.0#47706.0#128
48000 50000 9.580796875059605 663.4730677083135 572.2774229872675 998.4599999999627 2.685302734375 21886.276319475703 1148168.3884470335 3000.0 128.0 47710.0#47710.0#3000_49306.0#49306.0#3000 49134.0#49134.0#128
50000 52000 20.166240234393626 989.9168798828032 5.660838630463044 993.9196972656064 985.9140625 15636.074956867687 817658.1842569332 3000.0 128.0 49306.0#49306.0#3000_51207.0#51207.0#3000 51205.0#51205.0#128
52000 54000 10.011964843724854 663.3293450520918 563.5114493227712 997.6620000000112 12.72593750001397 18350.812166655473 997632.0740830313 3000.0 128.0 51207.0#51207.0#3000_52859.0#52859.0#3000 53042.0#53042.0#128
54000 56000 9.56612695317017 663.4779576822766 561.0021587162972 997.2979999999516 15.79090234375326 18638.308079065457 960966.6175126906 3000.0 128.0 52859.0#52859.0#3000_54717.0#54717.0#3000 54713.0#54713.0#128
56000 58000 3.843707031221129 665.3854309895929 557.0579525920322 999.9349999999977 22.3260292969062 14559.208436098752 717312.1559120185 3000.0 128.0 54717.0#54717.0#3000_56713.0#56713.0#3000 56708.0#56708.0#128
58000 60000 5.468222656229045 664.843925781257 553.3991485735318 999.3670000000275 26.07273632811848 14205.09413652924 778856.1478390326 3000.0 128.0 56713.0#56713.0#3000_58721.0#58721.0#3000 58716.0#58716.0#128
60000 62000 6.416960937378462 664.5276796875405 553.3904582068602 999.9060000000754 25.7949589844211 15681.73965018987 753273.4286707896 3000.0 128.0 58721.0#58721.0#3000_60720.0#60720.0#3000 60715.0#60715.0#128
62000 64000 3.094958984409459 665.6350136718635 550.071066961272 999.070000000007 30.735919921891764 18784.29464974154 873750.4980459734 3000.0 128.0 60720.0#60720.0#3000_62713.0#62713.0#3000 62708.0#62708.0#128
64000 66000 12.973087890597526 662.3423040364675 551.249933661963 998.2469999999739 26.14587890630355 16147.260989788234 789823.2137237198 3000.0 128.0 62713.0#62713.0#3000_64719.0#64719.0#3000 64714.0#64714.0#128
66000 68000 684.6069218749763 438.4643593750079 500.81754149106786 999.6689999999944 37.00996679690434 14744.472958685554 708715.990403455 3000.0 128.0 64719.0#64719.0#3000_66723.0#66723.0#3000 66716.0#66716.0#128
68000 70000 6.376990234479308 664.5410032551736 365.2748811981947 999.1399999999558 274.8491210936918 20025.196132726473 973053.2262552029 3000.0 128.0 66723.0#66723.0#3000_68444.0#68444.0#3000 68210.0#68210.0#128
70000 72000 11.821240234363358 662.7262532552122 363.3668032661519 993.1610000000219 273.577880859375 19040.885781293582 995046.3626775022 3000.0 128.0 68444.0#68444.0#3000_70088.0#70088.0#3000 70212.0#70212.0#128
72000 74000 1.9848925782716833 666.0050358072427 367.46611481358 999.7069999999367 272.1879882811918 16204.520575463266 826521.9142466519 3000.0 128.0 72223.0#72223.0#3000 72219.0#72219.0#128
74000 76000 9.396712890593335 663.5344290364689 367.58984303582787 998.3740000000107 270.207275390625 17435.157776178792 871627.1958332983 3000.0 128.0 74268.0#74268.0#3000_75958.0#75958.0#3000 74262.0#74262.0#128
76000 78000 426.9432753906585 786.5283623046707 83.21181363379523 845.3679999999586 727.6887246093829 15577.763356122787 752237.8227350237 3000.0 128.0 75958.0#75958.0#3000 76212.0#76212.0#128
78000 80000 585.179999999993 707.4100000000035 412.00707976677734 998.7429999999586 416.07700000004843 14697.0 770648.0 3000.0 128.0 78222.0#78222.0#3000 78217.0#78217.0#128
80000 82000 235.55206054687733 882.2239697265613 160.63490450881463 995.8099999999977 768.637939453125 21145.421924307426 916118.4719639849 3000.0 128.0 80236.0#80236.0#3000_81862.0#81862.0#3000 80228.0#80228.0#128_81713.0#81713.0#128
82000 84000 3.125935546879191 665.6246881510402 394.01426924092726 999.3219999999856 230.94806054688524 18961.159312096872 950082.2678677302 3000.0 128.0 81862.0#81862.0#3000_83718.0#83718.0#3000 83714.0#83714.0#128
84000 86000 618.1470292969025 460.6176569010325 352.9718757272274 866.7189999999828 227.55999609373976 13461.442931627125 652478.8674647817 3000.0 128.0 83718.0#83718.0#3000_85717.0#85717.0#3000 85711.0#85711.0#128
86000 88000 17.567046875017695 660.8109843749941 365.79870446064626 999.2150000000256 272.700927734375 14885.640947443715 726459.4572159073 3000.0 128.0 85717.0#85717.0#3000_87723.0#87723.0#3000 87714.0#87714.0#128
88000 90000 6.760927734372672 664.4130240885424 369.9759619673126 999.2970000000205 267.25 18768.542190665572 1015891.7904053119 3000.0 128.0 87723.0#87723.0#3000_89395.0#89395.0#3000 89705.0#89705.0#128
90000 92000 43.23989648435963 652.2533678385468 365.7491978951439 971.3910000000033 253.131103515625 14728.054541450772 679398.626635357 3000.0 128.0 89395.0#89395.0#3000_91705.0#91705.0#3000 91215.0#91215.0#128
92000 94000 7.587142578093335 664.1376191406356 383.68249916159823 999.9459999999963 245.9599609375 20079.1668121708 1043193.2003136986 3000.0 128.0 91705.0#91705.0#3000_93278.0#93278.0#3000 93273.0#93273.0#128
94000 96000 8.399673828098457 663.8667753906338 388.63751554566124 999.9100000000326 238.269287109375 16480.464886356087 808338.2821198868 3000.0 128.0 93278.0#93278.0#3000_95226.0#95226.0#3000 95222.0#95222.0#128
96000 98000 324.7181796875084 558.4272734374972 479.68775346840334 999.6980000000331 47.860107421875 18695.384173767372 871008.612192596 3000.0 128.0 95226.0#95226.0#3000_97070.0#97070.0#3000 97063.0#97063.0#128
98000 100000 43.439117187517695 652.1869609374941 556.6634090911174 999.335000000021 10.114990234375 20373.054515835986 979713.0032362263 3000.0 128.0 97070.0#97070.0#3000_98832.0#98832.0#3000 99221.0#99221.0#128
100000 102000 21.930988281266764 989.0345058593666 0.6823635681048925 989.5170097656082 988.552001953125 14830.616614980696 793682.9403370158 3000.0 128.0 98832.0#98832.0#3000_101061.0#101061.0#3000 101056.0#101056.0#128
102000 104000 24.06308203120716 658.645639322931 561.5873563637098 984.742919921875 10.183998046908528 13386.682607345385 545864.2167085689 3000.0 128.0 101061.0#101061.0#3000_103074.0#103074.0#3000 103061.0#103061.0#128
104000 106000 10.701613281213213 663.0994622395956 564.993593941205 997.2430000000168 10.766080078145023 21472.999823984253 1031625.0329187217 3000.0 128.0 103074.0#103074.0#3000_104838.0#104838.0#3000 105055.0#105055.0#128
106000 108000 5.5072148438193835 664.8309283853936 561.1174063768096 999.2759999999544 17.02269335935125 17017.591458968305 881173.3815311904 3000.0 128.0 104838.0#104838.0#3000_106723.0#106723.0#3000 106715.0#106715.0#128
108000 110000 3.481974609370809 665.506008463543 557.6260691664309 999.9930000000168 21.779908203112427 19289.45464513886 1033231.8282962918 3000.0 128.0 106723.0#106723.0#3000_108572.0#108572.0#3000 108794.0#108794.0#128
110000 112000 4.894144531222992 665.035285156259 556.2310281926518 999.0300000000279 22.92888281249907 16513.57955701396 779950.1180152287 3000.0 128.0 108572.0#108572.0#3000_110718.0#110718.0#3000 110714.0#110714.0#128
112000 114000 8.632871093752328 663.7890429687492 552.2185032445994 995.7139999999781 26.324027343769558 17701.86165231713 865379.4579026818 3000.0 128.0 110718.0#110718.0#3000_112714.0#112714.0#3000 112712.0#112712.0#128
114000 116000 8.722050781303551 663.7593164062322 550.6333022060295 996.0140000000247 28.161898437479977 15244.617248550465 735303.7738962186 3000.0 128.0 112714.0#112714.0#3000_114725.0#114725.0#3000 114718.0#114718.0#128
116000 118000 38.20105078117922 653.9329830729403 539.9903104038912 996.7980000000098 31.47694921877701 18207.264155979217 913368.6709786016 3000.0 128.0 114725.0#114725.0#3000_116387.0#116387.0#3000 116715.0#116715.0#128
118000 120000 496.5079999999725 751.7460000000137 350.0220993280239 999.2490000000107 504.24300000001676 15338.0 776952.0 3000.0 128.0 118217.0#118217.0#3000 118214.0#118214.0#128
120000 122000 225.11788867186988 887.4410556640651 156.76832309531383 998.2930000000051 776.589111328125 15926.655378642332 793158.9172674322 3000.0 128.0 120223.0#120223.0#3000_121934.0#121934.0#3000 120217.0#120217.0#128
122000 124000 437.4901113281958 520.8366295572681 416.8277481691718 996.973999999871 221.81488867191365 14787.344621357668 777931.0827325678 3000.0 128.0 121934.0#121934.0#3000 122211.0#122211.0#128
124000 126000 2000.0 0.0 0.0 0.0 0.0 0.0 0.0 0.0 0.0 - -
126000 128000 854.7588886718731 572.6205556640634 562.0175833543526 970.0270000000019 175.214111328125 12665.799769395264 531518.0118618442 4750.0 128.0 126236.0#126236.0#1500_127830.0#127830.0#8000 126230.0#126230.0#128_127823.0#127823.0#128
128000 130000 23.892220703070052 658.7025930989766 436.5545084434394 990.2540000000154 164.087890625 25278.814290121136 940706.4444523122 2404.0 128.0 127830.0#127830.0#8000_128028.0#128028.0#840_128625.0#128625.0#840_128996.0#128996.0#840_129739.0#129739.0#1500 128125.0#128125.0#128_128715.0#128715.0#128_129730.0#129730.0#128
130000 132000 398.93560351559427 533.6881321614686 479.0778175595654 996.399000000034 39.769287109375 10664.619964134723 488510.0911670497 2950.0 128.0 129739.0#129739.0#1500_131738.0#131738.0#4400 131725.0#131725.0#128
132000 134000 13.730371093726717 662.089876302091 546.8900676156827 997.5300000000279 31.013916015625 21030.02210863562 1119099.8327813721 4400.0 128.0 131738.0#131738.0#4400_133854.0#133854.0#4400 133713.0#133713.0#128
134000 136000 6.150994140596595 664.6163352864678 550.5579309469208 998.7690000000293 29.169921875 20364.332650199576 1072846.733579337 4400.0 128.0 131738.0#131738.0#4400_133854.0#133854.0#4400_135894.0#135894.0#4400 135715.0#135715.0#128
136000 138000 6.991921875043772 664.3360260416521 550.7850849332198 998.5569999999716 28.625 18651.186600073503 1088941.5372373334 4400.0 128.0 135894.0#135894.0#4400 137209.0#137209.0#128
138000 140000 5.19387890631333 664.9353736978956 552.5253896269207 996.4230000000098 27.099121093691792 21353.67573112615 1083454.7783205498 4400.0 128.0 135894.0#135894.0#4400_138349.0#138349.0#4400 139741.0#139741.0#128
140000 142000 7.735128906206228 664.0882903645979 554.782846721295 997.6940000000177 23.6669921875 19964.216548304215 1023107.6320572465 3700.0 128.0 138349.0#138349.0#4400_140673.0#140673.0#3000 141710.0#141710.0#128
142000 144000 62.205992187489755 968.8970039062551 9.930613159262846 975.9190078125102 961.875 19585.332338009815 970738.9385429553 3000.0 128.0 140673.0#140673.0#3000_142346.0#142346.0#3000_143868.0#143868.0#3000 143149.0#143149.0#128
144000 146000 90.28208789060591 954.858956054697 61.623003914915685 998.4330000000191 911.284912109375 16471.93822379874 1055154.2520278832 3000.0 128.0 143868.0#143868.0#3000_145343.0#145343.0#3000 145263.0#145263.0#128
146000 148000 6.519837890693452 664.4933873697688 501.7029693035646 999.3410000000149 87.66308789059985 17320.7393855017 1000712.6087714371 3000.0 128.0 145343.0#145343.0#3000_146899.0#146899.0#3000 147077.0#147077.0#128
148000 150000 20.81280273431912 659.729065755227 494.4730815194213 983.9810000000289 90.60292578127701 14494.785041104182 754632.9285326228 3000.0 128.0 146899.0#146899.0#3000_149078.0#149078.0#3000 149074.0#149074.0#128
150000 152000 45.15419531241059 651.6152682291964 484.92894950369976 965.2430000000168 93.07472851569764 13969.200249666057 803234.3437811064 3000.0 128.0 149078.0#149078.0#3000_151111.0#151111.0#3000 151102.0#151102.0#128
152000 154000 8.652117187564727 663.7826276041451 488.8107178677907 999.7949999999837 103.01992382807657 19452.848076531867 1086121.7948217369 3000.0 128.0 151111.0#151111.0#3000_152669.0#152669.0#3000 152712.0#152712.0#128
154000 156000 9.154697265767027 663.615100911411 484.6702368772728 996.6659999999683 107.58604101557285 17370.596130304177 778023.9999941029 3000.0 128.0 152669.0#152669.0#3000_154712.0#154712.0#3000 154709.0#154709.0#128
156000 158000 705.1463710938115 431.6178763020628 507.9938601901746 997.5260000000126 14.98973828117596 11966.865962372101 623605.8507363144 3000.0 128.0 156722.0#156722.0#3000 156715.0#156715.0#128
158000 160000 12.068972656328697 662.6436757812238 360.53242816134644 995.9020000000019 279.9409179686918 15689.152222016262 826983.0760477138 3000.0 128.0 156722.0#156722.0#3000_158718.0#158718.0#3000 158710.0#158710.0#128
160000 162000 6.589880859479308 664.4700397135069 363.38485889569097 997.6449999999604 276.988037109375 17595.406771422095 935616.383969999 3000.0 128.0 158718.0#158718.0#3000_160359.0#160359.0#3000 160706.0#160706.0#128
162000 164000 10.253107421915047 663.248964192695 367.5560278336984 997.5160000000033 269.6279296875 13340.240832990585 652587.7470102105 3000.0 128.0 162727.0#162727.0#3000 162721.0#162721.0#128
164000 166000 9.876031249994412 663.3746562500019 370.2343730039463 998.25900000002 265.7958984375 17657.51444100716 910881.6116830818 3000.0 128.0 162727.0#162727.0#3000_164264.0#164264.0#3000 164212.0#164212.0#128
166000 168000 21.553605468769092 659.4821315104103 372.7755416872761 998.7490000000107 260.4252929686918 14353.215956533691 722878.4557988049 3000.0 128.0 166718.0#166718.0#3000 166712.0#166712.0#128
168000 170000 9.968992187583353 663.3436692708055 377.0442338063453 999.0 255.3833007811918 19989.89402565277 1039225.3032487705 3000.0 128.0 166718.0#166718.0#3000_168304.0#168304.0#3000 168259.0#168259.0#128
170000 172000 408.9873007812421 795.506349609379 73.23879754576237 847.2939999999362 743.7186992188217 14584.602681098608 663814.643576216 3000.0 128.0 170217.0#170217.0#3000 170213.0#170213.0#128
172000 174000 860.4449121093494 569.7775439453253 396.24490035937276 849.9650000000256 289.590087890625 12162.18726792252 531075.3688844088 3000.0 128.0 172225.0#172225.0#3000_173713.0#173713.0#3000 172220.0#172220.0#128_173709.0#173709.0#128
174000 176000 9.654128906258848 663.4486236979137 357.01831296100346 995.9720000000088 286.157958984375 24885.05800781907 1008402.6805213348 3000.0 128.0 173713.0#173713.0#3000_174465.0#174465.0#3000_175817.0#175817.0#3000 174213.0#174213.0#128
176000 178000 19.930666015774477 660.0231113280752 367.0901564849734 997.905999999959 269.4252929686918 18905.01637336256 864388.9581362829 3000.0 128.0 175817.0#175817.0#3000_177713.0#177713.0#3000 176206.0#176206.0#128_177710.0#177710.0#128
178000 180000 8.505312500114087 663.8315624999619 371.10372724767683 999.1389999999665 265.1049804686918 15360.003660514965 781778.8413335928 3000.0 128.0 177713.0#177713.0#3000_179711.0#179711.0#3000 179709.0#179709.0#128
180000 182000 11.162097656284459 662.9459674479052 371.64531665919753 993.6639999999898 260.7548828125 16018.664977923872 837320.9378022535 3000.0 128.0 179711.0#179711.0#3000_181726.0#181726.0#3000 181718.0#181718.0#128
182000 184000 9.861585937498603 663.3794713541671 375.2369739316592 997.2530000000261 257.279296875 15912.807949662492 798273.3674702166 3000.0 128.0 181726.0#181726.0#3000_183716.0#183716.0#3000 183710.0#183710.0#128
184000 186000 9.729017578123603 663.4236608072921 378.8194586999578 998.3790000000154 252.311279296875 17304.55736949452 950665.1580215599 3000.0 128.0 183716.0#183716.0#3000_185297.0#185297.0#3000 185706.0#185706.0#128
186000 188000 5.382398437417578 664.8725338541941 381.6895032823295 999.8410000000731 249.327880859375 19157.227605336717 917988.8747627242 3000.0 128.0 185297.0#185297.0#3000_187238.0#187238.0#3000 187232.0#187232.0#128
188000 190000 203.11997656250605 598.960007812498 491.43279528166653 998.1080000000075 50.076904296875 10738.469796225143 471293.36220006587 3000.0 128.0 187238.0#187238.0#3000_189720.0#189720.0#3000 189715.0#189715.0#128
190000 192000 6.37361914064968 664.5421269531167 535.3836420900376 997.5499999999884 46.96728515625 18898.834470288115 1054868.0334159727 3000.0 128.0 189720.0#189720.0#3000_191271.0#191271.0#3000 191234.0#191234.0#128
192000 194000 46.38835546874907 651.203881510417 558.8347831147529 994.7339999999967 6.3779296875 19087.906522662157 932308.1230522412 3000.0 128.0 191271.0#191271.0#3000_193128.0#193128.0#3000 193122.0#193122.0#128
194000 196000 42.422009765636176 652.5259967447879 562.5419953600797 999.8580000000075 3.492919921875 17181.20132532992 850785.5261923027 3000.0 128.0 193128.0#193128.0#3000_195213.0#195213.0#3000 195209.0#195209.0#128
196000 198000 44.156943359354045 651.947685546882 562.4060469388161 997.6739999999991 3.0009765625 17968.531499765013 929206.4803034415 3000.0 128.0 195213.0#195213.0#3000_196899.0#196899.0#3000 197061.0#197061.0#128
198000 200000 201.6560976562323 899.1719511718838 135.79430267166643 995.1930234375177 803.15087890625 12709.899778915325 669928.0202431115 3000.0 128.0 196899.0#196899.0#3000_199227.0#199227.0#3000 199219.0#199219.0#128
200000 202000 10.45876953122206 663.1804101562593 421.10232769256794 998.265000000014 190.48912109376397 17836.03543242264 931216.466336396 3000.0 128.0 199227.0#199227.0#3000_200828.0#200828.0#3000 201104.0#201104.0#128
202000 204000 6.265853515651543 664.5780488281162 416.80321367447135 997.0659999999916 196.98089062498184 20267.713251184134 980548.601334757 3000.0 128.0 200828.0#200828.0#3000_202651.0#202651.0#3000 202709.0#202709.0#128
204000 206000 535.9169550781371 488.027681640621 445.14061883718205 998.0409999999683 177.65874414064456 14119.466633367138 728848.8734668137 3000.0 128.0 202651.0#202651.0#3000_204712.0#204712.0#3000 204709.0#204709.0#128
206000 208000 403.166009765584 532.2779967448054 404.6498255905246 999.1030000000028 281.623291015625 15881.862112989786 824195.6582180327 3000.0 128.0 204712.0#204712.0#3000_206718.0#206718.0#3000 206712.0#206712.0#128
208000 210000 9.43832617183216 663.5205579427226 364.5792824577133 998.6550000000279 275.31396484375 16627.806073442356 884395.0364778046 3000.0 128.0 206718.0#206718.0#3000_208266.0#208266.0#3000 208703.0#208703.0#128
210000 212000 16.423050781246275 661.1923164062513 371.78873290935843 999.594000000041 263.2119140625 14313.464577776715 715050.4866048049 3000.0 128.0 210719.0#210719.0#3000 210714.0#210714.0#128
212000 214000 14.22097656247206 661.9263411458427 375.58610509291486 996.5890000000363 255.7109375 20146.284720597996 1021010.118879474 3000.0 128.0 210719.0#210719.0#3000_212258.0#212258.0#3000 212203.0#212203.0#128
214000 216000 18.567832031287253 660.4773893229043 379.33202755013787 992.015999999945 246.80810546875 15759.855210792412 785376.124520955 3000.0 128.0 214221.0#214221.0#3000 214217.0#214217.0#128
216000 218000 4.188986328197643 665.2703378906008 384.99699536247215 999.9969999999739 244.547119140625 15728.575580974319 824904.2763888694 3000.0 128.0 216215.0#216215.0#3000 216209.0#216209.0#128
218000 220000 21.96687304682564 659.3443756510582 384.9172611910313 988.6500000000233 236.17724609375 16355.090091105552 816872.4101565558 3000.0 128.0 218220.0#218220.0#3000 218214.0#218214.0#128
220000 222000 241.79324609378818 879.1033769531059 164.66342304263492 995.5379999999423 762.6687539062696 15507.479710124571 749800.2152760276 3000.0 128.0 220212.0#220212.0#3000 220208.0#220208.0#128
222000 224000 232.18390429683495 883.9080478515825 160.668735148907 997.51800000004 770.298095703125 18366.782725661342 939537.1988359438 3000.0 128.0 222228.0#222228.0#3000_223751.0#223751.0#3000 222224.0#222224.0#128_223707.0#223707.0#128
224000 226000 9.546087890630588 663.4846373697898 394.2180932125483 995.9969999999739 227.9989042968955 16698.185799790124 868063.8403732901 3000.0 128.0 223751.0#223751.0#3000_225713.0#225713.0#3000 225710.0#225710.0#128
226000 228000 6.101035156287253 664.6329882812375 392.7622997586404 999.7970000000205 232.45499218744226 16174.844986114618 826264.0913320679 3000.0 128.0 225713.0#225713.0#3000_227718.0#227718.0#3000 227716.0#227716.0#128
228000 230000 5.496082031284459 664.8346393229052 388.9373479081874 999.265999999945 238.0250273437705 16073.885254971065 789541.9283695992 3000.0 128.0 227718.0#227718.0#3000_229715.0#229715.0#3000 229709.0#229709.0#128
230000 232000 19.39590234379284 660.2013658854024 383.1163868930284 994.9399999999441 242.35110937501304 19277.37902593817 991403.7996703626 3000.0 128.0 229715.0#229715.0#3000_231328.0#231328.0#3000 231327.0#231327.0#128
232000 234000 598.1668769532116 467.2777076822628 338.4079552453578 857.6019999999553 256.1420117187081 11868.432476728809 575308.9686062348 3000.0 128.0 231328.0#231328.0#3000_233718.0#233718.0#3000 233711.0#233711.0#128
234000 236000 10.77319531259127 663.0756015624696 357.6830492932698 995.3789999999572 284.513916015625 23019.550819293836 1008242.6179705445 3000.0 128.0 233718.0#233718.0#3000_235275.0#235275.0#3000 235216.0#235216.0#128
236000 238000 683.7700000000186 438.74333333332714 238.68812715381907 713.3190839843592 280.763916015625 12655.064342259548 620757.953612747 3000.0 128.0 235275.0#235275.0#3000_237726.0#237726.0#3000 237717.0#237717.0#128
238000 240000 10.257843749946915 663.2473854166843 360.92596858542237 995.4030000000494 279.174072265625 19778.779703567172 948047.8749829787 3000.0 128.0 237726.0#237726.0#3000_239315.0#239315.0#3000 239227.0#239227.0#128
240000 242000 6.090767578105442 664.6364108072981 364.3491955893832 997.6759999999776 275.4873046875 19854.42847601477 970284.5122760113 3000.0 128.0 239315.0#239315.0#3000_241058.0#241058.0#3000 241053.0#241053.0#128
242000 244000 350.7282539062435 549.7572486979188 498.089703290046 999.3919999999925 14.35205078125 15144.588557410556 719020.908504343 3000.0 128.0 241058.0#241058.0#3000_243277.0#243277.0#3000 243269.0#243269.0#128
244000 246000 945.1560507812537 527.4219746093731 644.3496042349786 983.0459492187947 71.79799999995157 8791.077832249988 442201.3054658772 3000.0 0.0 243277.0#243277.0#3000 -
246000 248000 439.82908593746834 780.0854570312658 308.8268261298925 998.4590000000317 561.7119140625 13253.057810178645 555404.0047458159 3000.0 128.0 247055.0#247055.0#3000 247047.0#247047.0#128_247328.0#247328.0#128
248000 250000 3.9849238281603903 665.3383587239465 294.8901110186463 998.3249999999534 437.2000859375112 23402.530357319058 1099771.3982594386 2533.3333333333335 128.0 247055.0#247055.0#3000_248650.0#248650.0#2300_249863.0#249863.0#2300 248723.0#248723.0#128
250000 252000 7.386962890625 664.204345703125 295.7465471155377 999.1319999999832 439.00300976564176 21958.107495847566 1048549.3136276855 2300.0 128.0 249863.0#249863.0#2300_250888.0#250888.0#2300 250704.0#250704.0#128
252000 254000 661.9990957031259 446.00030143229134 490.317341667304 996.7739999999758 57.04697265627328 14837.826520159797 678214.1844148923 2650.0 128.0 250888.0#250888.0#2300_252726.0#252726.0#3000 252714.0#252714.0#128
254000 256000 351.89597070310265 549.3680097656325 391.6203778283121 998.4790000000503 279.0849609375 14956.266259434573 846149.2088931195 3000.0 128.0 252726.0#252726.0#3000_254722.0#254722.0#3000 254715.0#254715.0#128
256000 258000 384.8309863281902 538.3896712239366 399.46206178232086 998.0239999999758 275.073974609375 15064.223456897478 780457.1478678967 3000.0 128.0 254722.0#254722.0#3000_256732.0#256732.0#3000 256721.0#256721.0#128
258000 260000 4.684703125036322 665.1050989583213 367.65041537297697 999.4089999999851 271.353271484375 18576.87215101401 956847.6052381349 3000.0 128.0 256732.0#256732.0#3000_258318.0#258318.0#3000 258726.0#258726.0#128
260000 262000 15.483349609421566 661.5055501301928 368.15242936227384 993.0239999999758 265.294921875 17839.906121659675 902910.4370014493 3000.0 128.0 258318.0#258318.0#3000_260232.0#260232.0#3000 260226.0#260226.0#128
262000 264000 19.974669921793975 660.008443359402 370.20063579307447 989.3540000000503 259.333251953125 14488.870625923431 781096.479454181 3000.0 128.0 262221.0#262221.0#3000 262218.0#262218.0#128
264000 266000 6.278300781152211 664.573899739616 376.2870128850346 998.6700000000419 256.949951171875 14004.409060543314 741535.6389907814 3000.0 128.0 264232.0#264232.0#3000 264227.0#264227.0#128
266000 268000 8.579839843674563 663.8067200521085 376.209646143076 995.1480000000447 254.839111328125 17200.761799610722 841310.3189793163 3000.0 128.0 266224.0#266224.0#3000 266219.0#266219.0#128
268000 270000 7.094140625093132 664.3019531249689 380.527741822295 999.1189999999478 250.469970703125 17200.755251193743 825272.9258987956 3000.0 128.0 268233.0#268233.0#3000 268227.0#268227.0#128
270000 272000 9.308035156223923 663.5639882812587 385.1815659568536 999.7530000000261 243.283935546875 18229.302908257487 908553.1022639661 3000.0 128.0 270213.0#270213.0#3000_271740.0#271740.0#3000 270209.0#270209.0#128_271712.0#271712.0#128
272000 274000 7.91703906247858 664.0276536458405 388.54382206177627 998.3220000000438 237.743896484375 16050.32953516021 796718.5139141342 3000.0 128.0 271740.0#271740.0#3000_273722.0#273722.0#3000 273716.0#273716.0#128
274000 276000 6.757578124990687 664.4141406250031 391.9535792266597 998.2750000000233 232.851318359375 16707.729255590562 852046.8526942189 3000.0 128.0 273722.0#273722.0#3000_275729.0#275729.0#3000 275724.0#275724.0#128
276000 278000 6.1523242187686265 664.6158919270771 394.63330387884224 998.1729999999516 228.968994140625 16974.991317014337 840081.5520874585 3000.0 128.0 275729.0#275729.0#3000_277720.0#277720.0#3000 277715.0#277715.0#128
278000 280000 11.65101562498603 662.7829947916713 395.5788142116989 997.3379999999888 226.177978515625 16451.14845474385 782154.8098418829 3000.0 128.0 277720.0#277720.0#3000_279718.0#279718.0#3000 279717.0#279717.0#128
280000 282000 7.838882812531665 664.0537057291561 398.09773304840195 997.4919999999693 223.298095703125 18835.657629152112 953943.7190981878 3000.0 128.0 279718.0#279718.0#3000_281292.0#281292.0#3000 281717.0#281717.0#128
282000 284000 6.881156250019558 664.3729479166601 400.4433926730778 999.7580000000307 221.012939453125 19743.45605168273 930873.3856388502 3000.0 128.0 281292.0#281292.0#3000_283230.0#283230.0#3000 281717.0#281717.0#128_283223.0#283223.0#128
284000 286000 8.79199414071627 663.7360019530946 400.55025782586694 995.8889999999665 218.9189453125 15695.881661271498 781128.7751803085 3000.0 128.0 283230.0#283230.0#3000_285224.0#285224.0#3000 285216.0#285216.0#128
286000 288000 10.397976562497206 663.2006744791676 402.36475640402546 996.6659999999683 216.29296875 19093.94947073425 905589.3763356273 3000.0 128.0 285224.0#285224.0#3000_287216.0#287216.0#3000 287212.0#287212.0#128
288000 290000 645.6109160155756 677.1945419922122 162.2237458247489 791.904052734375 562.4850312500494 14847.710734470198 663021.2032280511 3000.0 128.0 287216.0#287216.0#3000_289215.0#289215.0#3000_289796.0#289796.0#3000 289207.0#289207.0#128_289714.0#289714.0#128
290000 292000 28.539775390643626 657.1534082031188 402.22720109572685 982.5169999999925 207.43394726561382 14899.383074083604 684174.1565938612 3000.0 128.0 289796.0#289796.0#3000_291227.0#291227.0#3000 291217.0#291217.0#128
292000 294000 8.87429687497206 663.7085677083427 404.1339380264171 997.1419999999925 214.2537226562854 19124.09843981378 993430.6819471427 3000.0 128.0 291227.0#291227.0#3000_292891.0#292891.0#3000 292909.0#292909.0#128
294000 296000 7.3290058594429865 664.223664713519 403.76248125471255 998.5679999999702 215.65401953121182 17614.82904168318 962507.9010432984 3000.0 128.0 292891.0#292891.0#3000_294741.0#294741.0#3000 295223.0#295223.0#128
296000 298000 12.07586914068088 662.6413769531064 401.02083966933037 998.3959999999497 218.5950253906194 12875.570115365957 565827.1283068168 3000.0 128.0 294741.0#294741.0#3000_297198.0#297198.0#3000 297192.0#297192.0#128
298000 300000 6.156185546889901 664.6146048177034 395.0014709649563 998.9590000000317 228.76689453120343 18484.403706976434 913088.0667543446 3000.0 128.0 297198.0#297198.0#3000_298715.0#298715.0#3000 298712.0#298712.0#128
