ts te idle avg_span std_span max_span min_span c_bytes_all s_bytes_all avg_video_rate avg_audio_rate video_requests_sequence audio_requests_sequence
0 6000 6000.0 0.0 0.0 0.0 0.0 0.0 0.0 0.0 0.0 0 0
6000 12000 579.0748789061327 903.4875201823112 227.39540113774984 999.9899999999907 439.34912109375 40189.03596675354 1021044.8031856865    
12000 18000 1290.7012167968205 784.8831305338632 240.83265473959054 997.1630000000005 476.326904296875 32026.85503150917 689372.1680642181    
18000 24000 67.27097851556027 847.53271735492 257.30457278037727 998.9199999999837 425.52392578125 29641.996233348946 754387.407950283    
24000 30000 483.3549257813138 919.4408457031144 171.06949863529013 996.8279999999795 570.8080742187449 30000.112768388346 777965.6207998124    
30000 36000 81.4226816407172 986.4295530598805 25.958257036501013 999.6149999999907 933.851318359375 31709.669625080285 788238.3990328378    
36000 42000 552.4323281251127 778.223953124984 368.5716241423181 999.4249999999884 62.04268164059613 33282.90294966527 902035.767059058    
42000 48000 80.71010351571022 845.6128423548986 249.90971965881351 998.6359999999986 441.6088867186918 31927.021993840866 786795.5807755983    
48000 54000 381.9937910156441 802.5723155691937 336.2129139518684 999.7569999999832 133.923095703125 33679.90493283271 909919.6792236973    
54000 60000 85.9949882812216 844.8578588169684 337.78474984591736 998.0370000000112 87.610107421875 32997.840860199256 863838.4096295412    
60000 66000 980.1211386719951 836.6464768880008 323.30717747974023 996.5489999999991 180.79296875 31818.84578002857 811710.3291975547    
66000 72000 520.1009687500191 913.3165052083301 134.79116748781658 999.4020000000019 681.5250000000233 30770.813858353034 772426.8350817126    
72000 78000 1112.8370000000577 977.4325999999885 42.236835372675046 999.2609999999986 901.9490000000224 30596.0 769501.0    
78000 84000 73.60870312503539 987.7318828124941 25.945072372846333 998.9879999999539 934.779296875 34924.89056822097 898582.1180566138    
84000 90000 628.2933554687188 767.3866635044687 362.65815043733784 999.255999999994 63.60770312498789 32403.98076057025 826284.8143276414    
90000 96000 43.375900390790775 850.9462999441728 251.31767453527965 999.8780000000261 455.592041015625 31643.861009900815 805400.8533815768    
96000 102000 399.77478906244505 800.0321729910793 321.26972658054837 999.6140000000014 176.583251953125 33636.8315960791 891752.3076127806    
102000 108000 217.7111445312621 826.0412650669625 352.3891017908567 997.8339999999735 41.485107421875 31860.947424138423 786855.3283562083    
108000 114000 899.5551074219402 850.0741487630099 299.4607546324014 998.685999999987 248.70000000001164 32468.488641090444 812942.578265179    
114000 120000 572.6160429689335 904.5639928385111 224.61943804433582 999.5650000000023 446.1059570311918 29772.648851986116 760973.9750723816    
120000 126000 285.61769140616525 816.3403297991192 298.93363444462915 996.7640000000247 248.947265625 30368.70298808196 840440.257828289    
126000 132000 549.8533242188278 908.3577792968621 128.67874755600516 999.5200000000186 738.3919999999343 32351.90465201195 753139.9262446606    
132000 138000 100.10699414066039 842.8418579799056 367.75903197846 999.814000000013 10.838058593741152 33969.80158017349 925774.1192308234    
138000 144000 542.0318652344286 779.7097335379387 372.46811816224005 998.5050000000047 69.36505273438524 30395.98480246683 705010.6921555476    
144000 150000 66.7828300780966 847.6024528459862 254.43311858182528 999.5779999999795 414.583251953125 36149.75563020537 933711.440488582    
150000 156000 847.7793261718471 736.0315248325933 356.7423166290057 999.7260000000242 118.64892578119179 30502.50738606041 784070.6418154907    
156000 162000 1085.60504492186 819.0658258463567 321.4801492058825 999.6570000000065 174.827880859375 31885.8070317089 786504.3733323156    
162000 168000 35.616933593701106 852.0547237723284 313.7471015913932 999.3389999999781 155.720947265625 31984.63516879784 822492.4096422064    
168000 174000 537.4879472656175 910.4186754557304 150.06202969710338 999.2160000000149 632.1280000000261 32358.25190850714 802496.1641897032    
174000 180000 660.3289140625857 889.945180989569 246.7198207170137 999.5669999999809 387.38000000000466 35005.872522123216 848776.7245526841    
180000 186000 562.7510351563687 776.7498521205188 392.37724192479334 998.1620000000112 9.202914062479977 32342.497958878503 830992.0216126068    
186000 192000 40.718099609424826 851.3259857700822 248.17750305997944 999.506999999925 441.949951171875 36579.759806546164 962312.787560055    
192000 198000 783.1469960936811 745.2647148437599 344.41673537026907 998.5590000000084 125.178955078125 35968.010161323145 813135.2850524209    
198000 204000 243.40493945300113 822.3707229352856 363.8292191431265 999.9740000000456 7.916015625 32129.399208066006 800460.9103595808    
204000 210000 852.5527050782694 857.9078824869551 333.54066057012477 999.8279999999795 177.143310546875 36562.18531223969 854026.0943902772    
210000 216000 37.96828320319764 851.7188166852575 316.62515041359467 999.7859999999637 149.72802734375 31665.35470682197 808814.5420097791    
216000 222000 536.49602734379 910.5839954427016 153.24305936168312 999.7269999999553 622.3390000000363 31941.92032400131 769959.6344625959    
222000 228000 69.71689453115687 988.3805175781405 18.50671973921638 999.283000000054 951.30810546875 33618.142273904996 784963.3180835649    
228000 234000 589.5810019531054 772.9169997209849 378.96805787597486 999.7070000000531 25.023894531303085 34550.043728961144 903641.6726267097    
234000 240000 672.8119863281026 761.0268590959853 288.3434224699916 994.9980000000214 420.6720000000205 31513.420760872956 737306.2545152587    
240000 246000 59.85320507816505 848.5923992745478 254.4050812545382 999.0910000000149 399.284912109375 31700.181430744047 773779.0349314184    
246000 252000 505.2928261719644 784.9581676897194 327.10962307635305 998.8469999999506 132.4130859375 33732.46824996879 828756.585366082    
252000 258000 889.4070859374478 851.765485677092 257.44681226643 999.1319999999832 346.8320000000531 33521.74355554805 796632.1344769665    
258000 264000 1094.9298984373454 817.5116835937757 279.0129531417847 999.5600000000559 446.8291015625 31426.58394093975 777979.6032453191    
264000 270000 1095.6770039063413 817.3871660156098 238.56658269331544 999.109000000055 481.72509765625 33996.9271871422 862026.5728803882    
270000 276000 580.5950156250037 903.2341640624994 198.64511092326444 999.9869999999646 500.1479023437714 35743.27373253737 899333.7529474648    
276000 282000 1527.406005859375 745.4323323567709 409.450527309536 998.625 18.712917968747206 32187.465005026545 788711.6272286768    
282000 288000 92.70409765618388 843.8994146205451 251.63045814371847 998.6350000000093 442.302978515625 32645.5036400998 794080.9081229732    
288000 294000 401.9129101561848 799.726727120545 316.75453504455913 999.8860000000568 181.320068359375 38197.458826010065 987613.7053106481    
294000 300000 158.84313085931353 834.4509813058123 328.8787638868543 999.3220000000438 104.2109375 37366.84657710334 777174.3835583789    
