ts te idle avg_span std_span max_span min_span c_bytes_all s_bytes_all avg_video_rate avg_audio_rate video_requests_sequence audio_requests_sequence
0 6000 6000.0 0.0 0.0 0.0 0.0 0.0 0.0 0.0 0.0 0 0
6000 12000 578.7950410156627 903.5341598307228 183.26255111984804 999.4660000000149 532.407958984375 41950.84163006101 927439.4592308449    
12000 18000 1162.3720703124418 806.271321614593 285.9182777806256 999.25900000002 409.035888671875 41983.62562346667 873580.9795838405    
18000 24000 1552.8188886718708 889.4362222656258 172.95863774264043 998.6510000000126 590.7711113280966 33872.53274647232 768736.5611853147    
24000 30000 1208.9890117187751 798.5018313802042 309.3335887420978 999.4020000000019 384.0629882811918 39037.9286946388 833699.9419251743    
30000 36000 1607.9219218749786 732.0130130208369 291.3780947348426 997.2719999999972 403.7370000000228 29447.911101878348 686131.6634415854    
36000 42000 1367.273748046835 772.1210419921941 261.28676892908936 998.7390000000014 399.601318359375 38257.93844310793 833595.3753037256    
42000 48000 1974.9373183595017 670.8437802734164 394.174489464162 998.8219999999856 43.246999999915715 32925.51318246012 737827.5020445336    
48000 54000 62.12093945313245 848.2684372209811 255.10383450962314 999.5819999999949 382.112060546875 41971.83807106821 902025.1937675817    
54000 60000 50.171093750046566 849.9755580357076 262.01582812026845 999.8539999999921 359.615966796875 36666.79225859483 822306.4017240633    
60000 66000 42.26296679675579 851.1052904576063 263.8555881676875 999.8190000000177 336.75 36707.892966053616 806740.7897028509    
66000 72000 1278.2269999999553 786.9621666666741 237.0606915677289 999.4839999999967 503.23499999998603 31295.185282198137 755504.1320904852    
72000 78000 999.188064453192 833.468655924468 265.4516254732023 999.6809999999823 395.533935546875 36852.084874453256 912359.6504231829    
78000 84000 1092.120935546991 817.9798440755015 280.11445286882247 998.4089999999269 343.6170000000275 22952.915125546744 554789.3495768171    
84000 90000 1575.7339999999385 884.8532000000123 250.80355374515824 998.9469999999856 436.21100000001024 32367.0 797476.0    
90000 96000 628.3627499999711 895.2728750000048 243.36611545733902 999.6199999999953 398.53125 37967.37956996449 951608.1504827552    
96000 102000 124.68028125015553 839.3313883928349 271.0012918948378 999.8279999999795 329.41796875 31167.246475722695 763812.7004289018    
102000 108000 53.84786914073629 849.4503044084662 274.6215733524545 999.0200000000186 291.152099609375 30360.320646198048 751730.3913090497    
108000 114000 536.0410996093415 910.6598167317765 136.91816745111484 999.1830000000191 708.2189003906096 32401.05330811477 790208.7577792933    
114000 120000 162.5019355469267 972.9163440755123 56.435836450819274 999.2359999999753 857.966064453125 33030.327033162306 813958.6827225146    
120000 126000 638.108085937507 765.9845591517848 391.6200070472129 997.8000000000466 140.32393554685405 29582.948081200535 764255.5377516869    
126000 132000 1605.0030624999781 732.499489583337 333.145992935777 999.3580000000075 244.83200000005309 27255.255048266365 710443.1047552959    
132000 138000 81.20164843753446 845.5426216517808 265.2902209682561 998.9689999999828 352.249267578125 39388.96835734422 980223.2624077037    
138000 144000 514.6283710938296 914.2286048176951 141.2445640017718 999.5619999999763 635.5787324218545 30145.331524141577 766941.8208310269    
144000 150000 604.0129296875093 770.8552957589272 369.01316028154577 999.8229999999749 98.73010351561243 32396.61740114232 784464.5855751246    
150000 156000 57.848853515752126 848.8787352120354 260.86110370049096 999.6819999999716 368.0161132811918 37158.192379442866 813835.7290686307    
156000 162000 538.6201132813003 910.2299811197832 149.37210640846973 998.8159999999334 629.739886718744 30396.360175299807 746252.2768880165    
162000 168000 1246.9208789063268 792.1798535156122 316.91115356428116 999.7170000000042 358.1900000000023 32038.21224175892 794722.0504539947    
168000 174000 1052.9601542969467 824.5066409505089 259.7728015957017 998.9259999999776 406.365966796875 37506.93253693672 882342.9206312994    
174000 180000 2313.7589667969733 737.2482066406053 333.48365349130364 998.8740000000107 219.89899999997579 26923.85522130436 641700.028914706    
180000 186000 660.1058984374977 889.9823502604171 258.5044694916354 998.6049999999814 362.3291015625 34549.4523112692 858788.2422982301    
186000 192000 477.2219980469672 920.4630003255055 143.9109376051216 999.2999999999302 637.3488984375144 37643.42503298784 932026.6873694547    
192000 198000 548.414158203057 778.7979773995633 377.0451532166499 999.9440000000177 94.50689648441039 38789.55785906615 838424.5642515913    
198000 204000 50.20095117180608 849.971292689742 262.1766204741884 999.9740000000456 352.718994140625 35114.90558443352 872440.1843005454    
204000 210000 1611.8979941405123 877.6204011718976 153.56641162499562 997.5559999999823 645.5420058594318 30986.659212243285 731393.3217801787    
210000 216000 1736.01399999985 852.79720000003 263.44461613724917 998.6260000000475 388.6230000000214 33207.0 824209.0    
216000 222000 1114.8370664062677 814.1938222656221 285.4675944284744 999.0030000000261 407.35693359375 38390.77845897626 990763.9253809376    
222000 228000 2222.3278320312966 629.612027994784 295.9252634938703 999.5429999999469 361.91399999998976 28299.42178535844 693512.8212352203    
228000 234000 1898.278064453043 683.6203225911595 374.62142233784573 999.6380000000354 119.01399999996647 33273.254383396634 806181.1699880955    
234000 240000 1647.9060371095547 870.4187925780891 173.8938236301457 998.8209999999963 590.5159628905822 32348.54537226867 759013.0833957465    
240000 246000 673.0779218749376 887.8203463541771 262.76947577441354 998.7240000000456 351.580078125 33378.80951217299 851288.5208295999    
246000 252000 3137.928078124998 715.5179804687505 160.46812716821 950.4139999999898 590.4250000000466 23878.190487827007 465791.47917040007    
252000 258000 3008.8597050780663 747.7850737304834 261.6050631374973 983.533000000054 407.477294921875 24782.20537776241 513134.70137529186    
258000 264000 2989.963294922025 752.5091762694938 201.86967485630447 943.3939999999711 566.2929999999469 25218.79462223759 500414.29862470814    
264000 270000 1797.9439882811857 700.3426686198023 410.2365419124727 989.5760000000009 19.775000000023283 26445.48442183204 596655.0689199534    
270000 276000 1214.711115234415 797.5481474609309 263.83113638645875 997.1650000000373 361.868896484375 27392.36862719727 652974.3060536596    
276000 282000 58.41898046876304 848.7972885044625 266.7596663851435 999.0270000000019 326.638916015625 34632.26502924341 843433.1516154415    
282000 288000 915.7399628906278 847.376672851562 197.8352790527351 999.9889999999432 556.6199999999953 36042.26297077021 838486.4528399588    
288000 294000 568.5508574218256 775.9213060825963 383.39001141387087 998.0870000000577 83.0660468749702 34447.0079480068 845514.2491558071    
294000 300000 185.54999218753073 830.6357154017813 260.9791136265671 999.5509999999776 333.381103515625 27092.812513418266 692949.2085269153    
300000 306000 5333.581103515578 666.4188964844216  666.4188964844216 666.4188964844216 5055.798489532009 128720.56288826423    
