ts te idle avg_span std_span max_span min_span c_bytes_all s_bytes_all avg_video_rate avg_audio_rate video_requests_sequence audio_requests_sequence
0 6000 6000.0 0.0 0.0 0.0 0.0 0.0 0.0 0.0 0.0 0 0
6000 12000 6000.0 0.0 0.0 0.0 0.0 0.0 0.0 0.0 0.0 0 0
12000 18000 4108.042736328149 630.6524212239505 480.040038660912 986.3939999999711 84.645263671875 11164.003285124843 182130.80877321356    
18000 24000 109.35826367186382 981.773622721356 36.01815146017387 999.454000000027 908.4177363281487 16870.996714875157 407242.1912267864    
24000 30000 141.06572656251956 976.4890455729134 32.04157597686241 999.9469999999856 912.1552734375 15027.90377932113 357523.02656428504    
30000 36000 110.84028320317157 841.3085309709755 336.37837127482743 999.4740000000456 86.10272656247253 15735.456486180623 409835.98999510345    
36000 42000 239.05187695316272 822.992589006691 328.7508536462973 997.7619999999879 98.20500976557378 12269.747811861082 302025.9600918981    
42000 48000 146.03314453124767 836.2809793526789 294.4464563192925 998.875 220.51088671881007 15804.739923386021 404182.3601372768    
48000 54000 91.48799414065434 844.0731436941923 270.38842212356104 997.6940000000177 314.95003125001676 16730.594912433688 403130.582794153    
54000 60000 215.70206445315853 826.3282765066916 268.33868059078804 997.6259999999311 362.29602539062034 13094.457063262626 291110.96046098287    
60000 66000 132.56588085944531 838.2048741629363 254.24432647105198 999.8709999999264 457.030029296875 14112.407328209561 298282.0180221128    
66000 72000 112.93412499985425 841.0094107143066 265.22502035489714 999.1980000000331 382.451904296875 18458.74810728125 402818.8700203643    
72000 78000 57.854925781313796 848.8778677455266 261.23865153770964 998.3799999999464 351.677978515625 18622.49761286265 393796.38070369733    
78000 84000 106.40701171889668 841.941855468729 268.491869377274 997.7220000000088 312.740966796875 18780.289940779086 405795.0377159394    
84000 90000 85.06886132824002 844.9901626673943 276.0237157481436 998.2600000000093 275.4331054686918 23094.99746158205 632164.0855616002    
90000 96000 145.3378125000745 836.3803124999894 291.2117180438925 999.5619999999763 218.6752929686918 24457.430423358015 608857.185963118    
96000 102000 435.1054121092893 927.4824313151184 108.53318644660739 994.9130000000005 712.8457070312579 15607.2111638131 383400.93840431294    
102000 108000 184.46362499997485 830.7909107142893 352.3385377912024 988.6769999999669 40.13911914062919 20243.295253095734 436799.4401397473    
108000 114000 125.53619140625233 839.2091155133925 316.5480343547772 999.9349999999977 145.78174414060777 18869.185096592533 423482.6799512782    
114000 120000 561.0071289063198 776.9989815848114 341.85571549887163 995.4239999999991 219.52793554688105 18960.651286307344 369989.8745246386    
120000 126000 204.60283203131985 827.9138811383829 296.5476492034733 992.8880000000354 216.881103515625 9990.517164325665 220430.0899740963    
126000 132000 93.12485156249022 843.8393069196443 317.7263279793512 999.304999999993 146.583251953125 20581.123693759364 435494.34316544695    
132000 138000 684.5489960937994 885.9085006510335 202.74429622093146 998.4539999999688 489.56099999998696 33219.90224380215 847073.0038515044    
138000 144000 53.95916601573117 849.4344048548955 370.5175245073291 999.945000000007 10.166744140617084 40974.92490977606 1081766.440714574    
144000 150000 637.4080996094272 766.0845571986532 396.97829453068533 999.179999999993 49.14191015617689 39895.079464351555 839869.3137977642    
150000 156000 696.303888671915 757.6708730468692 415.98679324620025 999.045999999973 14.2041015625 32501.193005530225 801395.9611696805    
156000 162000 1136.3132031249697 810.6144661458384 373.3673104019763 999.704000000027 61.1708984375 32411.255274541552 777431.5310843214    
162000 168000 31.73895507818088 852.608720703117 353.84129516116946 999.564000000013 51.866943359375 31546.92643356804 801893.4237622289    
168000 174000 296.2909433594323 950.6181761067613 86.6763795551724 999.1510000000126 778.0769999999902 32731.464160018888 828029.501429875    
174000 180000 277.2070878906525 953.7988186848912 80.0954159814584 997.74099999998 793.534912109375 31833.140176990684 784400.1450446906    
180000 186000 110.46965820313198 841.3614773995525 293.769045780418 998.9560000000056 200.72908789064968 31132.12695838733 755208.1935911919    
186000 192000 670.8033359374967 761.3138091517861 334.6369294525789 998.0800000000163 224.42474609374767 31858.92215279821 847352.9334749738    
192000 198000 651.1530214843806 764.1209969308028 303.42956001952285 997.4989999999525 340.243896484375 34842.71352256402 857238.7655839173    
198000 204000 495.0427832029527 917.4928694661745 181.43541982773206 998.6360000000568 547.3841035156511 31359.617583587315 765002.3054033368    
204000 210000 310.6200351562584 812.7685664062489 356.54084414493724 997.75 18.336886718752794 31128.31574398899 769355.2024739207    
210000 216000 1271.8771523437463 675.4461210937505 358.86506432666414 999.314000000013 160.89592187502421 30694.43611374811 747841.8533954907    
216000 222000 1247.9800292968284 792.0033284505286 264.4721380884619 998.6030000000028 342.743896484375 31174.19269819242 789858.87193188    
222000 228000 688.0608964845305 885.3231839192449 161.42659308615703 999.3240000000224 656.4021035155747 30238.535049742917 714783.7291005985    
228000 234000 280.7601035156986 953.2066494140503 84.09421612714114 999.0359999999637 786.618896484375 34216.75703264591 844406.1604278821    
234000 240000 696.9668398437789 757.576165736603 353.4945861997732 999.1670000000158 210.66810351563618 30968.551755098702 734691.2341795122    
240000 246000 40.24907812499441 851.3929888392865 277.93937062439545 999.5659999999916 270.802978515625 31267.960631825634 779958.4897227319    
246000 252000 313.8000625000568 812.3142767857062 364.3823139462822 998.844000000041 17.013916015625 36171.07174742893 904913.114554475    
252000 258000 44.056916015571915 992.6571806640713 7.2365278292547845 999.7970000000205 978.8110839843284 32133.658833000824 764212.001115399    
258000 264000 36.83069921878632 993.8615501302023 10.906031616808326 999.7410000000382 971.88330078125 32630.1347730591 772515.295224143    
264000 270000 550.7453007812146 778.464957031255 388.68709272596686 997.4860000000335 22.535699218744412 31282.8652269409 726271.704775857    
270000 276000 792.4198867186205 867.9300188802299 229.79499621357257 999.9740000000456 435.29000000003725 32266.796895009775 749449.1229408265    
276000 282000 663.7188437499572 762.3258794642918 337.74527536276 998.7630000000354 222.6188867187593 32935.7737496697 807991.7988619589    
282000 288000 342.2340195312863 808.2522829241019 329.21450738858624 997.7689999999711 116.53125 32244.203504938738 742211.6695555565    
288000 294000 430.72316015616525 795.6109771205478 363.8387924139083 999.5550000000512 14.64208984375 33321.14020055921 859969.8673864115    
294000 300000 54.18500000005588 990.9691666666573 8.67445298029941 999.2199999999721 979.89208984375 36948.58804679451 924730.0636979439    
300000 306000 5982.98808984377 17.011910156230442  17.011910156230442 17.011910156230442 113.49760302806578 3408.477557302632    
