ts te idle avg_span std_span max_span min_span c_bytes_all s_bytes_all avg_video_rate avg_audio_rate video_requests_sequence audio_requests_sequence
0 6000 6000.0 0.0 0.0 0.0 0.0 0.0 0.0 0.0 0.0 0 0
6000 12000 6000.0 0.0 0.0 0.0 0.0 0.0 0.0 0.0 0.0 0 0
12000 18000 3159.584705078145 946.805098307285 79.88069546024035 997.5539999999892 854.727294921875 13660.44568644296 496017.58219951077    
18000 24000 149.8282949218701 835.7388150111614 317.13637550974505 999.3680000000022 145.17970507813152 17240.1027628341 975343.5730860663    
24000 30000 86.78409375000047 844.7451294642857 284.36345784428704 998.872000000003 240.48799999999756 11764.8101641761 401237.635396354    
30000 36000 145.52499804688705 836.3535717075875 276.5688090626617 998.0919999999969 267.45709375000297 12527.784859546182 369374.9629146056    
36000 42000 103.10892187500576 842.4130111607135 273.18383303066094 999.7130000000034 325.8840917968773 14378.251070780694 491467.9668382523    
42000 48000 53.247033203122555 849.5361381138397 255.09669623482029 999.2379999999976 398.7030136718822 15887.157158280063 567073.3729908548    
48000 54000 125.35894726561673 839.2344361049119 260.63654423900215 999.070000000007 430.6380468749994 11089.75626314745 334302.3150221446    
54000 60000 131.59211132810742 838.3439840959846 252.2071429346864 997.471000000005 434.94189453125 7249.913351661391 215639.532761114    
60000 66000 93.9748671874695 843.7178761160758 252.29732556210476 995.7490000000107 409.97802734376455 10767.902287251685 327112.5111491308    
66000 72000 79.36202148438315 845.805425502231 260.1793523186854 999.5510000000068 366.906005859375 13346.8537471096 428817.73039504205    
72000 78000 91.70092773438955 844.042724609373 265.93726007044467 997.820000000007 335.830078125 14070.749591507554 451259.8757480252    
78000 84000 58.316113281209255 848.8119838169702 267.84422997308405 999.8260000000155 310.56396484376455 14254.72027010541 492793.97242387326    
84000 90000 188.0819667968899 830.2740047433015 297.5049745744871 999.5350000000035 207.197998046875 10267.80646613769 277423.6905235835    
90000 96000 90.8870136719197 844.1589980468686 320.68679754913046 997.9639999999927 138.583984375 10563.708731099534 334902.234214408    
96000 102000 78.82707031250175 845.881847098214 339.55639757502007 999.8120000000054 84.4619140625 15090.608673503977 456281.34007109277    
102000 108000 54.38695312499476 849.3732924107151 350.32692554625066 998.2580000000016 57.8349609375 13359.855867243916 427689.0874868282    
108000 114000 85.41293359379051 844.9410094866014 364.1757643037259 997.554999999993 20.97802734375 11858.00808612412 372163.6426332707    
114000 120000 125.16973632815643 979.1383772786406 28.885962489996924 999.9469999999856 922.873291015625 8161.708873296384 238519.66265068503    
120000 126000 216.48936914061778 826.2158044084832 339.6046434064012 996.8219999999856 74.21870898437919 6255.717995527497 194364.46175552535    
126000 132000 122.93698632813175 839.5804305245526 299.8485953858563 998.6739999999991 198.02707812498556 13204.67070854748 392433.6441695251    
132000 138000 57.87599218747346 848.8748582589324 277.2944440010872 997.9919999999984 271.7070644531341 15110.154965192367 459358.5384172875    
138000 144000 57.76704296874232 848.8904224330369 269.940412424303 999.3369999999995 300.8050566406164 14064.956468096856 487085.5136820223    
144000 150000 77.97060742188478 846.0041989397307 269.61726679109023 998.80799999999 320.2760996093857 12592.88232894796 446683.6416296671    
150000 156000 375.7472050781071 803.4646849888419 256.3853114630144 989.5619999999763 373.61270703125047 6295.1533732664775 179874.26775667377    
156000 162000 260.83611523432774 819.8805549665246 269.1540572130019 998.2519999999786 363.7719726562791 4173.691962515324 127293.45049932774    
162000 168000 167.27602343738545 833.2462823660878 283.4536110779132 995.7000000000407 273.14794921875 7199.555744399935 187311.4677746433    
168000 174000 123.78085546864895 839.459877790193 287.1783643996503 996.7840000000433 230.49609375 10220.451903722407 285264.1663420474    
174000 180000 68.52202148441575 847.3539969307977 298.9504672893568 997.2509999999893 196.9240722655959 13369.188026890488 403979.8231087728    
180000 186000 90.06399023442646 844.2765728236534 314.39086746762587 997.3470000000088 151.68408203125 14393.537996592864 479640.3997095757    
186000 192000 78.81606835927232 845.8834188058182 330.79752484266885 999.9750000000058 105.86401367193321 16645.47112586221 607852.7319388817    
192000 198000 93.78769726550672 843.7446146763562 348.69148028614865 999.7860000000219 57.549316406279104 11274.382856302618 332988.78840871033    
198000 204000 141.30631640620413 976.4489472656327 27.540562644493146 999.0679999999993 923.371683593723 5505.040633886707 138005.41630249802    
204000 210000 87.04197851556819 985.4930035807387 19.141300662823998 998.752999999997 947.8220214844041 11144.44970882036 395780.4268087221    
210000 216000 46.50301367189968 850.4995694754429 355.51429901885365 998.0689999999886 46.251978515589144 23504.443664485716 1069006.5455967276    
216000 222000 294.11200781250955 815.1268560267844 354.0539589382116 998.4539999999979 65.81099218750023 21268.106626693923 828792.0275945503    
222000 228000 496.2530800779932 917.2911533203345 190.44778034896706 999.7090000000026 528.6179199219332 14854.076983393416 587653.3054815294    
228000 234000 40.065011718834285 851.4192840401665 249.5262736308782 999.2550000000047 470.5050800780882 18223.347184634735 650875.6798772791    
234000 240000 111.33597070319229 841.2377184709725 244.38938577310591 999.2849999999162 475.4609375 20126.536913857264 675965.2873078827    
240000 246000 473.56295312487055 789.491006696447 374.7003707990646 998.789999999979 39.708984375 19137.331461609338 680850.3467572321    
246000 252000 703.3110917968443 882.781484700526 178.68371658849986 999.8080000000191 562.014892578125 20632.533219441004 722000.6468481994    
252000 258000 1009.5129492186825 831.7478417968863 254.35042166892313 999.5750000000698 434.8571074218489 21813.07686958028 741951.7094428015    
258000 264000 597.86404687498 771.7337075892885 397.5792446332672 998.7770000000019 22.618896484375 20726.524650831096 692601.772162905    
264000 270000 436.9828964844346 927.1695172525942 148.77842577335915 999.2469999999739 624.3260000000009 23031.57271665287 733780.252122171    
270000 276000 510.1550800779951 914.9741533203342 201.41934027500045 999.6429999999818 503.867919921875 20731.031373895683 660318.30242872    
276000 282000 497.382853515388 786.088163783516 372.23018239308965 996.533000000054 55.51806640630821 22558.580823517343 731370.2753915561    
282000 288000 66.19716210936895 847.6861196986616 372.1452646867021 999.7770000000019 5.076904296875 25213.610204592278 796838.462389058    
288000 294000 564.5958593749674 905.9006901041721 173.42169272771707 999.335000000021 564.696044921875 21572.112418814886 716615.3569972633    
294000 300000 37.753955078020226 851.7494349888542 248.4584672240814 999.8510000000242 435.1989550781436 20725.42661648247 663218.2117686471    
