ts te idle avg_span std_span max_span min_span c_bytes_all s_bytes_all avg_video_rate avg_audio_rate video_requests_sequence audio_requests_sequence
0 6000 6000.0 0.0 0.0 0.0 0.0 0.0 0.0 0.0 0.0 - -
6000 12000 6000.0 0.0 0.0 0.0 0.0 0.0 0.0 0.0 0.0 - -
12000 18000 3224.0430566405994 693.9892358398502 380.59781750935565 998.7430000000168 211.491943359375 31480.129688160505 1310206.8971913578 1500.0 128.0 15039.0#15039.0#1500_16791.0#16791.0#1500_17583.0#17583.0#1500 15018.0#15018.0#128_16785.0#16785.0#128_17131.0#17131.0#128_17785.0#17785.0#128
18000 24000 120.9349433593452 839.8664366629507 329.33161684962806 998.8580000000075 114.08699999999953 65267.8703118395 3282894.102808642 1500.0 128.0 17583.0#17583.0#1500_18129.0#18129.0#1500_19067.0#19067.0#1500_19756.0#19756.0#1500_20831.0#20831.0#1500_21537.0#21537.0#1500_22321.0#22321.0#1500_23083.0#23083.0#1500 17785.0#17785.0#128_18340.0#18340.0#128_19101.0#19101.0#128_19843.0#19843.0#128_20845.0#20845.0#128_21751.0#21751.0#128_22839.0#22839.0#128
24000 30000 906.9328906250303 848.8445182291616 355.7756175720215 999.795999999973 122.912109375 45680.4376274303 2273148.273316184 3000.0 128.0 24867.0#24867.0#3000_26632.0#26632.0#3000_28831.0#28831.0#3000 24853.0#24853.0#128_26339.0#26339.0#128_28340.0#28340.0#128
30000 36000 35.22481250000419 852.1107410714279 333.96960198859915 999.8979999999865 102.029296875 47668.775901786365 2605101.5330149527 3000.0 128.0 28831.0#28831.0#3000_30501.0#30501.0#3000_32348.0#32348.0#3000_34348.0#34348.0#3000 30842.0#30842.0#128_32344.0#32344.0#128_34345.0#34345.0#128
36000 42000 721.8803652344504 879.6866057942583 150.41607097123998 998.0359999999637 634.429931640625 42537.63587135347 2423016.3604285335 3000.0 128.0 34348.0#34348.0#3000_36099.0#36099.0#3000_38365.0#38365.0#3000_40350.0#40350.0#3000_41968.0#41968.0#3000 36342.0#36342.0#128_38359.0#38359.0#128_40345.0#40345.0#128
42000 48000 619.1290117187891 768.6958554687444 356.43903990789596 999.8589999999967 153.367919921875 43404.40105050696 2422538.9329644335 3000.0 128.0 40350.0#40350.0#3000_41968.0#41968.0#3000_43854.0#43854.0#3000_45855.0#45855.0#3000_47852.0#47852.0#3000 42338.0#42338.0#128_43845.0#43845.0#128_45849.0#45849.0#128_47845.0#47845.0#128
48000 54000 59.7678457031725 848.6045934709754 331.3811788299068 999.8080000000191 107.97607421869179 44697.34884352095 2252272.0012756754 3000.0 128.0 47852.0#47852.0#3000_49531.0#49531.0#3000_51849.0#51849.0#3000_53858.0#53858.0#3000 49842.0#49842.0#128_51844.0#51844.0#128_53849.0#53849.0#128
54000 60000 28.24096875009127 853.1084330357013 335.1596812841251 998.7640000000247 98.55810546869179 47489.10952766057 2706676.2842943054 3000.0 128.0 53858.0#53858.0#3000_55375.0#55375.0#3000_57348.0#57348.0#3000_59200.0#59200.0#3000 55840.0#55840.0#128_57341.0#57341.0#128_59190.0#59190.0#128
60000 66000 284.90810546884313 952.5153157551928 86.25510310664666 995.8890000000247 778.755894531263 43380.29117774138 2422758.614705915 3000.0 128.0 59200.0#59200.0#3000_61231.0#61231.0#3000_63195.0#63195.0#3000_65204.0#65204.0#3000 61223.0#61223.0#128_63186.0#63186.0#128_65201.0#65201.0#128
66000 72000 85.04706249997253 985.8254895833379 16.9993911321234 999.6469999999972 959.2109375 51376.67727600522 2626854.5060198763 3000.0 128.0 65204.0#65204.0#3000_66855.0#66855.0#3000_68849.0#68849.0#3000_70848.0#70848.0#3000 66849.0#66849.0#128_68843.0#68843.0#128_70845.0#70845.0#128
72000 78000 24.990691406303085 853.5727583705282 359.74707115318733 998.6650000000373 38.81506250001257 49992.86420623815 2513485.5847779205 3000.0 128.0 70848.0#70848.0#3000_72851.0#72851.0#3000_74852.0#74852.0#3000_76425.0#76425.0#3000 72849.0#72849.0#128_74847.0#74847.0#128_76839.0#76839.0#128
78000 84000 1132.1942460939172 695.4008219865833 352.0486425402444 999.5939999999246 42.011753906321246 50297.45851775663 2458741.909202203 3000.0 128.0 76425.0#76425.0#3000_78341.0#78341.0#3000_80342.0#80342.0#3000_82342.0#82342.0#3000 78336.0#78336.0#128_80337.0#80337.0#128_82339.0#82339.0#128
84000 90000 941.6329277345212 843.0611787109132 249.9190766923395 998.7739999999758 422.09600000001956 48028.13707942462 2401060.5976503533 3000.0 128.0 84347.0#84347.0#3000_86354.0#86354.0#3000_87913.0#87913.0#3000 84341.0#84341.0#128_86346.0#86346.0#128_87841.0#87841.0#128_89841.0#89841.0#128
90000 96000 70.85803124995437 847.0202812500065 268.97758308167636 999.7509999999893 331.70692773442715 52004.9859672915 2603792.870708941 3000.0 128.0 90331.0#90331.0#3000_91917.0#91917.0#3000_93851.0#93851.0#3000_95852.0#95852.0#3000 92341.0#92341.0#128_93847.0#93847.0#128_95847.0#95847.0#128
96000 102000 487.03299414057983 787.5667151227743 361.33575797838637 999.8470000000088 150.748046875 49850.45506686984 2413825.241016664 3000.0 128.0 95852.0#95852.0#3000_97849.0#97849.0#3000_99848.0#99848.0#3000_101848.0#101848.0#3000 95847.0#95847.0#128_97846.0#97846.0#128_99845.0#99845.0#128_101848.0#101848.0#128
102000 108000 33.97803515638225 852.2888521205168 319.60816433241916 999.6840000000084 138.3120117186918 57643.56242279814 2744393.1127336896 3000.0 128.0 101848.0#101848.0#3000_103356.0#103356.0#3000_105355.0#105355.0#3000_107202.0#107202.0#3000 103842.0#103842.0#128_105343.0#105343.0#128_107194.0#107194.0#128
108000 114000 419.00101171876304 930.1664980468728 108.44083938263661 999.9760000000242 745.9949882812216 47163.85946361591 2389219.177890352 3000.0 128.0 107202.0#107202.0#3000_109218.0#109218.0#3000_111355.0#111355.0#3000_113196.0#113196.0#3000 109213.0#109213.0#128_111350.0#111350.0#128_113192.0#113192.0#128
114000 120000 867.3879550781567 855.4353408203073 342.84823546815005 999.8099999999977 155.696044921875 54823.970925476075 2630771.1391206873 3000.0 128.0 113196.0#113196.0#3000_114999.0#114999.0#3000_116732.0#116732.0#3000_118846.0#118846.0#3000 114844.0#114844.0#128_116837.0#116837.0#128_118840.0#118840.0#128
120000 126000 1672.2520605470054 721.2913232421657 366.6950731030277 999.505999999994 244.708984375 48747.73929953515 2228507.936016174 3000.0 128.0 118846.0#118846.0#3000_120862.0#120862.0#3000_123757.0#123757.0#3000_125275.0#125275.0#3000 120852.0#120852.0#128_123750.0#123750.0#128_124588.0#124588.0#128
126000 132000 577.0097226562793 774.7128967633887 328.94300018189324 997.7449999999953 147.5932617186918 54275.73257126687 2839250.448140536 3000.0 128.0 125275.0#125275.0#3000_126707.0#126707.0#3000_128852.0#128852.0#3000_130362.0#130362.0#3000 126333.0#126333.0#128_128844.0#128844.0#128_130356.0#130356.0#128
132000 138000 28.68630273436429 853.0448138950908 321.19538024678377 998.4519999999902 135.407958984375 49503.73960614095 2461626.7333666096 3000.0 128.0 132340.0#132340.0#3000_134023.0#134023.0#3000_136329.0#136329.0#3000 132337.0#132337.0#128_134332.0#134332.0#128_135831.0#135831.0#128
138000 144000 636.2479570310679 893.9586738281554 137.0355010280944 999.1780000000144 652.802001953125 54121.8337211216 2465571.410507486 3000.0 128.0 138076.0#138076.0#3000_140342.0#140342.0#3000_141775.0#141775.0#3000_143839.0#143839.0#3000 138067.0#138067.0#128_140338.0#140338.0#128_141836.0#141836.0#128_143838.0#143838.0#128
144000 150000 658.9696855468792 763.0043306361601 371.93061717613404 998.7430000000168 116.04931640625 49696.47218500765 2342223.593686841 3000.0 128.0 143839.0#143839.0#3000_145462.0#145462.0#3000_147854.0#147854.0#3000_149847.0#149847.0#3000 145838.0#145838.0#128_147849.0#147849.0#128_149842.0#149842.0#128
150000 156000 221.65239257831126 825.4782296316698 352.44201417819636 999.7229999999981 37.471923828125 58857.27815818134 2771535.386542891 3000.0 128.0 149847.0#149847.0#3000_151334.0#151334.0#3000_153188.0#153188.0#3000_155165.0#155165.0#3000 151332.0#151332.0#128_153182.0#153182.0#128_155162.0#155162.0#128
156000 162000 477.7868417970021 920.3688597004997 129.1301146466028 997.2689999999129 666.3090820311918 50091.49403418037 2328060.995257219 3000.0 128.0 155165.0#155165.0#3000_157343.0#157343.0#3000_159189.0#159189.0#3000_161335.0#161335.0#3000 157337.0#157337.0#128_159186.0#159186.0#128_161333.0#161333.0#128
162000 168000 702.5110839843401 756.78413085938 359.32380157699663 999.7239999999874 159.072998046875 51317.877110630616 2416431.174252362 3000.0 128.0 161335.0#161335.0#3000_162800.0#162800.0#3000_165073.0#165073.0#3000_166842.0#166842.0#3000 162835.0#162835.0#128_165068.0#165068.0#128_166840.0#166840.0#128
168000 174000 481.3697167969076 788.3757547432989 326.31732862446995 998.5580000000191 154.61328125 56141.23311746983 2795434.3315130323 3000.0 128.0 166842.0#166842.0#3000_168678.0#168678.0#3000_170843.0#170843.0#3000_172438.0#172438.0#3000 168838.0#168838.0#128_170841.0#170841.0#128_172832.0#172832.0#128
174000 180000 23.668035156384576 853.7617092633736 319.13384509703076 999.0599999999977 142.1772460936918 53813.522183451845 2467146.371145178 3000.0 128.0 174354.0#174354.0#3000_176853.0#176853.0#3000_178402.0#178402.0#3000 174349.0#174349.0#128_176847.0#176847.0#128_178333.0#178333.0#128
180000 186000 536.0312265625689 910.6614622395718 139.172858906312 999.1800000000512 649.5200195311918 49851.792004388175 2403436.2335385447 3000.0 128.0 180349.0#180349.0#3000_182350.0#182350.0#3000_183900.0#183900.0#3000 180341.0#180341.0#128_182346.0#182346.0#128_183845.0#183845.0#128_185849.0#185849.0#128
186000 192000 61.55873632803559 848.3487519531378 267.2920384145678 999.7770000000019 335.9669804687728 50172.89550974624 2687901.340819831 3000.0 128.0 186334.0#186334.0#3000_188346.0#188346.0#3000_189817.0#189817.0#3000_191694.0#191694.0#3000 188342.0#188342.0#128_189839.0#189839.0#128_191837.0#191837.0#128
192000 198000 718.7413749999832 754.4655178571453 355.2883424813435 998.1369999999879 133.805908203125 47952.06628170989 2328769.959713011 3000.0 128.0 191694.0#191694.0#3000_193852.0#193852.0#3000_195842.0#195842.0#3000_197435.0#197435.0#3000 193846.0#193846.0#128_195841.0#195841.0#128_197839.0#197839.0#128
198000 204000 156.7678085938096 834.74745591517 354.1300311929029 998.545999999973 39.652099609375 52474.35993045935 2578151.7357260184 3000.0 128.0 197435.0#197435.0#3000_199345.0#199345.0#3000_201346.0#201346.0#3000_203334.0#203334.0#3000 197839.0#197839.0#128_199342.0#199342.0#128_201339.0#201339.0#128_203084.0#203084.0#128
204000 210000 77.3058261719998 987.115695638 15.96979144998656 999.1790000000037 958.1999003905803 53544.49179915155 2473279.880286138 3000.0 128.0 203334.0#203334.0#3000_205337.0#205337.0#3000_207090.0#207090.0#3000_209075.0#209075.0#3000 205335.0#205335.0#128_207087.0#207087.0#128_209067.0#209067.0#128
210000 216000 18.8173183593899 854.4546688058015 369.1982782229935 999.8739999999525 17.541726562543772 49925.45304879549 2576478.922488125 3000.0 128.0 209075.0#209075.0#3000_210790.0#210790.0#3000_212849.0#212849.0#3000_214851.0#214851.0#3000 210841.0#210841.0#128_212845.0#212845.0#128_214845.0#214845.0#128
216000 222000 21.27406249998603 854.1037053571448 365.037813729626 999.7929999999469 26.943044921848923 49004.44616561839 2496652.331019245 3000.0 128.0 214851.0#214851.0#3000_216847.0#216847.0#3000_218507.0#218507.0#3000_220854.0#220854.0#3000 216845.0#216845.0#128_218846.0#218846.0#128_220847.0#220847.0#128
222000 228000 965.1269453126006 719.2675792410571 432.7540555601375 999.4170000000158 40.448107421863824 55554.2002403631 2580891.2818960017 3000.0 128.0 220854.0#220854.0#3000_222352.0#222352.0#3000_224855.0#224855.0#3000_226301.0#226301.0#3000 222347.0#222347.0#128_224848.0#224848.0#128_226335.0#226335.0#128
228000 234000 36.2986484374851 851.9573359375021 325.82384499160605 999.7020000000484 122.831298828125 57912.8739603375 2590340.505585381 3000.0 128.0 226301.0#226301.0#3000_228119.0#228119.0#3000_230010.0#230010.0#3000_231853.0#231853.0#3000 228334.0#228334.0#128_230338.0#230338.0#128_231848.0#231848.0#128_233834.0#233834.0#128
234000 240000 569.998046875 905.0003255208334 132.74089009591543 997.5250000000233 656.833251953125 49672.33495686864 2511876.659841267 3000.0 128.0 234335.0#234335.0#3000_236340.0#236340.0#3000_237874.0#237874.0#3000_239845.0#239845.0#3000 236337.0#236337.0#128_237840.0#237840.0#128_239840.0#239840.0#128
240000 246000 1981.4183652342763 803.7163269531447 263.15832836300376 996.765000000014 340.9267480468843 40369.196525136365 2020425.1471528083 3000.0 128.0 239845.0#239845.0#3000_241848.0#241848.0#3000_245091.0#245091.0#3000 241845.0#241845.0#128_243344.0#243344.0#128
246000 252000 991.7729433594504 715.4610080915071 445.16719419342786 999.7369999999646 45.616943359375 48857.95799690453 2210412.481884287 2000.0 128.0 245091.0#245091.0#3000_246711.0#246711.0#1500_247349.0#247349.0#1500_248164.0#248164.0#1500_249343.0#249343.0#1500_251353.0#251353.0#3000 246701.0#246701.0#128_246859.0#246859.0#128_247842.0#247842.0#128_249341.0#249341.0#128_251348.0#251348.0#128
252000 258000 158.9378632811131 834.4374481026981 355.15983706930183 999.2850000000326 34.882080078125 58901.63760524388 2711441.3804275384 3000.0 128.0 251353.0#251353.0#3000_253345.0#253345.0#3000_255348.0#255348.0#3000_256979.0#256979.0#3000 253340.0#253340.0#128_255343.0#255343.0#128_257058.0#257058.0#128
258000 264000 107.55717382812873 982.0738043619785 19.31576819218417 999.609999999986 953.0129199218936 54457.53402856519 2580229.2247770866 3000.0 128.0 256979.0#256979.0#3000_258847.0#258847.0#3000_260852.0#260852.0#3000_262854.0#262854.0#3000 258842.0#258842.0#128_260845.0#260845.0#128_262848.0#262848.0#128
264000 270000 23.402814453002065 853.7995979352854 373.849726989302 999.7129999999888 6.153093750006519 52588.94142969971 2575529.1209354773 3000.0 128.0 262854.0#262854.0#3000_264845.0#264845.0#3000_266845.0#266845.0#3000_268472.0#268472.0#3000 264842.0#264842.0#128_266842.0#266842.0#128_268840.0#268840.0#128
270000 276000 934.931205078261 723.5812564173913 367.7627451344267 999.6500000000233 21.09190820308868 51094.259015949865 2373124.9033859484 3000.0 128.0 268472.0#268472.0#3000_270353.0#270353.0#3000_272350.0#272350.0#3000_274353.0#274353.0#3000 270347.0#270347.0#128_272341.0#272341.0#128_274348.0#274348.0#128
276000 282000 33.69879882817622 852.3287430245463 260.3615967947379 998.689000000013 353.22511328128166 49975.225521452456 2580766.377894451 3000.0 128.0 274353.0#274353.0#3000_276352.0#276352.0#3000_278359.0#278359.0#3000_279957.0#279957.0#3000 276342.0#276342.0#128_278351.0#278351.0#128_280341.0#280341.0#128_281833.0#281833.0#128
282000 288000 611.508966796915 769.7844333147265 365.68949269265136 999.3919999999925 147.22412109375 47075.60688061539 2418239.201465132 3000.0 128.0 282337.0#282337.0#3000_284354.0#284354.0#3000_285853.0#285853.0#3000_287859.0#287859.0#3000 284348.0#284348.0#128_285836.0#285836.0#128_287851.0#287851.0#128
288000 294000 38.19616796867922 851.6862617187601 323.1838343082408 998.7229999999981 129.001953125 48257.902890594545 2409878.0249922993 3000.0 128.0 287859.0#287859.0#3000_289846.0#289846.0#3000_291848.0#291848.0#3000_293842.0#293842.0#3000 289842.0#289842.0#128_291843.0#291843.0#128_293835.0#293835.0#128
294000 300000 618.4698535158532 768.7900209263067 366.17443529202194 998.3249999999534 32.777099609375 49679.0935527446 2363972.072822775 3000.0 128.0 293842.0#293842.0#3000_295329.0#295329.0#3000_297339.0#297339.0#3000_298871.0#298871.0#3000_299488.0#299488.0#3000 295358.0#295358.0#128_297336.0#297336.0#128_298858.0#298858.0#128_299329.0#299329.0#128
