ts te idle avg_span std_span max_span min_span c_bytes_all s_bytes_all avg_video_rate avg_audio_rate video_requests_sequence audio_requests_sequence
0 4000 4000.0 0.0 0.0 0.0 0.0 0.0 0.0 0.0 0.0 0 0
4000 8000 2434.8250722656376 782.5874638671812 305.4864440280604 998.5989999999874 566.575927734375 23802.48079858326 864274.8796553463    
8000 12000 85.56066015630495 782.887867968739 274.44077993737886 999.7629999999772 431.01007226563524 28672.781754751173 1396065.5177093272    
12000 16000 1260.9632675781031 684.7591831054742 228.27000695262885 999.2810000000172 455.2827324218815 23456.737446665567 1156887.6026353266    
16000 20000 980.6669140623999 754.8332714844 485.19686192066945 997.8040000000037 27.0380859375 25620.725252209675 1336164.1770448603    
20000 24000 20.344789062510245 795.931042187498 435.70019034847854 999.2459999999846 16.779296875 27436.92049157644 1527616.4795241572    
24000 28000 1936.4054003906203 687.8648665364599 432.2841987851885 999.5430000000051 194.368896484375 16238.261773427948 862544.7595832231    
28000 32000 784.3178964843974 803.9205258789007 275.0295946645602 999.9400000000023 414.8539999999921 27468.092482785938 1382128.5838477593    
32000 36000 812.0880624999991 796.9779843750002 403.92841716757334 999.710000000021 191.0859375 32495.251725804155 1653389.0792226736    
36000 40000 105.80166601558449 778.8396667968831 367.3791323203279 999.8649999999907 137.603271484375 28129.569455561665 1498466.9428620788    
40000 44000 1919.0541835936601 520.236454101585 480.3420667362737 998.4680000000517 30.54400000005262 13951.086199227446 630538.9483646783    
44000 48000 18.06118554691784 796.3877628906164 351.42660044952726 999.515000000014 185.39990234375 36155.7774568106 1983512.5657860574    
48000 52000 1164.5379023439018 708.8655244140245 454.7003641907833 994.0569999999716 38.48599999997532 24179.315162596133 1259767.463764512    
52000 56000 815.116710937582 796.2208222656045 403.43985931841206 999.8829999999725 191.0712890625 30360.454299326357 1592978.9537451651    
56000 60000 1801.9372597656911 549.5156850585772 413.0654287239502 997.1080000000075 194.030029296875 21364.56407131554 1090355.4110300047    
60000 64000 685.2500292967889 828.6874926758028 227.0060013367168 999.6520000000019 516.6130000000121 27048.981629358106 1732393.6352248301    
64000 68000 2735.2449101561797 421.5850299479401 504.6194285250468 999.8790000000736 70.60899999999674 12250.919528139726 644319.0739625421    
68000 72000 20.337154296867084 795.9325691406266 352.55752132181897 998.9170000000158 183.158935546875 34866.595846417156 2177344.1368894675    
72000 76000 16.77787109388737 796.6444257812225 355.8762183624968 999.8799999999464 176.466064453125 38104.95653628162 2178165.096619435    
76000 80000 45.73815039062174 790.8523699218756 357.9930105266583 998.6379999999772 164.0869140625 35699.78505412879 1994171.2338510056    
80000 84000 55.822597656282596 788.8354804687435 367.2731437883588 997.7999999999884 148.79931640625 30824.48286195509 1627306.0343787232    
84000 88000 1155.4583164062933 711.1354208984267 479.4530445525157 998.795999999973 0.0 18113.260173077615 1014079.4242988265    
88000 92000 817.9140624999418 795.5214843750146 405.2928823040461 999.2800000000279 187.5859375 33064.962087733766 1741428.1886203578    
92000 96000 14.715001953183673 797.0569996093633 355.4748939767591 999.5769999999902 177.783935546875 36131.59149779239 2060121.0922685864    
96000 100000 44.85883789055515 791.028232421889 366.1336664958228 999.7220000000088 153.60009765625 34063.904802191624 1877886.1847610376    
100000 104000 32.01910156250233 793.5961796874996 374.00614215777415 999.3730000000214 134.8959960936918 38523.814958515366 1996534.3599218286    
104000 108000 41.025029296812136 791.7949941406375 381.81556772022543 999.4899999999907 117.365966796875 34497.20048741822 1653462.8389877242    
108000 112000 95.79589453118388 780.8408210937632 416.26464528814347 999.5449999999837 43.424072265625 29199.650026820753 1678490.5423620625    
112000 116000 1231.4280722656404 922.8573092447865 67.17931490055668 998.8470000000088 871.3629999999539 20042.87613952789 968283.7930784031    
116000 120000 813.9039414062863 796.5240146484284 403.8100137556326 999.4510000000009 190.8100585936918 31741.317200576694 1776088.8962541248    
120000 124000 13.252775390574243 797.3494449218852 351.56819537720895 999.75 186.165283203125 34665.64298878751 1752912.7410166333    
124000 128000 55.405183593858965 788.9189632812282 365.63600270779074 999.4419999999227 150.777099609375 23595.60339068963 1474456.1305427323    
128000 132000 195.9010449219495 760.8197910156101 408.73640139243156 998.2609999999986 43.7060546875 29003.69756663172 1530270.337813352    
132000 136000 1140.8210546874325 953.0596484375225 38.34397025715964 997.1660000000265 927.6550000000279 20109.738853314437 829877.8943731572    
136000 140000 824.1580605467898 793.9604848633026 409.96556477316346 999.8360000000685 179.012939453125 32339.93861200043 1607561.689023888    
140000 144000 49.93895703123417 790.0122085937531 359.00923775239795 995.6369999999879 161.781982421875 30950.05261376065 1668796.868835394    
144000 148000 38.93699609377654 792.2126007812446 368.8321631988163 999.838000000047 143.760986328125 33010.565202774786 1781593.4307306309    
148000 152000 49.71408203121973 790.057183593756 375.97573451005684 997.4050000000279 126.701904296875 27238.306934882847 1573774.3251736679    
152000 156000 42.97592968749814 791.4048140625003 396.90762189583046 999.9000000000233 88.198974609375 27042.392049262762 1589565.83357645    
156000 160000 108.36407421878539 778.3271851562429 413.6649618032922 998.9349999999977 43.597900390625 28789.52458000203 1621681.5155960198    
160000 164000 39.86679882823955 792.026640234352 436.3626603067678 999.7669999998761 12.2041015625 27990.580418309157 1589368.877270704    
164000 168000 196.51910156256054 950.8702246093599 78.02772925875833 998.5449999999837 834.2390000000014 31497.639589007333 1850106.4597932457    
168000 172000 2628.0600507812924 457.31331640623586 468.4325244616348 998.185999999987 182.23100000002887 10927.39224678359 517640.67085923295    
172000 176000 18.248970703105442 796.3502058593789 351.2524089198069 998.7760000000126 185.302978515625 35338.15984568209 2031985.5409296136    
176000 180000 1183.3549785156501 704.1612553710875 465.2034232345667 999.3799999999464 19.64100000000326 15498.447907534324 679540.7882111534    
180000 184000 812.7470195313799 796.813245117155 403.47300351974775 999.6439999999711 191.6049804686918 30379.41381008272 1627403.2760727794    
184000 188000 73.40103320311755 785.3197933593765 359.90061119607134 999.8539999999921 158.095947265625 26519.988991663064 1424646.0248373232    
188000 192000 61.710646484280005 787.657870703144 369.16407742377555 999.3070000000298 144.38330078125 24736.57422582037 1342718.4301909576    
192000 196000 29.64718359382823 794.0705632812344 378.3271020291225 999.6530000000494 126.6201171875 24328.349067105875 1349589.7217567982    
196000 200000 1150.0611171874916 949.9796276041694 70.10636107611708 998.0439999999944 869.535882812459 19463.67390532797 1066566.5471421415    
200000 204000 814.456089843763 796.3859775390592 403.52662789415825 999.969000000041 191.10791015625 29815.429403798644 1576339.5480739032    
204000 208000 51.02902148431167 789.7941957031377 364.8263327863638 997.5439999999944 153.410888671875 33884.96449147582 1723249.1971043027    
208000 212000 1194.4968886718852 701.3757778320287 462.87168327362537 995.4440000000177 19.665999999968335 20421.606104725543 1070383.254821794    
212000 216000 815.4551074219635 796.1362231445091 405.3310849140972 999.359999999986 188.139892578125 29421.84814128471 1704568.009107947    
216000 220000 15.738849609391764 796.8522300781217 352.74146368002357 999.9259999999776 183.14404296875 33193.079672891705 2057676.3849042126    
220000 224000 55.784939453122206 788.8430121093755 364.8926081709145 999.8410000000149 151.006103515625 25620.05943014224 1491220.823652859    
224000 228000 444.85398242180236 711.0292035156396 418.3627552408528 997.0600000000559 70.59912109375 27873.228591841664 1638165.2865383767    
228000 232000 83.21801171870902 783.3563976562582 427.084821193321 999.4379999999655 22.537109375 24459.313287213543 1340784.960483021    
232000 236000 1916.1928574218182 694.602380859394 437.04985759582 994.0600000000559 193.083251953125 17569.38993468546 849765.269005292    
236000 240000 16.61635937495157 796.6767281250097 352.37561212745317 999.2070000000531 184.014892578125 33161.595641165964 2026135.041853021    
240000 244000 27.56195117183961 794.4876097656321 357.54251238407744 998.7920000000158 171.56494140625 30653.71441208653 1645406.609429895    
244000 248000 14.716824218747206 797.0566351562505 363.5984467811065 999.5259999999544 160.6201171875 32256.375455178008 1981018.0992341652    
248000 252000 21.378164062509313 795.7243671874982 368.7875900080914 999.859000000055 148.001953125 29673.14240586457 1769331.797375106    
252000 256000 19.983654296956956 796.0032691406086 372.8575870743242 999.8009999999776 139.081298828125 32780.91734116603 1958190.2525567487    
256000 260000 1949.0703125 512.732421875 489.7284012845764 997.4969999999739 0.0 17630.83831755868 795381.5417722389    
260000 264000 173.20872460934334 765.3582550781314 409.9227875737495 995.2619999999879 46.84326171875 37329.57767910631 2011267.768149739    
264000 268000 57.83195898425765 788.4336082031484 425.1099711430909 998.3090000000084 28.685302734375 27463.341166692095 1237404.9750052453    
268000 272000 561.6133027344476 859.5966743163881 240.60467890156275 998.5520000000251 500.9989999999525 32960.5785231225 1777408.1809321325    
272000 276000 871.6109765623696 782.0972558594076 431.4827200650554 998.7410000000382 134.8740234375 25929.430476319998 1373273.5055547068    
276000 280000 76.77374414075166 784.6452511718496 378.91047624861704 998.9309999999823 123.811279296875 30207.23085833564 1774870.6141020292    
280000 284000 35.71931445307564 792.8561371093849 386.40579296816173 998.314000000013 109.18896484375 27186.96653787205 1634795.7684100338    
284000 288000 33.337947265594266 793.3324105468812 394.43895804095735 999.9030000000494 93.718017578125 29891.020102926348 1733141.6485043876    
288000 292000 1307.5260136720026 673.1184965819994 363.1745432058377 998.1339999999618 192.60400390625 24768.016787863147 1377140.5152868498    
292000 296000 638.0300039062276 840.4924990234431 203.9623378844275 995.6970000000438 565.4610000000102 28522.335236682815 1674726.9481419926    
296000 300000 813.2899140625959 796.677521484351 404.17689017197074 999.75 190.4130859375 30081.875277246952 1719211.603990859    
300000 304000 3228.1620859374525 771.8379140625475  771.8379140625475 771.8379140625475 7928.1247227530475 384342.39600914106    
