ts te idle avg_span std_span max_span min_span c_bytes_all s_bytes_all avg_video_rate avg_audio_rate video_requests_sequence audio_requests_sequence
0 3000 3000.0 0.0 0.0 0.0 0.0 0.0 0.0 0.0 0.0 0 0
3000 6000 3000.0 0.0 0.0 0.0 0.0 0.0 0.0 0.0 0.0 0 0
6000 9000 1914.7867148437072 542.6066425781464 644.3713588169257 998.2459999999846 86.96728515630821 9592.024773643538 93809.08953063423    
9000 12000 21.554396484338213 744.6114008789154 450.1705700480865 998.7640000000247 72.285888671875 23006.929297696144 944573.9242376437    
12000 15000 34.5027910155477 741.3743022461131 452.6210221833037 999.75900000002 64.22509765630821 25089.553128909738 858360.1186501756    
15000 18000 95.51909765624441 968.1603007812519 30.258757692442593 994.7409999999218 935.2309023437556 15239.49279975058 532986.8675815465    
18000 21000 731.8230585937272 756.0589804687576 395.10874897177456 999.7569999999832 300.1899414063082 14465.643793328893 491871.9338085746    
21000 24000 18.19704492186429 745.4507387695339 333.4367212398871 999.3819999999832 291.243896484375 16234.248364698426 693991.6679312141    
24000 27000 210.22000976558775 697.4449975586031 390.24124660445153 999.5200000000186 178.60888671875 20721.735226117806 854592.2843808428    
27000 30000 1067.1159160156385 644.2946946614538 416.98995881066594 991.6479999999865 181.844970703125 12209.292966576408 500596.072977922    
30000 33000 22.32898828125326 744.4177529296867 398.67216002669335 999.8399999999674 160.406982421875 20072.807794191103 813583.4049743096    
33000 36000 66.50200976571068 733.3744975585723 414.82965251313084 998.6900000000023 120.52197265625 15436.833414717954 612097.2692777369    
36000 39000 73.87701562512666 731.5307460937183 438.0311263777961 999.5579999999609 80.35595703119179 14690.201205068091 609404.7835200024    
39000 42000 22.34403906262014 744.413990234345 454.17985687030233 998.436999999918 65.56591796869179 17887.427833206166 979050.8661056092    
42000 45000 32.18199023435591 741.954502441411 466.653467021559 999.1259999999893 43.450927734375 15715.898737991925 797145.0383540706    
45000 48000 1054.2879277343745 972.8560361328127 26.71020045305054 991.7430000000168 953.9690722656087 11440.910664103227 647299.6786697177    
48000 51000 826.7458984375698 724.4180338541433 473.79411382926423 999.0289999999804 177.3291015625 19996.246922406426 1071050.6814594602    
51000 54000 90.18421093758661 727.4539472656033 430.26837943085263 999.9529999999795 95.212890625 30729.75724364386 1579439.1670572336    
54000 57000 33.02195703127654 741.7445107421809 443.61920057260727 996.0769999999902 79.60693359369179 18897.971602112175 908737.0254281466    
57000 60000 11.01181835931493 747.2470454101713 451.20707207509247 999.8470000000088 72.693115234375 23580.40953588642 1393769.4425983962    
60000 63000 11.092132812540513 747.2269667968649 455.85978532136033 999.3420000000042 65.281982421875 23630.611806064353 1211927.7717772159    
63000 66000 63.94104296871228 734.0147392578219 456.28485845639466 999.5109999999986 50.887939453125 16389.671869580096 1059280.103265518    
66000 69000 14.873001953121275 746.2817495117197 471.74817006066655 999.2060000000056 39.5859375 22956.002991192687 1382892.1056755362    
69000 72000 27.603624999988824 743.0990937500028 472.5814889006177 999.1150000000489 34.6953125 18231.5684043049 1252778.6563554711    
72000 75000 61.256041015614755 734.6859897460963 484.70163002241566 999.8240000000806 9.103271484375 19194.095985453536 1005446.2657945353    
75000 78000 18.261166015581694 745.4347084961046 496.2061973929867 998.4710000000196 1.1831054686917923 25898.33844751021 1415532.2505179502    
78000 81000 51.43114843755029 982.8562838541499 13.61107258480153 996.8269999999902 969.6358945312677 18594.654403293345 904760.2583502592    
81000 84000 13.079861328063998 746.730034667984 487.7981474854326 999.4610000000685 15.249042968731374 22613.933894525435 1394143.4714910889    
84000 87000 29.312193359422963 742.6719516601443 479.93423228596544 997.4510000000009 23.462904296873603 22022.404578231814 1059525.0841822256    
87000 90000 58.86483593750745 735.2837910156231 478.997460186075 998.8919999999925 18.680097656266298 25887.06300396758 1471682.3777032394    
90000 93000 37.07574609370204 740.7310634765745 461.44597333199783 999.7860000000219 51.068933593749534 22594.148301867157 1433897.6775871224    
93000 96000 17.334421875013504 745.6663945312466 444.0767176251834 996.8080000000191 82.17767968750559 21447.29265581372 1317410.6517463378    
96000 99000 110.71989843744086 722.3200253906398 431.43990911039504 995.9749999999767 86.31510156247532 22437.82835414628 1344628.0090102633    
99000 102000 205.3229941406753 931.5590019531082 115.32374364719215 999.6439999999711 798.406005859375 19384.896325895654 1116404.9420710518    
102000 105000 12.1579218749539 746.9605195312615 378.8147383023388 998.7650000000722 197.5579941406031 22322.494446975208 1214463.630826951    
105000 108000 17.897171875054482 745.5257070312364 375.18333554271425 999.189000000013 204.32891601562733 21375.793583489543 1355700.2174209931    
108000 111000 14.466791015758645 746.3833022460603 367.1173766666875 998.1469999999972 218.16508789057843 20587.304196058125 1140307.0289331304    
111000 114000 17.51723242190201 745.6206918945245 363.7566670268347 997.1579999999958 224.15887890622253 19323.669514475347 1131251.9616946897    
114000 117000 603.3308886718587 599.1672778320353 381.93122429110304 997.7739999999758 227.31511132814921 19273.350573696443 1026119.6450993697    
117000 120000 61.68270117184147 734.5793247070396 336.45802209281544 998.9000000000233 292.581298828125 23609.74544135046 1337390.2870062909    
120000 123000 437.0913867186755 640.7271533203311 421.28901762501863 998.9050000000861 175.409912109375 21051.60689222959 1010822.8776403477    
123000 126000 265.50789257819997 683.62302685545 426.4149071741644 999.5619999999763 95.77001953119179 22430.95552579818 1137715.7108894857    
126000 129000 33.785914062464144 741.553521484384 443.923613019243 995.5410000000265 79.05810546869179 21461.581271241157 1290304.3977648285    
129000 132000 4.069828125066124 748.9825429687335 449.8481152481248 999.5019999999786 76.50927734375 24192.887989250972 1438732.740385219    
132000 135000 130.98327734373743 956.3389075520876 38.39659401160184 997.1219999999739 920.8857226562686 22923.714239539324 1290421.5602676426    
135000 138000 21.70701953128446 992.7643268229052 5.361285772014435 998.8479999999981 988.7299804686918 16304.29114259887 977011.4353403901    
138000 141000 17.630070312530734 745.5924824218673 491.0261262456569 998.630999999994 9.185019531229045 22053.15165093323 1233842.9575003306    
141000 144000 15.44682617194485 746.1382934570138 483.6564315092743 999.3059999999823 20.89908984367503 21999.23811004271 1308696.2755856717    
144000 147000 14.977072265581228 746.2557319336047 478.48933277239 998.4980000000214 28.940916015708353 24909.014183432228 1389948.3089650508    
147000 150000 15.330056640552357 746.1674858398619 473.5505148724416 998.4739999999874 36.62798828125233 21435.59888134097 1300599.9063228557    
150000 153000 26.594986328098457 743.3512534179754 465.3593342576723 998.7770000000019 46.34104492189363 23914.091794928885 1345355.8810998464    
153000 156000 15.370851562474854 746.1572871093813 459.6793614689897 995.4430000000284 57.81703124998603 20148.89838517179 1256984.2281456967    
156000 159000 10.026187499926891 747.4934531250183 458.9662026988154 998.8479999999981 60.58088281250093 22037.374156416547 1217781.8750165005    
159000 162000 358.5629296875559 660.359267578111 442.71923550199597 998.6579999999958 65.68307031248696 16715.341695134775 925042.1320236574    
162000 165000 755.7579062500154 748.0806979166615 394.2149892825244 995.869000000006 293.49609375 19599.807238630634 914116.5918630825    
165000 168000 6.156023437564727 748.4609941406088 333.80053575136344 998.9749999999185 292.1220703125 25162.206682775046 1423309.2662914046    
168000 171000 436.4130664062104 640.8967333984474 339.5899817075815 998.1849999999977 180.35400390625 21887.59603602201 1236784.0648768116    
171000 174000 61.57708984374767 734.6057275390631 414.3733649312189 999.2989999999991 125.8369140625 23347.608448974806 1384204.7392098818    
174000 177000 93.74388671875931 726.5640283203102 409.84549430762513 980.0760000000009 115.47802734375 18200.06554214694 989253.4938405498    
177000 180000 19.6770664062351 745.0807333984412 432.62018517306853 998.6759999999776 101.2099609375 24541.851279065726 1456829.982147926    
180000 183000 11.556031250045635 747.1109921874886 435.7861112640873 999.6999999999534 97.1279296875 26375.753259638455 1549376.6738445212    
183000 186000 1615.5878632812528 461.4707122395824 418.601502440671 941.8360000000102 174.76806640625 11034.69777446915 518487.9514744407    
186000 189000 84.31013281265041 728.9224667968374 391.7203274661108 999.9959999999846 168.3569335936918 26549.95597792567 1548802.9043117673    
189000 192000 9.884634765563533 747.5288413086091 395.55299375781937 997.4760000000242 166.081298828125 28098.664640545732 1561857.9504555995    
192000 195000 12.588294921908528 746.8529262695229 399.7618311645235 999.5699999999488 159.10400390625 19776.36413212886 1228726.7864824645    
195000 198000 83.06992382812314 729.2325190429692 421.258230238579 998.7619999999879 106.007080078125 22330.82571971686 1300215.7086262738    
198000 201000 41.79401757812593 739.5514956054685 443.59349316557694 999.1539999999804 78.9140625 24687.158867063055 1274484.3518532503    
201000 204000 7.988812500028871 748.0027968749928 450.4077769858539 999.7299999999814 74.78125 20316.227566275466 1133195.6107298825    
204000 207000 45.99028906249441 738.5024277343764 459.373733294179 997.6820000000298 52.2099609375 24210.660973712947 1222196.0036890542    
207000 210000 9.590025390614755 747.6024936523463 468.0663355528445 999.3680000000168 46.408935546875 24754.80748025243 1455087.2410902537    
210000 213000 10.850960937561467 747.2872597656096 471.02033399757863 999.5860000000102 41.573974609375 21892.843363977383 1082830.1941527051    
213000 216000 28.97706054674927 742.7557348633127 476.85936656787106 999.8710000000428 27.9619140625 20895.353649121123 1244841.6380086183    
216000 219000 27.556880859308876 743.1107797851728 485.9636562953231 999.7900000000373 14.384033203125 22002.978932053626 1066675.1978028025    
219000 222000 16.902037109364755 745.7744907226588 492.70992528340486 998.5420000000158 6.77099609375 25345.227837325863 1572423.2228919924    
222000 225000 524.7880449219374 825.0706516926875 166.59346262117953 992.9590039062314 659.8029999999562 22092.08824785536 1284773.4196687397    
225000 228000 9.897876953124069 747.525530761719 389.3360919359306 998.5289999999804 177.40604882815387 22134.995453359854 1119945.143272325    
228000 231000 1134.2961230468936 466.4259692382766 385.78540003927134 998.01800000004 179.2049257812323 13510.334914222822 872313.4984181476    
231000 234000 8.668705078074709 747.8328237304813 388.49767306622124 998.0820000000531 179.42724609375 26757.291614120182 1487245.085682392    
234000 237000 12.178246093681082 746.9554384765797 392.66586351201624 999.5320000000065 172.0 24163.0944067592 1417226.9736384102    
237000 240000 125.3736914062174 718.6565771484456 395.80673695386645 993.4960000000428 138.84130859375 19875.30807112702 1074145.3759022271    
240000 243000 7.6549941406119615 748.086251464847 414.14607211674553 999.9969999999739 134.497314453125 26508.96726874524 1461650.6849887294    
243000 246000 14.854433593689464 746.2863916015776 416.96272397760885 999.0760000000009 127.952880859375 22354.322086732063 1274787.047129024    
246000 249000 47.925921875052154 738.018519531237 426.06124864663155 999.9300000000512 105.407958984375 20977.734510716597 1246678.6945584556    
249000 252000 35.62286914070137 741.0942827148247 441.8537356860953 999.8299999999581 82.64208984375 20419.01598816398 1227609.576912741    
252000 255000 27.659093749942258 743.0852265625144 450.20848841489135 996.8260000000009 70.64599609375 21308.057813967203 1228761.338192455    
255000 258000 11.56504882813897 747.1087377929653 456.8263447634835 998.2970000000205 63.595947265625 21303.637601347582 1327154.773984641    
258000 261000 12.382855468662456 746.9042861328344 459.8397006695266 998.0010000000475 58.569091796875 18609.983250918594 1022793.844722977    
261000 264000 49.70797070313711 737.5730073242157 462.51655965104277 994.1210000000428 44.59912109375 22270.590116869913 1196164.6263036325    
264000 267000 8.986820312449709 747.7532949218876 469.84847494204007 998.6700000000419 43.63330078125 28197.36019836009 1532676.9744189586    
267000 270000 538.4003007812425 820.5332330729192 161.27111901256137 997.4710000000196 681.7836992187658 19874.56305491252 1130362.3685628623    
270000 273000 184.95406835933682 938.3486438802211 103.52840335998377 998.4459999999963 818.804931640625 24803.67047012767 1416206.5164927444    
273000 276000 312.5979316405719 671.850517089857 398.30437104858197 998.7610000000568 179.74706835940015 17316.32952987233 987888.4835072556    
276000 279000 823.6110097656492 725.4629967447836 471.6359377171477 998.2269999999553 180.864990234375 20384.389569465668 970636.1986704832    
279000 282000 59.82369921868667 735.0440751953283 413.7765323143673 998.6450000000186 127.873291015625 20022.077371269515 1056746.6540790412    
282000 285000 18.79730468755588 745.300673828111 422.1656790573048 998.35699999996 118.760986328125 24892.11059850156 1395106.4348541768    
285000 288000 26.626710937474854 743.3433222656313 430.116167993404 997.9250000000466 103.457275390625 18956.65467672424 1066564.920201912    
288000 291000 64.07725195307285 733.9806870117318 430.7903329862006 998.9599999999627 91.1240234375 28358.647326548366 1542864.8779519896    
291000 294000 13.453031249926426 746.6367421875184 441.75141246260637 997.01800000004 87.1669921875 21578.455324606315 1234874.2494041452    
294000 297000 287.1779921874404 904.2740026041865 91.61330810508218 998.6920000000391 815.75 21555.102381063996 1184963.931691688    
297000 300000 8.67000000004191 747.8324999999895 387.0463699442115 999.5509999999776 182.9780000000028 24013.625244558774 1353848.8309138862    
