ts te idle avg_span std_span max_span min_span c_bytes_all s_bytes_all avg_video_rate avg_audio_rate video_requests_sequence audio_requests_sequence
0 7000 6790.927978515625 209.072021484375  209.072021484375 209.072021484375 2779.0233132289086 89013.21353972596 0.0 128.0 - 6995.0#6995.0#128_7000.0#7000.0#128
7000 14000 93.66991015625536 863.2912612304681 297.1266795149839 999.5529999999999 150.589111328125 40776.00423510743 1645709.784869804 1111.111111111111 128.0 7002.0#7002.0#2300_7006.0#7006.0#2300_8744.0#8744.0#1500_8746.0#8746.0#1500_11231.0#11231.0#480_11232.0#11232.0#480_11923.0#11923.0#480_12680.0#12680.0#480_13518.0#13518.0#480 6995.0#6995.0#128_7000.0#7000.0#128_8808.0#8808.0#128_8811.0#8811.0#128_11393.0#11393.0#128_11394.0#11394.0#128_12029.0#12029.0#128_12831.0#12831.0#128_13619.0#13619.0#128
14000 21000 1288.7151640624943 815.8978337053579 270.04685818255433 998.0130000000063 343.345947265625 31285.294612694695 1124103.9121264913 560.0 128.0 13518.0#13518.0#480_14311.0#14311.0#480_15220.0#15220.0#480_16020.0#16020.0#480_16841.0#16841.0#480_17746.0#17746.0#480_18789.0#18789.0#480_20658.0#20658.0#840_20660.0#20660.0#840 13619.0#13619.0#128_14399.0#14399.0#128_15340.0#15340.0#128_16125.0#16125.0#128_16907.0#16907.0#128_17835.0#17835.0#128_18952.0#18952.0#128_20654.0#20654.0#128_20657.0#20657.0#128
21000 28000 3612.9409804687457 483.8655742187506 375.6204452714178 999.9559999999983 28.115966796875 23758.29094588451 1334023.78800442 1445.7142857142858 128.0 20660.0#20660.0#840_22901.0#22901.0#840_24163.0#24163.0#840_25674.0#25674.0#1500_25678.0#25678.0#1500_27666.0#27666.0#2300_27667.0#27667.0#2300 20657.0#20657.0#128_22908.0#22908.0#128_24161.0#24161.0#128_25670.0#25670.0#128_25671.0#25671.0#128_27659.0#27659.0#128_27662.0#27662.0#128
28000 35000 2449.8889667968833 910.0222066406234 123.79330124575307 996.3879999999917 704.8459999999977 26247.38689308446 2472660.301459559 2720.0 128.0 27667.0#27667.0#2300_29037.0#29037.0#2300_31043.0#31043.0#3000_31044.0#31044.0#3000_33034.0#33034.0#3000 29035.0#29035.0#128_31040.0#31040.0#128_31042.0#31042.0#128_33032.0#33032.0#128
35000 42000 2149.4789179687577 970.1042164062485 33.97737714966189 998.2289999999921 918.4490000000005 33096.154118495324 3217482.9145413833 3560.0 128.0 35029.0#35029.0#3000_37034.0#37034.0#3000_39034.0#39034.0#3000_41049.0#41049.0#4400_41051.0#41051.0#4400 35028.0#35028.0#128_37031.0#37031.0#128_39032.0#39032.0#128_41045.0#41045.0#128_41047.0#41047.0#128
42000 49000 29.818169921876688 871.2727287597654 346.8729506165694 999.8479999999981 13.141917968750931 33749.86158714392 3568177.42935442 4400.0 128.0 41051.0#41051.0#4400_43035.0#43035.0#4400_45036.0#45036.0#4400_47049.0#47049.0#4400 43032.0#43032.0#128_45033.0#45033.0#128_47046.0#47046.0#128
49000 56000 99.08464062502026 862.6144199218725 340.201745487773 999.755999999994 23.528087890619645 50534.85364744652 5220491.457210438 4400.0 128.0 49054.0#49054.0#4400_50381.0#50381.0#4400_51561.0#51561.0#4400_53023.0#53023.0#4400_55040.0#55040.0#4400 49050.0#49050.0#128_49152.0#49152.0#128_51621.0#51621.0#128_53152.0#53152.0#128_55038.0#55038.0#128
56000 63000 27.23597070312826 871.595503662109 321.4065637043862 999.9569999999949 80.11172851562151 37015.760436827404 3809129.0603406983 4400.0 128.0 55040.0#55040.0#4400_57022.0#57022.0#4400_59041.0#59041.0#4400_61032.0#61032.0#4400 57021.0#57021.0#128_59039.0#59039.0#128_61031.0#61031.0#128
63000 70000 211.9983066406421 848.5002116699197 319.86168188214333 999.7299999999959 92.145699218745 40006.18121588657 4161723.288826815 4400.0 128.0 63033.0#63033.0#4400_65023.0#65023.0#4400_67032.0#67032.0#4400_69025.0#69025.0#4400 63031.0#63031.0#128_65022.0#65022.0#128_67031.0#67031.0#128_69153.0#69153.0#128
70000 77000 789.0000664062536 776.3749916992183 392.2022518969637 999.7339999999967 30.450927734375 36072.11216314705 3592290.9802446747 4400.0 128.0 69025.0#69025.0#4400_71021.0#71021.0#4400_73036.0#73036.0#4400_75025.0#75025.0#4400 71154.0#71154.0#128_73155.0#73155.0#128_75155.0#75155.0#128
77000 84000 670.3518476562313 904.2354503348241 231.34292569553412 999.9080000000104 380.2069999999803 42676.87291041908 4258128.729613433 4400.0 128.0 77028.0#77028.0#4400_79024.0#79024.0#4400_81021.0#81021.0#4400_83027.0#83027.0#4400 77185.0#77185.0#128_79153.0#79153.0#128_81156.0#81156.0#128_83152.0#83152.0#128
84000 91000 30.333193359343568 871.208350830082 346.61621258084404 999.9330000000045 13.745919921886525 38360.79715118785 3680829.09047761 4400.0 128.0 83027.0#83027.0#4400_85021.0#85021.0#4400_87020.0#87020.0#4400_89034.0#89034.0#4400 85154.0#85154.0#128_87156.0#87156.0#128_89153.0#89153.0#128
91000 98000 192.66496679687407 850.9168791503907 341.6872096816817 999.9140000000043 22.9931132812344 41116.90023269986 4223356.472223684 4400.0 128.0 91022.0#91022.0#4400_93206.0#93206.0#4400_95032.0#95032.0#4400_97027.0#97027.0#4400 91154.0#91154.0#128_93662.0#93662.0#128_95152.0#95152.0#128_97155.0#97155.0#128
98000 105000 803.9758164062514 774.5030229492186 410.2475519678861 999.0470000000059 29.256103515625 45436.34516837118 4583163.017739156 4400.0 128.0 97027.0#97027.0#4400_98259.0#98259.0#4400_99607.0#99607.0#4400_101062.0#101062.0#4400_103054.0#103054.0#4400 98347.0#98347.0#128_99656.0#99656.0#128_101154.0#101154.0#128_103153.0#103153.0#128
105000 112000 133.5261132812593 980.9248409598201 17.702131015258846 997.835000000021 957.8759999999893 42954.099596534405 4196493.536468409 4400.0 128.0 105024.0#105024.0#4400_107020.0#107020.0#4400_109034.0#109034.0#4400_111028.0#111028.0#4400 105151.0#105151.0#128_107152.0#107152.0#128_109156.0#109156.0#128_111155.0#111155.0#128
112000 119000 43.61191210942343 869.5485109863221 348.5709212356735 999.2259999999951 7.488009765627794 38749.264988491625 3772133.559551603 4400.0 128.0 111028.0#111028.0#4400_113028.0#113028.0#4400_115020.0#115020.0#4400_117032.0#117032.0#4400 113155.0#113155.0#128_115154.0#115154.0#128_117153.0#117153.0#128
119000 126000 970.8481972656446 753.6439753417944 360.37221556258993 998.7159999999858 32.06892187500489 43756.50553726656 4447143.082695118 4400.0 128.0 119031.0#119031.0#4400_121034.0#121034.0#4400_123454.0#123454.0#4400_124809.0#124809.0#4400 119154.0#119154.0#128_121154.0#121154.0#128_123653.0#123653.0#128_124858.0#124858.0#128
126000 133000 2095.1753222656553 628.7345485839796 422.538605102127 999.9029999999912 28.55126953125 40551.70139969363 3542999.1742588645 4400.0 128.0 124809.0#124809.0#4400_127033.0#127033.0#4400_129035.0#129035.0#4400_131040.0#131040.0#4400 127153.0#127153.0#128_129159.0#129159.0#128_131160.0#131160.0#128
133000 140000 110.17938085939386 984.260088448658 16.905857621461614 999.3649999999907 958.5620000000054 43252.75616134129 4302249.363180129 4400.0 128.0 133037.0#133037.0#4400_135027.0#135027.0#4400_137029.0#137029.0#4400_139022.0#139022.0#4400 133159.0#133159.0#128_135154.0#135154.0#128_137156.0#137156.0#128_139155.0#139155.0#128
140000 147000 74.19091601562104 865.7261354980474 342.7241653169097 999.3349999999919 19.616111328126863 47142.79954745535 4648401.548384178 4400.0 128.0 139022.0#139022.0#4400_141027.0#141027.0#4400_143019.0#143019.0#4400_144134.0#144134.0#4400_145432.0#145432.0#4400 141154.0#141154.0#128_143157.0#143157.0#128_144158.0#144158.0#128_145579.0#145579.0#128
147000 154000 94.59003906248836 863.176245117189 340.7974688500564 999.429999999993 23.052027343743248 46129.329868179775 4715362.196839498 5660.0 128.0 147022.0#147022.0#4400_149033.0#149033.0#4400_151056.0#151056.0#6500_151057.0#151057.0#6500_153023.0#153023.0#6500 147154.0#147154.0#128_149030.0#149030.0#128_151053.0#151053.0#128_151055.0#151055.0#128_153022.0#153022.0#128
154000 161000 37.69383398434729 870.2882707519566 319.114274818473 999.627999999997 85.51506640625303 52346.12917065428 5667345.759246036 6500.0 128.0 153023.0#153023.0#6500_155033.0#155033.0#6500_157055.0#157055.0#6500_159097.0#159097.0#6500 155031.0#155031.0#128_157053.0#157053.0#128_159093.0#159093.0#128
161000 168000 64.0808515624376 866.9898935546953 313.99675855671484 999.7330000000075 101.07190039061243 44209.364235330024 4239582.713009162 4750.0 128.0 159097.0#159097.0#6500_161160.0#161160.0#4400_161163.0#161163.0#4400_163028.0#163028.0#4400_165023.0#165023.0#4400_167024.0#167024.0#4400 161172.0#161172.0#128_161175.0#161175.0#128_163155.0#163155.0#128_165153.0#165153.0#128_167153.0#167153.0#128
168000 175000 876.4552246092644 765.443096923842 418.16988886895797 999.8699999999953 28.6240234375 35277.184206388105 3567559.1711694207 4400.0 128.0 167024.0#167024.0#4400_169031.0#169031.0#4400_171029.0#171029.0#4400_173024.0#173024.0#4400 169152.0#169152.0#128_171154.0#171154.0#128_173155.0#173155.0#128
175000 182000 65.97597851557657 990.5748602120605 9.960663802070254 999.6469999999972 970.4219765625021 44389.82475356238 4267725.40470244 4400.0 128.0 175025.0#175025.0#4400_177024.0#177024.0#4400_179022.0#179022.0#4400_181021.0#181021.0#4400 175151.0#175151.0#128_177151.0#177151.0#128_179153.0#179153.0#128_181154.0#181154.0#128
182000 189000 118.22914453127305 860.2213569335909 343.03305791615287 999.8319999999949 14.44695507810684 42777.904619969566 4245543.322454427 4400.0 128.0 181021.0#181021.0#4400_183038.0#183038.0#4400_185036.0#185036.0#4400_187027.0#187027.0#4400_188355.0#188355.0#4400 183151.0#183151.0#128_185158.0#185158.0#128_187152.0#187152.0#128_188419.0#188419.0#128
189000 196000 242.606970703142 844.6741286621073 315.26713299293687 998.0599999999977 76.21709960934822 47821.29047259399 4604215.370303329 5100.0 128.0 188355.0#188355.0#4400_189563.0#189563.0#4400_191037.0#191037.0#4400_193036.0#193036.0#4400_195065.0#195065.0#6500_195066.0#195066.0#6500 189639.0#189639.0#128_191156.0#191156.0#128_193033.0#193033.0#128_195063.0#195063.0#128_195064.0#195064.0#128
196000 203000 2694.966873046709 615.0047324218987 447.1325722768658 997.7840000000433 28.758056640654104 35074.45078397435 3585168.9716910617 6500.0 128.0 195066.0#195066.0#6500_197082.0#197082.0#6500_199030.0#199030.0#6500_201034.0#201034.0#6500 197080.0#197080.0#128_199027.0#199027.0#128_201031.0#201031.0#128
203000 210000 140.1089648437628 979.9844335937481 20.124268148195604 996.1410000000033 947.0529999999853 51480.53496649729 4840779.059359689 5600.0 128.0 203073.0#203073.0#8000_203074.0#203074.0#8000_205202.0#205202.0#4400_205204.0#205204.0#4400_207037.0#207037.0#4400_209047.0#209047.0#4400 203070.0#203070.0#128_203071.0#203071.0#128_205308.0#205308.0#128_205309.0#205309.0#128_207152.0#207152.0#128_209151.0#209151.0#128
210000 217000 137.37602539063664 772.0509986979143 368.45041350081675 999.6849999999977 30.55690820311429 44603.36070843859 3820078.26319874 4400.0 128.0 209047.0#209047.0#4400_211037.0#211037.0#4400_213040.0#213040.0#4400_215045.0#215045.0#4400 211152.0#211152.0#128_213153.0#213153.0#128_215154.0#215154.0#128
217000 224000 82.07606250001118 864.7404921874986 244.1197936853762 997.7889999999607 389.0039199218736 53357.99070653567 5386023.909743765 5100.0 128.0 217031.0#217031.0#4400_218386.0#218386.0#4400_219450.0#219450.0#4400_221036.0#221036.0#4400_223049.0#223049.0#6500_223050.0#223050.0#6500 217155.0#217155.0#128_218646.0#218646.0#128_219651.0#219651.0#128_221034.0#221034.0#128_223046.0#223046.0#128_223046.0#223046.0#128
224000 231000 36.83404296878143 870.3957446289023 236.4078973621817 999.3479999999981 432.098982421885 51318.740272947325 5524804.417566184 6500.0 128.0 223050.0#223050.0#6500_225035.0#225035.0#6500_227030.0#227030.0#6500_229046.0#229046.0#6500 225033.0#225033.0#128_227029.0#227029.0#128_229042.0#229042.0#128
231000 238000 37.0750292968587 870.3656213378927 236.61025595486865 999.8130000000237 450.4500253906299 52442.94899911134 5785499.881373791 6500.0 128.0 231036.0#231036.0#6500_233030.0#233030.0#6500_235045.0#235045.0#6500_237031.0#237031.0#6500 231036.0#231036.0#128_233030.0#233030.0#128_235044.0#235044.0#128_237031.0#237031.0#128
238000 245000 42.15995898435358 869.7300051269558 237.74267694810777 999.8389999999781 468.1270546875021 53613.91394076491 5699595.904068975 6500.0 128.0 237031.0#237031.0#6500_239030.0#239030.0#6500_241047.0#241047.0#6500_243151.0#243151.0#6500 239028.0#239028.0#128_241047.0#241047.0#128_243060.0#243060.0#128
245000 252000 702.999044921773 899.5715650111753 189.15653569341416 998.7870000000112 491.6730136718834 49071.13748605158 5124752.902689066 5900.0 128.0 243151.0#243151.0#6500_245061.0#245061.0#4400_245064.0#245064.0#4400_247050.0#247050.0#6500_247052.0#247052.0#6500_249042.0#249042.0#6500_251103.0#251103.0#6500 245058.0#245058.0#128_245059.0#245059.0#128_247046.0#247046.0#128_247047.0#247047.0#128_249041.0#249041.0#128_251065.0#251065.0#128
252000 259000 122.90187890623929 775.9735544704859 362.5159402131659 999.984999999986 18.192058593733236 50223.864180679855 4614450.285661271 4820.0 128.0 251103.0#251103.0#6500_253125.0#253125.0#4400_253126.0#253126.0#4400_255036.0#255036.0#4400_257030.0#257030.0#4400 253163.0#253163.0#128_253164.0#253164.0#128_255154.0#255154.0#128_257154.0#257154.0#128
259000 266000 810.7266777342884 884.181903180816 215.5877659380533 998.6849999999977 421.10106835939223 46136.949612412136 4763227.190276889 4400.0 128.0 259030.0#259030.0#4400_261020.0#261020.0#4400_263046.0#263046.0#4400_264207.0#264207.0#4400_265399.0#265399.0#4400 259155.0#259155.0#128_261156.0#261156.0#128_263154.0#263154.0#128_264306.0#264306.0#128_265456.0#265456.0#128
266000 273000 75.23020898434334 865.5962238769571 340.8374977589921 998.8890000000247 23.88374609372113 46097.75828600836 4570985.859554922 5240.0 128.0 265399.0#265399.0#4400_267032.0#267032.0#4400_269044.0#269044.0#4400_271030.0#271030.0#6500_271031.0#271031.0#6500 267031.0#267031.0#128_269042.0#269042.0#128_271026.0#271026.0#128_271028.0#271028.0#128
273000 280000 58.717162109329365 867.6603547363338 324.49122812377647 999.4920000000275 67.96695507812547 53466.5890965501 5790007.466710307 6500.0 128.0 271031.0#271031.0#6500_273115.0#273115.0#6500_275031.0#275031.0#6500_277038.0#277038.0#6500_279042.0#279042.0#6500 273048.0#273048.0#128_275030.0#275030.0#128_277035.0#277035.0#128_279039.0#279039.0#128
280000 287000 49.6839667968452 868.7895041503944 317.1828756537362 999.8489999999874 88.7221171875135 52435.28622469981 5597181.589906124 6500.0 128.0 279042.0#279042.0#6500_281036.0#281036.0#6500_283092.0#283092.0#6500_285043.0#285043.0#6500 281036.0#281036.0#128_283062.0#283062.0#128_285041.0#285041.0#128
287000 294000 55.0438339842367 868.1195207519704 317.3397445458591 998.6809999999823 89.94808398437453 53337.56892895492 5850509.485332374 6500.0 128.0 285043.0#285043.0#6500_287113.0#287113.0#6500_289044.0#289044.0#6500_291050.0#291050.0#6500_293045.0#293045.0#6500 287063.0#287063.0#128_289043.0#289043.0#128_291048.0#291048.0#128_293044.0#293044.0#128
