ts te idle avg_span std_span max_span min_span c_bytes_all s_bytes_all avg_video_rate avg_audio_rate video_requests_sequence audio_requests_sequence
0 8000 4864.486679687456 783.8783300781361 417.34199932567327 998.210000000021 157.9033203125 20004.55731618566 438338.6792019675    
8000 16000 2667.7332382812165 888.7111269531306 169.92882567413753 998.6089999999967 564.3850000000093 25592.14171405414 618160.815082401    
16000 24000 113.88205664069392 876.2353270399229 316.3739867607681 999.4079999999958 36.38191796874162 28726.79979127147 700582.5819551303    
24000 32000 428.9480253905058 841.2279971788327 321.021046659856 999.5270000000019 83.3349746093736 34279.50117848873 858838.9237605011    
32000 40000 1701.755703124858 787.2805371093928 386.0942558377866 999.7160000000149 67.67300000000978 28193.47928652261 705836.2498927104    
40000 48000 1456.8902167968336 817.8887229003958 234.28020999049568 999.2810000000172 423.007080078125 31923.99465309806 1129250.3638940023    
48000 56000 1138.6539921875228 857.6682509765596 230.91768923586756 999.9820000000182 418.465087890625 57078.46323590452 2403079.1233027596    
56000 64000 73.6627910156385 880.7041343315957 236.5545167329268 999.9639999999781 367.279296875 56909.62431956214 2535793.640731704    
64000 72000 49.3403183593764 883.4066312934026 236.0515996419796 998.9650000000256 346.802978515625 53720.12646437085 2589968.799422031    
72000 80000 300.8560273438925 855.4604414062342 261.3107735956662 999.5929999999353 241.449951171875 52366.960988979874 2498513.4688250567    
80000 88000 37.92583203112008 884.6749075520978 260.3804081389913 998.484999999986 223.297119140625 55423.526844004205 2673754.2788663665    
88000 96000 764.0161289063981 904.4979838867002 115.28104018256224 998.5889999999781 726.1390000000247 53729.02588360862 2482896.024914487    
96000 104000 44.109037109534256 883.9878847656073 268.7082757138643 998.7430000000168 193.21000976557843 55311.17316297711 2643767.2600908745    
104000 112000 422.99695703125326 841.8892269965274 301.2995353240134 999.5580000000191 218.31204687501304 55429.153198902066 2627178.916303914    
112000 120000 54.129105468746275 882.874543836806 230.07146829485185 999.7480000000796 392.587890625 50701.43021294159 2408030.0488359677    
120000 128000 767.5368378906278 904.0578952636715 164.314525261435 999.390000000014 606.8031093750033 54494.66559704716 2539441.5834101513    
128000 136000 507.03511718765367 832.5516536458163 294.32504900691083 999.6390000000247 314.658935546875 56234.14723856029 2678633.1904861983    
136000 144000 521.7206796875107 934.7849150390612 120.33898514758471 999.7399999999907 684.2380644531222 54539.940919460074 2480088.81102477    
144000 152000 43.94831250014249 884.0057430555397 270.8594340322195 999.7689999999711 185.78274414059706 58177.156224341954 2611938.8418573425    
152000 160000 31.35482812509872 885.4050190972113 263.7028296109585 999.7000000000116 211.84105664060917 61342.75137764758 2769722.208278653    
160000 168000 137.37309374992037 873.6252118055644 256.65204160880285 999.2050000000163 223.76288476557238 53267.54567771115 2451398.16334955    
168000 176000 164.24902148440015 870.6389976128444 267.92256150783373 999.6060000000289 244.89797851559706 60052.83471436014 2624569.026513461    
176000 184000 743.4620996093145 907.0672375488357 258.8947241289974 999.7420000000275 266.347900390625 55210.26479579637 2543904.2978454656    
184000 192000 39.501873046858236 884.4997918836824 253.80460669407915 999.8159999999916 249.72802734375 54414.31173190534 2636749.610927758    
192000 200000 39.59303320327308 884.4896629774141 258.4671153524451 999.8149999999441 231.343994140625 54435.32696656327 2495884.945591101    
200000 208000 179.67587695317343 868.9249025607585 275.0033576174449 999.6210000000428 163.9951171875 55500.41181470025 2573801.0091570234    
208000 216000 402.0460039061727 949.7442495117284 79.8959847048703 999.3710000000428 811.14111328125 55472.75054750267 2659143.3951038355    
216000 224000 47.002193359308876 883.6664229600768 270.3359700390524 999.4980000000214 186.98188671877142 58091.62199442477 2648353.1040171403    
224000 232000 39.97679882810917 884.4470223524323 264.4286105871283 999.984999999986 211.61508007813245 57905.31949877182 2558542.9626285927    
232000 240000 41.23802343744319 884.3068862847285 256.722909743156 999.969000000041 239.09787890629377 57082.070667594606 2599425.3975928063    
240000 248000 346.6200996093685 850.375544487848 261.0501422904009 997.841999999946 259.82690234377515 57478.58107401886 2551068.160581403    
248000 256000 451.0298906250391 838.7744565972179 254.86444712522683 999.515999999945 411.1070019531762 56250.36492799163 2566291.7558959327    
256000 264000 40.07905859395396 884.4356601562273 227.9962817616717 999.6679999999469 402.050048828125 55525.59303621869 2624692.045267447    
264000 272000 627.4119550781325 819.1764494357631 277.0353424287802 999.7530000000261 308.62109375 53567.52611646096 2490162.9326987416    
272000 280000 92.51509570307098 878.6094338107699 260.5751929283652 999.719000000041 239.447998046875 51927.38027356469 2335832.356388295    
280000 288000 41.38672656239942 884.290363715289 261.51943742586957 999.8299999999581 220.353271484375 58719.09783091597 2704989.397348067    
288000 296000 61.94320117193274 882.0063109808964 266.39055439579226 998.8989999999758 199.6220703125 57833.06911419098 2575395.0060762    
296000 304000 3212.468070312403 957.5063859375193 91.41841509502831 999.0100000000093 793.9739296875196 34048.30960937911 1639616.6228801918    
