ts te idle avg_span std_span max_span min_span c_bytes_all s_bytes_all avg_video_rate avg_audio_rate video_requests_sequence audio_requests_sequence
0.0 5000.0 5000.0 0.0 0.0 0.0 0.0 0.0 0.0 0.0 0.0 - -
5000.0 10000.0 5000.0 0.0 0.0 0.0 0.0 0.0 0.0 0.0 0.0 - -
10000.0 15000.0 4821.988037109375 178.011962890625  178.011962890625 178.011962890625 1692.8418869159862 36083.228864217344 0.0 0.0 - -
15000.0 20000.0 39.7348496093764 826.7108583984373 338.32765891536644 999.4920000000275 151.39111328125 41450.6234492442 1274624.6483696334 288.0 128.0 15228.0#15228.0#288_15231.0#15231.0#288_15929.0#15929.0#288_16556.0#16556.0#288_17057.0#17057.0#288_17719.0#17719.0#288_18240.0#18240.0#288_18989.0#18989.0#288_19518.0#19518.0#288 15216.0#15216.0#128_15224.0#15224.0#128_15689.0#15689.0#128_16119.0#16119.0#128_16826.0#16826.0#128_17749.0#17749.0#128_18012.0#18012.0#128_18584.0#18584.0#128_19501.0#19501.0#128
20000.0 25000.0 1094.0048554686946 781.1990289062611 290.6005249681256 994.2910000000265 286.60999999998603 22853.084704291705 721801.4434379789 508.8 128.0 19518.0#19518.0#288_20152.0#20152.0#288_21481.0#21481.0#288_23708.0#23708.0#840_23711.0#23711.0#840 19501.0#19501.0#128_20032.0#20032.0#128_21477.0#21477.0#128_23702.0#23702.0#128_23704.0#23704.0#128
25000.0 30000.0 74.21433984383475 820.9642766926942 322.0312745795584 999.9409999999916 201.01874218747253 29993.639438233902 867285.7632993457 840.0 128.0 23711.0#23711.0#840_25484.0#25484.0#840_27202.0#27202.0#840_29198.0#29198.0#840 25480.0#25480.0#128_27219.0#27219.0#128_29195.0#29195.0#128
30000.0 35000.0 63.84881835937267 822.6918636067712 293.071535113119 999.4980000000214 268.64208203123417 23993.131151167112 546047.7672751258 840.0 128.0 29198.0#29198.0#840_31381.0#31381.0#840_33196.0#33196.0#840 31376.0#31376.0#128_33193.0#33193.0#128
35000.0 40000.0 558.1249980468419 740.3125003255263 356.12663250384725 998.8030000000144 267.5079003905994 27814.120083215315 762938.1563140048 840.0 128.0 35231.0#35231.0#840_36736.0#36736.0#840_38697.0#38697.0#840 35223.0#35223.0#128_36734.0#36734.0#128_38695.0#38695.0#128
40000.0 45000.0 63.570851562486496 822.7381914062522 299.43946528517546 996.4780000000028 261.78125 25291.45461052911 641764.8382193432 840.0 128.0 38697.0#38697.0#840_40699.0#40699.0#840_42703.0#42703.0#840_44700.0#44700.0#840 40696.0#40696.0#128_42699.0#42699.0#128_44694.0#44694.0#128
45000.0 50000.0 1350.3101386718336 729.9379722656333 351.05592177118444 999.3919999999925 140.01600000000326 22508.936093340213 649567.8691228605 840.0 128.0 44700.0#44700.0#840_46328.0#46328.0#840_49462.0#49462.0#840 44694.0#44694.0#128_46697.0#46697.0#128_49459.0#49459.0#128
50000.0 55000.0 759.6618652344914 706.7230224609181 366.12307706028776 998.9539999999688 212.46088867192157 34703.032914602365 807385.5243026642 840.0 128.0 49462.0#49462.0#840_50686.0#50686.0#840_52699.0#52699.0#840_54273.0#54273.0#840 50225.0#50225.0#128_52696.0#52696.0#128_54289.0#54289.0#128
55000.0 60000.0 72.24724804691505 821.2921253255141 296.30060774342496 997.7189999999828 265.697998046875 27806.690000519335 685274.2283467923 840.0 128.0 54273.0#54273.0#840_56190.0#56190.0#840_58190.0#58190.0#840_59695.0#59695.0#840 56187.0#56187.0#128_58188.0#58188.0#128_59691.0#59691.0#128
60000.0 65000.0 772.8047167968471 845.4390566406306 143.52969701575086 998.9800000000396 696.1809999999823 25622.29906893804 684821.1441719132 840.0 128.0 59695.0#59695.0#840_62187.0#62187.0#840_63630.0#63630.0#840 62185.0#62185.0#128_63694.0#63694.0#128
65000.0 70000.0 176.02398828120204 803.996001953133 343.7890952664626 998.2330000000075 143.38971875002608 23591.02206262742 576988.1733738874 840.0 128.0 63630.0#63630.0#840_65698.0#65698.0#840_67431.0#67431.0#840_69688.0#69688.0#840 65696.0#65696.0#128_67428.0#67428.0#128_69685.0#69685.0#128
70000.0 75000.0 466.97532031248556 755.5041132812524 353.4519246226356 997.8619999999646 295.4487070312607 26493.18149656986 686101.9625317974 840.0 128.0 69688.0#69688.0#840_71457.0#71457.0#840_73693.0#73693.0#840 71454.0#71454.0#128_73691.0#73691.0#128
75000.0 80000.0 527.5196953125997 894.49606093748 136.14059116719852 996.1630000000005 692.3750273437472 31311.535250124733 686720.2329180269 840.0 128.0 73693.0#73693.0#840_75332.0#75332.0#840_77194.0#77194.0#840_79188.0#79188.0#840 75330.0#75330.0#128_77191.0#77191.0#128_79185.0#79185.0#128
80000.0 85000.0 760.5132773438236 706.581120442696 378.019649055889 996.5040000000154 184.95972265617456 22660.548770604204 523512.4440659552 840.0 128.0 79188.0#79188.0#840_81184.0#81184.0#840_83302.0#83302.0#840 81182.0#81182.0#128_83299.0#83299.0#128
85000.0 90000.0 2012.6500351563445 597.469992968731 465.6544492842235 995.4619999999995 0.0 17806.608865192044 450204.73981846904 840.0 128.0 85273.0#85273.0#840_89272.0#89272.0#840 85272.0#85272.0#128_89266.0#89266.0#128_89857.0#89857.0#128
90000.0 95000.0 649.7998632814852 725.0333561197525 373.95695566138824 998.5429999999469 198.45303515618434 29066.101231025244 643747.9500226906 634.2857142857143 128.0 89272.0#89272.0#840_90755.0#90755.0#480_90756.0#90756.0#480_91875.0#91875.0#480_93265.0#93265.0#480_94703.0#94703.0#840_94707.0#94707.0#840 89857.0#89857.0#128_90691.0#90691.0#128_93260.0#93260.0#128_93264.0#93264.0#128_94700.0#94700.0#128_94701.0#94701.0#128
95000.0 100000.0 59.51512890623417 823.4141451822943 301.3953538639092 998.2430000000168 256.77197265625 31062.63527765056 778993.9633643077 840.0 128.0 94707.0#94707.0#840_96695.0#96695.0#840_98303.0#98303.0#840 94701.0#94701.0#128_96691.0#96691.0#128_98690.0#98690.0#128
100000.0 105000.0 639.7467089844868 872.0506582031027 123.65251175451235 996.9529999999795 740.2890273436788 26190.65754876846 633445.5186700574 840.0 128.0 100237.0#100237.0#840_102213.0#102213.0#840_104202.0#104202.0#840 100232.0#100232.0#128_102202.0#102202.0#128_104199.0#104199.0#128
105000.0 110000.0 1907.0823398439097 618.583532031218 437.5317577531954 999.5249999999651 71.1819999999716 22952.37718778972 570634.6760102202 840.0 128.0 104202.0#104202.0#840_107273.0#107273.0#840_108836.0#108836.0#840_109985.0#109985.0#840 107269.0#107269.0#128_108189.0#108189.0#128
110000.0 115000.0 71.71497460961109 821.3808375650648 316.2539441116287 998.9449999999488 205.69007617188618 31163.0489487396 821805.1796143658 840.0 128.0 108836.0#108836.0#840_109985.0#109985.0#840_111736.0#111736.0#840_113715.0#113715.0#840 110222.0#110222.0#128_111721.0#111721.0#128_113714.0#113714.0#128
115000.0 120000.0 170.8246523438138 804.8625579426977 318.39648413259766 997.8479999999981 202.2160507812514 25694.20007591288 692679.1302956719 840.0 128.0 113715.0#113715.0#840_115709.0#115709.0#840_117707.0#117707.0#840_119339.0#119339.0#840 115704.0#115704.0#128_117705.0#117705.0#128_119417.0#119417.0#128
120000.0 125000.0 347.8462968749809 775.3589505208365 338.54070402981216 998.4780000000028 310.3937031250098 25979.229883997992 639824.4175906716 840.0 128.0 119339.0#119339.0#840_121247.0#121247.0#840_123197.0#123197.0#840 121240.0#121240.0#128_123196.0#123196.0#128
125000.0 130000.0 3985.841000000073 507.07949999996345 548.4991946325039 894.9269999999669 119.23199999995995 9863.0 180581.0 288.0 128.0 128856.0#128856.0#288_128860.0#128860.0#288 128844.0#128844.0#128_128851.0#128851.0#128_129251.0#129251.0#128
130000.0 135000.0 2189.6840000000666 936.7719999999778 54.37547159338321 999.0810000000056 898.9179999999469 22089.0 492704.0 364.8 128.0 130213.0#130213.0#288_130709.0#130709.0#288_131500.0#131500.0#288_133226.0#133226.0#480_133230.0#133230.0#480 130687.0#130687.0#128_131490.0#131490.0#128_133216.0#133216.0#128_133221.0#133221.0#128
135000.0 140000.0 1747.6330000001471 813.0917499999632 314.00712602143284 997.2139999999199 345.49599999998463 21437.0 502810.0 480.0 128.0 135284.0#135284.0#480_136700.0#136700.0#480_138724.0#138724.0#480 135276.0#135276.0#128_136695.0#136695.0#128_138717.0#138717.0#128
140000.0 145000.0 2787.3379687499837 737.5540104166721 370.762275123669 961.2690000000293 309.58203125 16392.98790942813 373464.13065314497 480.0 128.0 141279.0#141279.0#480_142698.0#142698.0#480_144693.0#144693.0#480 141273.0#141273.0#128_142693.0#142693.0#128_144689.0#144689.0#128
145000.0 150000.0 2601.379039062478 599.6552402343805 371.50934307110145 867.2310000000289 53.647999999986496 20418.87998030941 493887.7538869317 660.0 128.0 144693.0#144693.0#480_146197.0#146197.0#480_149297.0#149297.0#840_149303.0#149303.0#840 146195.0#146195.0#128_149288.0#149288.0#128_149293.0#149293.0#128
150000.0 155000.0 67.20005468762247 822.1333242187296 316.4362077729012 997.7839999999851 204.4010078125284 31571.008697996403 779441.0364194397 840.0 128.0 149303.0#149303.0#840_150699.0#150699.0#840_151935.0#151935.0#840_154200.0#154200.0#840 150225.0#150225.0#128_152203.0#152203.0#128_154195.0#154195.0#128
155000.0 160000.0 64.33798046881566 822.6103365885307 302.81075077211796 999.7639999999665 238.56306249997579 29500.327841480834 756340.4130326074 840.0 128.0 154200.0#154200.0#840_156207.0#156207.0#840_157795.0#157795.0#840_159695.0#159695.0#840 156202.0#156202.0#128_157761.0#157761.0#128_159694.0#159694.0#128
160000.0 165000.0 477.06400781241246 753.8226653645979 368.37440816100735 999.8680000000168 256.8130429688026 25765.545211475455 664814.2003631535 840.0 128.0 159695.0#159695.0#840_161721.0#161721.0#840_163706.0#163706.0#840 161714.0#161714.0#128_163697.0#163697.0#128
165000.0 170000.0 29.2800625001546 828.4533229166409 290.2707320457319 999.9729999999981 289.1088867186918 28676.188786359908 740092.9672524747 840.0 128.0 165701.0#165701.0#840_167378.0#167378.0#840_169289.0#169289.0#840 165694.0#165694.0#128_167400.0#167400.0#128_169286.0#169286.0#128
170000.0 175000.0 644.3838730468415 871.1232253906317 128.99218519155707 999.2449999999953 707.7481132812682 25884.485614535766 609798.9891157588 840.0 128.0 169289.0#169289.0#840_171255.0#171255.0#840_173210.0#173210.0#840 171250.0#171250.0#128_173205.0#173205.0#128
175000.0 180000.0 70.82501757814316 821.5291637369761 316.3046673617651 998.1720000000787 208.4659863281413 25043.626180802537 685319.4706169806 840.0 128.0 175202.0#175202.0#840_177197.0#177197.0#840_179268.0#179268.0#840 175198.0#175198.0#128_177193.0#177193.0#128_179261.0#179261.0#128
180000.0 185000.0 649.9947285155067 725.0008785807489 361.0897570761056 999.8510000000242 247.87400390632683 28568.172542479864 714628.780261346 840.0 128.0 179268.0#179268.0#840_180728.0#180728.0#840_182707.0#182707.0#840_184703.0#184703.0#840 180695.0#180695.0#128_182699.0#182699.0#128_184700.0#184700.0#128
185000.0 190000.0 1133.0461542968987 773.3907691406203 255.17367349726726 998.4490000000224 377.5229999999865 27779.210296236684 708450.2173181353 840.0 128.0 184703.0#184703.0#840_187266.0#187266.0#840_188529.0#188529.0#840 187261.0#187261.0#128_188689.0#188689.0#128
190000.0 195000.0 1788.1100136720343 642.3779972655932 424.2566390716447 998.5819999999367 18.338886718731374 23387.580901572204 560934.9920718063 840.0 128.0 188529.0#188529.0#840_190700.0#190700.0#840_193271.0#193271.0#840_194626.0#194626.0#840 190692.0#190692.0#128_193266.0#193266.0#128_194685.0#194685.0#128
195000.0 200000.0 1492.5431542968145 701.4913691406371 340.8158811574988 997.5970000000088 204.40290039061802 23631.373580504824 582734.2959407722 840.0 128.0 194626.0#194626.0#840_196205.0#196205.0#840_199349.0#199349.0#840 194685.0#194685.0#128_196200.0#196200.0#128_199343.0#199343.0#128
200000.0 205000.0 746.5398359374958 708.9100273437507 371.4688491934519 999.469000000041 205.3080546875135 30882.214043635435 756427.5612274654 840.0 128.0 199349.0#199349.0#840_200997.0#200997.0#840_202133.0#202133.0#840_204222.0#204222.0#840 200215.0#200215.0#128_202200.0#202200.0#128_204219.0#204219.0#128
205000.0 210000.0 60.51202343753539 823.2479960937441 308.9343690377551 996.0810000000056 220.12989062501583 27511.2858551199 643405.975650828 840.0 128.0 204222.0#204222.0#840_206190.0#206190.0#840_207636.0#207636.0#840_209695.0#209695.0#840 206188.0#206188.0#128_207684.0#207684.0#128_209692.0#209692.0#128
210000.0 215000.0 36.739824218675494 827.2100292968875 307.5334489683739 996.2859999999637 230.17491406248882 26891.435841623475 644746.8165668962 840.0 128.0 209695.0#209695.0#840_211687.0#211687.0#840_213703.0#213703.0#840 209692.0#209692.0#128_211683.0#211683.0#128_213698.0#213698.0#128
215000.0 220000.0 25.86120312497951 829.0231328125034 305.2203958663533 999.8630000000121 240.53973828128073 30753.356646758446 777880.7096342775 840.0 128.0 213703.0#213703.0#840_215694.0#215694.0#840_217357.0#217357.0#840_219209.0#219209.0#840 215690.0#215690.0#128_217191.0#217191.0#128_219205.0#219205.0#128
220000.0 225000.0 29.710156249813735 828.3816406250311 303.0170311482013 998.3170000000391 246.58294140629005 24138.663607523 572720.3739264657 840.0 128.0 219209.0#219209.0#840_221206.0#221206.0#840_223200.0#223200.0#840 221200.0#221200.0#128_223196.0#223196.0#128
225000.0 230000.0 526.4148867188487 745.5975188801918 364.3112239209416 999.890000000014 258.2610976562137 29385.96746042852 761536.658360839 840.0 128.0 225281.0#225281.0#840_226903.0#226903.0#840_228700.0#228700.0#840 225276.0#225276.0#128_227190.0#227190.0#128_228695.0#228695.0#128
230000.0 235000.0 974.3110156250186 805.1377968749963 271.4334727814319 998.5389999999898 378.3880000000354 23324.68900172919 553645.6577006772 840.0 128.0 231206.0#231206.0#840_232698.0#232698.0#840 230687.0#230687.0#128_232693.0#232693.0#128
235000.0 240000.0 511.4660000000149 897.706799999997 220.3560959826374 998.4919999999693 503.530999999959 33963.0 833282.0 840.0 128.0 235221.0#235221.0#840_236462.0#236462.0#840_238321.0#238321.0#840 235212.0#235212.0#128_236686.0#236686.0#128_238687.0#238687.0#128
240000.0 245000.0 2002.1089414062444 749.4727646484389 361.59926085918534 999.48199999996 232.31005859375 21453.616232843782 530235.7083133211 840.0 128.0 241283.0#241283.0#840_242405.0#242405.0#840_244769.0#244769.0#840 241278.0#241278.0#128_242688.0#242688.0#128_244766.0#244766.0#128
245000.0 250000.0 409.8441054687137 765.025982421881 366.74630504911426 999.0130000000354 50.376953125 31276.75496212477 771356.0613525594 6210.0 128.0 244769.0#244769.0#840_246942.0#246942.0#8000_246944.0#246944.0#8000_248207.0#248207.0#8000 244766.0#244766.0#128_246936.0#246936.0#128_246939.0#246939.0#128_248203.0#248203.0#128
250000.0 255000.0 667.6988710936857 866.4602257812628 170.59282636887997 997.3830000000307 599.6920000000391 29745.67785394124 612388.9835804369 2124.4444444444443 128.0 246944.0#246944.0#8000_248207.0#248207.0#8000_250063.0#250063.0#288_250073.0#250073.0#288_250681.0#250681.0#288_251348.0#251348.0#288_251822.0#251822.0#288_254205.0#254205.0#840_254207.0#254207.0#840 250187.0#250187.0#128_250194.0#250194.0#128_250693.0#250693.0#128_251702.0#251702.0#128_254198.0#254198.0#128_254204.0#254204.0#128
255000.0 260000.0 42.187085937475786 826.3021523437541 316.75263520433157 999.9050000000279 205.01491796877235 29618.745895762117 744311.0602046091 840.0 128.0 254207.0#254207.0#840_255766.0#255766.0#840_257700.0#257700.0#840_259726.0#259726.0#840 255693.0#255693.0#128_257693.0#257693.0#128_259721.0#259721.0#128
260000.0 265000.0 30.342966796830297 828.2761722005283 311.79450165070136 999.2780000000494 223.56600390630774 26840.57944872185 628538.2566260612 840.0 128.0 259726.0#259726.0#840_261699.0#261699.0#840_263698.0#263698.0#840 261694.0#261694.0#128_263693.0#263693.0#128
265000.0 270000.0 36.94700976565946 827.17549837239 306.38405781301793 998.9449999999488 241.1069707031129 28215.51058702233 699819.0102107623 840.0 128.0 263698.0#263698.0#840_265691.0#265691.0#840_267308.0#267308.0#840_269210.0#269210.0#840 265690.0#265690.0#128_267304.0#267304.0#128_269203.0#269203.0#128
270000.0 275000.0 105.37206250010058 815.7713229166499 299.71021540505615 997.1269999999786 260.98698046873324 29133.739242884298 603000.932433561 840.0 128.0 269210.0#269210.0#840_271286.0#271286.0#840_273200.0#273200.0#840 271281.0#271281.0#128_273196.0#273196.0#128
275000.0 280000.0 67.51297460938804 822.0811708984353 292.4711134340878 999.8079999999609 299.3810429687146 26720.14191592534 647432.980381984 840.0 128.0 275288.0#275288.0#840_277192.0#277192.0#840_279304.0#279304.0#840 275283.0#275283.0#128_277189.0#277189.0#128_279293.0#279293.0#128
280000.0 285000.0 1173.0808964843163 765.3838207031367 266.8989315140018 998.3860000000568 349.24701757810544 29566.307025937178 754393.4091799475 840.0 128.0 279304.0#279304.0#840_280539.0#280539.0#840_283278.0#283278.0#840_284573.0#284573.0#840 280690.0#280690.0#128_283277.0#283277.0#128_284694.0#284694.0#128
285000.0 290000.0 989.8770859375363 802.0245828124928 334.66834184335096 997.5649999999441 209.80591406254098 29286.926834837097 675098.5977167577 840.0 128.0 284573.0#284573.0#840_286702.0#286702.0#840_288207.0#288207.0#840 284694.0#284694.0#128_286697.0#286697.0#128_288201.0#288201.0#128
290000.0 295000.0 300.70573046873324 939.8588539062533 102.99171108155771 999.4899999999907 757.05126953125 27752.456825833484 730248.546587658 840.0 128.0 290221.0#290221.0#840_292195.0#292195.0#840_294202.0#294202.0#840 290216.0#290216.0#128_292189.0#292189.0#128_294199.0#294199.0#128
295000.0 300000.0 119.14332031249069 813.4761132812515 311.30142699487567 998.8710000000428 239.95073046872858 26988.569583371223 719138.0457072712 840.0 128.0 294202.0#294202.0#840_296199.0#296199.0#840_298192.0#298192.0#840_299725.0#299725.0#840 296196.0#296196.0#128_298188.0#298188.0#128_299719.0#299719.0#128
