ts te idle avg_span std_span max_span min_span c_bytes_all s_bytes_all avg_video_rate avg_audio_rate video_requests_sequence audio_requests_sequence
0.0 5000.0 5000.0 0.0 0.0 0.0 0.0 0.0 0.0 0.0 0.0 - -
5000.0 10000.0 5000.0 0.0 0.0 0.0 0.0 0.0 0.0 0.0 0.0 - -
10000.0 15000.0 5000.0 0.0 0.0 0.0 0.0 0.0 0.0 0.0 0.0 - -
15000.0 20000.0 5000.0 0.0 0.0 0.0 0.0 0.0 0.0 0.0 0.0 - -
20000.0 25000.0 5000.0 0.0 0.0 0.0 0.0 0.0 0.0 0.0 0.0 - -
25000.0 30000.0 5000.0 0.0 0.0 0.0 0.0 0.0 0.0 0.0 0.0 - -
30000.0 35000.0 5000.0 0.0 0.0 0.0 0.0 0.0 0.0 0.0 0.0 - -
35000.0 40000.0 5000.0 0.0 0.0 0.0 0.0 0.0 0.0 0.0 0.0 - -
40000.0 45000.0 5000.0 0.0 0.0 0.0 0.0 0.0 0.0 0.0 0.0 - -
45000.0 50000.0 5000.0 0.0 0.0 0.0 0.0 0.0 0.0 0.0 0.0 - -
50000.0 55000.0 5000.0 0.0 0.0 0.0 0.0 0.0 0.0 0.0 0.0 - -
55000.0 60000.0 5000.0 0.0 0.0 0.0 0.0 0.0 0.0 0.0 0.0 - -
60000.0 65000.0 5000.0 0.0 0.0 0.0 0.0 0.0 0.0 0.0 0.0 - -
65000.0 70000.0 5000.0 0.0 0.0 0.0 0.0 0.0 0.0 0.0 0.0 - -
70000.0 75000.0 979.1946933593717 804.1610613281257 181.1462663166306 994.0639999999985 615.3840000000055 18459.80771633857 276360.7155687965 288.0 128.0 72190.0#72190.0#288_72192.0#72192.0#288_73518.0#73518.0#288 70086.0#70086.0#128_72187.0#72187.0#128_73533.0#73533.0#128
75000.0 80000.0 93.33636132815445 817.7772731119743 281.0844082794682 995.6509999999835 342.4936933593708 11744.509776401685 389522.22156477795 288.0 128.0 73518.0#73518.0#288_75246.0#75246.0#288_76842.0#76842.0#288_78830.0#78830.0#288 73533.0#73533.0#128_75403.0#75403.0#128_78250.0#78250.0#128_79617.0#79617.0#128
80000.0 85000.0 109.03665820312744 815.1605569661455 270.62905901757676 995.9539999999979 397.21205468749395 9847.350007490111 324587.598549913 288.0 128.0 78830.0#78830.0#288_80808.0#80808.0#288_82081.0#82081.0#288_84606.0#84606.0#288 79617.0#79617.0#128_81871.0#81871.0#128_83363.0#83363.0#128
85000.0 90000.0 81.27036328123359 819.7882727864611 272.51783668417573 998.4340000000084 449.64471289064386 9220.72686031628 295267.3046813666 288.0 128.0 84606.0#84606.0#288_87068.0#87068.0#288_89512.0#89512.0#288 83363.0#83363.0#128_85508.0#85508.0#128_88278.0#88278.0#128_89931.0#89931.0#128
90000.0 95000.0 76.05762890624464 820.6570618489592 266.20898147198614 994.3360000000102 448.477294921875 8395.60849608589 325269.94797393476 288.0 128.0 89512.0#89512.0#288_90958.0#90958.0#288_92858.0#92858.0#288_94618.0#94618.0#288 89931.0#89931.0#128_92278.0#92278.0#128_93952.0#93952.0#128
95000.0 100000.0 75.56025781251083 820.7399570312482 268.5157637975261 999.0939999999973 417.488037109375 8292.107003006126 380227.7277050223 288.0 128.0 92858.0#92858.0#288_94618.0#94618.0#288_96288.0#96288.0#288_97727.0#97727.0#288_98964.0#98964.0#288 93952.0#93952.0#128_95375.0#95375.0#128_97514.0#97514.0#128_98446.0#98446.0#128_99766.0#99766.0#128
100000.0 105000.0 50.01843750002445 742.9390375433965 337.8653412427885 999.880999999994 169.318115234375 18296.524238785685 555165.2209519583 288.0 128.0 98964.0#98964.0#288_100411.0#100411.0#288_101736.0#101736.0#288_103792.0#103792.0#288 99766.0#99766.0#128_101277.0#101277.0#128_102821.0#102821.0#128_104082.0#104082.0#128
105000.0 110000.0 777.285220703081 717.254253255213 367.1485766078061 998.3080000000191 80.8107402343594 10296.834877770338 460898.0073561113 288.0 128.0 101736.0#101736.0#288_105072.0#105072.0#288_106202.0#106202.0#288_108091.0#108091.0#288_109893.0#109893.0#288 105086.0#105086.0#128_106242.0#106242.0#128_108088.0#108088.0#128_109590.0#109590.0#128
110000.0 115000.0 56.043787109374534 823.9927021484376 370.07920558088506 999.9700000000012 73.68010546875303 8636.045011946968 271620.3651402072 288.0 128.0 109893.0#109893.0#288_111371.0#111371.0#288_113039.0#113039.0#288_114703.0#114703.0#288 109590.0#109590.0#128_111589.0#111589.0#128_113708.0#113708.0#128
115000.0 120000.0 54.01900195311464 824.3301663411476 354.1882523010441 996.9510000000009 109.10789257811848 9793.687415106326 337256.61926467164 288.0 128.0 113039.0#113039.0#288_114703.0#114703.0#288_116639.0#116639.0#288_118237.0#118237.0#288_119928.0#119928.0#288 113708.0#113708.0#128_115921.0#115921.0#128_117701.0#117701.0#128_119333.0#119333.0#128
120000.0 125000.0 172.59510546879028 804.5674824218682 347.45603315426075 992.4869999999937 125.13889453123556 10666.798596752022 336256.27124324057 288.0 128.0 119928.0#119928.0#288_122086.0#122086.0#288_123617.0#123617.0#288 119333.0#119333.0#128_120382.0#120382.0#128_121839.0#121839.0#128_123610.0#123610.0#128
125000.0 130000.0 1012.7580839843722 797.4483832031256 306.44846071210424 994.5970000000088 288.138916015625 7965.788847248703 264364.4926269093 288.0 128.0 125597.0#125597.0#288_127164.0#127164.0#288_129949.0#129949.0#288 125594.0#125594.0#128_127080.0#127080.0#128_129710.0#129710.0#128
130000.0 135000.0 87.72264843751327 818.7128919270812 304.15015658855623 999.8839999999909 246.499267578125 9620.452459089816 322940.02355764015 288.0 128.0 129949.0#129949.0#288_132024.0#132024.0#288_132599.0#132599.0#288_134297.0#134297.0#288 129710.0#129710.0#128_130588.0#130588.0#128_132087.0#132087.0#128_134089.0#134089.0#128
135000.0 140000.0 80.64122460936778 819.893129231772 312.8521322990217 997.564000000013 213.89404296875 9044.725887225966 288085.2967750909 288.0 128.0 134297.0#134297.0#288_135743.0#135743.0#288_137535.0#137535.0#288_139438.0#139438.0#288 134089.0#134089.0#128_136091.0#136091.0#128_138131.0#138131.0#128
140000.0 145000.0 79.66877734375885 820.0552037760402 324.88044882256884 992.4020000000019 178.947265625 9198.445712153452 273391.2588745395 288.0 128.0 139438.0#139438.0#288_141040.0#141040.0#288_142998.0#142998.0#288_144771.0#144771.0#288 138131.0#138131.0#128_140329.0#140329.0#128_142362.0#142362.0#128_144245.0#144245.0#128
145000.0 150000.0 52.6393535156094 824.5601077473984 336.0208274712807 999.8550000000105 156.159912109375 11975.011074093787 385090.1054529742 288.0 128.0 142998.0#142998.0#288_144771.0#144771.0#288_146656.0#146656.0#288_147834.0#147834.0#288_149726.0#149726.0#288 144245.0#144245.0#128_145833.0#145833.0#128_147122.0#147122.0#128_148834.0#148834.0#128
150000.0 155000.0 56.18959960938082 823.9684000651032 345.56903949808776 997.6050000000105 130.1953125 9949.052662875767 306157.42546336725 288.0 128.0 149726.0#149726.0#288_151586.0#151586.0#288_153491.0#153491.0#288 148834.0#148834.0#128_150107.0#150107.0#128_151634.0#151634.0#128_153464.0#153464.0#128
155000.0 160000.0 41.16635742186918 826.4722737630218 357.50297374456363 998.439000000013 104.928955078125 9927.57171158998 289457.9010700983 288.0 128.0 153491.0#153491.0#288_155338.0#155338.0#288_156888.0#156888.0#288_158292.0#158292.0#288 155089.0#155089.0#128_156914.0#156914.0#128_158891.0#158891.0#128
160000.0 165000.0 85.65091015625512 819.0581816406242 370.9081807583652 995.1659999999974 66.196044921875 7418.337124001367 195165.01808091966 288.0 128.0 158292.0#158292.0#288_160589.0#160589.0#288_161982.0#161982.0#288_164299.0#164299.0#288 158891.0#158891.0#128_160702.0#160702.0#128
165000.0 170000.0 97.94007226557005 817.0099879557383 391.5966648101934 997.9709999999905 19.646972656279104 6268.645378777493 195407.3584387091 288.0 128.0 161982.0#161982.0#288_164299.0#164299.0#288_166706.0#166706.0#288_169590.0#169590.0#288 167471.0#167471.0#128
170000.0 175000.0 72.61600195313804 985.4767996093724 12.695548696054248 994.9210000000021 967.7320273437072 8614.02650802269 255785.34047598546 288.0 128.0 169590.0#169590.0#288_171589.0#171589.0#288_173594.0#173594.0#288 167471.0#167471.0#128_170064.0#170064.0#128_172198.0#172198.0#128_174370.0#174370.0#128
175000.0 180000.0 71.23066601555911 821.4615556640734 394.26639431215574 999.5160000000615 19.174029296875233 8935.83168526929 267198.3829993356 288.0 128.0 173594.0#173594.0#288_175601.0#175601.0#288_177402.0#177402.0#288_179428.0#179428.0#288 174370.0#174370.0#128_176333.0#176333.0#128_178184.0#178184.0#128
180000.0 185000.0 99.59922851552255 816.7334619140796 371.66874401468993 998.872000000003 65.47369531251024 6649.909721014683 185390.55184879858 288.0 128.0 179428.0#179428.0#288_181934.0#181934.0#288_184861.0#184861.0#288 178184.0#178184.0#128_180539.0#180539.0#128
185000.0 190000.0 139.52415234374348 810.0793079427094 344.58710779997426 985.6900000000023 118.83992382811266 5927.512172102985 180103.87628296704 288.0 128.0 181934.0#181934.0#288_184861.0#184861.0#288_187861.0#187861.0#288 187495.0#187495.0#128_188773.0#188773.0#128
190000.0 195000.0 85.86900781252189 819.0218320312464 327.43028489061663 997.0860000000393 177.028076171875 7952.669637450755 229032.6447802627 288.0 128.0 187861.0#187861.0#288_190474.0#190474.0#288_192729.0#192729.0#288_194995.0#194995.0#288 188773.0#188773.0#128_191206.0#191206.0#128_193555.0#193555.0#128
195000.0 200000.0 86.53660351556027 818.91056608074 312.6890618692586 999.0299999999988 224.81208398440504 7459.003651620334 223758.57099186972 288.0 128.0 192729.0#192729.0#288_194995.0#194995.0#288_197226.0#197226.0#288_199621.0#199621.0#288 193555.0#193555.0#128_195844.0#195844.0#128_198116.0#198116.0#128
200000.0 205000.0 108.62141015628004 815.2297649739534 294.02116712120875 998.9139999999898 290.0776874999865 6639.714240220286 190082.0660853599 288.0 128.0 199621.0#199621.0#288_202078.0#202078.0#288 198116.0#198116.0#128_200835.0#200835.0#128
205000.0 210000.0 123.88492773441249 812.685845377598 283.42289309836343 997.8150000000023 359.8730976562365 5776.788627619439 157934.400445897 288.0 128.0 202078.0#202078.0#288_205497.0#205497.0#288_208583.0#208583.0#288 205573.0#205573.0#128
210000.0 215000.0 89.57068359371624 818.404886067714 269.6436653875725 996.7760000000417 448.45502539063455 5893.627177446122 173343.9007940701 288.0 128.0 208583.0#208583.0#288_211507.0#211507.0#288_214592.0#214592.0#288 211319.0#211319.0#128_214600.0#214600.0#128
215000.0 220000.0 156.69019140617456 807.2183014323042 282.1654571526734 995.0899999999965 386.4020996093459 5789.79079675108 169901.83013012333 288.0 128.0 214592.0#214592.0#288_217089.0#217089.0#288 214600.0#214600.0#128_219958.0#219958.0#128
220000.0 225000.0 78.06920117189293 820.3217998046845 285.1118858637666 999.5899999999965 330.7958984375 6637.357220054883 167533.75105231602 288.0 128.0 217089.0#217089.0#288_221122.0#221122.0#288_224539.0#224539.0#288 219958.0#219958.0#128_221117.0#221117.0#128_224353.0#224353.0#128
225000.0 230000.0 103.10463867188082 816.1492268880198 299.90310658429155 999.0070000000414 265.0412597655959 5997.556729362609 173690.5399135772 288.0 128.0 224539.0#224539.0#288_227589.0#227589.0#288 224353.0#224353.0#128_225565.0#225565.0#128
230000.0 235000.0 148.2531503906066 808.6244749348989 324.9813730886926 999.369000000006 179.287109375 5786.814778321525 169219.50733513047 288.0 128.0 227589.0#227589.0#288_230399.0#230399.0#288_233088.0#233088.0#288 230541.0#230541.0#128
235000.0 240000.0 90.1221894530754 818.3129684244874 343.4935824826987 993.554999999993 131.3679199219332 5884.123948893094 171421.89213823478 288.0 128.0 233088.0#233088.0#288_236213.0#236213.0#288 236077.0#236077.0#128_239386.0#239386.0#128
240000.0 245000.0 94.9938593749248 817.5010234375126 364.02686062007047 999.6360000000277 83.862060546875 6871.992886094947 194301.47190701865 288.0 128.0 240084.0#240084.0#288_243582.0#243582.0#288 239386.0#239386.0#128_240371.0#240371.0#128_242981.0#242981.0#128_243966.0#243966.0#128
245000.0 250000.0 103.20908789048553 816.131818684919 382.1031547930404 993.9950000000536 38.64697265630821 6649.285644721211 189651.0788545411 288.0 128.0 243582.0#243582.0#288_245559.0#245559.0#288_249699.0#249699.0#288 243966.0#243966.0#128_247644.0#247644.0#128_249846.0#249846.0#128
250000.0 255000.0 96.47297265613452 980.705405468773 13.208278428558067 994.619000000006 960.792027343763 7475.963717977735 226192.31362426397 288.0 128.0 249699.0#249699.0#288_251585.0#251585.0#288_254094.0#254094.0#288 249846.0#249846.0#128_251672.0#251672.0#128_254214.0#254214.0#128
255000.0 260000.0 83.57905273442157 983.2841894531157 25.60612237122559 999.820000000007 938.220947265625 7284.762131991227 209480.3462218989 288.0 128.0 254094.0#254094.0#288_256049.0#256049.0#288_258323.0#258323.0#288 254214.0#254214.0#128_256844.0#256844.0#128_259197.0#259197.0#128
260000.0 265000.0 79.22491601557704 820.1291806640705 376.88968655642856 999.9930000000168 56.691052734386176 7281.787574482999 216827.3822851507 288.0 128.0 258323.0#258323.0#288_261094.0#261094.0#288_263381.0#263381.0#288 259197.0#259197.0#128_261736.0#261736.0#128_264300.0#264300.0#128
265000.0 270000.0 86.09115039062453 818.9848082682292 354.12437391559683 996.24099999998 106.64996875001816 7321.153195438676 212183.1930278588 288.0 128.0 263381.0#263381.0#288_265850.0#265850.0#288_268592.0#268592.0#288 264300.0#264300.0#128_266883.0#266883.0#128_269367.0#269367.0#128
270000.0 275000.0 116.80379492189968 813.8660341796834 335.12839838569977 996.7629999999772 155.81511914060684 6767.947609046981 190452.2740474197 288.0 128.0 268592.0#268592.0#288_270974.0#270974.0#288_273676.0#273676.0#288 269367.0#269367.0#128_271968.0#271968.0#128
275000.0 280000.0 171.73616796871647 804.7106386718806 311.76147589173894 996.1060000000289 219.42191406252095 5726.0464648660045 170320.12107997749 288.0 128.0 273676.0#273676.0#288_276704.0#276704.0#288_279397.0#279397.0#288 279173.0#279173.0#128
280000.0 285000.0 131.9090234374744 811.3484960937543 289.06403455001606 999.640000000014 321.06808203127 6881.965841221568 180470.5734660358 288.0 128.0 279397.0#279397.0#288 279173.0#279173.0#128_280427.0#280427.0#128_283085.0#283085.0#128_284092.0#284092.0#128
285000.0 290000.0 122.50180859363172 812.9163652343947 275.8711384292072 996.0769999999902 395.4921054688166 6038.664230889725 167903.22784856416 288.0 128.0 285085.0#285085.0#288_288085.0#288085.0#288 284092.0#284092.0#128_285114.0#285114.0#128
290000.0 295000.0 111.96610742184566 814.6723154296924 270.08576694116255 998.5370000000112 463.927978515625 6173.364374658474 177278.99893903395 288.0 128.0 288085.0#288085.0#288_290450.0#290450.0#288_292809.0#292809.0#288 292749.0#292749.0#128_293957.0#293957.0#128
295000.0 300000.0 130.12299023428932 811.6461682942851 280.5921217236463 996.5239999999758 383.93798828125 6143.2964581650285 171487.01306061854 288.0 128.0 292809.0#292809.0#288_295804.0#295804.0#288_299042.0#299042.0#288 293957.0#293957.0#128_298977.0#298977.0#128
