ts te idle avg_span std_span max_span min_span c_ack_cnt c_ack_cnt_p c_bytes_all c_bytes_uniq s_ack_cnt s_ack_cnt_p s_bytes_all s_bytes_uniq avg_video_rate avg_audio_rate video_requests_sequence audio_requests_sequence
0 3000 3000.0 0.0 0.0 0.0 0.0 0.0 0.0 0.0 0.0 0.0 0.0 0.0 0.0 0.0 0.0 - -
3000 6000 3000.0 0.0 0.0 0.0 0.0 0.0 0.0 0.0 0.0 0.0 0.0 0.0 0.0 0.0 0.0 - -
6000 9000 1854.5966796875 371.7392749023438 373.83472066878437 912.902099609375 118.48300000000017 238.06198513711678 223.17297606913328 13742.271402747612 12093.634993937088 256.72901234106723 15.88900906798349 401001.03639315674 396471.313081223 1500.0 128.0 8084.0#8084.0#1500_8086.0#8086.0#1500 8076.0#8076.0#128_8082.0#8082.0#128
9000 12000 394.5969882812533 554.080981305803 385.62938708006516 999.8849999999984 26.053900390623312 578.6274947356181 572.8595518701762 4833.6794633020445 4810.315872112568 661.8782202461377 5.767942865441915 1015157.3056328362 956144.9288076148 1500.0 128.0 8086.0#8086.0#1500_9419.0#9419.0#1500_10813.0#10813.0#1500_11546.0#11546.0#1500 9545.0#9545.0#128_10962.0#10962.0#128_11897.0#11897.0#128
12000 15000 1.045939453124447 761.2330048828135 203.87762872062262 999.8420000000006 544.6360039062492 575.7760767188892 565.510252920891 8592.34039957796 8592.34039957796 809.833072800654 10.265823797998152 1389561.7772486322 1384939.8773857872 1500.0 128.0 11546.0#11546.0#1500_12429.0#12429.0#1500_13142.0#13142.0#1500_14037.0#14037.0#1500_14966.0#14966.0#1500 11897.0#11897.0#128_12534.0#12534.0#128_13380.0#13380.0#128_14196.0#14196.0#128
15000 18000 8.973878906239406 551.5821039496542 384.54781634794466 996.9410000000025 12.427880859373545 470.9478806670145 462.36228079322376 7178.477954296739 7178.477954296739 655.9400309366586 8.585599873790766 1412996.87209746 1412996.87209746 1500.0 128.0 14037.0#14037.0#1500_14966.0#14966.0#1500_15786.0#15786.0#1500_16629.0#16629.0#1500_17349.0#17349.0#1500 15044.0#15044.0#128_16007.0#16007.0#128_16769.0#16769.0#128_17527.0#17527.0#128
18000 21000 48.68618749999587 405.7241167534719 403.2781462458104 999.1100000000006 63.1929999999993 354.95631832232607 347.6824942069054 6071.842944850312 6071.842944850312 486.68261758025704 7.273824115420674 901014.720095017 901014.720095017 2250.0 128.0 17349.0#17349.0#1500_18262.0#18262.0#1500_20206.0#20206.0#3000_20211.0#20211.0#3000 18471.0#18471.0#128_20197.0#20197.0#128_20200.0#20200.0#128
21000 24000 8.83604296874546 609.5974183593746 461.45377880355625 998.5420000000013 15.942999999992026 375.9952669448208 371.94764082213266 3365.8450267502626 3365.8450267502626 382.9827652477185 4.047626122688088 1035845.4512164998 1035845.4512164998 3000.0 128.0 20211.0#20211.0#3000_22177.0#22177.0#3000 22174.0#22174.0#128
24000 27000 33.02824609375239 512.3678336588528 471.2971563310374 996.8050000000003 35.61000000000058 363.6566648526141 358.66964330111716 4169.328314913506 4169.328314913506 375.6938999896464 4.98702155149691 1052707.9695388107 1052707.9695388107 3000.0 128.0 24200.0#24200.0#3000_26182.0#26182.0#3000 24195.0#24195.0#128_26179.0#26179.0#128
27000 30000 34.53703125000902 604.6871632812487 447.66908985227724 998.9930000000022 63.653999999994994 419.6382086195259 414.84327661711404 3993.991393264003 3993.991393264003 430.30849745855403 4.7949320024118585 1193120.0366504672 1193120.0366504672 3000.0 128.0 26182.0#26182.0#3000_28192.0#28192.0#3000 28187.0#28187.0#128
30000 33000 35.58514257812931 512.1106982421867 460.03093363412603 997.0670000000027 44.574000000000524 386.9883768138063 382.791563810942 3505.057901178529 3505.057901178529 404.68608021199975 4.196813002864307 1122192.9605253811 1122192.9605253811 3000.0 128.0 30183.0#30183.0#3000_32191.0#32191.0#3000 30179.0#30179.0#128_32187.0#32187.0#128
33000 36000 7.332779296892113 609.9502035156198 461.4169275578756 999.531999999992 37.33499999999913 403.0607499509411 399.00127795664406 3374.9780025214905 3374.9780025214905 413.7664395836201 4.0594719942970805 1139720.7214789495 1139720.7214789495 3000.0 128.0 32191.0#32191.0#3000_34172.0#34172.0#3000 34168.0#34168.0#128
36000 39000 160.37481250000565 501.7950013020806 438.81046979510256 997.7160000000003 61.63199999999779 443.5824635030713 438.4505278974646 4292.187196597542 4292.187196597542 457.22139505711726 4.13193560560676 1276039.6753593206 1276039.6753593206 3000.0 128.0 36247.0#36247.0#3000_38188.0#38188.0#3000 36214.0#36214.0#128_38546.0#38546.0#128
39000 42000 171.50204687500081 595.0881906249997 383.01014057781185 996.1419999999998 146.9429999999993 382.632086518401 378.31925656060776 3592.9616949261836 3592.9616949261836 396.4836162251977 3.312829957793241 1093872.676331644 1093872.676331644 3000.0 128.0 38188.0#38188.0#3000_40177.0#40177.0#3000 40539.0#40539.0#128
42000 45000 9.181015624999418 545.9139973958336 396.7084342493613 998.8740000000034 138.71899999999732 415.99459686295467 411.30742682074793 3913.038305073817 3913.038305073817 428.63018684280456 2.687170042206759 1187107.1620870028 1187107.1620870028 3000.0 128.0 42167.0#42167.0#3000_44166.0#44166.0#3000 42541.0#42541.0#128_44545.0#44545.0#128
45000 48000 306.1540097656325 568.823998046873 345.25093825972334 996.6849999999977 150.2739999999976 370.1554629256941 366.106441352879 3373.7369270093673 3373.7369270093673 384.43388434262164 3.049021572815123 1054464.0231738382 1054464.0231738382 3000.0 128.0 44166.0#44166.0#3000_46173.0#46173.0#3000 46539.0#46539.0#128
48000 51000 384.4267441406264 464.0992093098951 343.4172808248332 998.7339999999967 72.49599999999919 378.25387150034055 373.3028930731557 4132.263072990632 4132.263072990632 388.2850259578445 2.950978427184877 1055598.6349333287 1055598.6349333287 3000.0 128.0 48210.0#48210.0#3000_50173.0#50173.0#3000 48540.0#48540.0#128_50538.0#50538.0#128
51000 54000 3.5003750000032596 628.2665371093753 374.313684915591 999.7489999999962 157.88000000000466 459.9483105235453 456.2098760211872 3115.639071459535 3115.639071459535 486.0440250353921 2.7384345023580443 1327017.1764361556 1327017.1764361556 3000.0 128.0 50173.0#50173.0#3000_52223.0#52223.0#3000 52537.0#52537.0#128
54000 57000 4.336437499994645 682.5644135044671 328.8173488588195 998.1750000000029 150.16599999999744 470.718147884474 465.00338841214744 4771.043867275495 4771.043867275495 488.4888046744936 4.714759472326515 1288097.3035697879 1288097.3035697879 3000.0 128.0 54170.0#54170.0#3000_55524.0#55524.0#3000 54539.0#54539.0#128_55546.0#55546.0#128
57000 60000 3.947929687506985 848.9958273437485 202.3751440089069 998.5479999999952 515.3581171874976 578.4061725278783 573.8593665025628 3803.31706126497 3803.31706126497 596.2437087559853 4.5468060253154405 1648743.5435236834 1648743.5435236834 3000.0 128.0 55524.0#55524.0#3000_57147.0#57147.0#3000_58644.0#58644.0#3000 57360.0#57360.0#128_58786.0#58786.0#128
60000 63000 102.38213867187733 533.1978102213543 454.0423307640984 999.323000000004 68.52798046874523 407.2079594462085 401.37504448581393 4863.314396652233 4863.314396652233 423.438875731811 3.8329149603945756 1171618.8222675924 1171618.8222675924 3000.0 128.0 58644.0#58644.0#3000_60193.0#60193.0#3000_62214.0#62214.0#3000 60547.0#60547.0#128_62542.0#62542.0#128
63000 66000 121.081787109375 584.143676106772 383.16740210723174 999.1300000000047 150.3310000000056 401.5808682793914 395.90881053624304 3893.317919991956 3893.317919991956 409.4088583079652 3.672057743148371 1122003.1829304781 1122003.1829304781 3000.0 128.0 62214.0#62214.0#3000_64162.0#64162.0#3000 64547.0#64547.0#128
66000 69000 371.648855468753 463.57883430989506 423.23813528498044 998.2850000000035 59.32499999999709 415.3436971838321 410.848669887375 3753.3676833558116 3753.3676833558116 435.0439830317386 2.4950272964570535 1204798.7929131773 1204798.7929131773 3000.0 128.0 66226.0#66226.0#3000_68204.0#68204.0#3000 66563.0#66563.0#128_68544.0#68544.0#128
69000 72000 7.350699218761292 629.5316351562476 382.6174702214308 999.7749999999942 160.08199999999488 414.3543080245047 410.6993878154792 3046.238693700185 3046.238693700185 432.61110852429886 2.6549202090254935 1186285.226641496 1186285.226641496 3000.0 128.0 68204.0#68204.0#3000_70184.0#70184.0#3000 70546.0#70546.0#128
72000 75000 48.97456835937919 538.7266988932291 400.9439302194321 998.8870000000024 141.99199999999837 380.5573807465628 375.21230095558826 4459.761306299815 4459.761306299815 392.18491022196457 3.3450797909745065 1073761.8961056282 1073761.8961056282 3000.0 128.0 72174.0#72174.0#3000_74179.0#74179.0#3000 72552.0#72552.0#128_74544.0#74544.0#128
75000 78000 324.35931249998976 706.4734218750018 392.40159906710784 996.3260000000155 150.25299999999697 405.5556513104684 402.5556513104684 2502.0 2502.0 408.980980894452 2.0 1136000.0328496564 1136000.0328496564 3000.0 128.0 74179.0#74179.0#3000_76181.0#76181.0#3000 76546.0#76546.0#128
78000 81000 393.7580898437591 589.5261820312473 401.25728259489347 999.9780000000028 170.0679999999993 414.7810303087177 408.914638565113 4892.971538935426 4892.971538935426 431.8457725139499 3.866391743604604 1197922.6818428126 1197922.6818428126 3000.0 128.0 78176.0#78176.0#3000_80205.0#80205.0#3000 78542.0#78542.0#128_80544.0#80544.0#128
81000 84000 97.84192773437826 616.003014453125 456.94890535392864 999.7179999999935 66.75308984375442 359.0842561105225 355.0968492225701 3313.1433389414055 3313.1433389414055 363.75052074750477 2.987406887952507 1008288.6948040024 1008288.6948040024 3000.0 128.0 80205.0#80205.0#3000_82186.0#82186.0#3000 82546.0#82546.0#128
84000 87000 53.30797656251525 531.9103372395839 447.7655279973378 999.7280000000028 70.23400000001129 390.92676041124156 385.97610396517956 4139.23629747846 4139.23629747846 402.4358492675991 2.950656446062 1126546.161085569 1126546.161085569 3000.0 128.0 84167.0#84167.0#3000_86194.0#86194.0#3000 84541.0#84541.0#128_86541.0#86541.0#128
87000 90000 5.940697265628842 635.8486148437456 424.3474235860948 998.1849999999977 150.15899999999965 431.9153950416687 427.7848330432588 3433.3628269885085 3433.3628269885085 443.7402822670677 3.195544922380889 1224578.265721533 1224578.265721533 3000.0 128.0 86194.0#86194.0#3000_88217.0#88217.0#3000 88541.0#88541.0#128
90000 93000 87.24613671873522 536.0423136160722 414.6021444781843 996.9220000000059 64.71291992187616 396.25379457988174 389.3740113495912 5740.347855577302 5740.347855577302 419.3368147191068 7.814800306319599 1120359.8753119695 1119875.8753119695 2533.3333333333335 128.0 90179.0#90179.0#3000_92182.0#92182.0#2300_92184.0#92184.0#2300 90548.0#90548.0#128_92543.0#92543.0#128_92548.0#92548.0#128
93000 96000 5.39236132815131 650.5590915178535 379.5731778367584 999.0239999999903 153.63300000001618 376.5154749410412 370.5159308002618 5007.70058870008 5007.70058870008 432.3938706958565 4.451510566192912 1025225.1346207524 1025225.1346207524 2300.0 128.0 92184.0#92184.0#2300_94184.0#94184.0#2300_95499.0#95499.0#2300 94542.0#94542.0#128_95542.0#95542.0#128
96000 99000 1168.9740058593743 347.12934472656343 349.39929573573716 934.958984375 5.298000000009779 250.51295124596135 247.45100772666441 2551.4328534538286 2551.4328534538286 398.5277673526195 3.60997709388341 700694.2449414642 700694.2449414642 2300.0 128.0 95499.0#95499.0#2300_98172.0#98172.0#2300 98541.0#98541.0#128
99000 102000 12.66691992188862 627.5086160156206 478.0598718074928 999.3569999999891 61.646015624995925 323.31936173417324 319.263235312961 3369.3844977636822 3369.3844977636822 531.6285237403445 4.05612642121224 908637.6027620153 908637.6027620153 2300.0 128.0 98172.0#98172.0#2300_100176.0#100176.0#2300 100541.0#100541.0#128
102000 105000 70.3140800781257 586.9347297363329 368.78325467651524 998.8880000000063 67.2269355468743 485.2681156982864 478.8037828545754 5413.481370932064 5413.481370932064 623.4884638493184 6.464332843711026 1376429.6206553269 1376429.6206553269 2300.0 128.0 102162.0#102162.0#2300_103385.0#103385.0#2300_104603.0#104603.0#2300 102542.0#102542.0#128_103538.0#103538.0#128_104766.0#104766.0#128
105000 108000 346.40780664062186 530.7184386718757 350.57175122989895 997.4869999999937 58.91000000000349 351.474786039005 347.17136578245464 3591.7780136488127 3591.7780136488127 364.85380972532795 4.3034202565503294 1005854.36612574 1005854.36612574 2300.0 128.0 104603.0#104603.0#2300_106245.0#106245.0#2300 106541.0#106541.0#128
108000 111000 458.3070839843567 532.4299832031305 447.89799695413916 959.476999999999 59.14900000000489 302.19198259716836 297.0244740227927 4312.199625306223 4312.199625306223 308.58061414019886 4.16750857437572 861960.2736257523 861960.2736257523 2300.0 128.0 108189.0#108189.0#2300_110171.0#110171.0#2300 108539.0#108539.0#128_110543.0#110543.0#128
111000 114000 6.932890625001164 624.2884218749998 482.5186140109465 999.9790000000066 66.10698828124441 312.4324713951749 308.3688824563023 3375.598493190849 3375.598493190849 316.43776607835946 3.063588938872618 871676.9285177262 871676.9285177262 2300.0 128.0 110171.0#110171.0#2300_112182.0#112182.0#2300 112539.0#112539.0#128
114000 117000 194.33516796874756 494.11447200520826 461.3024033728408 999.1150000000052 68.48287890624488 320.48545879684 315.58500833664004 4098.667117512914 4098.667117512914 330.29065387692464 2.900450460199906 926626.8140764511 926626.8140764511 2300.0 128.0 114188.0#114188.0#2300_116199.0#116199.0#2300 114544.0#114544.0#128_116544.0#116544.0#128
117000 120000 41.63499218749348 618.096401562501 433.52736111696794 997.5100000000093 132.11699999999837 307.396868740922 302.6019534344452 3995.425749607737 3995.425749607737 311.80805251473475 3.794915306476814 859689.0565469195 859689.0565469195 2300.0 128.0 116199.0#116199.0#2300_118187.0#118187.0#2300 118546.0#118546.0#128
120000 123000 1786.6600585937558 407.16234635416185 496.5496047185643 975.8349999999919 59.421999999991385 206.44129235939528 205.06792312718983 1150.2698319627075 1150.2698319627075 209.88123851108713 0.373369232205424 589691.2793619655 589691.2793619655 2300.0 128.0 120181.0#120181.0#2300 120556.0#120556.0#128
123000 126000 2859.0009999999893 140.9990000000107  140.9990000000107 140.9990000000107 3.0 2.0 820.0 820.0 3.0 1.0 2908.0 2908.0 0.0 0.0 - -
126000 129000 2920.6380000000063 79.36199999999371  79.36199999999371 79.36199999999371 3.0 2.0 820.0 820.0 3.0 1.0 2909.0 2909.0 0.0 0.0 - -
129000 132000 455.701904296875 715.9347380371146 334.67631294149913 998.198000000004 94.42300000000978 364.03026984928925 347.3127409368654 14394.121506949268 14394.121506949268 420.74779876171306 12.717528912423848 978637.7003706612 977185.7003706612 623.3333333333334 128.0 129454.0#129454.0#2300_130682.0#130682.0#288_130690.0#130690.0#288_131005.0#131005.0#288_131190.0#131190.0#288_131523.0#131523.0#288 129733.0#129733.0#128_131045.0#131045.0#128_131052.0#131052.0#128_131235.0#131235.0#128_131343.0#131343.0#128_131548.0#131548.0#128
132000 135000 4.037962890637573 477.3310107421821 398.926510385153 998.2239999999874 60.01999999998952 258.54453196808157 249.43123756189019 7594.4317273247725 7594.4317273247725 371.62770619765604 9.113294406191404 750030.1864124815 750030.1864124815 1900.0 128.0 132201.0#132201.0#1500_132209.0#132209.0#1500_134169.0#134169.0#2300_134170.0#134170.0#2300 132541.0#132541.0#128_132543.0#132543.0#128_134542.0#134542.0#128_134544.0#134544.0#128
135000 138000 133.306013671885 562.512997721351 377.4559023738442 997.5629999999946 168.7270097656292 307.8419880728346 302.8491982266131 3319.8095608921003 3319.8095608921003 326.0996059418158 4.992789846221506 855549.0508686329 855549.0508686329 2300.0 128.0 134170.0#134170.0#2300_136225.0#136225.0#2300 136545.0#136545.0#128
138000 141000 196.59902539060568 491.5083291015665 430.31604552042944 997.2660000000033 65.93400000000838 329.6581543484666 324.7164318474322 4131.049835497404 4131.049835497404 347.7838613279415 4.9417225010344366 911990.6471919833 911990.6471919833 2300.0 128.0 138197.0#138197.0#2300_140251.0#140251.0#2300 138540.0#138540.0#128_140537.0#140537.0#128
141000 144000 287.27696874999674 574.7592062500014 392.7117945192477 998.948000000004 161.07300000000396 342.05893236740985 337.7822726034261 3565.4855715458643 3565.4855715458643 350.9168998068104 3.2766597639836914 951740.8448481022 951740.8448481022 2300.0 128.0 140251.0#140251.0#2300_142188.0#142188.0#2300 142543.0#142543.0#128
144000 147000 699.4419140625105 581.9982683593756 328.64303755171494 932.820068359375 146.24600000001374 285.64589700290543 280.8889970592367 3971.2895577276736 3971.2895577276736 298.7444215447155 3.2916147167210585 788194.2982656037 788194.2982656037 2300.0 128.0 144190.0#144190.0#2300_146198.0#146198.0#2300 144540.0#144540.0#128_146536.0#146536.0#128
147000 150000 6.759398437512573 563.4060769042953 335.8134870357284 999.2639999999956 65.74293164061964 516.8163213506434 510.9647530986806 4891.347512842106 4891.347512842106 660.0010331917215 5.316853478910446 1450249.0746647094 1450249.0746647094 2300.0 128.0 146198.0#146198.0#2300_147481.0#147481.0#2300_148670.0#148670.0#2300 147541.0#147541.0#128_148878.0#148878.0#128
150000 153000 419.3550078124972 578.4233949218818 398.1379239871635 962.6030000000028 157.04000000000815 376.45310280335906 371.22768789736347 4360.319786882319 4360.319786882319 382.56932438228466 5.225414905995571 1029380.2078536623 1029380.2078536623 2300.0 128.0 150113.0#150113.0#2300_152106.0#152106.0#2300 150543.0#150543.0#128_152544.0#152544.0#128
153000 156000 601.2368847656471 492.1712230468693 453.8631789093072 998.1039999999921 61.90508593749837 285.94341244626116 281.8897655537343 3367.355788025715 3367.355788025715 287.6429082065747 3.0536468925268494 784501.7613627203 784501.7613627203 2300.0 128.0 152106.0#152106.0#2300_154166.0#154166.0#2300 154538.0#154538.0#128
156000 159000 473.668978515605 457.3540035807334 428.7929304048435 999.2600000000093 64.7039999999979 338.61715591498245 333.5466813389913 4241.789152312776 4241.789152312776 350.31670085172186 3.0704745759911907 931612.1527420322 931612.1527420322 2300.0 128.0 156276.0#156276.0#2300_158173.0#158173.0#2300 156538.0#156538.0#128_158539.0#158539.0#128
159000 162000 378.3640605468827 548.6835878906247 323.3554517989463 999.5359999999928 121.78200000000652 307.0231061729023 302.69653171347517 3604.3833757839484 3604.3833757839484 315.86617593561266 3.326574459427134 849410.0409086555 849410.0409086555 2300.0 128.0 158173.0#158173.0#2300_160159.0#160159.0#2300 160534.0#160534.0#128
162000 165000 908.5148749999935 348.58085416666773 359.76818718347465 996.9349999999977 61.328000000008615 283.6329254216126 278.95949988103973 3901.6166242160516 3901.6166242160516 300.46909190507336 2.673425540572866 758134.473600281 758134.473600281 2300.0 128.0 162229.0#162229.0#2300_164183.0#164183.0#2300 162534.0#162534.0#128_164536.0#164536.0#128
165000 168000 56.87010742185521 601.5525785156293 456.61920962378855 999.4780000000028 64.63300000000163 387.8606708700741 384.5422188997831 2766.6335873118182 2766.6335873118182 405.09242637178164 2.3184519702909965 1089107.95133311 1089107.95133311 2300.0 128.0 164183.0#164183.0#2300_166351.0#166351.0#2300 166535.0#166535.0#128
168000 171000 687.3099042968533 521.4710191406309 371.23540994798253 933.6311035155959 142.71400000000722 311.4450773214195 305.8960747368601 4629.22114776882 4629.22114776882 329.0971369816456 3.54900258455935 853647.569688291 853647.569688291 2300.0 128.0 168183.0#168183.0#2300_170189.0#170189.0#2300 168542.0#168542.0#128_170541.0#170541.0#128
171000 174000 89.23581249994459 594.0288375000121 488.91890252026724 999.9029999999912 59.38000000000466 313.4170004132949 309.3632353465324 3367.545354641835 3367.545354641835 313.48613718679167 3.053765066762425 862019.71086938 862019.71086938 2300.0 128.0 170189.0#170189.0#2300_172181.0#172181.0#2300 172547.0#172547.0#128
174000 177000 743.5333867187437 438.63379492188204 369.02339193868363 997.1019999999844 64.91300000000047 323.3182774716563 318.23949709326905 4248.599910277528 4248.599910277528 331.1812101896962 4.078780378387228 873065.0645362451 873065.0645362451 2300.0 128.0 174500.0#174500.0#2300_176177.0#176177.0#2300 174539.0#174539.0#128_176541.0#176541.0#128
177000 180000 8.58612109371461 623.0257925781304 376.3441310405624 996.9729999999981 127.17499999998836 336.70297364157227 332.84527093089997 3214.7509525686787 3214.7509525686787 349.65391271921743 3.8577027106722968 960093.6708113928 960093.6708113928 2300.0 128.0 176177.0#176177.0#2300_178187.0#178187.0#2300 178545.0#178545.0#128
180000 183000 48.38275585937663 526.96587304688 406.381344006108 998.7010000000009 61.64499999998952 312.09061885869676 306.94832156936906 4291.249047431322 4291.249047431322 315.72569766553863 5.142297289327703 828832.7599678915 828832.7599678915 2300.0 128.0 180189.0#180189.0#2300_182236.0#182236.0#2300 180548.0#180548.0#128_182541.0#182541.0#128
183000 186000 803.2362617187318 565.5701845703152 382.2032640320383 996.2180000000226 65.51699999999255 318.89958370453803 315.89958370453803 2502.0 2502.0 330.97795083168774 2.0 901643.833704164 901643.833704164 2300.0 128.0 182236.0#182236.0#2300_184197.0#184197.0#2300 184537.0#184537.0#128
186000 189000 75.18190624998533 627.3316187500022 477.6219623974616 999.4599999999919 66.3179999999993 300.0015840459262 294.07198427063145 4944.723010798167 4944.723010798167 319.2975817988736 3.8591995505894703 821201.2893318348 821201.2893318348 2300.0 128.0 186219.0#186219.0#2300_188409.0#188409.0#2300 186569.0#186569.0#128_188536.0#188536.0#128
189000 192000 104.3960468750156 607.9825906249986 462.6088962452239 999.3699999999953 70.38290624998626 341.84333806027485 337.92167220748684 3259.31480422963 3259.31480422963 344.43974653883134 2.9920660774932095 933168.0214158273 933168.0214158273 2300.0 128.0 188409.0#188409.0#2300_190188.0#190188.0#2300 190544.0#190544.0#128
192000 195000 22.858957031246973 551.1137623697998 430.9522573104018 998.39300000004 38.845999999990454 505.1647714958517 495.20992229405306 8025.710871732328 8025.710871732328 659.3029394137548 7.954849201798704 1397195.377808126 1397195.377808126 2300.0 128.0 192167.0#192167.0#2300_193230.0#193230.0#2300_194498.0#194498.0#2300 192537.0#192537.0#128_193481.0#193481.0#128_194543.0#194543.0#128
195000 198000 1856.6699082031264 571.6650458984368 534.8767175827548 949.8800000000047 193.45009179686895 144.99030639794728 143.7964212278287 983.2513132398749 983.2513132398749 144.95973224854038 1.1938851701186164 398757.31144421187 398757.31144421187 2300.0 0.0 194498.0#194498.0#2300 -
198000 201000 64.037109375 658.2409955357268 338.6558236392547 999.2019999999902 165.87799999999697 447.98162302607557 440.68858637748286 6090.736858115037 6090.736858115037 628.1537696204463 7.29303664859268 1247454.530766523 1247454.530766523 2300.0 128.0 198172.0#198172.0#2300_199419.0#199419.0#2300_200705.0#200705.0#2300 198543.0#198543.0#128_199537.0#199537.0#128_200879.0#200879.0#128
201000 204000 3.74183593748603 738.099407031259 395.2017335297149 997.5450000000419 63.75700000001234 495.19919887572837 490.55814876639687 3863.214283382794 3863.214283382794 668.445134471538 3.70696335140732 1111585.2412819208 1111585.2412819208 2300.0 128.0 200705.0#200705.0#2300_202550.0#202550.0#2300 202758.0#202758.0#128
204000 207000 95.66406054692925 532.6423232421803 457.70918588137863 999.4680000000226 65.54399609370739 347.41597500664767 342.50602111280534 4106.731087289596 4106.731087289596 556.9615514754558 4.844040651766539 943539.5260325051 943539.5260325051 2300.0 128.0 204177.0#204177.0#2300_206185.0#206185.0#2300 204544.0#204544.0#128_206547.0#206547.0#128
207000 210000 35.374025390599854 605.6977949218824 459.3259224886433 999.2030000000086 63.86300000001211 291.23670790477263 286.43491093620855 4001.0088337073075 4001.0088337073075 471.95023332355333 2.9788781583987642 807181.3727250763 807181.3727250763 2300.0 128.0 206185.0#206185.0#2300_208177.0#208177.0#2300 208543.0#208543.0#128
210000 213000 314.1339746093727 495.59333756511234 411.23260451382043 998.2420000000275 137.12000000002445 347.29390986491313 342.93974748524374 3636.308937505266 3636.308937505266 558.8529941143198 3.1770811898346967 957789.3229110234 957789.3229110234 2300.0 128.0 210175.0#210175.0#2300_212168.0#212168.0#2300 210547.0#210547.0#128_212541.0#212541.0#128
213000 216000 6.727658203133615 630.7852683593694 363.159941094058 999.551999999996 160.65399999998044 311.9134070288065 307.5093248581121 3668.7922838470326 3668.7922838470326 516.0812208723249 3.404082170694384 873709.7092157379 873709.7092157379 2300.0 128.0 212168.0#212168.0#2300_214166.0#214166.0#2300 214542.0#214542.0#128
216000 219000 908.6589980468561 348.55683365885733 363.81620057062383 999.4400000000605 62.013999999995576 273.45233027270854 268.8564124434029 3837.207716152967 3837.207716152967 434.2452588410278 2.595917829305616 748595.2052406259 748595.2052406259 2300.0 128.0 216215.0#216215.0#2300_218189.0#218189.0#2300 216543.0#216543.0#128_218544.0#218544.0#128
219000 222000 416.34328710933914 681.7884282226805 371.56304343875195 997.3580000000366 143.49700000006123 364.50684802034766 361.50684802034766 2502.0 2502.0 582.309837281334 2.0 1031877.0918265877 1031877.0918265877 2300.0 128.0 218189.0#218189.0#2300_220190.0#220190.0#2300 220545.0#220545.0#128
222000 225000 164.17973632804933 603.6560527343885 472.85858645513605 999.9010000000126 64.65499999999884 316.53420474098834 310.69743647238096 4866.558882167403 4866.558882167403 508.16981237843663 3.8367682686073676 881293.9248319429 881293.9248319429 2300.0 128.0 222212.0#222212.0#2300_224188.0#224188.0#2300 222549.0#222549.0#128_224540.0#224540.0#128
225000 228000 28.158173828123836 617.4995652343729 443.2060455355806 998.6719999999914 115.65599999998813 321.60395133666185 316.7988363262897 4003.8461226645795 4003.8461226645795 525.6269509182938 3.805115010372155 895774.9628685254 895774.9628685254 2300.0 128.0 224188.0#224188.0#2300_226184.0#226184.0#2300 226546.0#226546.0#128
228000 231000 671.7470722656581 429.57214420572564 357.7179884281494 996.6609999999928 109.86600000000908 317.0876357056563 312.7295189846358 3639.594995168017 3639.594995168017 493.32321331779826 2.3581167210204774 878053.0859616594 878053.0859616594 2300.0 128.0 228171.0#228171.0#2300_230195.0#230195.0#2300 228538.0#228538.0#128_230547.0#230547.0#128
231000 234000 13.13851757813245 623.6680605468748 375.2395478342641 999.8610000000044 132.65200000000186 316.688677710244 312.8243690235502 3220.2405186425585 3220.2405186425585 519.3874189391033 2.8643086866938128 892612.448921893 892612.448921893 2300.0 128.0 230195.0#230195.0#2300_232181.0#232181.0#2300 232548.0#232548.0#128
234000 237000 4.823958984372439 551.2281695963562 380.5538120276373 999.3139999999839 148.0679999999993 356.4829675757722 351.34727626246604 4285.7594813574415 4285.7594813574415 578.2777760685497 3.135691313306187 975799.0690819469 975799.0690819469 2300.0 128.0 234165.0#234165.0#2300_236175.0#236175.0#2300 234541.0#234541.0#128_236545.0#236545.0#128
237000 240000 593.8792265625088 645.2196933593732 389.8246659126005 998.9930000000168 174.75800000000163 286.10689052322743 282.17391091844024 3267.043275925502 3267.043275925502 459.50217700015406 2.0 800157.3818554044 800157.3818554044 2300.0 128.0 236175.0#236175.0#2300_238184.0#238184.0#2300 238545.0#238545.0#128
240000 243000 1365.0700488281727 452.52773779296695 423.6711385247237 999.6579999999958 66.80995117183193 216.49567240744983 214.42865201223702 1736.9567240744984 1736.9567240744984 339.71265137766443 2.0 609645.126478628 609645.126478628 2300.0 128.0 240196.0#240196.0#2300 240553.0#240553.0#128
243000 246000 1446.8119999999471 517.729333333351 362.8384378512291 831.4890000000014 120.39600000003702 11.0 7.0 2482.0 2482.0 10.0 3.0 5849.0 5849.0 2300.0 0.0 245936.0#245936.0#2300 -
246000 249000 150.25687109373393 517.5052810058623 399.7323676612351 999.7030000000377 75.95400000002701 614.6336160119076 606.0961841520497 7623.517626000461 7623.517626000461 763.7565718076486 6.53743185985803 1284625.0589343922 1284625.0589343922 2300.0 128.0 245936.0#245936.0#2300_247207.0#247207.0#2300_248461.0#248461.0#2300 246146.0#246146.0#128_247404.0#247404.0#128_248544.0#248544.0#128
249000 252000 5.359056640591007 611.4311230468946 249.10960731474216 996.6510000000708 300.51699999999255 518.9509192311948 513.0260606587756 4951.283169482102 4951.283169482102 810.550070311434 5.924858572419231 1377680.740038728 1377680.740038728 2300.0 128.0 248461.0#248461.0#2300_250055.0#250055.0#2300_251218.0#251218.0#2300 250235.0#250235.0#128_251538.0#251538.0#128
252000 255000 45.227023437502794 574.7804322916652 389.4435535400958 995.8709999999846 158.14299999998184 563.4154647568974 555.8777551891748 6308.1992045174375 6308.1992045174375 893.6933578809173 7.5377095677227395 1489667.2010268797 1489667.2010268797 2300.0 128.0 251218.0#251218.0#2300_252352.0#252352.0#2300_253471.0#253471.0#2300_254663.0#254663.0#2300 252544.0#252544.0#128_253542.0#253542.0#128_254897.0#254897.0#128
255000 258000 67.07665624999208 896.7889975586004 160.7420517133659 999.4920000000275 660.7700000000186 389.8507795976106 385.9211053671426 3264.332868983741 3264.332868983741 631.8816580507139 3.9296742304679766 1045046.7881895747 1045046.7881895747 2300.0 128.0 254663.0#254663.0#2300_256197.0#256197.0#2300 256581.0#256581.0#128
258000 261000 117.22206835931865 515.4894886067874 467.2873280093316 998.4110000000219 61.43800000002375 301.04176843230584 296.14279853479593 4097.385486773595 4097.385486773595 483.1873348096731 3.8989698975098577 812508.0579989058 811056.0579989058 2300.0 128.0 258190.0#258190.0#2300_260173.0#260173.0#2300 258553.0#258553.0#128_260542.0#260542.0#128
261000 264000 39.66899804689456 607.656800390617 448.64055305700754 996.3020000000251 77.95299999997951 316.0715313953019 312.09159036119866 3309.32147714917 3309.32147714917 507.66424853431886 2.979941034103271 880017.5729645187 880017.5729645187 2300.0 128.0 260173.0#260173.0#2300_262189.0#262189.0#2300 262541.0#262541.0#128
264000 267000 325.5868359375163 496.7143606770842 401.24750185345596 999.1469999999972 152.36200000002282 345.28431134678294 340.0928965088641 4340.9601670934935 4340.9601670934935 580.7138619948965 3.1914148379188947 940378.6191186558 940378.6191186558 2300.0 128.0 264215.0#264215.0#2300_266182.0#266182.0#2300 264539.0#264539.0#128_266542.0#266542.0#128
267000 270000 314.88316601567203 564.3201667968649 317.06810539304183 996.0079999999725 136.48399999999674 315.3365023118804 310.8522267800821 3735.432966924354 3735.432966924354 523.3642029919766 3.48427553179826 885851.0670513522 885851.0670513522 2300.0 128.0 266182.0#266182.0#2300_268191.0#268191.0#2300 268545.0#268545.0#128
270000 273000 657.6519218749017 410.0143463541851 456.8394952186568 998.8570000000764 59.81699999998091 310.7631835803835 306.2474591121818 3770.567033075646 3770.567033075646 492.61741659315896 2.51572446820174 858051.0748506825 858051.0748506825 2300.0 128.0 270166.0#270166.0#2300_272195.0#272195.0#2300 270551.0#270551.0#128_272543.0#272543.0#128
273000 276000 429.85803710937034 666.178990722663 410.9234290436842 998.9780000000028 94.57400000002235 331.7522683838599 327.82299167536905 3264.0069009625036 3264.0069009625036 550.2571562432042 2.0 917722.5436687563 917722.5436687563 2300.0 128.0 272195.0#272195.0#2300_274192.0#274192.0#2300 274542.0#274542.0#128
276000 279000 118.09702148428187 528.4784964192853 450.90210525121023 997.8670000000275 70.62703710939968 366.40009427039445 361.47172903917334 4122.127612274951 4122.127612274951 592.4329024334999 3.8576419397119417 1019385.2859044638 1019385.2859044638 2300.0 128.0 276193.0#276193.0#2300_278174.0#278174.0#2300 276552.0#276552.0#128_278548.0#278548.0#128
279000 282000 97.74882617197 596.0690347656025 448.01145158021524 996.9739999999874 78.09399999998277 280.8582465109387 276.7940215585394 3377.7963382937905 3377.7963382937905 442.48951499935737 3.0642249523993326 744525.2594546552 744525.2594546552 2300.0 128.0 278174.0#278174.0#2300_280213.0#280213.0#2300 280542.0#280542.0#128
282000 285000 513.788193359389 442.47102376302547 438.41457142032147 999.3229999999749 64.41700000001583 323.7751236357981 318.6969905279093 4248.069148468755 4248.069148468755 562.4501059622165 3.0781331078887253 889402.4593341136 889402.4593341136 2300.0 128.0 282259.0#282259.0#2300_284182.0#284182.0#2300 282541.0#282541.0#128_284537.0#284537.0#128
285000 288000 2.1543691406259313 608.9446947544681 370.5235321792925 997.5019999999786 106.11800000001676 397.19969679523973 391.8264144833143 4483.824318898112 4483.824318898112 679.1526375660816 3.6866411559627186 1083726.7738435317 1083726.7738435317 2300.0 128.0 284182.0#284182.0#2300_286176.0#286176.0#2300_287419.0#287419.0#2300 286539.0#286539.0#128_287545.0#287545.0#128
288000 291000 1312.3300332031795 587.3631874999846 321.71546803145264 934.594970703125 206.55988281249302 275.28645503397075 271.62918625637315 3050.147668039348 3050.147668039348 461.2014048311251 3.343909933560348 770641.7328349957 769282.5534340814 2300.0 128.0 287419.0#287419.0#2300_290272.0#290272.0#2300 290543.0#290543.0#128
291000 294000 4.410798828117549 523.7967802734493 405.180860905288 999.4490000000224 63.8250292968587 520.9797974962919 515.0853501727178 4914.526711802158 4914.526711802158 834.8121788937892 5.89444732357403 1406671.62659844 1403674.8059993547 2300.0 128.0 290272.0#290272.0#2300_291325.0#291325.0#2300_292517.0#292517.0#2300 291553.0#291553.0#128_292545.0#292545.0#128
294000 297000 115.82212890614755 528.6626451823104 451.70077641349695 999.3500000000349 74.99288671882823 355.6895702277777 350.789266109963 4098.406032288132 4098.406032288132 568.0407227729409 4.900304117814722 993554.0167780851 993554.0167780851 2300.0 128.0 294187.0#294187.0#2300_296176.0#296176.0#2300 294544.0#294544.0#128_296538.0#296538.0#128
297000 300000 11.112021484354045 628.0051957031246 431.3431841078317 999.1579999999958 151.13799999997718 280.64036353289276 276.64854950999506 3319.130843096066 3319.130843096066 452.5318914730482 2.9918140228977146 781956.7727673737 781956.7727673737 2300.0 128.0 296176.0#296176.0#2300_298176.0#298176.0#2300 298551.0#298551.0#128
