ts te idle avg_span std_span max_span min_span c_ack_cnt c_ack_cnt_p c_bytes_all c_bytes_uniq s_ack_cnt s_ack_cnt_p s_bytes_all s_bytes_uniq avg_video_rate avg_audio_rate video_requests_sequence audio_requests_sequence
0 6000 6000.0 0.0 0.0 0.0 0.0 0.0 0.0 0.0 0.0 0.0 0.0 0.0 0.0 0.0 0.0 - -
6000 12000 487.27825390625367 712.8446877297795 307.53068145126116 995.0529999999999 208.581298828125 353.3606551684629 323.1108742089717 26195.642988001906 23260.642988001906 504.8284210716057 48.67257988968588 740226.2412998744 658293.6272508511 288.0 128.0 6635.0#6635.0#288_6637.0#6637.0#288_7629.0#7629.0#288_8325.0#8325.0#288_9226.0#9226.0#288_9966.0#9966.0#288_10504.0#10504.0#288_11675.0#11675.0#288 6631.0#6631.0#128_6634.0#6634.0#128_7646.0#7646.0#128_8839.0#8839.0#128_9962.0#9962.0#128_10277.0#10277.0#128_11669.0#11669.0#128
12000 18000 1191.0430195312656 595.3256412353503 302.9004935804416 999.4820000000036 61.786898437501804 285.7285103301725 268.535218445999 14378.538200676456 12696.538200676456 381.0453802087062 30.327420110314122 631493.7786280648 585032.392677088 445.7142857142857 128.0 11675.0#11675.0#288_12458.0#12458.0#288_13188.0#13188.0#288_13860.0#13860.0#288_14762.0#14762.0#288_16558.0#16558.0#840_16561.0#16561.0#840 11669.0#11669.0#128_12433.0#12433.0#128_12698.0#12698.0#128_13541.0#13541.0#128_14042.0#14042.0#128_14758.0#14758.0#128_16553.0#16553.0#128
18000 24000 19.188976562509197 754.4846656901015 253.14726585231895 995.3830000000016 371.1200000000026 287.4838844180208 276.6521072680966 9034.925876598512 8659.878511859402 378.78456516123975 20.274849993588944 699416.5880537563 698027.2051118833 840.0 128.0 18551.0#18551.0#840_20050.0#20050.0#840_21552.0#21552.0#840_23553.0#23553.0#840 18547.0#18547.0#128_20047.0#20047.0#128_21548.0#21548.0#128_23550.0#23550.0#128
24000 30000 219.25198828125576 781.4565050455731 202.39124147548532 991.6549999999988 381.8090000000011 312.42695008334374 298.70180007693267 11480.892934723128 7654.940299462236 398.3416335584483 21.725150006411056 767302.3920183046 738630.7749601775 840.0 128.0 23553.0#23553.0#840_25032.0#25032.0#840_27051.0#27051.0#840_28750.0#28750.0#840 23550.0#23550.0#128_25006.0#25006.0#128_27046.0#27046.0#128_28747.0#28747.0#128
30000 36000 1084.5100390625084 729.1063636363615 318.77145397204816 999.7809999999954 228.5069999999978 270.0 259.0 9164.0 7503.0 352.0 18.0 664773.0 640585.0 840.0 128.0 30555.0#30555.0#840_32555.0#32555.0#840_33754.0#33754.0#840 30550.0#30550.0#128_32551.0#32551.0#128_34044.0#34044.0#128
36000 42000 341.1840839843717 711.0244082031232 281.07992386051484 996.2039999999906 302.36299999999756 309.17874427389444 296.7309897503038 10401.561554339727 8719.561554339727 432.9248528400697 20.895509047181275 771166.2265118636 700193.2265118636 840.0 128.0 36052.0#36052.0#840_38589.0#38589.0#840_39423.0#39423.0#840_41552.0#41552.0#840 36048.0#36048.0#128_37540.0#37540.0#128_39545.0#39545.0#128_41549.0#41549.0#128
42000 48000 35.310859374993015 712.6476349431825 344.54214845018055 998.596000000005 166.623291015625 260.49234275005495 249.9400972736456 8807.438445660275 7967.438445660274 366.67241324964664 19.104490952818725 681582.4930658703 660257.1275013554 840.0 128.0 41552.0#41552.0#840_43553.0#43553.0#840_45554.0#45554.0#840_47102.0#47102.0#840 43547.0#43547.0#128_45550.0#45550.0#128_47016.0#47016.0#128
48000 54000 5.8704765625006985 813.2116984374982 238.70121525971427 998.9210000000021 270.62699999999313 270.2095111163412 261.2095111163412 7503.0 7503.0 346.2566115259183 17.691622550649846 654720.0302842141 650697.423748427 840.0 128.0 47102.0#47102.0#840_49052.0#49052.0#840_51050.0#51050.0#840_53050.0#53050.0#840 49048.0#49048.0#128_51047.0#51047.0#128_53047.0#53047.0#128
54000 60000 452.55718554687337 718.6231987847228 262.81833808821807 999.0789999999979 306.6317246093822 284.9223464820339 274.9223464820339 8323.0 7503.0 362.2121586236301 15.207010472199793 747145.151665119 746717.123765421 840.0 128.0 53050.0#53050.0#840_54799.0#54799.0#840_57099.0#57099.0#840_58774.0#58774.0#840 54797.0#54797.0#128_57097.0#57097.0#128_58769.0#58769.0#128
60000 66000 100.86358007811941 685.8155703125 366.1701879712386 997.070000000007 100.61493554688059 218.5062625800752 207.5062625800752 8344.0 7503.0 317.6977299401581 16.10136697715036 587784.4967540356 565317.4830975211 840.0 128.0 58774.0#58774.0#840_60753.0#60753.0#840_62773.0#62773.0#840_64554.0#64554.0#840 60751.0#60751.0#128_62770.0#62770.0#128_64551.0#64551.0#128
66000 72000 121.05616796873801 745.4399062499999 305.3406845429543 995.9230000000098 230.216064453125 275.155712928359 264.8971161231286 8535.049380288887 7715.049380288887 384.3737827042626 15.25859680523035 747859.6940676797 719890.707724194 840.0 128.0 64554.0#64554.0#840_66974.0#66974.0#840_69064.0#69064.0#840_70763.0#70763.0#840 66972.0#66972.0#128_69063.0#69063.0#128_70758.0#70758.0#128
72000 78000 1950.2609999999986 633.3707939453088 338.8766130691581 999.9880000000121 0.0 240.01242029214214 229.2710170973725 8939.950619711113 8119.950619711113 317.1701382003103 18.66342630550932 567043.3106443996 551775.4140120351 624.0 128.0 70763.0#70763.0#840_74781.0#74781.0#840_76201.0#76201.0#480_76202.0#76202.0#480_77038.0#77038.0#480 74776.0#74776.0#128_75042.0#75042.0#128_77052.0#77052.0#128
78000 84000 3124.211734374985 521.4741352539077 413.5236818104704 998.497000000003 2.2880859375 124.55851006888892 116.5533885700618 6646.250844026505 5826.250844026505 169.7384064054481 13.088219886914557 307676.97489830764 307566.871530672 480.0 128.0 77038.0#77038.0#480_78788.0#78788.0#480_79927.0#79927.0#480 78784.0#78784.0#128_79940.0#79940.0#128
84000 90000 450.80795507811126 799.2293784179698 293.04863492178123 997.9629999999888 276.4033203125 324.90676762243675 310.5691618696895 11961.78550226449 10300.78550226449 450.5877118640577 22.67521150549454 855268.7859137753 841967.4941402765 750.0 128.0 84025.0#84025.0#480_85372.0#85372.0#840_87326.0#87326.0#840_88858.0#88858.0#840 84021.0#84021.0#128_85368.0#85368.0#128_87323.0#87323.0#128_88856.0#88856.0#128_89542.0#89542.0#128
90000 96000 124.61210546873917 779.9338765024004 308.6554475383064 999.9139999999898 167.576904296875 315.63004366832996 305.7908959118492 8212.10116031421 8212.10116031421 435.3998486394873 18.50343537570623 741769.6468622423 716626.2915709963 840.0 128.0 88858.0#88858.0#840_90002.0#90002.0#840_91140.0#91140.0#840_93552.0#93552.0#840_95552.0#95552.0#840 89542.0#89542.0#128_91321.0#91321.0#128_93548.0#93548.0#128_95549.0#95549.0#128
96000 102000 329.5629101562372 745.6242638346363 245.14371556555594 994.9459999999963 344.263916015625 309.3817609556034 298.2026039141012 9330.9087740318 7649.908774031798 431.68398659476554 18.68607157428114 778389.0654712742 747387.4234569786 840.0 128.0 95552.0#95552.0#840_97147.0#97147.0#840_99055.0#99055.0#840_100762.0#100762.0#840 97143.0#97143.0#128_99049.0#99049.0#128_101045.0#101045.0#128
102000 108000 410.84361914067995 686.7714789062447 301.74792906709126 995.5409999999974 51.425728515619994 271.8315096541977 261.192541703755 8846.953719362995 7206.953719362995 396.49690915036246 16.125038546863856 764935.7037040289 764656.9927830693 840.0 128.0 100762.0#100762.0#840_103051.0#103051.0#840_105268.0#105268.0#840_106840.0#106840.0#840 101045.0#101045.0#128_103048.0#103048.0#128_105265.0#105265.0#128_106855.0#106855.0#128
108000 114000 2337.5495742187486 574.6186571180523 401.6019745061912 999.9759999999951 0.0 188.65278269375287 179.2620305680946 7823.416743039777 6982.416743039777 268.2398948944769 12.390752125658265 500051.2958751326 494735.66720681894 840.0 128.0 106840.0#106840.0#840_108785.0#108785.0#840_112773.0#112773.0#840 108784.0#108784.0#128_112772.0#112772.0#128_113541.0#113541.0#128
114000 120000 287.37792187498417 783.1212725497185 253.18474348996423 995.6600000000035 321.25599999999395 238.94075289422562 225.39060330747094 11314.881597099524 7998.732427029873 318.4226879032523 18.550149586754696 555610.8180809439 546283.4467492575 624.0 128.0 112773.0#112773.0#840_114385.0#114385.0#480_115227.0#115227.0#480_116742.0#116742.0#480_119037.0#119037.0#840 113541.0#113541.0#128_115381.0#115381.0#128_116739.0#116739.0#128_119032.0#119032.0#128
120000 126000 241.33481054686126 704.3350427734374 306.4937445461133 999.7280000000028 29.28911132813664 278.690279032297 269.63118074471 7552.7016598607 7527.85082993035 409.17696891360987 18.059098287587037 788970.6712475665 781750.5383403252 840.0 128.0 119037.0#119037.0#840_120895.0#120895.0#840_123513.0#123513.0#840_124972.0#124972.0#840 120891.0#120891.0#128_123511.0#123511.0#128_124970.0#124970.0#128
126000 132000 190.06353515625233 736.9350701171846 313.45204301366687 998.948000000004 307.218017578125 269.04721024823914 258.72371219092673 8608.268406996147 7768.268406996147 396.15137329560474 15.323498057312374 745094.8020942488 712992.93500149 840.0 128.0 124972.0#124972.0#840_126730.0#126730.0#840_128757.0#128757.0#840_130688.0#130688.0#840 126726.0#126726.0#128_128755.0#128755.0#128_130686.0#130686.0#128
132000 138000 135.45904296878143 697.7421851917567 360.2594347946693 999.8789999999863 228.29296875 308.3184887405824 298.38821940112155 8285.820858357894 8285.820858357894 415.2699363045452 16.184036736234066 772601.6489001735 747963.915132771 840.0 128.0 130688.0#130688.0#840_132771.0#132771.0#840_134753.0#134753.0#840_136770.0#136770.0#840 132769.0#132769.0#128_134751.0#134751.0#128_136769.0#136769.0#128_137546.0#137546.0#128
138000 144000 572.9334941406269 726.3653499644875 270.8735378493917 997.7960000000021 299.71203125000466 334.36752863466546 325.1652365387163 7678.4567680254995 7678.4567680254995 456.7457053245205 19.404584191898362 839620.5202849344 817549.2540523369 840.0 128.0 136770.0#136770.0#840_138124.0#138124.0#840_139275.0#139275.0#840_141050.0#141050.0#840_143549.0#143549.0#840 137546.0#137546.0#128_139410.0#139410.0#128_141048.0#141048.0#128_143544.0#143544.0#128
144000 150000 92.08591210935265 825.9745009765641 183.54179811345028 999.1300000000047 536.8050957031373 354.8197687471197 344.32337337217734 8760.468510326555 7920.468510326553 468.5949119803755 18.99279074988479 820517.1374205926 769149.1374205926 840.0 128.0 143549.0#143549.0#840_145052.0#145052.0#840_147051.0#147051.0#840_149048.0#149048.0#840 145050.0#145050.0#128_147048.0#147048.0#128_149046.0#149046.0#128
150000 156000 82.59880664062803 605.5854847301142 440.3446756537039 999.31700000001 0.0 270.58057493363725 261.1327137711233 7875.247761342285 7875.247761342285 397.9877640076432 15.495406294849175 741839.641706484 741839.641706484 840.0 128.0 149048.0#149048.0#840_151049.0#151049.0#840_152781.0#152781.0#840_154789.0#154789.0#840 151047.0#151047.0#128_152777.0#152777.0#128_154785.0#154785.0#128
156000 162000 291.40979882801184 662.472203320323 371.2922469960601 999.5670000000391 162.88399999999092 233.73843353989014 223.66302122847034 8406.59221847844 7565.5922184784395 334.2835894450305 15.075412311419807 672444.3329464529 671123.7110701753 840.0 128.0 154789.0#154789.0#840_156717.0#156717.0#840_158915.0#158915.0#840_160757.0#160757.0#840 156713.0#156713.0#128_158911.0#158911.0#128_160755.0#160755.0#128
162000 168000 152.21715429681353 696.9604718750052 337.3009576721162 997.3500000000058 211.072998046875 266.55876355976403 254.81283710325403 9816.55716168249 7294.557161682489 376.86155002259545 15.745926456509995 681236.3885315817 666608.7849503377 840.0 128.0 160757.0#160757.0#840_162711.0#162711.0#840_164709.0#164709.0#840_166782.0#166782.0#840 162710.0#162710.0#128_164706.0#164706.0#128_166779.0#166779.0#128
168000 174000 140.53247851561173 658.7205890625133 371.3195145285621 998.6549999999988 0.0 338.9306556440039 328.61637952040115 8581.410979811037 7761.410979811038 437.07055008306315 14.314276123602687 791491.4331107595 779607.6585682811 840.0 128.0 166782.0#166782.0#840_168718.0#168718.0#840_171021.0#171021.0#840_172727.0#172727.0#840 168716.0#168716.0#128_171017.0#171017.0#128_172723.0#172723.0#128
174000 180000 1383.9810820312123 650.9805139160089 402.781707005851 996.7939999999944 0.0 159.5688289394649 153.10475986117615 5377.177334979656 5377.177334979656 219.98051808716556 10.464069078288741 464561.7299583197 464561.7299583197 840.0 128.0 172727.0#172727.0#840_174705.0#174705.0#840_176711.0#176711.0#840 174703.0#174703.0#128_176708.0#176708.0#128
180000 186000 4217.508751953195 541.4922011718561 283.809853562347 951.9060058593459 259.47299999999814 71.31657261695383 64.39869102588293 5752.979477295108 5752.979477295108 108.0437372785531 10.876822386606378 165538.46615328125 157084.44409984065 480.0 128.0 185012.0#185012.0#480_185734.0#185734.0#480 185039.0#185039.0#128_185930.0#185930.0#128
186000 192000 961.4532148438157 750.6364995117134 345.03771580904447 998.7940000000235 34.79399999999441 306.68342738304614 289.60130897411705 14256.020522704892 10934.020522704892 395.95626272144693 31.123177613393622 717879.5338467187 704560.5559001593 480.0 128.0 185734.0#185734.0#480_187133.0#187133.0#480_187936.0#187936.0#480_188350.0#188350.0#480_189156.0#189156.0#480_189970.0#189970.0#480 185930.0#185930.0#128_187185.0#187185.0#128_188024.0#188024.0#128_188359.0#188359.0#128_189274.0#189274.0#128_190039.0#190039.0#128
192000 198000 638.0464062499814 816.5417728365439 200.15569590141615 996.4049999999988 357.550048828125 267.3327549197118 250.2069021841889 14774.023409650728 12251.023409650728 404.8920645146278 25.89058757742879 794281.382834401 770929.382834401 1092.0 128.0 192773.0#192773.0#480_194215.0#194215.0#480_195088.0#195088.0#1500_195090.0#195090.0#1500_197658.0#197658.0#1500 192770.0#192770.0#128_194040.0#194040.0#128_195046.0#195046.0#128_197062.0#197062.0#128
198000 204000 17.763853515614755 727.7618037760549 342.58558567543275 996.4910000000091 26.0570000000007 397.7004649659112 388.8263177014341 6545.976590349272 5725.976590349272 491.4121031085292 15.10941242257121 1056372.4211858474 1031302.4211858474 1500.0 128.0 197658.0#197658.0#1500_199794.0#199794.0#1500_202106.0#202106.0#1500 199069.0#199069.0#128_201267.0#201267.0#128
204000 210000 1104.5096894531453 641.0507327474066 378.78795803120755 998.2010000000009 0.0 254.10971940060128 243.1080426934594 9184.374899856344 8344.374899856344 345.9552908254971 17.393547074765706 728049.3804462999 726401.6841169237 1005.0 128.0 202106.0#202106.0#1500_204805.0#204805.0#840_205626.0#205626.0#840_208977.0#208977.0#840 204800.0#204800.0#128_205040.0#205040.0#128_208973.0#208973.0#128_209541.0#209541.0#128
210000 216000 814.0351191405498 685.6932069010567 333.92943524308794 997.8930000000109 0.07399999999324791 263.8570607137757 246.85873742091758 13843.625100143656 11320.625100143656 337.74054155134587 27.606452925234297 576150.8155334517 559342.5118628279 508.8 128.0 208977.0#208977.0#840_210281.0#210281.0#840_213450.0#213450.0#288_213945.0#213945.0#288_214680.0#214680.0#288 209541.0#209541.0#128_211544.0#211544.0#128_214042.0#214042.0#128_214677.0#214677.0#128
216000 222000 720.9942714843783 733.706568181819 357.76196587702384 999.0200000000186 17.8870000000461 283.53412906695416 273.53412906695416 7503.0 7503.0 402.59693289664614 15.97596932896646 754273.3343874676 739611.3343874676 840.0 128.0 216787.0#216787.0#840_218744.0#218744.0#840_220714.0#220714.0#840 216783.0#216783.0#128_218741.0#218741.0#128_220709.0#220709.0#128
222000 228000 1771.165068359318 700.7249598524359 400.0962333334122 998.3470000000088 23.816749999998137 227.69782590148913 218.59069938249405 7591.915010765905 7591.915010765905 320.47433229330454 16.131157190028606 548339.8907635885 532196.8907635885 660.0 128.0 220714.0#220714.0#840_224764.0#224764.0#840_226318.0#226318.0#480_227077.0#227077.0#480 224763.0#224763.0#128_225041.0#225041.0#128_227223.0#227223.0#128
228000 234000 1928.595083984459 612.2999992897676 418.11314810667994 987.1639999999898 8.6259765625 201.3198807932705 190.59082763973814 8961.504366620735 8458.50195933076 288.63706045772216 16.550443159436593 529944.3412872757 529944.3412872757 624.0 128.0 227077.0#227077.0#480_228770.0#228770.0#480_229536.0#229536.0#480_232797.0#232797.0#840_233991.0#233991.0#840 228766.0#228766.0#128_229712.0#229712.0#128_232785.0#232785.0#128_233546.0#233546.0#128
234000 240000 1181.8770039062074 707.4088490767118 292.10023189588406 998.5380000000005 185.769287109375 204.6664834200819 189.28760355698623 13338.230632536763 11139.583029903335 371.515262239754 24.772549392814533 690453.2034838394 586788.1869545951 1560.0 128.0 232797.0#232797.0#840_233991.0#233991.0#840_236768.0#236768.0#840_238712.0#238712.0#840_239156.0#239156.0#3000_239158.0#239158.0#3000 233546.0#233546.0#128_236765.0#236765.0#128_238708.0#238708.0#128
240000 246000 36.24669921875466 768.3794378255261 327.97133955039567 998.7629999999772 0.0 563.9124453701174 550.1275049057405 11651.349990076598 9352.0 1215.4325058028094 21.569880928753804 2098129.7024083883 984675.8219446137 2250.0 128.0 239158.0#239158.0#3000_243256.0#243256.0#1500 241646.0#241646.0#128_243042.0#243042.0#128
246000 252000 15.474888671888039 783.4186629135957 278.141007670989 999.5869999999995 241.497314453125 506.2996806744781 497.05770254949067 7707.503603114471 7707.503603114471 751.1877278118069 18.48395624997496 1174097.5288938878 870993.4258869065 1170.0 128.0 243256.0#243256.0#1500_246190.0#246190.0#1500_249113.0#249113.0#840_250340.0#250340.0#840 246341.0#246341.0#128_249529.0#249529.0#128_250543.0#250543.0#128
252000 258000 406.60385351564037 688.9171643066402 324.56919959077754 994.9199999999837 46.522999999986496 391.56955477360884 378.8115328985963 10661.49639688553 10661.49639688553 503.15617849795683 25.51604375002504 902490.998775553 838254.998775553 600.0 128.0 250340.0#250340.0#840_252026.0#252026.0#840_253219.0#253219.0#480_255031.0#255031.0#480_255664.0#255664.0#480_256576.0#256576.0#480 252041.0#252041.0#128_253547.0#253547.0#128_255043.0#255043.0#128_255947.0#255947.0#128_256747.0#256747.0#128
258000 264000 669.5782011718838 686.9841215277816 361.742688908589 993.7729999999865 263.12109375 304.8542675055055 295.59064183221676 7719.17305209671 7719.17305209671 397.7452621191961 15.263625673288672 700852.1631200241 700852.1631200241 840.0 128.0 258718.0#258718.0#840_260710.0#260710.0#840_262722.0#262722.0#840 258711.0#258711.0#128_260708.0#260708.0#128_262720.0#262720.0#128
264000 270000 1587.9503925781464 656.853863281256 284.9359397691889 990.609999999986 275.8099999999977 177.14573249449452 169.4093581677832 6425.82694790329 5605.82694790329 259.2547378808039 11.736374326711328 479248.83687997586 479248.83687997586 840.0 128.0 262722.0#262722.0#840_264761.0#264761.0#840_267181.0#267181.0#840 264759.0#264759.0#128_267177.0#267177.0#128
270000 276000 957.084085937473 801.937300000008 270.5433486276702 996.5349999999744 270.60600000002887 361.0 350.0 9184.0 9184.0 454.0 20.0 760843.0 704947.0 570.0 128.0 270715.0#270715.0#840_272323.0#272323.0#480_273336.0#273336.0#480_274707.0#274707.0#480 270713.0#270713.0#128_271039.0#271039.0#128_273461.0#273461.0#128_274704.0#274704.0#128
276000 282000 1675.6044414062053 761.3285984375107 326.5193056735709 999.00900000002 220.31400000001304 237.39617690202863 228.07460399324478 7766.68978520276 7766.68978520276 395.1804478141901 16.0 681963.7878113938 673804.7878113938 840.0 128.0 276713.0#276713.0#840_277793.0#277793.0#840_280698.0#280698.0#840 276708.0#276708.0#128_277541.0#277541.0#128_280696.0#280696.0#128
282000 288000 945.2459765624953 688.4568288352298 279.54880261192056 996.9290000000037 290.0791015625 284.15261618331306 274.1623418023188 8315.024992415347 7495.024992415346 388.05649798137347 16.31184728977818 736002.2434074047 716081.2434074047 840.0 128.0 280698.0#280698.0#840_283140.0#283140.0#840_284456.0#284456.0#840_286707.0#286707.0#840 283137.0#283137.0#128_283539.0#283539.0#128_286704.0#286704.0#128
288000 294000 1258.9954902343452 680.0229781250003 338.64133027509877 995.8580000000075 34.29599999997299 250.6643163642158 240.38951297902557 8574.205282605662 7734.205282605662 386.3362356166362 15.98147804770602 687337.7247466918 683173.7247466918 840.0 128.0 286707.0#286707.0#840_288774.0#288774.0#840_290133.0#290133.0#840_292704.0#292704.0#840 288771.0#288771.0#128_289039.0#289039.0#128_292702.0#292702.0#128
294000 300000 1912.8688378906227 551.6810130208355 364.1427829021973 997.6579999999958 0.0 172.78689055044248 166.37354122541086 5335.079939776233 5335.079939776233 258.42681858780026 11.706674662515804 444199.2440345097 444199.2440345097 840.0 128.0 292704.0#292704.0#840_294693.0#294693.0#840_298324.0#298324.0#840 294692.0#294692.0#128_298323.0#298323.0#128
