ts te idle avg_span std_span max_span min_span c_bytes_all s_bytes_all avg_video_rate avg_audio_rate video_requests_sequence audio_requests_sequence
0 5000 5000.0 0.0 0.0 0.0 0.0 0.0 0.0 0.0 0.0 0 0
5000 10000 1711.7170039061457 657.6565992187709 463.93161230793095 999.9430000000284 96.99400000000605 66014.48373691886 9968513.652313512    
10000 15000 4068.9589960937155 310.34700130209484 90.63498023186278 382.50400000001537 208.62000390625326 27063.51626308114 4852674.347686488    
15000 20000 3715.142019531224 428.28599348959204 193.33384850397513 555.9729999999981 205.85498046875 29914.33439234414 5497360.638543954    
20000 25000 3750.869980468764 416.37667317707866 198.87488378936678 535.5329999999958 186.79101953125792 27915.66560765586 4985483.361456046    
25000 30000 3290.444999999949 569.8516666666837 81.75773018089335 664.244000000006 521.2800000000279 32113.0 5639585.0    
30000 35000 1944.9671074218932 611.0065785156214 501.8676489649931 996.5360000000801 20.85800000000745 25944.17066055044 4331501.758467705    
35000 40000 1386.3928925782675 903.4017768554331 77.02196052001695 981.1149999998743 809.5719999999856 28540.829339449556 5415167.241532295    
40000 45000 2782.52700000006 739.1576666666466 345.3022949827035 992.8119999999763 345.91300000000047 34682.0 6433566.0    
45000 50000 2926.2216933593736 691.2594355468755 421.119348622357 948.9510000000009 205.289306640625 26264.371674747817 4589487.394096659    
50000 55000 2796.6643066407414 734.4452311197529 257.0168269590184 905.5669999999227 438.8946933593834 31005.628325252183 5530255.605903341    
55000 60000 4101.950996093743 299.3496679687523 89.14641694503598 383.0449999999837 205.60400390625 26758.32411367146 4944558.82754063    
60000 65000 3521.1210039062425 492.9596653645858 259.1575866055304 713.5750000000116 207.5539960937458 28606.67588632854 5101645.17245937    
65000 70000 2664.4330000001355 583.8917499999661 286.5430553853367 995.3719999999157 329.7509999999893 30085.0 6062067.0    
70000 75000 3952.0160000000033 523.9919999999984 240.45448936957172 694.0189999999711 353.9650000000256 20411.0 4227163.0    
75000 80000 3112.161999999953 471.95950000001176 406.11828786327675 990.1770000000251 5.541000000026543 28781.0 5988643.0    
80000 85000 2366.1157460937393 658.4710634765652 425.19608514345117 999.9750000000349 95.38525390625 21362.49360862051 3999701.6679279874    
85000 90000 2089.204253906326 727.6989365234185 398.41224179216147 994.1909999999916 135.71999999991385 25754.50639137949 5533979.332072012    
90000 95000 3265.6540000000386 867.1729999999807 185.12196952817715 998.0739999999641 736.2719999999972 22840.0 4740191.0    
95000 100000 3114.3180214843596 471.4204946289101 291.4686713935319 841.9079999999958 205.302978515625 25295.667099104572 4307592.4912516745    
100000 105000 3413.4229785156203 528.8590071614599 104.3123773374568 638.8360214843997 431.3279999999795 26298.332900895428 5718921.5087483255    
105000 110000 2533.754111328046 616.5614721679885 386.92036279364055 985.4860000000335 204.535888671875 23672.814299946745 4892568.027203164    
110000 115000 3752.1988886719337 415.9337037760221 117.58567093037367 520.0779999999795 288.4171113281045 25800.185700053255 5156959.972796836    
115000 120000 3470.6919999999227 509.7693333333591 14.276369298030005 525.8980000000447 498.7530000000261 28566.0 5964861.0    
120000 125000 3624.2360703125596 458.58797656248015 282.0069859100222 704.9629999999306 151.0029296875 21323.477534153015 4429225.823999196    
125000 130000 3409.5930117188254 397.60174707029364 372.9360516063781 845.7440703124739 0.0 22502.21014061359 4766918.25668384    
130000 135000 1723.1318300782586 655.3736339843483 439.0082115477551 992.4939999999478 144.215087890625 25380.50570491225 5220320.8055528235    
135000 140000 2024.2839824219118 743.929004394522 362.6362006939771 970.4239999999991 205.6831054686918 23362.23465700227 4740380.143835082    
140000 145000 1352.8831054687616 911.7792236328096 140.77508672555638 998.8329999999842 702.081894531264 33095.57196331888 6938749.969929059    
145000 150000 4178.280999999959 273.906333333347 351.0592268525937 679.2530000000261 67.60800000000745 20119.0 3988694.0    
150000 155000 3667.189999999944 666.4050000000279 64.89967459086832 712.2960000000312 620.5140000000247 27949.0 6103749.0    
155000 160000 3784.4489160156227 405.1836946614591 172.34391084642562 508.8180000000284 206.236083984375 22426.974628572796 4708408.775517084    
160000 165000 3509.2360839842586 496.92130533858045 192.71986130010083 699.3510000000242 315.65891601570183 24606.025371427204 5189852.224482916    
165000 170000 3367.819000000076 544.060333333308 416.7829279916909 916.625 93.95100000000093 28660.0 6063738.0    
170000 175000 2123.472099609324 958.8426334635587 53.95933050839604 990.1440000000293 896.5360000000219 22316.40656188653 4117961.5431792447    
175000 180000 2639.3309003906325 472.1338199218735 433.46346210795 941.8229999999749 9.927099609398283 28014.59343811347 5892051.456820755    
180000 185000 2728.214945312531 567.9462636718672 494.6647741172707 997.045999999973 136.16599999996834 22124.93171595382 4359743.064539925    
185000 190000 3001.397082031239 499.6507294921903 467.3968636538031 941.3310000000056 0.0 29175.23311421539 6021151.562590874    
190000 195000 74.45072265638737 820.9248795572688 342.14478171017413 998.6969999999274 142.78125 26772.441278328595 5529069.615896137    
195000 200000 2512.7553320312873 621.8111669921782 310.010322869596 860.7219999999506 205.31591796875 22817.26995505968 4771138.644297301    
200000 205000 3487.8819179687416 504.0393606770861 109.5598770497223 630.5169999999925 438.3670820312109 25384.12393644252 5423522.112675762    
205000 210000 3048.351000000024 650.5496666666586 270.516567951626 958.2419999999693 450.08499999996275 28123.0 5906072.0    
210000 215000 3968.7780000000494 515.6109999999753 280.45269155420516 713.920999999973 317.30099999997765 15118.0 2123361.0    
215000 220000 3707.822027343791 430.725990885403 201.19094350743438 594.8479999999981 206.27197265625 22975.126086923316 4412968.635055601    
220000 225000 1976.3630937500857 604.7273812499828 378.7101653896312 995.8730000000214 95.90087890625 26736.660178172002 5333685.205241024    
225000 230000 361.26887890615035 927.74622421877 77.6710415318923 999.9050000000279 834.6809999999823 27066.213734904682 5989156.159703376    
230000 235000 1801.923000000068 799.519249999983 313.2350154025927 992.5489999999991 333.8299999999581 23516.0 4878975.0    
235000 240000 3322.8610683594598 559.0463105468467 306.31628605375596 746.4009999999544 205.554931640625 5642.1896064239 117545.99437426741    
240000 245000 2692.887810546905 576.7780473632738 317.72479282917027 961.2199999999721 188.84912109375 6787.779324550131 104895.15706120268    
245000 250000 3356.1011933593545 410.9747016601614 261.58570390537113 794.0698789062444 204.450927734375 7308.904753612706 188482.2512549561    
250000 255000 3911.907927734428 362.6973574218573 315.96277046623123 609.9749999999767 6.7380722656380385 11000.126315413261 1798905.5973095738    
255000 260000 3325.7541074219625 558.0819641926792 323.8326472460688 842.2539999999572 205.514892578125 24452.658695840473 5055156.496835721    
260000 265000 3496.2088925781427 501.26370247395243 198.80480300934886 623.3490000000456 271.8621074218536 24646.341304159527 4846545.503164279    
265000 270000 3639.1909003906185 453.60303320312715 226.12605958891547 648.7179999999935 205.777099609375 21859.909586859267 4694097.800203346    
270000 275000 2221.033830078086 555.7932339843828 430.7215452292122 996.8240000000224 41.05126953125 26219.329480415596 5266265.115187454    
275000 280000 2327.856189453043 668.0359526367392 380.36542746677804 988.5550000000512 137.882080078125 28971.149656437665 6344864.960958897    
280000 285000 2327.2430800781585 668.1892299804604 406.94169821752195 999.9799999999814 85.67200000002049 29709.611276287476 5719565.123650303    
285000 290000 2960.309916015598 679.8966946614673 416.02983356935914 985.5370000000112 206.111083984375 20973.913399272144 4479395.345052888    
290000 295000 3608.061083984445 463.9796386718517 385.6804273165695 858.466999999946 87.75500000000466 17918.086600727856 3647583.6549471123    
295000 300000 3022.166986328084 659.277671223972 391.62399893318303 890.8710000000428 207.114013671875 32812.086991919 6931884.201235208    
