ts te idle avg_span std_span max_span min_span c_bytes_all s_bytes_all avg_video_rate avg_audio_rate video_requests_sequence audio_requests_sequence
0 5000 5000.0 0.0 0.0 0.0 0.0 0.0 0.0 0.0 0.0 - -
5000 10000 2638.4680019531297 590.3829995117176 473.15820511029045 999.1719999999987 137.66499999999724 22636.91653939385 3908222.863350269 4400.0 128.0 7096.0#7096.0#4400_7099.0#7099.0#4400_8773.0#8773.0#4400_9391.0#9391.0#4400_9722.0#9722.0#4400 7091.0#7091.0#128_7094.0#7094.0#128_9415.0#9415.0#128_9636.0#9636.0#128_9746.0#9746.0#128
10000 15000 1773.4717402343704 645.3056519531259 328.61661601862124 999.091000000004 107.28500000000349 28187.0149986491 7703678.260494903 5300.0 128.0 9722.0#9722.0#4400_10186.0#10186.0#4400_10627.0#10627.0#4400_11060.0#11060.0#4400_11599.0#11599.0#4400_11926.0#11926.0#4400_14236.0#14236.0#8000_14240.0#14240.0#8000 10215.0#10215.0#128_10641.0#10641.0#128_11219.0#11219.0#128_11642.0#11642.0#128_11980.0#11980.0#128_14233.0#14233.0#128
15000 20000 3578.838257812502 355.2904355468745 124.72451884191588 475.6800000000003 194.25074218749796 20779.068461957046 6444289.876154827 8000.0 128.0 15734.0#15734.0#8000_17244.0#17244.0#8000_19182.0#19182.0#8000 15731.0#15731.0#128_17243.0#17243.0#128_19180.0#19180.0#128
20000 25000 4187.320000000014 406.33999999999287 0.3691097397825471 406.6009999999951 406.07899999999063 13235.0 3999752.0 8000.0 128.0 21158.0#21158.0#8000_23173.0#23173.0#8000 21157.0#21157.0#128_23170.0#23170.0#128
25000 30000 3803.5490000000063 398.8169999999979 16.932052828881286 410.6140000000014 379.41599999999744 20239.0 6030716.0 8000.0 128.0 25185.0#25185.0#8000_27200.0#27200.0#8000_29170.0#29170.0#8000 25183.0#25183.0#128_27194.0#27194.0#128_29168.0#29168.0#128
30000 35000 4246.195 376.90250000000015 25.730908660599297 395.0970000000016 358.7079999999987 13238.0 3949216.0 8000.0 128.0 31186.0#31186.0#8000_33186.0#33186.0#8000 31184.0#31184.0#128_33184.0#33184.0#128
35000 40000 2830.339 723.2203333333333 191.62126189004385 944.2419999999984 603.7220000000016 27611.0 7989541.0 8000.0 128.0 35142.0#35142.0#8000_35232.0#35232.0#8000_37182.0#37182.0#8000_39181.0#39181.0#8000 35141.0#35141.0#128_35230.0#35230.0#128_37179.0#37179.0#128_39181.0#39181.0#128
40000 45000 3794.3510000000097 602.8244999999952 65.85073321155475 649.3879999999917 556.2609999999986 14016.0 3928794.0 8000.0 128.0 41193.0#41193.0#8000_43170.0#43170.0#8000 41189.0#41189.0#128_43168.0#43168.0#128
45000 50000 3926.75 357.75 229.1048179065624 549.3279999999941 103.96600000000035 14609.0 4159478.0 8000.0 128.0 45183.0#45183.0#8000_47178.0#47178.0#8000 45181.0#45181.0#128_47177.0#47177.0#128
50000 55000 3999.3110000000015 500.34449999999924 107.47103835220564 576.3380000000034 424.3509999999951 19922.0 5853820.0 8000.0 128.0 51179.0#51179.0#8000_51236.0#51236.0#8000_53184.0#53184.0#8000 51176.0#51176.0#128_51233.0#51233.0#128_53182.0#53182.0#128
55000 60000 3750.9419999999955 416.3526666666682 48.80555321204537 471.8350000000064 380.05199999999604 20854.0 6043585.0 8000.0 128.0 55179.0#55179.0#8000_57179.0#57179.0#8000_59158.0#59158.0#8000 55174.0#55174.0#128_57175.0#57175.0#128_59155.0#59155.0#128
60000 65000 3984.648000000001 507.6759999999995 22.7122698117189 523.7360000000044 491.61599999999453 14037.0 4055872.0 8000.0 128.0 61183.0#61183.0#8000_63178.0#63178.0#8000 61181.0#61181.0#128_63172.0#63172.0#128
65000 70000 3442.711999999985 519.096000000005 148.46871575856775 683.5789999999979 394.99800000000687 20817.0 5989492.0 8000.0 128.0 65126.0#65126.0#8000_67127.0#67127.0#8000_69170.0#69170.0#8000 65121.0#65121.0#128_67125.0#67125.0#128_69167.0#69167.0#128
70000 75000 4131.937999999995 434.0310000000027 12.46770676588993 442.84700000000885 425.2149999999965 13702.0 4027865.0 8000.0 128.0 71176.0#71176.0#8000_73167.0#73167.0#8000 71174.0#71174.0#128_73165.0#73165.0#128
75000 80000 3565.2599999999948 478.24666666666843 49.32394511120257 531.1239999999962 433.4820000000036 20463.0 5906345.0 8000.0 128.0 75171.0#75171.0#8000_77172.0#77172.0#8000_79160.0#79160.0#8000 75169.0#75169.0#128_77171.0#77171.0#128_79158.0#79158.0#128
80000 85000 4139.571999999971 430.2140000000145 14.741762174186116 440.63800000002084 419.79000000000815 13702.0 3993819.0 8000.0 128.0 81190.0#81190.0#8000_83168.0#83168.0#8000 81188.0#81188.0#128_83163.0#83163.0#128
85000 90000 3136.3619999999937 621.2126666666687 264.2404749642574 922.9000000000087 430.85199999999895 27707.0 8042190.0 8000.0 128.0 85166.0#85166.0#8000_85235.0#85235.0#8000_87162.0#87162.0#8000_89183.0#89183.0#8000 85165.0#85165.0#128_85233.0#85233.0#128_87161.0#87161.0#128_89180.0#89180.0#128
90000 95000 3972.5310000000027 513.7344999999987 61.800425568895655 557.4339999999793 470.03500000001804 13801.0 3990336.0 8000.0 128.0 91172.0#91172.0#8000_93130.0#93130.0#8000 91171.0#91171.0#128_93128.0#93128.0#128
95000 100000 3420.5399999999936 526.4866666666688 360.28495364964255 757.903999999995 111.37900000001537 21047.0 6044913.0 8000.0 128.0 97179.0#97179.0#8000_97234.0#97234.0#8000_99185.0#99185.0#8000 97175.0#97175.0#128_97232.0#97232.0#128_99184.0#99184.0#128
100000 105000 3394.277000000002 802.8614999999991 244.05578420619133 975.4349999999977 630.2880000000005 14326.0 3958062.0 8000.0 128.0 101162.0#101162.0#8000_103180.0#103180.0#8000 101732.0#101732.0#128_103179.0#103179.0#128
105000 110000 2557.98599999999 814.00466666667 88.17483249961076 912.4610000000102 742.3139999999985 22343.0 5995608.0 8000.0 128.0 105172.0#105172.0#8000_106733.0#106733.0#8000_109171.0#109171.0#8000_109945.0#109945.0#8000 105170.0#105170.0#128_106731.0#106731.0#128_109170.0#109170.0#128_109959.0#109959.0#128
110000 115000 2510.7240000000165 622.3189999999959 417.9672127276655 983.7039999999979 93.81299999999464 20548.0 6092178.0 8000.0 128.0 109945.0#109945.0#8000_112243.0#112243.0#8000_113736.0#113736.0#8000 109959.0#109959.0#128_112240.0#112240.0#128_113734.0#113734.0#128
115000 120000 3206.032999999996 448.49175000000105 422.63146065602956 999.926999999996 106.92600000000675 14094.0 3967594.0 8000.0 128.0 115732.0#115732.0#8000_119181.0#119181.0#8000 115730.0#115730.0#128_119180.0#119180.0#128
120000 125000 4284.630000000005 357.6849999999977 348.26564608355875 603.9459999999963 111.42399999999907 13361.0 3968854.0 8000.0 128.0 121194.0#121194.0#8000_121238.0#121238.0#8000 121188.0#121188.0#128_121236.0#121236.0#128
125000 130000 3674.00900000002 441.9969999999933 75.58692455047101 511.1939999999886 361.3310000000056 20686.0 5949634.0 8000.0 128.0 125177.0#125177.0#8000_127137.0#127137.0#8000_129178.0#129178.0#8000 125176.0#125176.0#128_127136.0#127136.0#128_129178.0#129178.0#128
130000 135000 3613.484000000026 693.2579999999871 323.71631285434944 922.1600000000035 464.35599999997066 20549.0 6005164.0 8000.0 128.0 131167.0#131167.0#8000_133160.0#133160.0#8000_133534.0#133534.0#8000 131166.0#131166.0#128_133231.0#133231.0#128_133619.0#133619.0#128
135000 140000 3626.7580000000016 457.7473333333328 90.38362921642776 561.8209999999963 398.95000000001164 20625.0 5968963.0 8000.0 128.0 135172.0#135172.0#8000_137171.0#137171.0#8000_139168.0#139168.0#8000 135171.0#135171.0#128_137168.0#137168.0#128_139166.0#139166.0#128
140000 145000 4181.90300000002 409.0484999999899 5.6702892783350896 413.05799999999 405.03899999998976 13687.0 3999987.0 8000.0 128.0 141179.0#141179.0#8000_143168.0#143168.0#8000 141178.0#141178.0#128_143166.0#143166.0#128
145000 150000 2959.206999999966 680.2643333333448 52.06063073314773 736.6730000000098 634.064000000013 21556.0 5969576.0 8000.0 128.0 145178.0#145178.0#8000_147175.0#147175.0#8000_149169.0#149169.0#8000 145175.0#145175.0#128_147173.0#147173.0#128_149167.0#149167.0#128
150000 155000 3970.1820000000007 514.9089999999997 585.7022037110597 929.0629999999946 100.75500000000466 14108.0 4076255.0 8000.0 128.0 151166.0#151166.0#8000_151236.0#151236.0#8000 151164.0#151164.0#128_151231.0#151231.0#128
155000 160000 3229.28099999993 590.23966666669 147.64695209967533 683.7339999999967 420.02700000006007 20916.0 5946958.0 8000.0 128.0 155176.0#155176.0#8000_157127.0#157127.0#8000_159186.0#159186.0#8000 155174.0#155174.0#128_157124.0#157124.0#128_159183.0#159183.0#128
160000 165000 4135.788999999961 432.1055000000197 66.70350398963882 479.2719999999972 384.93900000004214 13991.0 4079080.0 8000.0 128.0 161175.0#161175.0#8000_163164.0#163164.0#8000 161173.0#161173.0#128_163162.0#163162.0#128
165000 170000 2788.5749999999534 737.1416666666822 219.4148030952652 884.9949999999953 485.0370000000112 27974.0 8036868.0 8000.0 128.0 165182.0#165182.0#8000_167187.0#167187.0#8000_167239.0#167239.0#8000_169179.0#169179.0#8000 165178.0#165178.0#128_167186.0#167186.0#128_167235.0#167235.0#128_169176.0#169176.0#128
170000 175000 3719.610999999946 640.1945000000269 62.056398223691026 684.0750000000116 596.3140000000421 13812.0 3867173.0 8000.0 128.0 171181.0#171181.0#8000_173170.0#173170.0#8000 171177.0#171177.0#128_173166.0#173166.0#128
175000 180000 3115.206999999966 628.2643333333448 55.82663103156171 681.9880000000121 570.5489999999991 21550.0 6116102.0 8000.0 128.0 175178.0#175178.0#8000_177185.0#177185.0#8000_179166.0#179166.0#8000 175176.0#175176.0#128_177180.0#177180.0#128_179163.0#179163.0#128
180000 185000 2989.65711914064 670.1142936197866 502.7222325523977 997.8310000000056 91.30900000000838 14210.504738947668 4016233.8879797077 8000.0 128.0 183124.0#183124.0#8000_183564.0#183564.0#8000 183122.0#183122.0#128_183577.0#183577.0#128
185000 190000 3115.5338808592933 471.1165297851767 366.8961149445984 965.4310000000405 78.25011914063361 20382.495261052332 5979896.112020292 8000.0 128.0 185747.0#185747.0#8000_187150.0#187150.0#8000_189179.0#189179.0#8000 185739.0#185739.0#128_187233.0#187233.0#128_189177.0#189177.0#128
190000 195000 3949.668000000005 525.1659999999974 182.1323220573596 653.9530000000086 396.37899999998626 13846.0 3967334.0 8000.0 128.0 191147.0#191147.0#8000_193190.0#193190.0#8000 191146.0#191146.0#128_193185.0#193185.0#128
195000 200000 3132.801999999938 622.3993333333541 15.201661499115994 635.2090000000026 605.6009999999951 21304.0 5949414.0 8000.0 128.0 195161.0#195161.0#8000_197164.0#197164.0#8000_199203.0#199203.0#8000 195159.0#195159.0#128_197160.0#197160.0#128_199200.0#199200.0#128
200000 205000 3825.125000000029 587.4374999999854 32.7015673095364 610.560999999987 564.3139999999839 14483.0 4066723.0 8000.0 128.0 201166.0#201166.0#8000_203181.0#203181.0#8000 201164.0#201164.0#128_203179.0#203179.0#128
205000 210000 3116.1570000000065 627.9476666666645 112.0517943512512 750.4230000000098 530.5789999999979 28130.0 8075016.0 8000.0 128.0 205178.0#205178.0#8000_205231.0#205231.0#8000_207159.0#207159.0#8000_209156.0#209156.0#8000 205176.0#205176.0#128_205230.0#205230.0#128_207157.0#207157.0#128_209152.0#209152.0#128
210000 215000 3870.1040000000503 564.9479999999749 6.00050814517275 569.1909999999916 560.7049999999581 13690.0 3877649.0 8000.0 128.0 211163.0#211163.0#8000_213125.0#213125.0#8000 211162.0#211162.0#128_213124.0#213124.0#128
215000 220000 3841.189000000042 386.2703333333193 317.71677252598204 698.7219999999797 63.538000000000466 14294.0 4056562.0 8000.0 128.0 217168.0#217168.0#8000_219151.0#219151.0#8000 217165.0#217165.0#128_219232.0#219232.0#128
220000 225000 4009.5500000000175 495.22499999999127 85.76639570366933 555.8709999999846 434.5789999999979 13595.0 3922046.0 8000.0 128.0 221153.0#221153.0#8000_223154.0#223154.0#8000 221230.0#221230.0#128_223239.0#223239.0#128
225000 230000 3662.1870000000054 445.9376666666649 45.99987445997417 492.59799999999814 400.627999999997 20987.0 6103663.0 8000.0 128.0 225161.0#225161.0#8000_227173.0#227173.0#8000_229160.0#229160.0#8000 225231.0#225231.0#128_227230.0#227230.0#128_229232.0#229232.0#128
230000 235000 3572.5959999999905 713.7020000000048 65.01705431658463 759.6760000000359 667.7279999999737 20532.0 6004952.0 8000.0 128.0 231161.0#231161.0#8000_231365.0#231365.0#8000_233184.0#233184.0#8000 231233.0#231233.0#128_231535.0#231535.0#128_233181.0#233181.0#128
235000 240000 3289.9719999999797 570.0093333333401 249.32480918739313 857.3369999999995 410.6940000000177 21279.0 6075495.0 8000.0 128.0 235165.0#235165.0#8000_237162.0#237162.0#8000_239180.0#239180.0#8000 235164.0#235164.0#128_237157.0#237157.0#128_239178.0#239178.0#128
240000 245000 3932.316999999981 533.8415000000095 84.54663650611843 593.625 474.0580000000191 13467.0 3883774.0 8000.0 128.0 241178.0#241178.0#8000_243166.0#243166.0#8000 241175.0#241175.0#128_243163.0#243163.0#128
245000 250000 2879.61599999998 706.7946666666734 155.85526278357202 879.9500000000116 577.7459999999846 21583.0 6054662.0 8000.0 128.0 245128.0#245128.0#8000_247192.0#247192.0#8000_249167.0#249167.0#8000 245125.0#245125.0#128_247185.0#247185.0#128_249165.0#249165.0#128
250000 255000 3629.8759999999893 685.0620000000054 39.513126932748726 713.0020000000368 657.1219999999739 20539.0 5971267.0 8000.0 128.0 251184.0#251184.0#8000_253173.0#253173.0#8000_253232.0#253232.0#8000 251183.0#251183.0#128_253170.0#253170.0#128_253230.0#253230.0#128
255000 260000 3228.548999999941 590.4836666666864 46.51382909770731 643.2189999999828 555.2970000000205 21092.0 6035893.0 8000.0 128.0 255170.0#255170.0#8000_257179.0#257179.0#8000_259178.0#259178.0#8000 255168.0#255168.0#128_257178.0#257178.0#128_259177.0#259177.0#128
260000 265000 3644.0018945312477 451.9993684895841 331.64307367702065 762.80810546875 102.85399999999208 12603.049760373433 3598359.959771065 8000.0 128.0 262733.0#262733.0#8000_264244.0#264244.0#8000 262731.0#262731.0#128_264236.0#264236.0#128
265000 270000 2087.1257871093694 728.2185532226576 358.21000969576676 941.9340000000084 194.09789453126723 19292.14529175699 5421806.365544908 8000.0 128.0 266235.0#266235.0#8000_267738.0#267738.0#8000_269737.0#269737.0#8000 266234.0#266234.0#128_267731.0#267731.0#128_269735.0#269735.0#128
270000 275000 2640.7383183593047 589.8154204101738 393.1115009662307 999.9280000000726 75.10968164063524 16977.804947869572 4911985.674684027 8000.0 128.0 269737.0#269737.0#8000_271123.0#271123.0#8000_273165.0#273165.0#8000 271116.0#271116.0#128_273159.0#273159.0#128
275000 280000 3252.012000000046 582.6626666666513 318.68425979539285 906.5339999999851 269.4319999999716 14410.0 4042722.0 8000.0 128.0 276235.0#276235.0#8000_279126.0#279126.0#8000 276233.0#276233.0#128_279125.0#279125.0#128
280000 285000 4144.4659999998985 427.76700000005076 513.838941539047 791.1060000000289 64.42800000007264 14116.0 4128573.0 8000.0 128.0 281164.0#281164.0#8000_281231.0#281231.0#8000 281163.0#281163.0#128_281559.0#281559.0#128
285000 290000 3740.6609999999637 419.7796666666788 396.5467204407704 840.7550000000047 53.29800000000978 20469.0 5930150.0 8000.0 128.0 285156.0#285156.0#8000_285426.0#285426.0#8000_289153.0#289153.0#8000 285232.0#285232.0#128_285516.0#285516.0#128_289230.0#289230.0#128
290000 295000 3385.265000000014 807.367499999993 256.1077121847309 988.4629999999888 626.2719999999972 20257.0 5891553.0 8000.0 128.0 291158.0#291158.0#8000_291370.0#291370.0#8000_293171.0#293171.0#8000 291229.0#291229.0#128_291844.0#291844.0#128_293230.0#293230.0#128
295000 300000 3040.548999999999 653.1503333333336 200.86589134131913 881.1280000000261 502.1919999999809 27852.0 8018620.0 8000.0 128.0 295159.0#295159.0#8000_297181.0#297181.0#8000_299179.0#299179.0#8000_299615.0#299615.0#8000 295229.0#295229.0#128_297231.0#297231.0#128_299233.0#299233.0#128_299723.0#299723.0#128
