ts te idle avg_span std_span max_span min_span c_bytes_all s_bytes_all avg_video_rate avg_audio_rate video_requests_sequence audio_requests_sequence
0 5000 5000.0 0.0 0.0 0.0 0.0 0.0 0.0 0.0 0.0 - -
5000 10000 5000.0 0.0 0.0 0.0 0.0 0.0 0.0 0.0 0.0 - -
10000 15000 5000.0 0.0 0.0 0.0 0.0 0.0 0.0 0.0 0.0 - -
15000 20000 3479.782015625002 760.1089921874991 113.17245137744911 840.1339999999982 680.083984375 8363.758595040425 54603.41131107046 480.0 128.0 19572.0#19572.0#480_19574.0#19574.0#480 19569.0#19569.0#128_19570.0#19570.0#128
20000 25000 212.65571093749895 797.8907148437502 286.6177901762396 995.3309999999983 290.403015625001 12179.19239070892 305004.59190867963 336.0 128.0 19574.0#19574.0#480_22689.0#22689.0#288_22691.0#22691.0#288_24711.0#24711.0#288 19570.0#19570.0#128_22699.0#22699.0#128_22701.0#22701.0#128_24797.0#24797.0#128
25000 30000 234.85820312501164 794.1902994791648 268.57428559828617 995.5409999999974 373.9087265624985 7517.166263723702 205770.63944940647 288.0 128.0 24711.0#24711.0#288_26575.0#26575.0#288 24797.0#24797.0#128_26683.0#26683.0#128
30000 35000 194.1759921874982 800.9706679687503 295.6860828357668 999.7180000000008 395.205078125 10265.625163622013 304096.1260688618 288.0 128.0 26575.0#26575.0#288_31496.0#31496.0#288_33566.0#33566.0#288 26683.0#26683.0#128_31584.0#31584.0#128_33578.0#33578.0#128
35000 40000 245.14595703125815 792.4756738281236 283.6949474697402 992.2520000000004 298.59912109375 9413.014568449156 236419.745297694 288.0 128.0 33566.0#33566.0#288_36193.0#36193.0#288_38783.0#38783.0#288 36219.0#36219.0#128_38801.0#38801.0#128
40000 45000 241.86924023436586 793.0217932942724 301.9855203122282 987.0350000000035 233.577880859375 7935.612905236925 244025.0476647707 288.0 128.0 38783.0#38783.0#288_41711.0#41711.0#288_44765.0#44765.0#288 38801.0#38801.0#128_41720.0#41720.0#128_44782.0#44782.0#128
45000 50000 186.79390820312256 802.2010152994795 363.95681906453774 996.8610000000044 83.27197265625 10092.479860965987 227953.07377160876 288.0 128.0 44765.0#44765.0#288_48334.0#48334.0#288 44782.0#44782.0#128_48343.0#48343.0#128
50000 55000 90.7510156250064 818.2081640624989 389.6873232702654 996.4499999999971 25.23095703125 8324.638615909915 238029.92036279856 288.0 128.0 48334.0#48334.0#288_50916.0#50916.0#288_52951.0#52951.0#288 50936.0#50936.0#128_53069.0#53069.0#128
55000 60000 109.16297851562558 978.1674042968749 27.1917935237163 998.1370000000024 940.1560429687524 10114.485537334704 303289.0125405812 288.0 128.0 52951.0#52951.0#288_56708.0#56708.0#288_58457.0#58457.0#288 53069.0#53069.0#128_56986.0#56986.0#128_58471.0#58471.0#128
60000 65000 321.53794726562046 779.7436754557299 376.71043299570147 985.2419999999984 28.167021484376164 11081.21589380552 235582.9523660445 288.0 128.0 58457.0#58457.0#288_60775.0#60775.0#288_63520.0#63520.0#288 60793.0#60793.0#128_63531.0#63531.0#128
65000 70000 264.2390371093934 789.2934938151011 349.93305676274616 995.2090000000026 107.99196874999325 9136.337752100631 228343.12319496387 288.0 128.0 63520.0#63520.0#288_66784.0#66784.0#288 63531.0#63531.0#128_66829.0#66829.0#128
70000 75000 226.36392578129016 795.6060123697849 293.7729851740045 999.7079999999987 275.5150058593572 10011.766909294174 294218.4044463589 288.0 128.0 66784.0#66784.0#288_70058.0#70058.0#288_72241.0#72241.0#288_74514.0#74514.0#288 70075.0#70075.0#128_72247.0#72247.0#128_74570.0#74570.0#128
75000 80000 258.49904882811825 790.2501585286469 308.250411101374 999.070000000007 352.3959316406399 9193.919102303482 232982.04544669224 288.0 128.0 74514.0#74514.0#288_78003.0#78003.0#288 74570.0#74570.0#128_78064.0#78064.0#128
80000 85000 261.78597070313117 789.7023382161448 302.41492549732135 995.1720000000059 278.300048828125 7626.927014479528 181273.31108534514 288.0 128.0 78003.0#78003.0#288_80781.0#80781.0#288 80799.0#80799.0#128
85000 90000 302.4551367187669 782.9241438802055 306.22684714788267 996.086999999985 229.409912109375 9671.250153628029 201578.49412118224 288.0 128.0 80781.0#80781.0#288_85722.0#85722.0#288_88955.0#88955.0#288 85741.0#85741.0#128_88975.0#88975.0#128
90000 95000 126.15301367190841 812.307831054682 328.2227667777675 999.6450000000041 169.9208984375 10455.898827216384 335163.28603122546 288.0 128.0 88955.0#88955.0#288_91589.0#91589.0#288_93823.0#93823.0#288 88975.0#88975.0#128_91607.0#91607.0#128_93840.0#93840.0#128
95000 100000 290.9008320312714 784.8498613281214 387.2642986593863 989.0299999999988 10.268066406235448 12154.510576634504 278061.44104907126 288.0 128.0 95012.0#95012.0#288_96796.0#96796.0#288_99584.0#99584.0#288 95025.0#95025.0#128_96805.0#96805.0#128_99595.0#99595.0#128
100000 105000 69.43407617186313 986.1131847656274 6.376689214348577 994.9020000000019 980.0720000000001 10069.954088050414 321257.2668429045 288.0 128.0 99584.0#99584.0#288_101498.0#101498.0#288_103812.0#103812.0#288 99595.0#99595.0#128_101571.0#101571.0#128_103945.0#103945.0#128
105000 110000 223.72888476563094 796.0451858723949 392.42306138677793 999.9539999999979 5.592009765619878 10800.268565007618 276249.3713755088 288.0 128.0 103812.0#103812.0#288_105915.0#105915.0#288_107521.0#107521.0#288 103945.0#103945.0#128_105941.0#105941.0#128_107569.0#107569.0#128
110000 115000 291.7931894531648 784.7011350911392 358.8971470411499 999.5799999999872 117.27989453123882 7695.735520673511 219075.8227231941 288.0 128.0 107521.0#107521.0#288_111026.0#111026.0#288_114444.0#114444.0#288 111066.0#111066.0#128_114544.0#114544.0#128
115000 120000 250.58100976565038 791.5698317057249 275.5780119522651 989.2030000000086 376.9540839843685 9571.377040288306 269752.85112399695 288.0 128.0 114444.0#114444.0#288_117044.0#117044.0#288_119657.0#119657.0#288 114544.0#114544.0#128_117070.0#117070.0#128_119773.0#119773.0#128
120000 125000 1274.3147910156404 745.1370417968719 237.27797727232544 955.7919999999867 485.568115234375 7646.48510233656 215810.72731764882 288.0 128.0 119657.0#119657.0#288_122450.0#122450.0#288 119773.0#119773.0#128_122554.0#122554.0#128
125000 130000 236.04316406251746 793.9928059895805 272.81184014497717 995.502999999997 389.699951171875 25581.229091597696 707780.6102452822 1658.6666666666667 128.0 122450.0#122450.0#288_125912.0#125912.0#288_126597.0#126597.0#288_127075.0#127075.0#288_127622.0#127622.0#4400_127623.0#127623.0#4400 122554.0#122554.0#128_125932.0#125932.0#128_126606.0#126606.0#128_127296.0#127296.0#128_127298.0#127298.0#128_128074.0#128074.0#128
130000 135000 72.74599023436895 821.2090016276052 275.6973846589095 999.1460000000079 354.7099609375 21180.66653047045 557139.2224035612 2344.0 128.0 127623.0#127623.0#4400_132494.0#132494.0#4400_134293.0#134293.0#288_134294.0#134294.0#288 132568.0#132568.0#128_134568.0#134568.0#128_134571.0#134571.0#128
135000 140000 69.23808203128283 821.7936529947862 294.0887845808682 999.6879999999946 295.15087890625 24989.416129389374 606341.2300711966 288.0 128.0 134294.0#134294.0#288_135312.0#135312.0#288_136239.0#136239.0#288_137227.0#137227.0#288_138039.0#138039.0#288_139331.0#139331.0#288 134571.0#134571.0#128_135400.0#135400.0#128_136514.0#136514.0#128_137318.0#137318.0#128_138066.0#138066.0#128_139341.0#139341.0#128
140000 145000 2331.211878906295 667.1970302734262 304.1230292238313 994.734999999986 258.92499999998836 22045.06780173207 673965.2717803515 445.7142857142857 128.0 139331.0#139331.0#288_140131.0#140131.0#288_140926.0#140926.0#288_141318.0#141318.0#288_141631.0#141631.0#288_143582.0#143582.0#840_143584.0#143584.0#840 140244.0#140244.0#128_140942.0#140942.0#128_141322.0#141322.0#128_141664.0#141664.0#128_143577.0#143577.0#128_143581.0#143581.0#128
145000 150000 2793.2640058593825 735.5786647135392 163.05837441911115 921.968994140625 619.3179999999993 17641.583462488823 665178.7788666234 840.0 128.0 145577.0#145577.0#840_147071.0#147071.0#840_149079.0#149079.0#840 145574.0#145574.0#128_147068.0#147068.0#128_149077.0#149077.0#128
150000 155000 1775.0279121093627 644.9944175781275 453.4586892944177 999.4090000000142 73.10700585937593 22132.254074168042 849314.7665202846 1335.0 128.0 149079.0#149079.0#840_151073.0#151073.0#1500_151075.0#151075.0#1500_153077.0#153077.0#1500 151069.0#151069.0#128_151071.0#151071.0#128_153075.0#153075.0#128
155000 160000 1005.0491171874746 665.8251471354209 390.54751942573034 998.4890000000014 75.41691796877421 27166.476845736826 1218936.3594071649 1500.0 128.0 155074.0#155074.0#1500_156578.0#156578.0#1500_158575.0#158575.0#1500 155072.0#155072.0#128_156576.0#156576.0#128_158573.0#158573.0#128
160000 165000 87.66600781254238 818.7223320312429 268.0664760970563 999.5489999999991 387.98095703125 22740.793606478383 988875.1756371337 1500.0 128.0 160571.0#160571.0#1500_162577.0#162577.0#1500_164580.0#164580.0#1500 160567.0#160567.0#128_162573.0#162573.0#128_164575.0#164575.0#128
165000 170000 570.1999570312328 885.9600085937534 164.2026783467829 998.6870000000345 608.0490429687488 23960.892011127926 1052233.9195687934 1500.0 128.0 164580.0#164580.0#1500_166573.0#166573.0#1500_168074.0#168074.0#1500 166571.0#166571.0#128_168072.0#168072.0#128
170000 175000 637.5487441406003 872.4902511718799 268.96575412256544 999.6260000000184 391.6872558593459 25043.745115416317 1107337.5826315528 1500.0 128.0 170581.0#170581.0#1500_172077.0#172077.0#1500_174073.0#174073.0#1500 170578.0#170578.0#128_172075.0#172075.0#128_174070.0#174070.0#128
175000 180000 425.2532558593084 914.9493488281383 172.71010403648387 997.4500000000407 606.3227441406343 21274.254884583683 924477.4173684472 1500.0 128.0 174073.0#174073.0#1500_176079.0#176079.0#1500_177634.0#177634.0#1500 176076.0#176076.0#128_177631.0#177631.0#128
180000 185000 826.2300898436806 834.7539820312638 249.42057166013205 999.869000000006 432.4829101562791 26917.449485466143 1182836.8871784734 1500.0 128.0 180085.0#180085.0#1500_181624.0#181624.0#1500_183576.0#183576.0#1500 180081.0#180081.0#128_181621.0#181621.0#128_183573.0#183573.0#128
185000 190000 70.00199609377887 821.6663339843702 273.91147672614363 999.6160000000091 387.4619140625 31323.103020706618 1366781.0109152514 2300.0 128.0 185586.0#185586.0#2300_185588.0#185588.0#2300_187279.0#187279.0#2300_189581.0#189581.0#2300 185581.0#185581.0#128_185584.0#185584.0#128_187293.0#187293.0#128_189579.0#189579.0#128
190000 195000 23.391597656242084 829.4347337239597 270.37148394849913 999.7059999999765 379.5493164062791 31859.157387965173 1587323.869448358 2300.0 128.0 189581.0#189581.0#2300_191571.0#191571.0#2300_193423.0#193423.0#2300 191569.0#191569.0#128_193065.0#193065.0#128
195000 200000 25.225390625040745 829.1291015624932 274.52988528809334 999.4750000000349 363.52392578125 34652.74651040157 1617132.9538961286 2300.0 128.0 193423.0#193423.0#2300_195039.0#195039.0#2300_197073.0#197073.0#2300_198945.0#198945.0#2300 195048.0#195048.0#128_197070.0#197070.0#128_198953.0#198953.0#128
200000 205000 525.0426699219388 894.9914660156122 192.94001734947696 999.7329999999783 554.7940742187493 33135.452884259 1554117.2270298523 2300.0 128.0 198945.0#198945.0#2300_201073.0#201073.0#2300_202894.0#202894.0#2300_204568.0#204568.0#2300 201070.0#201070.0#128_202959.0#202959.0#128_204577.0#204577.0#128
205000 210000 22.404365234280704 829.5992724609532 371.63746231372215 999.9480000000622 74.60574414063012 33031.112392824 1547067.474355658 2300.0 128.0 204568.0#204568.0#2300_206574.0#206574.0#2300_208573.0#208573.0#2300 206571.0#206571.0#128_208571.0#208571.0#128
210000 215000 28.764771484333323 828.5392047526111 364.1250590663886 999.9709999999905 91.17610937499558 34628.15192413354 1615814.29805306 2300.0 128.0 208573.0#208573.0#2300_210575.0#210575.0#2300_212465.0#212465.0#2300_214128.0#214128.0#2300 210572.0#210572.0#128_212538.0#212538.0#128_214273.0#214273.0#128
215000 220000 750.7400742187165 708.209987630214 370.5133752270869 998.7939999999944 109.41188085934846 31446.881924338777 1430694.0375997028 2300.0 128.0 214128.0#214128.0#2300_216072.0#216072.0#2300_218573.0#218573.0#2300 216070.0#216070.0#128_218570.0#218570.0#128
220000 225000 31.82099804680911 828.0298336588652 265.22463459493974 998.8219999999856 413.248046875 34622.870430625655 1634706.5075816642 2300.0 128.0 218573.0#218573.0#2300_220283.0#220283.0#2300_221980.0#221980.0#2300_224076.0#224076.0#2300 220069.0#220069.0#128_222060.0#222060.0#128_224072.0#224072.0#128
225000 230000 66.94807421870064 822.1753209635499 268.32822676460535 998.4409999999916 388.7719726562791 33486.58563176202 1591789.5467164824 2300.0 128.0 224076.0#224076.0#2300_225704.0#225704.0#2300_228068.0#228068.0#2300_229705.0#229705.0#2300 225701.0#225701.0#128_228066.0#228066.0#128_229775.0#229775.0#128
230000 235000 29.03407421868178 828.494320963553 269.2337771921998 998.122000000003 379.1708984375 34685.75924680317 1613396.335521075 2300.0 128.0 229705.0#229705.0#2300_231515.0#231515.0#2300_233582.0#233582.0#2300 229775.0#229775.0#128_231522.0#231522.0#128_233580.0#233580.0#128
235000 240000 27.093820312351454 828.817696614608 275.096535861472 999.5279999999912 360.580078125 33494.339993661895 1574326.1137766794 2300.0 128.0 233582.0#233582.0#2300_235253.0#235253.0#2300_237583.0#237583.0#2300_239279.0#239279.0#2300 235335.0#235335.0#128_237579.0#237579.0#128_239284.0#239284.0#128
240000 245000 565.8021757812239 886.8395648437552 148.5201993336548 997.3589999999967 637.5589218750247 30632.435552173298 1421947.7991811067 2300.0 128.0 239279.0#239279.0#2300_241070.0#241070.0#2300_243068.0#243068.0#2300 241069.0#241069.0#128_243067.0#243067.0#128
245000 250000 34.84759570308961 827.5254007161517 373.26539884316105 998.7079999999842 68.88609765627189 38171.14277157458 1784711.441132069 2300.0 128.0 243068.0#243068.0#2300_245446.0#245446.0#2300_247093.0#247093.0#2300_248866.0#248866.0#2300 245370.0#245370.0#128_247065.0#247065.0#128_248907.0#248907.0#128
250000 255000 183.91921093745623 802.680131510424 362.65791310989346 998.7800000000279 87.97769335936755 32118.491517482027 1398059.8634751234 2300.0 128.0 248866.0#248866.0#2300_250577.0#250577.0#2300_253073.0#253073.0#2300_254950.0#254950.0#2300 250573.0#250573.0#128_253070.0#253070.0#128_254570.0#254570.0#128
255000 260000 31.042984374973457 828.159502604171 305.60080534179826 998.1770000000251 239.02290429687127 38159.65245914453 1720762.6911840201 2300.0 128.0 253073.0#253073.0#2300_254950.0#254950.0#2300_256454.0#256454.0#2300_258283.0#258283.0#2300 256571.0#256571.0#128_258295.0#258295.0#128
260000 265000 782.3899980468559 702.935000325524 345.7920633992804 999.8540000000503 213.64288867189316 32225.694242633344 1466156.5771178468 2300.0 128.0 258283.0#258283.0#2300_260177.0#260177.0#2300_262572.0#262572.0#2300_264438.0#264438.0#2300 260185.0#260185.0#128_262571.0#262571.0#128_264569.0#264569.0#128
265000 270000 28.29800585930934 828.6169990234484 265.81061448189985 999.2629999999772 407.735107421875 34477.13585090193 1604829.9177846797 2300.0 128.0 264438.0#264438.0#2300_266069.0#266069.0#2300_268070.0#268070.0#2300 266074.0#266074.0#128_268068.0#268068.0#128
270000 275000 53.744138671900146 824.3759768880167 266.93097043772224 999.6730000000098 389.04296875 34411.45299503868 1543029.328379414 2300.0 128.0 270073.0#270073.0#2300_271837.0#271837.0#2300_274077.0#274077.0#2300 270070.0#270070.0#128_271848.0#271848.0#128_274073.0#274073.0#128
275000 280000 28.718941406172235 828.5468430989713 269.75174489260684 999.8330000000424 379.47802734375 33694.961560429525 1531270.6848059548 2300.0 128.0 274077.0#274077.0#2300_275605.0#275605.0#2300_277576.0#277576.0#2300_279584.0#279584.0#2300 275572.0#275572.0#128_277572.0#277572.0#128_279580.0#279580.0#128
280000 285000 27.79396289057331 828.7010061849045 271.45474259014696 998.755999999994 370.716064453125 33535.21805337661 1586853.9686990848 2300.0 128.0 279584.0#279584.0#2300_281578.0#281578.0#2300_283588.0#283588.0#2300 281576.0#281576.0#128_283585.0#283585.0#128
285000 290000 71.38411328120856 821.4359811197986 280.38269005219763 997.8400000000256 332.574951171875 32205.485578503474 1424202.3430585319 2300.0 128.0 283588.0#283588.0#2300_285255.0#285255.0#2300_287031.0#287031.0#2300_289585.0#289585.0#2300 285265.0#285265.0#128_287043.0#287043.0#128_289583.0#289583.0#128
290000 295000 27.526697265566327 828.7455504557389 281.56542845550325 999.6940000000177 321.6352539063082 36192.73746431919 1750657.4825296316 2300.0 128.0 289585.0#289585.0#2300_291164.0#291164.0#2300_292962.0#292962.0#2300_294809.0#294809.0#2300 291068.0#291068.0#128_292971.0#292971.0#128_294820.0#294820.0#128
295000 300000 729.0481640624348 854.1903671875131 165.33435929102458 999.7189999999828 675.8947460937779 32996.62199900778 1530114.555688592 2300.0 128.0 294809.0#294809.0#2300_297073.0#297073.0#2300_298633.0#298633.0#2300 297071.0#297071.0#128_298796.0#298796.0#128
