ts te idle avg_span std_span max_span min_span c_bytes_all s_bytes_all avg_video_rate avg_audio_rate video_requests_sequence audio_requests_sequence
0.0 4000.0 4000.0 0.0 0.0 0.0 0.0 0.0 0.0 0.0 0.0 - -
4000.0 8000.0 4000.0 0.0 0.0 0.0 0.0 0.0 0.0 0.0 0.0 - -
8000.0 12000.0 2208.684951171861 895.6575244140695 126.7241072636587 985.265000000014 806.050048828125 29457.587468291233 1202690.0405597577 2300.0 128.0 10391.0#10391.0#2300_10394.0#10394.0#2300_11192.0#11192.0#2300_11773.0#11773.0#2300 10381.0#10381.0#128_10385.0#10385.0#128_10743.0#10743.0#128_11206.0#11206.0#128
12000.0 16000.0 8.39100585936103 798.3217988281278 349.52725665945604 999.63400000002 192.10095117188757 42049.76330423707 2839912.6840304625 2300.0 128.0 11773.0#11773.0#2300_12858.0#12858.0#2300_13506.0#13506.0#2300_14517.0#14517.0#2300_15353.0#15353.0#2300 12023.0#12023.0#128_12924.0#12924.0#128_13703.0#13703.0#128_14687.0#14687.0#128_15421.0#15421.0#128
16000.0 20000.0 187.076042968838 762.5847914062324 353.6671865126584 999.0279999999912 196.21595703123603 36686.649227471695 2620668.27540978 2300.0 128.0 15353.0#15353.0#2300_16263.0#16263.0#2300_17062.0#17062.0#2300_18010.0#18010.0#2300_18871.0#18871.0#2300 16372.0#16372.0#128_17188.0#17188.0#128_18759.0#18759.0#128
20000.0 24000.0 2592.737066406291 469.0876445312363 484.8204567763554 999.3279999999795 48.45299999997951 19454.109266124677 969263.0791506532 4400.0 128.0 22697.0#22697.0#4400_22700.0#22700.0#4400 22691.0#22691.0#128_22693.0#22693.0#128_23201.0#23201.0#128
24000.0 28000.0 10.999632812454365 797.8000734375091 293.65735440779974 999.2490000000107 352.38330078125 41225.72970697905 2863323.5015224502 4400.0 128.0 22700.0#22700.0#4400_24142.0#24142.0#4400_25811.0#25811.0#4400_27314.0#27314.0#4400 24845.0#24845.0#128_26846.0#26846.0#128
28000.0 32000.0 1691.1310351561406 577.2172412109649 317.55257997424553 998.26800000004 319.5540000000037 25354.84318780352 1531394.8828843164 3350.0 128.0 27314.0#27314.0#4400_30717.0#30717.0#3000_30720.0#30720.0#3000_31890.0#31890.0#3000 30712.0#30712.0#128_30714.0#30714.0#128_31202.0#31202.0#128
32000.0 36000.0 31.26697656250326 793.7466046874994 295.7088934212556 999.1410000000033 335.3212890625 36846.01100568313 2451882.42377363 3000.0 128.0 31890.0#31890.0#3000_33081.0#33081.0#3000_34700.0#34700.0#3000 32800.0#32800.0#128_34696.0#34696.0#128
36000.0 40000.0 27.301187500124797 794.539762499975 302.9540378136549 999.5129999999772 322.2041015625 26976.73309683221 1645998.5146486785 3933.3333333333335 128.0 36714.0#36714.0#3000_38725.0#38725.0#4400_38728.0#38728.0#4400 36709.0#36709.0#128_38717.0#38717.0#128_38721.0#38721.0#128
40000.0 44000.0 1354.8371015624725 661.2907246093819 467.2601420387902 997.8589999999967 0.0 21329.573736577404 1367771.5980202712 4400.0 128.0 38728.0#38728.0#4400_40689.0#40689.0#4400 40687.0#40687.0#128
44000.0 48000.0 1063.2670800781343 734.1832299804664 324.93037900220406 999.8479999999981 334.992919921875 36202.3492799441 2039908.3975077781 3350.0 128.0 44698.0#44698.0#4400_46708.0#46708.0#3000_46711.0#46711.0#3000_47960.0#47960.0#3000 44693.0#44693.0#128_46703.0#46703.0#128_46707.0#46707.0#128_47205.0#47205.0#128
48000.0 52000.0 1564.0119277344202 608.997018066395 292.8150191639488 999.2330000000075 350.4169921875 23876.838595295525 1578153.4881504383 3000.0 128.0 46711.0#46711.0#3000_47960.0#47960.0#3000_50712.0#50712.0#3000_51878.0#51878.0#3000 50705.0#50705.0#128_51205.0#51205.0#128
52000.0 56000.0 474.6559921875014 881.3360019531247 164.85248837924976 999.2700000000186 647.3830078124884 35439.81212476037 2359025.1143417833 3000.0 128.0 51878.0#51878.0#3000_53082.0#53082.0#3000_54266.0#54266.0#3000 52761.0#52761.0#128_53116.0#53116.0#128
56000.0 60000.0 661.0029453125317 834.7492636718671 320.92064441088564 999.689000000013 353.4560546875 31687.439717358666 1752098.112312151 3933.3333333333335 128.0 56683.0#56683.0#3000_58680.0#58680.0#4400_58684.0#58684.0#4400 56680.0#56680.0#128_58673.0#58673.0#128_58677.0#58677.0#128
60000.0 64000.0 244.36214257811662 751.1275714843766 340.68285797513624 999.9130000000005 344.659912109375 39690.75013276639 2574483.2730144705 4400.0 128.0 58684.0#58684.0#4400_60695.0#60695.0#4400_62187.0#62187.0#4400_63647.0#63647.0#4400 60694.0#60694.0#128_61209.0#61209.0#128_62734.0#62734.0#128
64000.0 68000.0 15.904951171949506 796.8190097656101 298.38386175292436 999.5629999999655 334.4599609375 40593.08504224181 2774053.2001678483 4400.0 128.0 63647.0#63647.0#4400_65144.0#65144.0#4400_66948.0#66948.0#4400 64748.0#64748.0#128_66803.0#66803.0#128
68000.0 72000.0 52.17807421879843 789.5643851562403 314.95494963122667 999.7989999999991 288.9838867186918 39069.03748881219 2403824.695490357 4400.0 128.0 66948.0#66948.0#4400_68730.0#68730.0#4400_70669.0#70669.0#4400 68726.0#68726.0#128_70666.0#70666.0#128
72000.0 76000.0 145.6127890625503 770.8774421874899 351.8466504523693 999.3609999999171 181.10009765625 35246.092237368925 2366221.3870913778 4400.0 128.0 70669.0#70669.0#4400_72705.0#72705.0#4400_74675.0#74675.0#4400 72701.0#72701.0#128_74672.0#74672.0#128
76000.0 80000.0 115.2280781250447 776.954384374991 367.0802453095094 998.9660000000149 151.2700195311918 32946.63408613151 2307158.0539910677 4400.0 128.0 74675.0#74675.0#4400_76704.0#76704.0#4400_78678.0#78678.0#4400 76698.0#76698.0#128_78675.0#78675.0#128
80000.0 84000.0 147.252027343784 770.5495945312432 387.1855900261108 999.9459999999963 103.1669921875 36639.403872261144 2405742.6346267443 4400.0 128.0 78678.0#78678.0#4400_80718.0#80718.0#4400_82681.0#82681.0#4400 80713.0#80713.0#128_82678.0#82678.0#128
84000.0 88000.0 1926.8676718750503 691.0441093749832 313.0433981066009 999.5509999999776 373.6533203125 20479.665286036772 1216318.662607228 4400.0 128.0 82681.0#82681.0#4400_86675.0#86675.0#4400 86672.0#86672.0#128_87205.0#87205.0#128
88000.0 92000.0 459.80432031245437 885.0489199218864 178.05242762430393 997.7640000000247 623.2626796875265 36260.89213702259 2049039.980698756 2720.0 128.0 86675.0#86675.0#4400_88267.0#88267.0#2300_88272.0#88272.0#2300_89215.0#89215.0#2300_90677.0#90677.0#2300 88765.0#88765.0#128_88772.0#88772.0#128_90671.0#90671.0#128
92000.0 96000.0 690.8840039062197 827.2789990234451 333.52696166694557 998.7289999999921 327.0209960936918 24097.98286571179 1318712.8476549862 2766.6666666666665 128.0 92705.0#92705.0#2300_94695.0#94695.0#3000_94698.0#94698.0#3000 92702.0#92702.0#128_94689.0#94689.0#128_94693.0#94693.0#128
96000.0 100000.0 38.74000585934846 792.2519988281304 304.8865565630057 998.8279999999213 314.239990234375 33842.68422143716 1876199.3965861867 3933.3333333333335 128.0 96713.0#96713.0#3000_98669.0#98669.0#4400_98672.0#98672.0#4400 96712.0#96712.0#128_98664.0#98664.0#128_98667.0#98667.0#128
100000.0 104000.0 29.53507421881659 794.0929851562366 308.2813861111748 999.8279999999795 303.388916015625 35661.52012509105 2272139.383615795 4400.0 128.0 98672.0#98672.0#4400_100699.0#100699.0#4400_102696.0#102696.0#4400 100697.0#100697.0#128_102693.0#102693.0#128
104000.0 108000.0 1363.5939160156413 878.8020279947863 160.9254155949575 999.6869999999763 696.1420839843922 22678.81278776001 1448327.372143032 4400.0 128.0 102696.0#102696.0#4400_104695.0#104695.0#4400 104692.0#104692.0#128
108000.0 112000.0 654.7561152343405 836.3109711914149 322.4216145542934 999.1369999999879 352.681884765625 33588.48464233562 2073395.1304686912 3000.0 128.0 108700.0#108700.0#3000_108703.0#108703.0#3000_110017.0#110017.0#3000_111252.0#111252.0#3000 108694.0#108694.0#128_108697.0#108697.0#128_109207.0#109207.0#128_110197.0#110197.0#128
112000.0 116000.0 33.809818359382916 793.2380363281234 303.39441700304025 999.375 324.76806640625 39253.737005950316 2597533.472107668 3000.0 128.0 111252.0#111252.0#3000_112704.0#112704.0#3000_113971.0#113971.0#3000_114977.0#114977.0#3000 112697.0#112697.0#128_113204.0#113204.0#128_114779.0#114779.0#128
116000.0 120000.0 593.4940019532223 681.3011996093555 426.1161401220559 999.4309999999823 158.47293359367177 34701.5551479507 2140225.1790902237 4050.0 128.0 114977.0#114977.0#3000_116780.0#116780.0#4400_116782.0#116782.0#4400_118684.0#118684.0#4400 116775.0#116775.0#128_116778.0#116778.0#128_118679.0#118679.0#128
120000.0 124000.0 1418.1590644530952 860.6136451823016 140.5440937131634 999.070000000007 718.0709355468862 23031.223203763366 1431456.218333417 4400.0 128.0 118684.0#118684.0#4400_120680.0#120680.0#4400 120674.0#120674.0#128
124000.0 128000.0 673.9421171875438 831.5144707031141 333.50659917374753 998.7860000000219 331.2548828125 34255.36533107427 2143481.4059757497 3350.0 128.0 124711.0#124711.0#4400_126269.0#126269.0#3000_126272.0#126272.0#3000_127473.0#127473.0#3000 124709.0#124709.0#128_125704.0#125704.0#128_126711.0#126711.0#128_126713.0#126713.0#128
128000.0 132000.0 17.71088867186336 796.4578222656273 302.77550727380907 999.2970000000205 318.968994140625 29734.35901774744 1918390.3630882709 3000.0 128.0 127473.0#127473.0#3000_128735.0#128735.0#3000_130706.0#130706.0#3000 128732.0#128732.0#128_130701.0#130701.0#128
132000.0 136000.0 1974.8778828125214 506.28052929686964 428.780814322512 999.8449999999721 0.0 18658.37380944132 1118296.069584679 3933.3333333333335 128.0 130706.0#130706.0#3000_134702.0#134702.0#4400_134705.0#134705.0#4400 134695.0#134695.0#128_134698.0#134698.0#128_135212.0#135212.0#128
136000.0 140000.0 30.726087890565395 793.854782421887 296.41713867250127 999.0769999999902 336.8740234375 33796.649075709225 2355768.2348747835 3280.0 128.0 134705.0#134705.0#4400_136120.0#136120.0#3000_136124.0#136124.0#3000_137259.0#137259.0#3000_138692.0#138692.0#3000 136763.0#136763.0#128_136765.0#136765.0#128_138688.0#138688.0#128
140000.0 144000.0 1381.9140234375373 872.6953255208209 193.4015053436793 996.2099999999627 649.8099765625084 14436.25276602775 924491.9264765168 3000.0 128.0 138692.0#138692.0#3000_140859.0#140859.0#3000 140857.0#140857.0#128
144000.0 148000.0 644.394998046977 838.9012504882558 320.40000307187717 999.6060000000289 358.302001953125 43061.62030874234 2386840.8794004326 3000.0 128.0 144692.0#144692.0#3000_145896.0#145896.0#3000_146772.0#146772.0#3000 144686.0#144686.0#128_145208.0#145208.0#128_146732.0#146732.0#128
148000.0 152000.0 595.8500917968922 680.8299816406216 444.8525496375009 999.6569999999483 66.18399804690853 31234.811398922502 1743890.2176529167 3000.0 128.0 146772.0#146772.0#3000_148689.0#148689.0#3000_150670.0#150670.0#3000 148688.0#148688.0#128_150666.0#150666.0#128
152000.0 156000.0 1956.164865234401 510.95878369139973 414.4131359106151 999.8279999999795 22.45199999999022 18232.017762330972 991735.7167287312 3000.0 128.0 150670.0#150670.0#3000_154675.0#154675.0#3000_155813.0#155813.0#3000 154670.0#154670.0#128_155203.0#155203.0#128
156000.0 160000.0 12.390015625045635 797.5219968749909 288.3232008543146 998.5229999999865 371.280029296875 41904.31559586105 2498614.5102447597 3000.0 128.0 155813.0#155813.0#3000_157074.0#157074.0#3000_158171.0#158171.0#3000_159322.0#159322.0#3000 156750.0#156750.0#128_157165.0#157165.0#128_158746.0#158746.0#128
160000.0 164000.0 143.1780292968033 771.3643941406393 321.28533829518636 999.8589999999967 322.5 38875.92954259726 2531007.289045159 4050.0 128.0 159322.0#159322.0#3000_160702.0#160702.0#4400_160706.0#160706.0#4400_162685.0#162685.0#4400 160697.0#160697.0#128_160700.0#160700.0#128_162682.0#162682.0#128
164000.0 168000.0 33.48609570303233 793.3027808593936 304.5201454327334 997.3960000000079 307.076904296875 32714.725172466056 2238524.7232219195 4400.0 128.0 162685.0#162685.0#4400_164817.0#164817.0#4400_166699.0#166699.0#4400 164735.0#164735.0#128_166692.0#166692.0#128
168000.0 172000.0 1975.9719042968936 506.0070239257766 430.17520033145917 996.2239999999874 0.0 19434.5012287869 1159554.1585231228 4400.0 128.0 166699.0#166699.0#4400_170696.0#170696.0#4400 170695.0#170695.0#128_171203.0#171203.0#128
172000.0 176000.0 68.54389843752142 786.2912203124957 305.38036535319634 999.7930000000051 336.5791015625 44735.7792831626 2664738.8652916113 3280.0 128.0 170696.0#170696.0#4400_172557.0#172557.0#3000_172562.0#172562.0#3000_173781.0#173781.0#3000_174905.0#174905.0#3000 172702.0#172702.0#128_172708.0#172708.0#128_174769.0#174769.0#128
176000.0 180000.0 34.48099609388737 793.1038007812225 300.1078978432097 997.832999999926 322.5581054686918 35356.94371238367 1845386.8704488627 3700.0 128.0 174905.0#174905.0#3000_176685.0#176685.0#3000_178713.0#178713.0#4400_178714.0#178714.0#4400 176683.0#176683.0#128_178705.0#178705.0#128_178712.0#178712.0#128
180000.0 184000.0 27.352990234387107 794.5294019531226 307.41869177637324 999.0310000000172 305.193115234375 38557.786573208534 2325473.2557798987 4400.0 128.0 178714.0#178714.0#4400_180736.0#180736.0#4400_182700.0#182700.0#4400 180730.0#180730.0#128_182697.0#182697.0#128
184000.0 188000.0 73.69205664069159 785.2615886718617 318.70287013014035 999.1660000000265 272.0600585936918 40084.5819988741 2458104.451534151 4400.0 128.0 182700.0#182700.0#4400_184672.0#184672.0#4400_186729.0#186729.0#4400 184667.0#184667.0#128_186725.0#186725.0#128
188000.0 192000.0 270.96575390623184 745.8068492187537 389.42604491583194 998.3319999999949 81.9873046875 36701.92725549026 2260694.9128663926 4400.0 128.0 186729.0#186729.0#4400_188673.0#188673.0#4400_190715.0#190715.0#4400 188668.0#188668.0#128_190713.0#190713.0#128
192000.0 196000.0 13.412361328140832 797.3175277343719 404.9072283511869 999.3949999999604 75.741943359375 37289.45601650608 2346492.3586162133 4400.0 128.0 190715.0#190715.0#4400_192679.0#192679.0#4400_194703.0#194703.0#4400 192677.0#192677.0#128_194700.0#194700.0#128
196000.0 200000.0 1975.3098339844728 674.8967220051758 320.57436842337614 999.0609999999288 358.037109375 19319.691201610807 1211651.4583268291 4400.0 128.0 194703.0#194703.0#4400_198692.0#198692.0#4400 198687.0#198687.0#128
200000.0 204000.0 26.363177734427154 794.7273644531145 299.08834315420273 999.5860000000102 338.054931640625 40166.26548007953 2378731.9655168974 3280.0 128.0 198692.0#198692.0#4400_200708.0#200708.0#3000_200712.0#200712.0#3000_201824.0#201824.0#3000_203019.0#203019.0#3000 200697.0#200697.0#128_200701.0#200701.0#128_201207.0#201207.0#128_202768.0#202768.0#128_203067.0#203067.0#128
204000.0 208000.0 1189.7278515624348 702.5680371093913 267.6962702452292 998.079000000027 359.382080078125 31412.57838624354 1798110.923706236 3000.0 128.0 203019.0#203019.0#3000_204264.0#204264.0#3000_206697.0#206697.0#3000_207924.0#207924.0#3000 206693.0#206693.0#128_207209.0#207209.0#128
208000.0 212000.0 55.200150390621275 788.9599699218758 288.2515082190373 999.6670000000158 349.5029296875 40367.54172956901 2451711.78850097 3000.0 128.0 207924.0#207924.0#3000_209413.0#209413.0#3000_210696.0#210696.0#3000 208847.0#208847.0#128_210695.0#210695.0#128
212000.0 216000.0 1984.3899999998976 503.9025000000256 414.53645193962586 999.4640000000363 25.162000000011176 20366.186303135448 1018396.2800715257 4400.0 128.0 214691.0#214691.0#4400_214695.0#214695.0#4400 214685.0#214685.0#128_214688.0#214688.0#128_215203.0#215203.0#128
216000.0 220000.0 1180.5839980468154 704.8540004882962 276.7723012484402 997.594000000041 350.179931640625 32373.82227245898 1978333.1476909316 3280.0 128.0 214695.0#214695.0#4400_216259.0#216259.0#3000_216261.0#216261.0#3000_218697.0#218697.0#3000_219800.0#219800.0#3000 218693.0#218693.0#128_218695.0#218695.0#128_219207.0#219207.0#128
220000.0 224000.0 1353.6689316406846 661.5827670898288 470.89795327652234 998.7820000000065 0.0 25841.51877757037 1521341.2268324392 3000.0 128.0 218697.0#218697.0#3000_219800.0#219800.0#3000_221065.0#221065.0#3000 220746.0#220746.0#128
224000.0 228000.0 657.4118789063068 835.6470302734233 324.9520869719282 999.6149999999907 348.22412109375 34803.08450051004 2205848.1858718046 3000.0 128.0 224703.0#224703.0#3000_225897.0#225897.0#3000_226851.0#226851.0#3000 224699.0#224699.0#128_225208.0#225208.0#128_226818.0#226818.0#128
228000.0 232000.0 1959.0861757813254 510.22845605466864 414.30546017546305 999.9749999999767 22.070999999996275 19785.71587327709 1176497.6653471743 3000.0 128.0 226851.0#226851.0#3000_230675.0#230675.0#3000_231757.0#231757.0#3000 230672.0#230672.0#128_231207.0#231207.0#128
232000.0 236000.0 1357.182945312583 660.7042636718543 461.12852184212375 999.2489999999525 21.413999999989755 24486.19962621287 1424660.1487810211 3000.0 128.0 231757.0#231757.0#3000_232885.0#232885.0#3000 232754.0#232754.0#128
236000.0 240000.0 642.5609414062928 839.3597646484268 320.866486212165 999.9279999999562 358.06005859375 34628.18745014179 2192683.3588160863 3000.0 128.0 236683.0#236683.0#3000_237972.0#237972.0#3000_239199.0#239199.0#3000 236678.0#236678.0#128_237211.0#237211.0#128_238765.0#238765.0#128
240000.0 244000.0 1425.2711582031334 643.6822104492167 349.82718598940374 998.591999999946 333.1189414062537 22461.951202916673 1391815.1628654744 3000.0 128.0 239199.0#239199.0#3000_240684.0#240684.0#3000_243525.0#243525.0#3000 240680.0#240680.0#128_243519.0#243519.0#128
244000.0 248000.0 640.2489003905794 671.9502199218841 439.0828652380018 999.0570000000298 109.37109960941598 33197.861346941536 2118432.4783184393 3000.0 128.0 243525.0#243525.0#3000_244810.0#244810.0#3000_246676.0#246676.0#3000 244754.0#244754.0#128_246674.0#246674.0#128
248000.0 252000.0 670.6369726562407 832.3407568359398 333.24300207631734 999.9379999999655 332.47802734375 20877.310831132992 1361737.5364952388 3000.0 128.0 248693.0#248693.0#3000_250671.0#250671.0#3000 248690.0#248690.0#128_250667.0#250667.0#128
252000.0 256000.0 1355.5890273437835 881.4703242187388 188.03863829004172 997.2369999999646 664.5049726562575 14656.689168867008 957311.4635047612 3000.0 128.0 252684.0#252684.0#3000 252681.0#252681.0#128
256000.0 260000.0 644.8511035157135 838.7872241210716 320.0300863287095 999.8149999999441 358.743896484375 33054.94408545511 2229561.907927699 3000.0 128.0 256680.0#256680.0#3000_257823.0#257823.0#3000_259102.0#259102.0#3000 256678.0#256678.0#128_257204.0#257204.0#128_257934.0#257934.0#128_259207.0#259207.0#128
260000.0 264000.0 1326.7118964843685 668.3220258789079 450.9940570454711 998.9379999999655 40.85999999998603 24138.055914544893 1737817.0920723013 3000.0 128.0 259102.0#259102.0#3000_260210.0#260210.0#3000_261335.0#261335.0#3000 260747.0#260747.0#128
264000.0 268000.0 1493.0059999999357 835.664666666688 282.5726081599755 999.0010000000475 509.3780000000261 29136.0 1687728.0 3000.0 128.0 264722.0#264722.0#3000_265740.0#265740.0#3000 264717.0#264717.0#128_265202.0#265202.0#128
268000.0 272000.0 656.4409101562342 835.8897724609415 325.66572380680043 999.5039999999572 347.39208984375 38940.84760886574 2360312.8481850387 4400.0 128.0 268695.0#268695.0#4400_268698.0#268698.0#4400_270121.0#270121.0#4400_271838.0#271838.0#4400 268691.0#268691.0#128_268694.0#268694.0#128_269206.0#269206.0#128_270745.0#270745.0#128
272000.0 276000.0 33.1888027342502 793.36223945315 301.4302475665069 998.7900000000373 325.769287109375 40030.75340607836 2486560.3822666667 3350.0 128.0 271838.0#271838.0#4400_273368.0#273368.0#3000_273371.0#273371.0#3000_274704.0#274704.0#3000 272742.0#272742.0#128_272745.0#272745.0#128_274701.0#274701.0#128
276000.0 280000.0 40.42101367178839 791.9157972656424 304.5069786848073 999.390000000014 307.6552734375 34911.92620674472 2074258.8591304498 4400.0 128.0 276698.0#276698.0#4400_276703.0#276703.0#4400_278705.0#278705.0#4400 276692.0#276692.0#128_276696.0#276696.0#128_278702.0#278702.0#128
280000.0 284000.0 24.352236328064464 795.1295527343871 310.4371373082744 999.765999999945 296.988037109375 35140.19173861015 2364383.63404879 4400.0 128.0 278705.0#278705.0#4400_280733.0#280733.0#4400_282727.0#282727.0#4400 280729.0#280729.0#128_282724.0#282724.0#128
284000.0 288000.0 34.50608203129377 793.0987835937412 315.0757900593577 999.8669999999693 282.928955078125 34167.29227846158 2282178.269714668 4400.0 128.0 282727.0#282727.0#4400_284706.0#284706.0#4400_286715.0#286715.0#4400 284704.0#284704.0#128_286713.0#286713.0#128
288000.0 292000.0 26.406029296922497 794.7187941406155 313.8103966665391 999.4309999999823 276.27392578125 37147.4286028313 2385997.9948969567 4400.0 128.0 286715.0#286715.0#4400_288719.0#288719.0#4400_290724.0#290724.0#4400 288715.0#288715.0#128_290721.0#290721.0#128
292000.0 296000.0 52.352947265608236 789.5294105468784 328.86139171537775 998.780999999959 244.677978515625 38480.95426736179 2460875.6391622904 4400.0 128.0 290724.0#290724.0#4400_292710.0#292710.0#4400_294182.0#294182.0#4400 292706.0#292706.0#128_293205.0#293205.0#128
296000.0 300000.0 250.97499218734447 749.8050015625311 380.47390759703336 999.3050000000512 94.760986328125 32795.55153087833 2163109.745112209 4400.0 128.0 294182.0#294182.0#4400_296705.0#296705.0#4400_298734.0#298734.0#4400 296702.0#296702.0#128_298731.0#298731.0#128
