ts te idle avg_span std_span max_span min_span c_bytes_all s_bytes_all avg_video_rate avg_audio_rate video_requests_sequence audio_requests_sequence
0 2000 2000.0 0.0 0.0 0.0 0.0 0.0 0.0 0.0 0.0 - -
2000 4000 2000.0 0.0 0.0 0.0 0.0 0.0 0.0 0.0 0.0 - -
4000 6000 2000.0 0.0 0.0 0.0 0.0 0.0 0.0 0.0 0.0 - -
6000 8000 2000.0 0.0 0.0 0.0 0.0 0.0 0.0 0.0 0.0 - -
8000 10000 318.6470644531073 840.6764677734463 223.8240905581381 998.9440000000177 682.408935546875 22354.960239005537 889862.4492859715 2300.0 128.0 8793.0#8793.0#2300 8788.0#8788.0#128_9182.0#9182.0#128
10000 12000 5.9738144531147555 664.6753951822951 342.5507996990159 999.5869999999995 314.9650644531357 25367.967308539475 1365734.7748905646 2300.0 128.0 10103.0#10103.0#2300_11008.0#11008.0#2300_11674.0#11674.0#2300 10459.0#10459.0#128_11036.0#11036.0#128_11926.0#11926.0#128
12000 14000 8.389156249992084 663.8702812500027 340.31978532129966 998.060999999987 317.73587890627095 20140.206021748687 1449315.2679870392 2300.0 128.0 11008.0#11008.0#2300_11674.0#11674.0#2300_12609.0#12609.0#2300_13586.0#13586.0#2300 11926.0#11926.0#128_12931.0#12931.0#128_13718.0#13718.0#128
14000 16000 6.927917968772817 664.3573606770757 339.5971697738931 999.810999999987 320.7630351562402 19645.705708141097 1357197.095616971 2300.0 128.0 13586.0#13586.0#2300_14411.0#14411.0#2300_15379.0#15379.0#2300 14439.0#14439.0#128_15425.0#15425.0#128
16000 18000 4.439748046861496 665.1867506510462 335.7226198946923 998.5630000000237 327.16595312498976 20039.4776479204 1423615.4703867713 2300.0 128.0 15379.0#15379.0#2300_16189.0#16189.0#2300_17062.0#17062.0#2300_17844.0#17844.0#2300 16327.0#16327.0#128_17172.0#17172.0#128
18000 20000 275.13229882810265 574.9559003906325 367.58470950103356 997.1680000000051 326.15070117189316 15411.683074644807 1139954.9418326826 2300.0 128.0 17844.0#17844.0#2300_18822.0#18822.0#2300 18928.0#18928.0#128
20000 22000 780.1508886718657 609.9245556640672 547.9518152629951 997.3850000000093 222.464111328125 11420.902886018192 642867.7568463386 4400.0 128.0 20993.0#20993.0#4400 20986.0#20986.0#128
22000 24000 48.47421484370716 650.5085950520976 420.3469708072615 994.9300000000512 182.118896484375 17762.524529460956 1281678.2236671832 4400.0 128.0 20993.0#20993.0#4400_22721.0#22721.0#4400 22931.0#22931.0#128
24000 26000 43.497007812489755 652.1676640625034 426.6420316366738 999.4199999999837 175.910888671875 18508.997577477687 1122225.0068505069 4400.0 128.0 22721.0#22721.0#4400_24938.0#24938.0#4400 24932.0#24932.0#128
26000 28000 194.23381054686615 902.8830947265669 121.19383617652603 988.580078125 817.1861113281338 18976.03970395497 1100943.2595084673 4400.0 128.0 24938.0#24938.0#4400_27074.0#27074.0#4400 27068.0#27068.0#128
28000 30000 11.479078125033993 662.8403072916553 566.6485538233644 997.1809999999823 8.583921874989755 16694.535303088196 1074303.753127504 4400.0 128.0 27074.0#27074.0#4400_28428.0#28428.0#4400 28426.0#28426.0#128
30000 32000 776.5617421874776 611.7191289062612 547.2721820661891 998.6990000000224 224.7392578125 10625.251272621024 687657.6874447425 4400.0 128.0 30939.0#30939.0#4400 30936.0#30936.0#128
32000 34000 7.253326171892695 664.2488912760358 399.6034438387856 997.0540000000037 221.054931640625 19595.178663376693 1376764.8227582802 4400.0 128.0 30939.0#30939.0#4400_32495.0#32495.0#4400 32425.0#32425.0#128
34000 36000 4.379652343690395 665.2067825521032 401.3952094610352 998.3390000000363 219.561279296875 18825.824889407257 1273271.677141016 4400.0 128.0 32495.0#32495.0#4400_34329.0#34329.0#4400 34347.0#34347.0#128
36000 38000 45.835195312451106 651.3882682291829 423.29441703176957 997.9469999999856 179.611083984375 12173.330115455388 850883.3965840362 4400.0 128.0 34329.0#34329.0#4400_36905.0#36905.0#4400 36901.0#36901.0#128
38000 40000 140.07980859366944 619.9733971354435 505.7600002822135 996.945000000007 45.207275390625 15818.878779708963 1055128.6504899461 4400.0 128.0 36905.0#36905.0#4400_38985.0#38985.0#4400 38983.0#38983.0#128
40000 42000 5.329296874930151 664.8902343750233 538.144644659829 998.1230000000796 44.052978515625 21578.331422854288 1492676.3904157213 4400.0 128.0 38985.0#38985.0#4400_40559.0#40559.0#4400 40423.0#40423.0#128_41927.0#41927.0#128
42000 44000 11.772990234429017 662.7423365885237 541.2179289173337 994.1439999999711 38.18798828119179 19363.22096610591 1345512.6132149403 4400.0 128.0 40559.0#40559.0#4400_42261.0#42261.0#4400_43870.0#43870.0#4400 41927.0#41927.0#128_43931.0#43931.0#128
44000 46000 223.0409882812528 888.4795058593736 102.73060277762893 961.1210117188166 815.8379999999306 17600.983890470474 1203724.7619513175 4400.0 128.0 43870.0#43870.0#4400 43931.0#43931.0#128
46000 48000 780.038919921848 609.980540039076 547.2631153552188 996.954000000027 223.007080078125 10549.743243451734 710923.4661354122 4400.0 128.0 46952.0#46952.0#4400 46949.0#46949.0#128_47927.0#47927.0#128
48000 50000 5.561201171891298 664.8129329427029 400.6093229180808 997.5729999999749 220.15087890625 19018.21898123079 1308809.9222772166 4400.0 128.0 46952.0#46952.0#4400_48519.0#48519.0#4400 47927.0#47927.0#128
50000 52000 45.922841796826106 651.3590527343913 423.3349410457094 998.4920000000275 179.738037109375 16368.72369699495 1044990.0685016764 4400.0 128.0 48519.0#48519.0#4400_50875.0#50875.0#4400 50871.0#50871.0#128
52000 54000 130.9500800782116 623.0166399739295 500.08481466592934 996.9589999999735 54.98095703119179 18468.983147662868 1159162.6845154623 4400.0 128.0 50875.0#50875.0#4400_52986.0#52986.0#4400 52982.0#52982.0#128_53427.0#53427.0#128
54000 56000 6.825914062559605 664.3913619791468 529.4612870301424 997.9069999999483 53.89404296869179 19698.20816576821 1410401.6998157753 4400.0 128.0 52986.0#52986.0#4400_54569.0#54569.0#4400 55427.0#55427.0#128
56000 58000 18.165056640689727 660.6116477864367 531.950766009654 989.320000000007 46.885986328125 20312.40475235956 1376190.1635436534 4400.0 0.0 54569.0#54569.0#4400_56769.0#56769.0#4400 -
58000 60000 154.86504687496927 615.0449843750102 514.9945043164689 998.8070000000298 29.762939453125 10469.565889179035 621145.3075656135 4400.0 128.0 59002.0#59002.0#4400 58997.0#58997.0#128_59425.0#59425.0#128
60000 62000 6.352621093741618 664.5491263020862 552.2832010239626 999.4579999999842 27.101318359375 21421.32614810632 1480024.3012159201 4400.0 128.0 59002.0#59002.0#4400_60781.0#60781.0#4400 61426.0#61426.0#128
62000 64000 6.273376953147817 664.5755410156174 552.5734672636961 996.3209999999963 26.68994140625 20710.584102592686 1449566.6931876817 4400.0 128.0 60781.0#60781.0#4400_62468.0#62468.0#4400_63902.0#63902.0#4400 63070.0#63070.0#128
64000 66000 10.33396679686848 663.2220110677105 553.961136977281 994.4139999999898 23.698974609375 17904.199374012485 1302514.9161946357 4400.0 128.0 63902.0#63902.0#4400_65652.0#65652.0#4400 64927.0#64927.0#128
66000 68000 7.041003906284459 664.3196653645718 557.6068708301974 997.984999999986 20.594970703125 21815.79553017396 1372323.3901768995 4400.0 128.0 65652.0#65652.0#4400_67388.0#67388.0#4400 66925.0#66925.0#128
68000 70000 4.57102148438571 665.1429928385381 559.7361909778938 997.2160000000149 18.897949218691792 20500.30683209935 1443877.4035777408 4400.0 128.0 67388.0#67388.0#4400_69163.0#69163.0#4400 69149.0#69149.0#128
70000 72000 7.693689453182742 664.1021035156058 562.4003079490357 998.2799999999697 14.791259765625 17160.345129389756 1078708.1590053518 4400.0 128.0 69163.0#69163.0#4400_70946.0#70946.0#4400 70928.0#70928.0#128
72000 74000 41.08236328122439 979.4588183593878 5.960799679986145 983.6737402344006 975.243896484375 19793.1372351564 1365910.2929786793 4400.0 128.0 70946.0#70946.0#4400_72982.0#72982.0#4400 72941.0#72941.0#128
74000 76000 41.798986328125466 652.7336712239581 545.05647007374 975.5410000000265 23.42710351559799 12314.929207583029 705728.6924235658 4400.0 128.0 72982.0#72982.0#4400_75002.0#75002.0#4400 74997.0#74997.0#128
76000 78000 6.178003906330559 664.6073320312231 541.3236621295757 999.8389999999199 40.104089843749534 22101.575860413577 1494447.286897972 4400.0 128.0 75002.0#75002.0#4400_76405.0#76405.0#4400 76429.0#76429.0#128
78000 80000 162.4159882813692 612.5280039062103 494.5492540290198 909.4409179686918 41.62509375001537 11909.436618612981 820456.4592596218 4400.0 128.0 76405.0#76405.0#4400_78892.0#78892.0#4400 78890.0#78890.0#128
80000 82000 113.06096093752421 628.979679687492 469.4488062561041 945.2519999999786 89.58108203130541 17983.619165077173 1135333.4564039744 4400.0 128.0 78892.0#78892.0#4400_80996.0#80996.0#4400 80994.0#80994.0#128
82000 84000 7.678966796898749 664.1070110677005 454.41828257938124 999.1030000000028 146.85304296872346 20696.409473033767 1502780.6845777426 4400.0 128.0 80996.0#80996.0#4400_82559.0#82559.0#4400 82424.0#82424.0#128
84000 86000 7.754880859400146 664.0817063802 450.53197116294 995.2829999999958 151.05000976560405 20741.211299548515 1410723.4840772278 4400.0 128.0 82559.0#82559.0#4400_84305.0#84305.0#4400 84428.0#84428.0#128
86000 88000 68.22616406250745 643.9246119791642 433.48244884860117 948.4679999999935 147.63689062499907 12053.469125600584 738607.9558904924 4400.0 128.0 84305.0#84305.0#4400_87075.0#87075.0#4400 87070.0#87070.0#128_87930.0#87930.0#128
88000 90000 3.238027343817521 665.5873242187275 442.40376843341903 999.3999999999651 163.7960546875256 20508.951907729268 1367700.3208329258 4400.0 128.0 87075.0#87075.0#4400_88413.0#88413.0#4400_89963.0#89963.0#4400 87930.0#87930.0#128
90000 92000 180.78691796871135 606.4043606770962 419.796030460537 999.6520000000019 164.33008203125792 18444.855114223003 1334297.1909447587 4400.0 128.0 88413.0#88413.0#4400_89963.0#89963.0#4400 90106.0#90106.0#128
92000 94000 779.0466972656432 610.4766513671784 547.7126778262772 997.7679999999818 223.185302734375 12770.105392909229 829168.3928105909 4400.0 128.0 92903.0#92903.0#4400 92899.0#92899.0#128_93929.0#93929.0#128
94000 96000 5.494347656262107 664.8352174479127 402.89763390376373 999.9249999999884 217.803955078125 20875.74656546993 1489457.5743760194 4400.0 128.0 92903.0#92903.0#4400_94625.0#94625.0#4400 93929.0#93929.0#128_95925.0#95925.0#128
96000 98000 10.288839843764435 663.2370533854119 405.0094358959246 997.0920000000042 212.693115234375 21433.520424653925 1465745.0431653813 4400.0 128.0 94625.0#94625.0#4400_96181.0#96181.0#4400_97583.0#97583.0#4400 95925.0#95925.0#128_97428.0#97428.0#128
98000 100000 678.6511152344756 660.6744423827622 178.5648868632971 786.9388847656082 534.4099999999162 13763.627616966915 862465.9896480085 4400.0 0.0 97583.0#97583.0#4400 -
100000 102000 781.3090898437658 609.3454550781171 550.8185684039046 998.8329999999842 219.85791015625 12919.987727851214 822823.6029365379 4400.0 128.0 100870.0#100870.0#4400 100867.0#100867.0#128_101429.0#101429.0#128
102000 104000 6.454878906370141 664.5150403645433 400.55937247939386 995.765999999945 219.33203125 20702.345282199098 1354943.417178125 4400.0 128.0 100870.0#100870.0#4400_102311.0#102311.0#4400 103427.0#103427.0#128
104000 106000 8.419749999942724 663.8600833333525 404.50108592112093 997.2480000000796 213.86328125 22914.184016262247 1499652.4171280097 4400.0 128.0 102311.0#102311.0#4400_104040.0#104040.0#4400_105639.0#105639.0#4400 105425.0#105425.0#128
106000 108000 3.6579765625065193 665.4473411458312 407.5279235439798 999.7550000000047 211.4873046875 16747.46916004984 1170247.7999803706 4400.0 128.0 105639.0#105639.0#4400_107438.0#107438.0#4400 107433.0#107433.0#128
108000 110000 9.405056640622206 663.5316477864593 409.5312520533386 998.5119999999879 206.979248046875 21856.672802695226 1414664.5906156516 4400.0 128.0 107438.0#107438.0#4400_109162.0#109162.0#4400 109360.0#109360.0#128
110000 112000 8.086166015651543 663.9712779947828 415.26818038054995 999.9210000000312 199.6840820311918 13340.093779909384 851842.7350863719 4400.0 128.0 109162.0#109162.0#4400_111576.0#111576.0#4400 111573.0#111573.0#128
112000 114000 9.625144531251863 663.4582851562494 420.7493425864867 999.1759999999194 191.4609375 18647.787691185928 1323107.1956956224 4400.0 128.0 111576.0#111576.0#4400_113094.0#113094.0#4400 113090.0#113090.0#128
114000 116000 6.959041015594266 664.3469863281352 420.9138613973829 994.9000000000233 190.493896484375 19917.921228808187 1342158.194266578 4400.0 128.0 113094.0#113094.0#4400_115282.0#115282.0#4400 114924.0#114924.0#128
116000 118000 10.44380078127142 663.1853997395762 425.3231334853514 999.4050000000279 185.048095703125 19755.63043051691 1381076.638945676 4400.0 128.0 115282.0#115282.0#4400_116718.0#116718.0#4400 116863.0#116863.0#128
118000 120000 46.875001953099854 651.0416660156334 425.36846284174953 997.0200000000186 176.12109375 14776.186815179117 972597.2280463252 4400.0 128.0 116718.0#116718.0#4400_118932.0#118932.0#4400 118928.0#118928.0#128
120000 122000 6.145781250030268 664.6180729166566 432.938342275501 997.5599999999977 175.1953125 23863.04137808255 1453868.4613160945 4400.0 128.0 118932.0#118932.0#4400_120646.0#120646.0#4400 120665.0#120665.0#128
122000 124000 939.852402343764 530.073798828118 305.87192356605664 746.35791015625 313.78968749998603 5279.567150536392 231445.65623824898 4400.0 0.0 120646.0#120646.0#4400 -
124000 126000 274.13791015627794 575.2873632812407 383.8540814052072 999.8129999999655 252.67308984376723 15926.1125367239 1090664.0625663889 4400.0 128.0 124157.0#124157.0#4400 124157.0#124157.0#128
126000 128000 777.0410605468787 611.4794697265606 548.3139754689314 999.1959999999963 223.762939453125 15679.115434971676 877829.3303158002 4400.0 128.0 126867.0#126867.0#4400 126865.0#126865.0#128_127424.0#127424.0#128
128000 130000 9.277998046949506 663.5740006510168 402.2609739964272 998.9209999999148 217.56494140625 20626.737320108903 1349740.7402536697 3466.6666666666665 128.0 126867.0#126867.0#4400_128544.0#128544.0#3000_129929.0#129929.0#3000 129990.0#129990.0#128
130000 132000 5.544878906279337 664.8183736979068 405.2727596703017 998.7139999999781 213.9140625 21442.06038088575 1238984.1148418274 3000.0 128.0 129929.0#129929.0#3000_130977.0#130977.0#3000 129990.0#129990.0#128_130991.0#130991.0#128
132000 134000 46.055753906373866 651.3147486978754 420.47964357039683 996.6839999999502 183.0913085936918 17316.31160681627 1001303.191021826 3700.0 128.0 130977.0#130977.0#3000_132914.0#132914.0#4400 132908.0#132908.0#128
134000 136000 58.47421679680701 647.175261067731 459.8496334306939 999.3850000000093 126.944091796875 19031.645332342392 1188799.3726515835 4400.0 128.0 132914.0#132914.0#4400_134906.0#134906.0#4400 134900.0#134900.0#128
136000 138000 5.654058593674563 664.7819804687751 472.993649423133 999.3260000000009 123.634033203125 17896.09732704846 1244750.7409161236 4400.0 128.0 134906.0#134906.0#4400_136894.0#136894.0#4400 136893.0#136893.0#128
138000 140000 6.206068359373603 664.5979772135421 477.55971781783023 999.9070000000065 117.81396484375 20437.081996766436 1475469.701609491 4400.0 128.0 136894.0#136894.0#4400_138495.0#138495.0#4400 138427.0#138427.0#128_139924.0#139924.0#128
140000 142000 346.0679687501397 551.3106770832868 423.7603980092714 879.9100351561792 73.02099609369179 16910.114372140866 1086738.5111652925 4400.0 128.0 138495.0#138495.0#4400_140020.0#140020.0#4400_141928.0#141928.0#4400 139924.0#139924.0#128_141926.0#141926.0#128
142000 144000 5.643048828060273 664.7856503906465 516.2898250700681 998.3699999999953 70.095947265625 15239.18107626323 987752.4099460082 4400.0 128.0 141928.0#141928.0#4400_143929.0#143929.0#4400 141926.0#141926.0#128_143926.0#143926.0#128
144000 146000 132.917853515537 622.360715494821 487.0807622477294 929.4250527343829 60.74609375 19365.449071468833 1298973.262985036 4400.0 128.0 143929.0#143929.0#4400_145751.0#145751.0#4400 143926.0#143926.0#128_145430.0#145430.0#128
146000 148000 294.26109375001397 852.869453124993 115.09499737570229 934.25390625 771.484999999986 15900.206081187187 1159150.6242933418 4400.0 0.0 145751.0#145751.0#4400 -
148000 150000 781.7110917968675 609.1444541015662 550.0775218783054 998.1080000000075 220.180908203125 12948.776922802801 852872.3858605827 4400.0 128.0 148873.0#148873.0#4400 148870.0#148870.0#128_149431.0#149431.0#128
150000 152000 6.078630859381519 664.6404563802062 403.3746343684771 998.6829999999609 216.50927734375 18318.785182993885 1333089.343916984 4400.0 0.0 148873.0#148873.0#4400_150271.0#150271.0#4400 -
152000 154000 48.53032031253679 650.4898932291544 426.1093000945507 999.0979999999981 175.4809570311918 13484.136788102958 867598.834004172 4400.0 128.0 152874.0#152874.0#4400 152872.0#152872.0#128_153427.0#153427.0#128
154000 156000 6.4576406250707805 664.5141197916431 435.6117973730134 998.5169999998761 171.79931640625 20568.81995028058 1425554.1888529148 4400.0 128.0 152874.0#152874.0#4400_154433.0#154433.0#4400_155892.0#155892.0#4400 155425.0#155425.0#128
156000 158000 7.726437500037719 664.0911874999874 437.0052921296987 999.0719999999856 169.77587890625 21116.788359939474 1366908.9997868622 4400.0 128.0 155892.0#155892.0#4400_157638.0#157638.0#4400 157430.0#157430.0#128
158000 160000 6.926824218709953 664.35772526043 441.6387895104776 999.6670000000158 163.9560546875 19640.239333207403 1454152.587597388 4400.0 128.0 157638.0#157638.0#4400_159332.0#159332.0#4400 159060.0#159060.0#128
160000 162000 8.50415624998277 663.8319479166724 445.8261503807104 999.7690000000293 158.0458984375 20092.537781738036 1368298.2468521153 4400.0 128.0 159332.0#159332.0#4400_160877.0#160877.0#4400 160932.0#160932.0#128
162000 164000 143.05590039066738 618.9813665364442 508.76568148390595 999.890999999945 41.197998046875 17313.914983428018 1185785.9669709853 4400.0 128.0 160877.0#160877.0#4400_162983.0#162983.0#4400 162980.0#162980.0#128
164000 166000 41.72497265622951 652.7583424479235 537.1418381172828 995.0740000000224 33.676025390625 16912.212733287088 1056309.749149289 4400.0 128.0 162983.0#162983.0#4400_164929.0#164929.0#4400 164927.0#164927.0#128
166000 168000 99.41793945315294 950.2910302734235 21.040590660095027 965.1689746093471 935.4130859375 17790.67052482319 1225679.3146784813 4400.0 128.0 164929.0#164929.0#4400_166932.0#166932.0#4400 166928.0#166928.0#128
168000 170000 8.832999999984168 663.7223333333386 520.7838631617749 995.4010000000126 63.47791406250326 20071.01417131423 1343259.1204607158 4400.0 128.0 166932.0#166932.0#4400_168620.0#168620.0#4400 168797.0#168797.0#128
170000 172000 8.63214648439316 663.7892845052023 520.4015843295585 998.9560000000056 64.27391406247625 19058.542212004777 1298683.8117627266 4400.0 128.0 168620.0#168620.0#4400_170488.0#170488.0#4400 170501.0#170501.0#128
172000 174000 382.7839824219118 539.0720058593628 474.8428482038532 999.9560000000056 51.40406054689083 14858.196060414433 1022894.353434978 4400.0 128.0 170488.0#170488.0#4400_172436.0#172436.0#4400 172433.0#172433.0#128
174000 176000 600.3058378905407 466.5647207031531 459.26032722594715 996.3190000000177 180.7030429688166 12854.951361522777 841725.7336319857 4400.0 128.0 172436.0#172436.0#4400_174910.0#174910.0#4400 174907.0#174907.0#128
176000 178000 1181.608119140612 409.195940429694 517.3277221522981 775.0018808593741 43.39000000001397 7375.413634140352 494532.3630398191 4400.0 0.0 174910.0#174910.0#4400 -
178000 180000 776.7489589843317 611.6255205078342 546.2873356185515 997.9090000000433 225.342041015625 12560.559853393468 733130.9577887644 4400.0 128.0 178973.0#178973.0#4400 178969.0#178969.0#128_179427.0#179427.0#128
180000 182000 285.93804101558635 857.0309794922068 119.75704767771464 941.7119999999995 772.3499589844141 23079.440146606532 1155358.0422112357 3700.0 0.0 178973.0#178973.0#4400_180468.0#180468.0#3000 -
182000 184000 780.8900800780975 609.5549599609512 547.0348331124663 996.3670000000275 222.742919921875 14669.603157335856 799333.6382463386 3000.0 128.0 182893.0#182893.0#3000_183943.0#183943.0#3000 182931.0#182931.0#128
184000 186000 6.049039062520023 664.6503203124934 400.95062920372476 997.9290000000037 219.702880859375 22186.671828460047 1349228.595166712 3000.0 128.0 182893.0#182893.0#3000_183943.0#183943.0#3000_185328.0#185328.0#3000 184094.0#184094.0#128_185423.0#185423.0#128
186000 188000 9.6669921875 663.4443359375 403.2954132392195 997.1259999999893 215.285888671875 24746.062671545515 1342956.9500138063 3000.0 128.0 185328.0#185328.0#3000_186905.0#186905.0#3000_187902.0#187902.0#3000 186925.0#186925.0#128_187916.0#187916.0#128
188000 190000 943.1448964843876 352.2850345052041 378.9689488423732 782.6611113281106 68.5419921875 12626.4680122875 707193.2592286086 3700.0 128.0 187902.0#187902.0#3000_189941.0#189941.0#4400 187916.0#187916.0#128_189935.0#189935.0#128
190000 192000 6.379693359369412 664.5401022135435 521.5954803242092 999.6350000000093 63.581298828125 19465.95301690533 1105980.9645774572 4400.0 128.0 189941.0#189941.0#4400_191935.0#191935.0#4400 189935.0#189935.0#128_191931.0#191931.0#128
192000 194000 4.657193359336816 665.1142688802211 523.5902130631347 999.2310000000871 61.68310546869179 21292.039878062267 1419116.9150909495 4400.0 128.0 191935.0#191935.0#4400_193478.0#193478.0#4400 191931.0#191931.0#128_193424.0#193424.0#128
194000 196000 800.4531054687104 599.7734472656448 476.98799705986187 937.0548945312621 262.4920000000275 12400.201435403485 838449.6776761279 4400.0 0.0 193478.0#193478.0#4400 -
196000 198000 781.146933593729 609.4265332031355 548.9389680941022 997.585000000021 221.26806640625 11640.92689032148 734295.213778418 4400.0 128.0 196982.0#196982.0#4400 196979.0#196979.0#128_197423.0#197423.0#128
198000 200000 6.806083984323777 664.3979720052254 402.1167106287173 997.6990000000224 217.781982421875 21287.770794954507 1472873.7919747639 4400.0 128.0 196982.0#196982.0#4400_198705.0#198705.0#4400 199424.0#199424.0#128
200000 202000 8.908074218779802 663.6973085937401 406.31677964346324 999.5559999999823 212.055908203125 21488.64410514765 1480868.4435156144 4400.0 128.0 198705.0#198705.0#4400_200367.0#200367.0#4400 201424.0#201424.0#128
202000 204000 5.509021484409459 664.8303261718635 408.8483532574726 999.1019999999553 208.98388671875 23469.474123605665 1371734.9777723837 4400.0 128.0 200367.0#200367.0#4400_202027.0#202027.0#4400_203612.0#203612.0#4400 203430.0#203430.0#128
204000 206000 7.447812500060536 664.1840624999799 408.9304494431317 997.7859999999637 207.97607421875 19530.2519380811 1420793.272576769 4400.0 128.0 203612.0#203612.0#4400_205187.0#205187.0#4400 205309.0#205309.0#128
206000 208000 10.660753906238824 663.1130820312537 412.70805397194925 996.8919999999925 201.6533203125 19741.545762144266 1377845.2076403522 4400.0 128.0 205187.0#205187.0#4400_207010.0#207010.0#4400 207059.0#207059.0#128
208000 210000 38.62637499999255 653.7912083333358 427.6952854433578 999.2469999999739 175.4189453125 20108.673980900516 1245945.2048048505 4400.0 128.0 207010.0#207010.0#4400_208934.0#208934.0#4400 208930.0#208930.0#128
210000 212000 145.2889785155421 618.237007161486 509.021479756121 999.6650000000373 40.240966796875 15615.8854018133 997455.2405419175 4400.0 128.0 208934.0#208934.0#4400_210983.0#210983.0#4400 210981.0#210981.0#128
212000 214000 20.125970703200437 659.9580097655999 544.8083284427299 999.0019999999786 31.52099609375 19198.528332826343 1271422.324188702 4400.0 128.0 210983.0#210983.0#4400_212932.0#212932.0#4400 212928.0#212928.0#128
214000 216000 39.93587500008289 653.3547083333057 546.2090667936807 998.2369999999646 23.59912109375 18150.58873197844 1181943.360508306 4400.0 128.0 212932.0#212932.0#4400_214937.0#214937.0#4400 214932.0#214932.0#128
216000 218000 9.70414843747858 663.4319505208405 558.7142918867177 996.39300000004 18.39697265625 25372.91562113746 1355459.6010987756 4400.0 128.0 214937.0#214937.0#4400_216628.0#216628.0#4400 216783.0#216783.0#128
218000 220000 20.479992187581956 659.8400026041394 564.3711151761757 999.3739999999525 8.35498046875 16056.764338170628 1027373.865093305 4400.0 128.0 216628.0#216628.0#4400_218935.0#218935.0#4400 218930.0#218930.0#128
220000 222000 114.87170507817063 942.5641474609147 3.7379473652834516 945.207275390625 939.9210195312044 15384.372468162139 1088175.9497401759 4400.0 128.0 218935.0#218935.0#4400_220900.0#220900.0#4400 220897.0#220897.0#128
222000 224000 6.070394531241618 664.6432018229194 532.246411560476 999.9170000000158 50.93472460936755 16670.730187582187 1039236.4603784918 4400.0 128.0 220900.0#220900.0#4400_222898.0#222898.0#4400 222896.0#222896.0#128
224000 226000 5.632833984447643 664.7890553385174 529.8162026222216 998.2539999999572 53.8651191405952 17459.162707781205 1165986.446879045 4400.0 128.0 222898.0#222898.0#4400_224938.0#224938.0#4400 224934.0#224934.0#128
226000 228000 6.966955078183673 664.3443483072721 526.7116636971316 999.4699999999721 57.243953124969266 17778.785186590354 1230646.9695431911 4400.0 128.0 224938.0#224938.0#4400_226875.0#226875.0#4400 226871.0#226871.0#128
228000 230000 4.991005859337747 665.0029980468875 522.414036075722 997.8329999999842 62.887908203178085 17906.782617925157 1203712.3482835877 4400.0 128.0 226875.0#226875.0#4400_228910.0#228910.0#4400 228905.0#228905.0#128
230000 232000 9.239146484411322 663.5869511718629 519.2727622984696 995.2210000000196 65.15191406244412 20519.007763354282 1487326.6635145121 4400.0 128.0 228910.0#228910.0#4400_230379.0#230379.0#4400 230432.0#230432.0#128
232000 234000 1146.561939453124 426.71903027343797 507.9387997438312 785.8860000000568 67.55206054681912 2116.1890475233245 75338.65816683881 4400.0 0.0 230379.0#230379.0#4400 -
234000 236000 780.3640566406539 609.8179716796731 546.347508748298 996.1439999999711 223.491943359375 17153.461736634483 767208.548140852 4400.0 128.0 234988.0#234988.0#4400 234986.0#234986.0#128_235422.0#235422.0#128
236000 238000 5.137056640582159 664.9543144531393 400.7579952443437 998.7310000000289 220.48388671875 24877.547075650404 1502653.7371219767 4400.0 0.0 234988.0#234988.0#4400_236527.0#236527.0#4400 -
238000 240000 4.793892578105442 665.0687024739649 402.0118630345904 998.3460000000196 218.593994140625 22531.518535103743 1421713.5202299296 4400.0 128.0 236527.0#236527.0#4400_238038.0#238038.0#4400_239535.0#239535.0#4400 238157.0#238157.0#128_239669.0#239669.0#128
240000 242000 4.3320820312947035 665.2226393229017 402.53435050021847 997.6300000000047 217.659912109375 22323.31437899845 1449841.9548964635 4400.0 128.0 239535.0#239535.0#4400_241159.0#241159.0#4400 241168.0#241168.0#128
242000 244000 6.500994140631519 664.4996686197895 403.52481892620176 997.3490000000456 215.69091796875 16578.810893202506 953017.2479973063 4400.0 0.0 241159.0#241159.0#4400_243592.0#243592.0#4400 -
244000 246000 12.020939453155734 662.6596868489481 406.64626267932005 996.8989999999758 209.927978515625 22625.84318486434 1393032.1745691271 4400.0 128.0 243592.0#243592.0#4400_245357.0#245357.0#4400 244089.0#244089.0#128_245423.0#245423.0#128
246000 248000 9.558007812476717 663.4806640625078 410.8484928131929 998.1990000000224 204.969970703125 19045.8424356424 1454326.8031877894 4400.0 128.0 245357.0#245357.0#4400_247026.0#247026.0#4400 247145.0#247145.0#128
248000 250000 8.305003906250931 663.8983320312497 414.4039624502311 999.2589999999618 200.615966796875 20313.758565948556 1432878.3493720547 4400.0 128.0 247026.0#247026.0#4400_248085.0#248085.0#4400_249744.0#249744.0#4400 248304.0#248304.0#128_249427.0#249427.0#128
250000 252000 9.203867187490687 663.5987109375031 417.0981968018355 997.4020000000019 196.027099609375 18393.4470988408 1267511.8634965504 4400.0 128.0 248085.0#248085.0#4400_249744.0#249744.0#4400_251382.0#251382.0#4400 251037.0#251037.0#128
252000 254000 7.584029296878725 664.1386569010405 422.1973775347973 999.7970000000205 190.1220703125 15721.31002558499 1139937.9978342187 4400.0 128.0 251382.0#251382.0#4400_253428.0#253428.0#4400 253426.0#253426.0#128
254000 256000 6.299140625051223 664.5669531249829 423.6064394285473 998.2820000000065 188.0029296875 18509.200529048336 1333440.6342324943 4400.0 128.0 253428.0#253428.0#4400_255119.0#255119.0#4400 255023.0#255023.0#128
256000 258000 47.06582031259313 650.9780598958023 422.38658828774703 996.9939999999478 180.287109375 16359.951465803304 1197245.3516005224 4400.0 128.0 255119.0#255119.0#4400_256936.0#256936.0#4400 256930.0#256930.0#128
258000 260000 53.66420507815201 648.7785983072827 459.41863030610386 999.4020000000019 128.701904296875 14553.70639176206 1073900.6794673253 4400.0 128.0 256936.0#256936.0#4400_258933.0#258933.0#4400 258927.0#258927.0#128
260000 262000 1145.5169042968191 854.4830957031809  854.4830957031809 854.4830957031809 6325.287682915623 471498.1378533896 4400.0 0.0 258933.0#258933.0#4400 -
262000 264000 781.8199492187705 609.0900253906148 548.6978557302317 997.0779999999795 221.10205078125 11920.431190434634 734160.6052758313 4400.0 128.0 262893.0#262893.0#4400 262889.0#262889.0#128_263424.0#263424.0#128
264000 266000 7.168056640657596 664.2773144531142 402.31427184792784 996.8510000000242 217.093994140625 18595.965316044592 1460306.2217421767 4400.0 128.0 262893.0#262893.0#4400_264617.0#264617.0#4400 264753.0#264753.0#128
266000 268000 3.536062499973923 665.4879791666754 405.12083274063315 999.7210000000196 214.929931640625 18564.02116252795 1440103.9803226236 4400.0 128.0 264617.0#264617.0#4400_266250.0#266250.0#4400_267779.0#267779.0#4400 266944.0#266944.0#128
268000 270000 4.643673828220926 665.118775390593 406.4877916840649 999.030999999959 212.4892578125 18622.785473266536 1371495.4289328847 4400.0 128.0 267779.0#267779.0#4400_269527.0#269527.0#4400 268424.0#268424.0#128
270000 272000 11.020939453039318 662.9930201823203 409.3469307009226 995.6360000000568 205.851318359375 18028.829835165416 1419331.2938427988 4400.0 128.0 269527.0#269527.0#4400_271224.0#271224.0#4400 270938.0#270938.0#128
272000 274000 7.460324218845926 664.1798919270514 413.64222176129493 999.5479999999516 201.968994140625 17633.77368895537 1285896.325148506 4400.0 128.0 271224.0#271224.0#4400_272982.0#272982.0#4400 272980.0#272980.0#128
274000 276000 8.408980468753725 663.8636731770821 416.9301862692356 997.9329999999609 196.614013671875 18227.408872476095 1362079.8585132873 4400.0 128.0 272982.0#272982.0#4400_274466.0#274466.0#4400 274423.0#274423.0#128
276000 278000 42.52497070317622 652.4916764322746 422.57229943422476 999.4629999999888 181.89404296875 12900.866775592163 907873.3962012253 4400.0 128.0 274466.0#274466.0#4400_276895.0#276895.0#4400 276892.0#276892.0#128_277927.0#277927.0#128
278000 280000 7.825929687474854 664.0580234375084 431.33784811646865 999.579000000027 177.51611328125 18457.874614027078 1357892.2029525442 4400.0 128.0 276895.0#276895.0#4400_278154.0#278154.0#4400 277927.0#277927.0#128
280000 282000 244.1521132813068 877.9239433593466 79.67404377893854 934.2619999999879 821.5858867187053 16053.043071510167 1182350.6870681224 4400.0 128.0 278154.0#278154.0#4400_280048.0#280048.0#4400 280061.0#280061.0#128
282000 284000 778.380019531236 610.809990234382 550.242226658813 999.890000000014 221.72998046875 11809.449744298981 702000.0047795722 4400.0 128.0 282862.0#282862.0#4400 282854.0#282854.0#128
284000 286000 46.08301953121554 651.3056601562615 423.4477778591873 997.9290000000037 179.3349609375 15534.915792703985 1141986.342456457 4400.0 128.0 282862.0#282862.0#4400_284978.0#284978.0#4400 284974.0#284974.0#128_285928.0#285928.0#128
286000 288000 8.727962890639901 663.75734570312 434.5484303037939 999.9510000000009 173.072998046875 19053.897474584162 1429098.9195664967 4400.0 128.0 284978.0#284978.0#4400_286665.0#286665.0#4400 285928.0#285928.0#128_287928.0#287928.0#128
288000 290000 10.336023437557742 663.221325520814 435.4587527310984 996.2439999999478 170.448974609375 17880.40593469654 1368193.7941200682 4400.0 128.0 286665.0#286665.0#4400_288155.0#288155.0#4400_289868.0#289868.0#4400 287928.0#287928.0#128_289944.0#289944.0#128
290000 292000 520.1829746093135 739.9085126953432 126.03260931222057 829.0270253906492 650.7900000000373 13782.33105371633 1024561.9390774057 4400.0 128.0 289868.0#289868.0#4400 289944.0#289944.0#128
292000 294000 780.4100937499898 609.7949531250051 550.7174548963492 999.2110000000102 220.37890625 11976.544376241392 799472.9965514559 4400.0 128.0 292869.0#292869.0#4400 292867.0#292867.0#128_293425.0#293425.0#128
294000 296000 8.002914062468335 663.9990286458439 403.6145550266731 998.7260000000242 215.7919921875 19362.092003557915 1378195.9945403652 4400.0 128.0 292869.0#292869.0#4400_294635.0#294635.0#4400 295426.0#295426.0#128
296000 298000 84.3518847655505 638.5493717448165 393.9694348105863 939.8730000000214 192.735107421875 19022.510879384703 1366190.0157584653 4400.0 128.0 294635.0#294635.0#4400_296177.0#296177.0#4400_297579.0#297579.0#4400 297426.0#297426.0#128
298000 300000 8.56599414057564 663.8113352864748 420.45436257509635 994.5470000000205 190.64111328125 17921.269742707125 1359008.888835679 4400.0 128.0 297579.0#297579.0#4400_299277.0#299277.0#4400 299106.0#299106.0#128
