ts te idle avg_span std_span max_span min_span c_ack_cnt c_ack_cnt_p c_bytes_all c_bytes_uniq s_ack_cnt s_ack_cnt_p s_bytes_all s_bytes_uniq avg_video_rate avg_audio_rate video_requests_sequence audio_requests_sequence
0 4000 4000.0 0.0 0.0 0.0 0.0 0.0 0.0 0.0 0.0 0.0 0.0 0.0 0.0 0.0 0.0 - -
4000 8000 4000.0 0.0 0.0 0.0 0.0 0.0 0.0 0.0 0.0 0.0 0.0 0.0 0.0 0.0 0.0 - -
8000 12000 597.2525742187499 712.9268396484382 352.1598217222998 997.7379999999976 24.24609375 449.5113809844428 428.5080174416411 18871.804424347523 18871.804424347523 486.92473851357556 23.00336354280178 976140.4381211523 935363.4381211523 840.0 128.0 8941.0#8941.0#840_8943.0#8943.0#840_9915.0#9915.0#840_10465.0#10465.0#840_11204.0#11204.0#840_11867.0#11867.0#840 8937.0#8937.0#128_8939.0#8939.0#128_9928.0#9928.0#128_10474.0#10474.0#128_11496.0#11496.0#128_11973.0#11973.0#128
12000 16000 3.2642070312504075 647.7613743489579 409.96534863132314 999.6929999999993 20.160888671875 675.564242051157 662.5676055939589 10882.195575652477 10882.195575652477 741.3945833401604 12.996636457198221 1289254.4270462433 1289243.4270462433 840.0 128.0 11204.0#11204.0#840_11867.0#11867.0#840_12613.0#12613.0#840_13386.0#13386.0#840_14121.0#14121.0#840_14877.0#14877.0#840_15562.0#15562.0#840 11973.0#11973.0#128_12732.0#12732.0#128_13474.0#13474.0#128_14287.0#14287.0#128_14975.0#14975.0#128_15764.0#15764.0#128
16000 20000 702.6607832031332 467.9695337890611 327.98611199476437 996.8439999999973 21.5712890625 458.874083473392 450.11908875991185 7297.160039765944 7297.160039765944 460.792242129443 8.754994713480126 904305.195047689 897045.195047689 1570.0 128.0 15562.0#15562.0#840_17021.0#17021.0#840_18489.0#18489.0#2300_18490.0#18490.0#2300 15764.0#15764.0#128_17018.0#17018.0#128_18485.0#18485.0#128_18486.0#18486.0#128_19978.0#19978.0#128
20000 24000 719.8909765624994 587.5748247767863 401.9756800716453 999.6180000000022 65.97000000000116 458.0502934910082 452.8052882044883 4368.839960234056 4368.839960234056 480.88843601682095 5.2450052865198735 1052356.9397849152 1052356.9397849152 2300.0 128.0 18490.0#18490.0#2300_20201.0#20201.0#2300_23000.0#23000.0#2300 19978.0#19978.0#128_22996.0#22996.0#128
24000 28000 35.02496093750233 815.2753522135414 314.9392335497092 998.4720000000016 212.84900000000198 491.02713238998274 484.03370581978015 5838.465172110577 5838.465172110577 499.9548246622112 6.993426570202586 1034371.7113447031 1034371.7113447031 2300.0 128.0 23000.0#23000.0#2300_25007.0#25007.0#2300_27006.0#27006.0#2300 25003.0#25003.0#128_27003.0#27003.0#128_27473.0#27473.0#128
28000 32000 11.023716796880763 627.8935214843741 414.61127750052896 998.6540000000023 6.569886718752969 592.0875648528181 586.5702731803015 4592.920251103671 4592.920251103671 660.6743482311131 5.517291672516652 1310125.3745057604 1310125.3745057604 2300.0 128.0 27006.0#27006.0#2300_28687.0#28687.0#2300_30528.0#30528.0#2300 28994.0#28994.0#128
32000 36000 10.915210937506345 672.7294435763882 359.8037360760253 999.4879999999976 4.75927734375 485.13019837071806 475.6361147386624 7925.552114101151 7925.552114101151 607.7453733391162 9.49408363205564 1193841.9429959527 1193841.9429959527 1660.0 128.0 30528.0#30528.0#2300_32136.0#32136.0#1500_32138.0#32138.0#1500_33427.0#33427.0#1500_34989.0#34989.0#1500 32368.0#32368.0#128_32371.0#32371.0#128_33474.0#33474.0#128_34987.0#34987.0#128
36000 40000 32.52418359374133 629.4459565429688 399.18423182744954 995.2350000000006 83.27300000000105 344.5561530038746 336.56438507490134 6656.174237440553 6656.174237440553 508.3990608149382 7.991767928973284 955025.2456306679 955025.2456306679 2100.0 128.0 34989.0#34989.0#1500_37018.0#37018.0#2300_37020.0#37020.0#2300_39006.0#39006.0#2300 37012.0#37012.0#128_37014.0#37014.0#128_39004.0#39004.0#128
40000 44000 12.772988281249127 689.457581473213 451.04645333115417 998.3129999999946 3.420070312502503 454.1989513826066 448.19552118635477 5006.888225244047 5006.888225244047 528.2263929526213 6.003430196251838 1303328.725522916 1303328.725522916 2300.0 128.0 39006.0#39006.0#2300_41108.0#41108.0#2300_43002.0#43002.0#2300 41053.0#41053.0#128_42994.0#42994.0#128
44000 48000 8.448015624999243 735.5463271484381 401.75981700361774 997.650999999998 83.69799999999668 400.84804069914924 394.8498076677638 5002.5122124265545 5002.5122124265545 458.8321379816183 5.998233031385456 1149850.3430677198 1149850.3430677198 2300.0 128.0 43002.0#43002.0#2300_44999.0#44999.0#2300_47003.0#47003.0#2300 44996.0#44996.0#128_47001.0#47001.0#128
48000 52000 21.50185937500646 568.3015187988267 474.7089970886454 998.7489999999962 0.14111328125 434.1650337397648 428.1631230959973 5005.605601198825 5005.605601198825 548.1803617566841 6.001910643767444 1238119.30663788 1238119.30663788 2300.0 128.0 47003.0#47003.0#2300_48994.0#48994.0#2300_50997.0#50997.0#2300 48988.0#48988.0#128_50993.0#50993.0#128
52000 56000 42.19609570312605 764.1126347656245 351.9776079579414 994.044921875 239.14500000000407 401.7047385502989 395.7079831816143 5001.2711812858 5001.2711812858 517.6743036892856 5.996755368684603 1125993.0887708138 1125993.0887708138 2300.0 128.0 50997.0#50997.0#2300_53017.0#53017.0#2300_55005.0#55005.0#2300 53013.0#53013.0#128_55001.0#55001.0#128
56000 60000 35.74474218749674 618.7201395089297 471.4657324299417 999.7639999999956 3.0920781250024447 425.83364889466316 419.8354769287878 5002.460795267104 5002.460795267104 558.8252265339916 5.99817196587542 1222370.1541011857 1222370.1541011857 2300.0 128.0 55005.0#55005.0#2300_57008.0#57008.0#2300_59006.0#59006.0#2300 57007.0#57007.0#128_59004.0#59004.0#128
60000 64000 29.16697460936848 646.0293392857171 439.84768884325 997.1059999999998 4.917101562503376 411.83184684662916 405.8337699815587 5002.380720389334 5002.380720389334 531.8096096419763 5.998076865070468 1167409.2217808878 1167409.2217808878 2300.0 128.0 59006.0#59006.0#2300_60996.0#60996.0#2300_63007.0#63007.0#2300 60993.0#60993.0#128_63003.0#63003.0#128
64000 68000 28.19296874999418 666.1467084960932 381.6679267222497 999.3190000000031 6.848726562500815 352.18502196500685 344.36881813448406 6508.624921889617 6508.624921889617 480.24669109195634 7.816203830522839 956694.7437801939 956694.7437801939 1700.0 128.0 63007.0#63007.0#2300_64988.0#64988.0#1500_64993.0#64993.0#1500_66997.0#66997.0#1500 65475.0#65475.0#128_65477.0#65477.0#128_67475.0#67475.0#128
68000 72000 945.8549257812556 558.4755744977675 421.5121266189486 997.0880000000034 74.511962890625 272.8086126242524 266.5432845612286 5225.381977573417 5225.381977573417 388.6009270641739 6.190648294693769 721255.7875791884 721255.7875791884 1500.0 128.0 66997.0#66997.0#1500_68990.0#68990.0#1500_70996.0#70996.0#1500 67475.0#67475.0#128_69479.0#69479.0#128_71475.0#71475.0#128
72000 76000 4.656912109378027 784.552128906249 344.1172397112829 999.2409999999945 137.943115234375 418.69252693535145 410.7828616961215 6611.581086334881 6611.581086334881 579.0625286138871 7.984345007560014 1130013.2343760312 1127109.2343760312 1500.0 128.0 70996.0#70996.0#1500_72985.0#72985.0#1500_73975.0#73975.0#1500_75084.0#75084.0#1500 73477.0#73477.0#128_73982.0#73982.0#128_75384.0#75384.0#128
76000 80000 15.953041015614872 526.4839005859409 444.85433671276485 999.5819999999803 15.616121093757101 422.9305297448841 414.9148747524441 6676.181503634468 6676.181503634468 614.7682136264268 8.015654992439986 1151577.1199060993 1151577.1199060993 2100.0 128.0 75084.0#75084.0#1500_76988.0#76988.0#2300_76989.0#76989.0#2300_78993.0#78993.0#2300 75384.0#75384.0#128_76984.0#76984.0#128_76986.0#76986.0#128_78990.0#78990.0#128
80000 84000 9.758980468744994 788.0193365885425 327.718097609555 999.4890000000014 297.88099999999395 421.6415496193688 415.64513412317507 5000.981847795085 5000.981847795085 640.4228948871837 5.996415496193688 1175129.2521127048 1175129.2521127048 2300.0 128.0 78993.0#78993.0#2300_81000.0#81000.0#2300_83003.0#83003.0#2300 80998.0#80998.0#128_83001.0#83001.0#128
84000 88000 12.18792382812535 521.5981127929681 507.27117589974586 999.9809999999998 3.5839804687566357 402.99997716942505 396.99022413880346 5012.076344193481 5012.076344193481 610.4962156082997 6.009753030621638 1142456.784556319 1142456.784556319 2300.0 128.0 83003.0#83003.0#2300_84995.0#84995.0#2300_86991.0#86991.0#2300 84992.0#84992.0#128_86987.0#86987.0#128
88000 92000 32.11296874999243 788.6613307291676 343.34124981282486 999.0380000000005 163.0570000000007 404.97244379944107 398.9829015419427 4995.330288403586 4995.330288403586 631.4503747986336 5.989542257498396 1167373.9915172495 1167373.9915172495 2300.0 128.0 86991.0#86991.0#2300_88999.0#88999.0#2300_91002.0#91002.0#2300 88996.0#88996.0#128_90999.0#90999.0#128
92000 96000 18.548589843747322 598.2190009765636 453.00054344674635 998.5479999999952 4.285093750004307 428.79421274117885 422.77757104014677 5017.740557591349 5017.740557591349 648.5204449637804 6.016641701032013 1215615.7188477868 1215615.7188477868 2300.0 128.0 91002.0#91002.0#2300_92984.0#92984.0#2300_94983.0#94983.0#2300 92981.0#92981.0#128_94979.0#94979.0#128
96000 100000 31.375722656259313 808.7603476562484 323.8795867676063 998.8899999999994 195.77700000000186 422.59181667058624 416.604169155932 4993.870962016497 4993.870962016497 637.1100697421026 5.987647514654265 1175670.25296594 1175670.25296594 2300.0 128.0 94983.0#94983.0#2300_96997.0#96997.0#2300_99000.0#99000.0#2300 96994.0#96994.0#128_98998.0#98998.0#128
100000 104000 15.72405664062535 612.1412848772327 482.49121736331176 998.5559999999969 0.218994140625 430.0202106478623 424.01998855283085 5004.182117925792 5004.182117925792 643.0268734988059 6.000222095031454 1203401.1086964915 1203401.1086964915 2300.0 128.0 99000.0#99000.0#2300_101004.0#101004.0#2300_102998.0#102998.0#2300 101002.0#101002.0#128_102994.0#102994.0#128
104000 108000 109.84819726563 718.1141748046842 342.0898822457099 998.6469999999827 248.71899999999732 479.4301675755862 473.4303896706176 5003.817882074208 5003.817882074208 674.5955046321844 5.999777904968546 1257567.8061780282 1167543.8061780282 2300.0 128.0 102998.0#102998.0#2300_105008.0#105008.0#2300_106996.0#106996.0#2300 105005.0#105005.0#128_106994.0#106994.0#128
108000 112000 45.10504687500361 663.1283830566408 373.98059321390275 998.3809999999794 85.46500000001106 387.71963558370595 379.7584025178545 6630.358241446906 6630.358241446906 605.3379204296956 7.961233065851431 1101594.5566911795 1101594.5566911795 1900.0 128.0 106996.0#106996.0#2300_109006.0#109006.0#2300_111030.0#111030.0#1500_111031.0#111031.0#1500 109003.0#109003.0#128_111476.0#111476.0#128_111478.0#111478.0#128
112000 116000 293.0540917968756 630.8842726004431 388.8748757339756 998.400999999998 38.751892578118714 320.7332540517939 314.6944871176453 5036.641758553094 5036.641758553094 463.6473935779591 6.038766934148569 856514.3706109988 856514.3706109988 1500.0 128.0 111031.0#111031.0#1500_113017.0#113017.0#1500_114987.0#114987.0#1500 113475.0#113475.0#128_115477.0#115477.0#128
116000 120000 703.1593847656186 594.6237036830343 409.1415656188933 998.8319999999949 73.18994140625 259.56654825168243 253.49327257773763 5064.086052634709 5064.086052634709 378.5474644727152 6.073275673944766 711039.3359804959 711039.3359804959 1500.0 128.0 114987.0#114987.0#1500_116992.0#116992.0#1500_119020.0#119020.0#1500 117478.0#117478.0#128_119475.0#119475.0#128
120000 124000 154.19102343751 517.1719244290882 426.45433567791287 999.1790000000037 11.930908203125 346.3396480099966 336.020762032506 8221.883395014733 8221.883395014733 513.6934420653664 10.318885977490627 888453.8230424394 878234.9339367825 1236.0 128.0 119020.0#119020.0#1500_121013.0#121013.0#1500_122916.0#122916.0#1500_123958.0#123958.0#840_123961.0#123961.0#840 121474.0#121474.0#128_122974.0#122974.0#128_123986.0#123986.0#128_123987.0#123987.0#128
124000 128000 1065.6388300781255 419.32409161931986 353.06972145661416 979.115966796875 80.65400000000955 346.36053315573724 333.7728047272126 11012.097999676922 11012.097999676922 454.1404093192783 12.587728428524658 860345.4285816341 838620.3176872908 1436.6666666666667 128.0 122916.0#122916.0#1500_123958.0#123958.0#840_123961.0#123961.0#840_125030.0#125030.0#840_127018.0#127018.0#2300_127019.0#127019.0#2300 123986.0#123986.0#128_123987.0#123987.0#128_125028.0#125028.0#128_127016.0#127016.0#128_127017.0#127017.0#128
128000 132000 39.212976562499534 669.6418602120539 415.13383845963153 993.9649999999965 20.09403320311685 435.8320884930206 429.8213048742014 5013.079807045809 5013.079807045809 557.9477936648352 6.01078361881925 1231242.3051633455 1231242.3051633455 2300.0 128.0 127019.0#127019.0#2300_129009.0#129009.0#2300_131014.0#131014.0#2300 129007.0#129007.0#128_131013.0#131013.0#128
132000 136000 141.64697460937896 575.223589843746 450.45376966432656 998.8129999999946 9.277011718746508 409.48962060445746 403.48029430323675 5011.852745627828 5011.852745627828 569.1058341636499 6.009326301220698 1140884.9825327354 1140884.9825327354 2300.0 128.0 131014.0#131014.0#2300_133012.0#133012.0#2300_135002.0#135002.0#2300 133010.0#133010.0#128_135001.0#135001.0#128
136000 140000 7.91914257814642 672.7101155133902 416.5760540141949 999.7600000000093 40.804000000003725 398.1533431160192 392.1582054517745 4999.905913294026 4999.905913294026 464.5586526435739 5.995137664244686 1139187.1224734702 1139187.1224734702 2300.0 128.0 135002.0#135002.0#2300_136997.0#136997.0#2300_139010.0#139010.0#2300 136994.0#136994.0#128_139007.0#139007.0#128
140000 144000 15.37492578124511 574.2929968261669 469.0651238418373 999.945000000007 1.472900390625 450.56332938266905 444.5569570550838 5009.332280006522 5009.332280006522 531.6388002328956 6.00637232758525 1268067.3142462051 1257881.3891648345 2300.0 128.0 139010.0#139010.0#2300_141046.0#141046.0#2300_142993.0#142993.0#2300 141045.0#141045.0#128_142989.0#142989.0#128
144000 148000 35.732347656274214 643.3504578682977 451.1743060427287 999.7309999999998 10.05810546875 436.85590119399893 430.84727518519526 5011.073327219021 5011.073327219021 529.3208553966176 6.008626008803684 1118331.2847168497 1103833.20979822 2300.0 128.0 142993.0#142993.0#2300_145002.0#145002.0#2300_146988.0#146988.0#2300 145000.0#145000.0#128_146986.0#146986.0#128
148000 152000 30.457011718739523 763.8073336588568 381.9762773515941 997.5400000000081 79.70900000000256 426.78899047103965 420.8006709923304 4994.387993087102 4994.387993087102 537.2166449277914 5.9883194787092195 1194902.0395431165 1194902.0395431165 2300.0 128.0 146988.0#146988.0#2300_149007.0#149007.0#2300_151001.0#151001.0#2300 149005.0#149005.0#128_150999.0#150999.0#128
152000 156000 8.749326171848224 638.798172154019 456.2192728421505 999.9090000000142 1.5408925781375729 371.82209380357716 365.8426265439009 4986.711432647424 4986.711432647424 456.74323448891187 5.979467259676276 1064616.4159654274 1064616.4159654274 2300.0 128.0 151001.0#151001.0#2300_153000.0#153000.0#2300_155023.0#155023.0#2300 152998.0#152998.0#128_155022.0#155022.0#128
156000 160000 113.27812890626956 571.958854166668 429.0308329915274 998.6609999999928 22.015687500010245 323.32463565885314 315.30255839787225 6678.589053745905 6678.589053745905 408.47917648571934 8.022077260980886 854461.1055775827 848653.1055775827 1205.0 128.0 155023.0#155023.0#2300_157155.0#157155.0#840_157157.0#157157.0#840_158979.0#158979.0#840 157168.0#157168.0#128_157170.0#157170.0#128_159473.0#159473.0#128
160000 164000 2138.453999999998 619.7090000000026 366.01964717848847 998.4899999999907 255.27499999999418 159.0 153.0 5002.0 5002.0 234.0 6.0 441312.0 441312.0 840.0 128.0 161001.0#161001.0#840_162994.0#162994.0#840 161474.0#161474.0#128_163473.0#163473.0#128
164000 168000 2137.1418222656357 496.7551945312531 371.40490328419685 997.1199999999953 57.396972656279104 159.40842178899192 153.35007581913592 5049.84369528191 5049.84369528191 270.05834596985596 6.058345969855988 471740.0 449960.0 840.0 128.0 165017.0#165017.0#840_167008.0#167008.0#840 165475.0#165475.0#128_167474.0#167474.0#128
168000 172000 263.20986132815597 673.1435314941373 256.77423338636765 997.4230000000098 382.5669999999809 238.89133632191147 230.70939600680816 5996.543587243885 5996.543587243885 338.55357843540287 7.1819403151033105 600119.7018353638 600119.7018353638 840.0 128.0 169014.0#169014.0#840_171021.0#171021.0#840_171455.0#171455.0#840 169476.0#169476.0#128_171477.0#171477.0#128_171821.0#171821.0#128
172000 176000 1036.9456015625328 440.30064952256765 399.2379071124843 992.6220703125 76.33600000003935 256.3521660672758 247.59586486029215 7297.739385690154 7297.739385690154 350.9580995795507 8.756301206983634 727653.9195338271 727653.9195338271 1570.0 128.0 171455.0#171455.0#840_173015.0#173015.0#840_175002.0#175002.0#2300_175005.0#175005.0#2300 171821.0#171821.0#128_173013.0#173013.0#128_174997.0#174997.0#128_174999.0#174999.0#128
176000 180000 33.59075976567692 668.6925683593644 423.2841499055562 998.4659999999567 3.3989296875079162 429.23186300581614 423.25784873187234 4982.120018660693 4982.120018660693 540.0491790921665 5.974014273943816 1160700.4622131884 1160700.4622131884 2300.0 128.0 175005.0#175005.0#2300_177007.0#177007.0#2300_179029.0#179029.0#2300 177004.0#177004.0#128_179026.0#179026.0#128
180000 184000 30.258017578104045 658.0694154575966 440.9891147683107 999.2299999999814 29.37395117187407 361.3570662625876 355.34965736039203 5010.238295648643 5010.238295648643 478.4457357142651 6.007408902195538 1020799.2316979932 1020799.2316979932 2300.0 128.0 179029.0#179029.0#2300_181013.0#181013.0#2300_183021.0#183021.0#2300 181011.0#181011.0#128_183017.0#183017.0#128
184000 188000 12.436945312423632 708.5962924107235 372.3711823546171 994.26800000004 21.98304296878632 426.60480616700323 420.62378229464935 4988.022100521981 4988.022100521981 455.6987899032173 5.981023872353898 1213629.7481695712 1213629.7481695712 2300.0 128.0 183021.0#183021.0#2300_185038.0#185038.0#2300_187113.0#187113.0#2300 185037.0#185037.0#128_187110.0#187110.0#128
188000 192000 32.22185156264459 570.5230119628868 462.4088143211251 993.7620000000461 40.88299609371461 432.99651833815585 426.88307601013514 5097.923949087393 5097.923949087393 595.5573389432147 6.040965459563817 1220453.857432541 1220453.857432541 2300.0 128.0 187113.0#187113.0#2300_189044.0#189044.0#2300_191013.0#191013.0#2300 189022.0#189022.0#128_191010.0#191010.0#128
192000 196000 8.523187499929918 725.5534677734395 396.9337541894925 998.9499999999825 79.75 416.7350327074155 410.82424827399996 4930.474984041935 4930.474984041935 530.3187759263409 5.9832613018724405 1192415.9321953699 1192415.9321953699 2300.0 128.0 191013.0#191013.0#2300_193025.0#193025.0#2300_195020.0#195020.0#2300 193022.0#193022.0#128_195017.0#195017.0#128
196000 200000 42.018009765597526 706.8890106026831 349.29170019450055 998.6669999999576 16.664093750005122 412.245936354826 406.2291976566984 5018.093983823405 5018.093983823405 488.8464246133186 6.0167386981275595 1166362.0834341794 1166362.0834341794 2300.0 128.0 195020.0#195020.0#2300_197036.0#197036.0#2300_199015.0#199015.0#2300 197033.0#197033.0#128_199014.0#199014.0#128
200000 204000 12.683945312455762 624.9064310825945 432.90031458676077 997.8710000000428 4.697998046875 433.6842626529721 427.6748661776581 5011.799074510613 5011.799074510613 559.0070467766518 6.0093964753139915 1223161.39124277 1223161.39124277 2300.0 128.0 199015.0#199015.0#2300_201027.0#201027.0#2300_202993.0#202993.0#2300 201024.0#201024.0#128_202992.0#202992.0#128
204000 208000 26.060095703112893 755.9966673177163 388.24552500963335 998.0880000000179 79.64499999998952 411.8482758036636 405.86460039219673 4990.367454158863 4990.367454158863 533.8000174976623 5.9836754114668596 1180806.6951592728 1180806.6951592728 2300.0 128.0 202993.0#202993.0#2300_204992.0#204992.0#2300_207004.0#207004.0#2300 204989.0#204989.0#128_207001.0#207001.0#128
208000 212000 31.966777343739523 692.2928774414031 364.39519406619877 996.494000000006 6.920998046873137 426.39759071969644 418.4068538247849 6655.200465515532 6655.200465515532 535.3789876471308 7.990736894911559 1163230.777109679 1163230.777109679 1900.0 128.0 207004.0#207004.0#2300_209017.0#209017.0#2300_211014.0#211014.0#1500_211016.0#211016.0#1500 209015.0#209015.0#128_211479.0#211479.0#128_211480.0#211480.0#128
212000 216000 353.25591601559427 632.3018691406344 389.1773728374118 999.70100000003 16.174978515628027 324.2087681065429 318.1925768882353 5017.633005814991 5017.633005814991 330.47456052620674 6.01619121830759 857389.695518153 857389.695518153 1500.0 128.0 211016.0#211016.0#1500_213010.0#213010.0#1500_215013.0#215013.0#1500 213477.0#213477.0#128_215475.0#215475.0#128
216000 220000 722.868025390635 608.1572092013926 380.936857624802 999.4320000000007 39.562999999994645 436.98536549167216 428.98536549167216 6686.0 6686.0 500.14592406505415 8.0 1037087.4981817657 1034183.4981817657 1500.0 128.0 215013.0#215013.0#1500_217018.0#217018.0#1500_218181.0#218181.0#1500_219370.0#219370.0#1500 217476.0#217476.0#128_218477.0#218477.0#128_219473.0#219473.0#128
220000 224000 27.085968750005122 596.3643257378587 394.18878160088246 998.4729999999981 81.94500000000698 346.4367687308667 335.4435359998843 8762.301959487171 8762.301959487171 452.7327085714254 9.993232730982388 926188.7495305229 926188.7495305229 1900.0 128.0 219370.0#219370.0#1500_220990.0#220990.0#1500_223005.0#223005.0#2300_223006.0#223006.0#2300 220987.0#220987.0#128_223004.0#223004.0#128_223005.0#223005.0#128
224000 228000 40.70800781255821 642.2941941964174 440.4609429937722 996.2580000000016 6.763080078089843 409.89323684293504 403.89432375476156 5003.084820242001 5003.084820242001 542.8591930586576 5.998913088173398 1152399.9530648147 1152399.9530648147 2300.0 128.0 223006.0#223006.0#2300_225003.0#225003.0#2300_227008.0#227008.0#2300 225000.0#225000.0#128_227006.0#227006.0#128
228000 232000 36.23602734380984 664.8692491629502 429.3395306959751 998.0400000000664 7.833720703114523 434.26066832675247 428.25747996723067 5006.684598717388 5006.684598717388 562.3640964469759 6.003188359521839 1224103.7839521258 1224103.7839521258 2300.0 128.0 227008.0#227008.0#2300_229021.0#229021.0#2300_231005.0#231005.0#2300 229019.0#229019.0#128_231003.0#231003.0#128
232000 236000 43.30311328131938 599.7456936384011 485.49881707273454 996.8910000000615 4.658976562495809 419.58617730653566 413.5905397223719 5000.32684586594 5000.32684586594 559.1802839673145 5.995637584163824 1203471.3233766921 1203471.3233766921 2300.0 128.0 231005.0#231005.0#2300_232993.0#232993.0#2300_235010.0#235010.0#2300 232991.0#232991.0#128_235007.0#235007.0#128
236000 240000 9.683333984372439 653.4835797991088 449.505168435432 999.0700000000361 8.999121093715075 408.83601402954656 402.8273791089705 5011.270603125032 5011.270603125032 538.5060160294747 6.008634920576047 1156112.9309648578 1156112.9309648578 2300.0 128.0 235010.0#235010.0#2300_236997.0#236997.0#2300_238999.0#238999.0#2300 236995.0#236995.0#128_238997.0#238997.0#128
240000 244000 78.60210351561545 664.4107956543048 346.3794804916289 997.2740000000049 0.39306249999208376 392.71553574200016 386.17603805555416 5446.25705198752 5446.25705198752 496.39144834577183 6.539497686445985 1107121.0561998463 1095505.0561998463 1900.0 128.0 238999.0#238999.0#2300_240994.0#240994.0#2300_243459.0#243459.0#1500_243461.0#243461.0#1500 240993.0#240993.0#128_241479.0#241479.0#128
244000 248000 10.227595703065163 622.62216777344 305.41034797555164 999.8189999999886 67.85699999998906 458.4865006464895 447.51347135639924 9151.290662255964 9151.290662255964 637.1269681428869 10.973029290090217 1134182.8545257358 1134182.8545257358 1820.0 128.0 243461.0#243461.0#1500_244519.0#244519.0#1500_245688.0#245688.0#1500_247484.0#247484.0#2300_247486.0#247486.0#2300 244688.0#244688.0#128_244690.0#244690.0#128_245867.0#245867.0#128_247479.0#247479.0#128_247481.0#247481.0#128
248000 252000 20.06772070308216 635.0201996527871 443.9426219830922 999.4430000000284 60.806884765625 596.6017849350379 590.0449635779859 5471.326572263777 5471.326572263777 747.86546391634 6.556821357052144 1260373.5543501845 1260373.5543501845 2300.0 128.0 247486.0#247486.0#2300_249467.0#249467.0#2300_251245.0#251245.0#2300 249043.0#249043.0#128_251407.0#251407.0#128
252000 256000 979.94788476557 704.60320377605 408.8409452704189 999.9830000000075 87.49200000002747 350.2359036513055 346.30485866831134 3265.4568860552095 3265.4568860552095 522.6810168311144 3.931044982994158 970569.800311546 970569.800311546 2300.0 128.0 251245.0#251245.0#2300_253167.0#253167.0#2300 253059.0#253059.0#128
256000 260000 929.8196777343983 561.6791614583344 484.5133382308118 999.185999999987 4.54296875 297.4736381626235 291.4645297364192 5011.514451618546 5011.514451618546 481.75144516185463 6.009108426204298 856429.8582437538 856429.8582437538 2300.0 128.0 256993.0#256993.0#2300_258993.0#258993.0#2300 256990.0#256990.0#128_258993.0#258993.0#128
260000 264000 15.640994140587281 662.0858725586004 387.4853796074845 998.2910000000265 3.64794921875 381.69129771971313 373.693075662258 6661.577180302419 6661.577180302419 561.4648041060979 7.9982220574551075 1036758.7746779332 1036758.7746779332 1700.0 128.0 258993.0#258993.0#2300_260986.0#260986.0#1500_260989.0#260989.0#1500_262989.0#262989.0#1500 261475.0#261475.0#128_261477.0#261477.0#128_263475.0#263475.0#128
264000 268000 1003.2166484374902 654.6360572916843 378.66491068472175 997.118000000075 76.393310546875 282.31117779495423 276.3253140400031 4990.660956249227 4990.660956249227 406.70710229751205 5.909335141816283 762068.7410449216 762068.7410449216 1500.0 128.0 262989.0#262989.0#1500_264986.0#264986.0#1500_266994.0#266994.0#1500 265474.0#265474.0#128_267475.0#267475.0#128
268000 272000 0.0 799.6877361111304 332.426578158027 999.314000000013 99.8090175781399 468.2331628777678 460.22635711637844 6693.247411829808 6693.247411829808 702.1324400036408 8.083334374524311 1241726.1192719697 1228658.1192719697 1500.0 128.0 266994.0#266994.0#1500_268048.0#268048.0#1500_269161.0#269161.0#1500_270987.0#270987.0#1500 267475.0#267475.0#128_268324.0#268324.0#128_269445.0#269445.0#128_270987.0#270987.0#128
272000 276000 28.758017578104045 531.2833326822988 446.3690087048795 997.5690000000177 70.69599999999627 356.58601798939594 348.60323723642165 6648.501394004352 6648.501394004352 550.9824979424725 7.982780752974289 984510.1097924528 984510.1097924528 2100.0 128.0 270987.0#270987.0#1500_272995.0#272995.0#2300_272996.0#272996.0#2300_275018.0#275018.0#2300 272992.0#272992.0#128_272993.0#272993.0#128_275016.0#275016.0#128
276000 280000 9.461001953110099 640.3981554129526 455.9146415769049 999.2110000000102 17.18208789062919 408.70470545554537 402.68748620851966 5018.498605995648 5018.498605995648 624.9617104884222 6.017219247025711 1153662.396968969 1153662.396968969 2300.0 128.0 275018.0#275018.0#2300_276993.0#276993.0#2300_279145.0#279145.0#2300 276990.0#276990.0#128_279051.0#279051.0#128
280000 284000 36.592980468587484 759.9626865234653 363.115577393558 997.0040000000736 192.74400000000605 422.34486920264686 416.37039930646756 4982.503652582967 4982.503652582967 654.608822142839 5.974469896179297 1207206.6700894763 1207206.6700894763 2300.0 128.0 279145.0#279145.0#2300_280999.0#280999.0#2300_283027.0#283027.0#2300 280997.0#280997.0#128_283024.0#283024.0#128
284000 288000 15.702089843747672 625.8984115513407 459.1446745691281 999.1359999999986 25.43388085940387 403.65513079735314 397.62960069353244 5025.496347417033 5025.496347417033 610.391177857161 6.025530103820703 1150788.3299105237 1150788.3299105237 2300.0 128.0 283027.0#283027.0#2300_284995.0#284995.0#2300_286992.0#286992.0#2300 284993.0#284993.0#128_286990.0#286990.0#128
288000 292000 34.62575781252235 697.8574847005171 454.7856536304503 998.7949999999837 84.3310000000638 387.0906152219013 381.1014412311644 4994.884500200487 4994.884500200487 585.4843587031689 5.989173990736921 1106832.3714437562 1106832.3714437562 2300.0 128.0 286992.0#286992.0#2300_288994.0#288994.0#2300_291011.0#291011.0#2300 288992.0#288992.0#128_291009.0#291009.0#128
292000 296000 7.671003906230908 601.1835845424129 494.2844125583588 999.7239999999874 10.800091796903871 414.9093847780987 408.8985587688356 5013.115499799513 5013.115499799513 656.5156412968311 6.010826009263079 1187564.6285562438 1187564.6285562438 2300.0 128.0 291011.0#291011.0#2300_293001.0#293001.0#2300_294998.0#294998.0#2300 292999.0#292999.0#128_294995.0#294995.0#128
296000 300000 35.62489453126909 599.6548962053577 489.31346702449565 999.2860000000219 2.1552734375 404.22415100424877 398.2197558865184 5004.0 5004.0 583.3252387120472 6.0 1135556.9345163384 1135556.9345163384 2300.0 128.0 294998.0#294998.0#2300_297012.0#297012.0#2300_298993.0#298993.0#2300 297010.0#297010.0#128_298990.0#298990.0#128
