ts te idle avg_span std_span max_span min_span c_bytes_all s_bytes_all avg_video_rate avg_audio_rate video_requests_sequence audio_requests_sequence
0.0 1000.0 1000.0 0.0 0.0 0.0 0.0 0.0 0.0 0.0 0.0 - -
1000.0 2000.0 1000.0 0.0 0.0 0.0 0.0 0.0 0.0 0.0 0.0 - -
2000.0 3000.0 1000.0 0.0 0.0 0.0 0.0 0.0 0.0 0.0 0.0 - -
3000.0 4000.0 1000.0 0.0 0.0 0.0 0.0 0.0 0.0 0.0 0.0 - -
4000.0 5000.0 1000.0 0.0 0.0 0.0 0.0 0.0 0.0 0.0 0.0 - -
5000.0 6000.0 1000.0 0.0 0.0 0.0 0.0 0.0 0.0 0.0 0.0 - -
6000.0 7000.0 1000.0 0.0 0.0 0.0 0.0 0.0 0.0 0.0 0.0 - -
7000.0 8000.0 1000.0 0.0 0.0 0.0 0.0 0.0 0.0 0.0 0.0 - -
8000.0 9000.0 1000.0 0.0 0.0 0.0 0.0 0.0 0.0 0.0 0.0 - -
9000.0 10000.0 1000.0 0.0 0.0 0.0 0.0 0.0 0.0 0.0 0.0 - -
10000.0 11000.0 1000.0 0.0 0.0 0.0 0.0 0.0 0.0 0.0 0.0 - -
11000.0 12000.0 1000.0 0.0 0.0 0.0 0.0 0.0 0.0 0.0 0.0 - -
12000.0 13000.0 1000.0 0.0 0.0 0.0 0.0 0.0 0.0 0.0 0.0 - -
13000.0 14000.0 1000.0 0.0 0.0 0.0 0.0 0.0 0.0 0.0 0.0 - -
14000.0 15000.0 847.814000000013 152.18599999998696  152.18599999998696 152.18599999998696 3749.0 10940.0 0.0 0.0 - -
15000.0 16000.0 327.555908203125 672.444091796875  672.444091796875 672.444091796875 11664.133950567933 475176.2213134145 814.0 0.0 15332.0#15332.0#128_15346.0#15346.0#1500 -
16000.0 17000.0 852.9410917968489 147.05890820315108  147.05890820315108 147.05890820315108 2550.866049432065 103917.77868658547 1500.0 0.0 15346.0#15346.0#1500 -
17000.0 18000.0 61.946044921875 938.053955078125  938.053955078125 938.053955078125 12321.530371852537 535795.0447967483 814.0 0.0 17060.0#17060.0#1500_17406.0#17406.0#128_17864.0#17864.0#1500_17985.0#17985.0#128 -
18000.0 19000.0 2.444064453127794 498.7779677734361 618.9799539429034 936.462890625 61.093044921872206 11262.195760053257 591216.4230459984 951.2 0.0 17060.0#17060.0#1500_17864.0#17864.0#1500_17985.0#17985.0#128_18623.000244140625#18623.000244140625#1500_18645.0#18645.0#128 -
19000.0 20000.0 3.3129257812397555 498.3435371093801 616.7320683908418 934.43896484375 62.248109375010245 9929.429147629244 526828.4124670096 1042.6666666666667 0.0 18623.000244140625#18623.000244140625#1500_19471.000244140625#19471.000244140625#1500_19580.0#19580.0#128 -
20000.0 21000.0 6.1898789062397555 496.9050605468801 614.3103657720711 931.2880859375 62.522035156260245 9408.959810833172 531403.7767439429 1042.6666666666667 0.0 19471.000244140625#19471.000244140625#1500_20224.0#20224.0#1500_20340.0#20340.0#128 -
21000.0 22000.0 2.7340917968540452 498.632954101573 608.410287505862 928.843994140625 68.42191406252095 10349.193159353756 499551.103506212 1042.6666666666667 0.0 20224.0#20224.0#1500_21304.0#21304.0#1500_21322.999755859375#21322.999755859375#128 -
22000.0 23000.0 5.397113281243946 497.301443359378 605.3207929667357 925.327880859375 69.27500585938105 9758.871085961753 501035.2171753511 951.2 0.0 21304.0#21304.0#1500_22082.999755859375#22082.999755859375#1500_22286.0#22286.0#128_22761.0#22761.0#1500_22857.0#22857.0#128 -
23000.0 24000.0 1.2579218749888241 499.3710390625056 601.0929766627949 924.407958984375 74.33411914063618 9883.729995957143 503719.4645499623 1042.6666666666667 0.0 22761.0#22761.0#1500_23541.0#23541.0#1500_23812.0#23812.0#128 -
24000.0 25000.0 515.1059589843499 242.44702050782507 241.07671433467786 412.91400000004796 71.98004101560218 4283.090668359138 208946.55771477544 814.0 0.0 23541.0#23541.0#1500_23812.0#23812.0#128 -
25000.0 26000.0 286.64306640625 713.35693359375  713.35693359375 713.35693359375 7017.6546971697835 333095.1430544963 1564.0 0.0 25485.0#25485.0#128_25496.0#25496.0#3000 -
26000.0 27000.0 2.3856562500004657 498.80717187499977 303.28107603337196 713.25927734375 284.35506640624953 10534.411595309391 397254.06944919005 3000.0 0.0 25496.0#25496.0#3000 -
27000.0 28000.0 20.78322851564735 489.6083857421763 292.306153165599 696.300048828125 282.91672265622765 9971.7750818834 561875.0029920759 2042.6666666666667 0.0 25496.0#25496.0#3000_27079.000244140625#27079.000244140625#3000_27138.999755859375#27138.999755859375#128 -
28000.0 29000.0 2.4651328125037253 498.76743359374814 278.9486505714045 696.013916015625 301.5209511718713 7940.683202386544 418703.63912646205 2042.6666666666667 0.0 27079.000244140625#27079.000244140625#3000_28964.0#28964.0#128_28970.999755859375#28970.999755859375#3000 -
29000.0 30000.0 1.4849941406282596 499.25750292968587 277.76910669096947 695.669921875 302.84508398437174 8611.189274177945 484138.11424432223 1564.0 0.0 28964.0#28964.0#128_28970.999755859375#28970.999755859375#3000 -
30000.0 31000.0 6.180812500009779 496.9095937499951 276.65908577023646 692.537109375 301.2820781249902 7878.406687700632 367000.4257986004 2042.6666666666667 0.0 28970.999755859375#28970.999755859375#3000_30970.999755859375#30970.999755859375#128_30981.0#30981.0#3000 -
31000.0 32000.0 3.723005859355908 498.13849707032205 269.9275576526378 689.006103515625 307.2708906250191 7537.22351803915 440541.50626630546 1564.0 0.0 30970.999755859375#30970.999755859375#128_30981.0#30981.0#3000 -
32000.0 33000.0 6.1740078124566935 496.91299609377165 263.41155899651113 683.173095703125 310.6528964844183 6845.408997062288 373126.49739622016 2042.6666666666667 0.0 30981.0#30981.0#3000_32962.999755859375#32962.999755859375#128_32967.000244140625#32967.000244140625#3000 -
33000.0 34000.0 3.758152343740221 498.1209238281299 258.0883459001921 680.616943359375 315.6249042968848 9428.925091478492 506185.94388231414 1564.0 0.0 32962.999755859375#32962.999755859375#128_32967.000244140625#32967.000244140625#3000 -
34000.0 35000.0 2.6410410156240687 498.67947949218797 253.63272934621662 678.02490234375 319.33405664062593 7807.553945437712 382766.4814053672 2042.6666666666667 0.0 32967.000244140625#32967.000244140625#3000_34969.0#34969.0#128_34974.0#34974.0#3000 -
35000.0 36000.0 5.478656249993946 497.260671875003 253.73335257467096 676.67724609375 317.84409765625605 8922.234366171559 486884.10213915235 1564.0 0.0 34969.0#34969.0#128_34974.0#34974.0#3000 -
36000.0 37000.0 6.10999999998603 496.945000000007 252.76556645917702 675.67724609375 318.21275390626397 5871.560089343276 234509.63625698327 2042.6666666666667 0.0 34974.0#34974.0#3000_36969.0#36969.0#128_36977.0#36977.0#3000 -
37000.0 38000.0 42.60315820312826 478.69842089843587 278.09331238800763 675.340087890625 282.05675390624674 5726.155244157377 353679.14846932987 1564.0 0.0 36969.0#36969.0#128_36977.0#36977.0#3000 -
38000.0 39000.0 3.8049785156035796 498.0975107421982 246.34129281083423 672.287109375 323.9079121093964 9176.890612062423 514361.74895312084 2042.6666666666667 0.0 36977.0#36977.0#3000_38849.0#38849.0#3000_38938.0#38938.0#128 -
39000.0 40000.0 4.6262128906091675 497.6868935546954 243.50212373971686 669.868896484375 325.50489062501583 12205.462040510129 506623.5915246606 1564.0 0.0 38849.0#38849.0#3000_38938.0#38938.0#128 -
40000.0 41000.0 4.832591796875931 497.58370410156203 239.219316072875 666.7373046875 328.43010351562407 10776.54545271091 494337.96269212716 2042.6666666666667 0.0 38849.0#38849.0#3000_40543.000244140625#40543.000244140625#3000_40562.0#40562.0#128 -
41000.0 42000.0 3.7144042968866415 498.1427978515567 236.99405379462436 665.722900390625 330.56269531248836 9025.596770000848 506876.507209926 3000.0 0.0 40543.000244140625#40543.000244140625#3000 -
42000.0 43000.0 208.47879296872998 395.760603515635 196.00929816238735 534.360107421875 257.161099609395 8037.31551486714 430395.9777705895 2042.6666666666667 0.0 40543.000244140625#40543.000244140625#3000_42464.0#42464.0#128_42471.000244140625#42471.000244140625#3000 -
43000.0 44000.0 69.02710742183262 465.4864462890837 0.9610340744586696 466.16600000008475 464.8068925780826 8685.007819531002 459857.50136875646 3000.0 0.0 42471.000244140625#42471.000244140625#3000 -
44000.0 45000.0 969.064697265625 30.935302734375  30.935302734375 30.935302734375 332.5494915521061 16425.723141398015 1564.0 0.0 44967.000244140625#44967.000244140625#128_44970.999755859375#44970.999755859375#3000 -
45000.0 46000.0 1.44441992189968 499.27779003905016 664.0056632446317 968.8006972656003 29.7548828125 10668.724764811948 530669.3713262426 1564.0 0.0 44967.000244140625#44967.000244140625#128_44970.999755859375#44970.999755859375#3000 -
46000.0 47000.0 5.567804687481839 497.2160976562591 667.7011621059551 969.3521171875182 25.080078125 8562.032593839842 543943.0458737582 2042.6666666666667 0.0 44970.999755859375#44970.999755859375#3000_46461.0#46461.0#128_46538.999755859375#46538.999755859375#3000 -
47000.0 48000.0 3.688138671859633 498.1559306640702 673.898205885302 974.6739218750154 21.637939453125 11016.791416899736 557902.46465168 3000.0 0.0 46538.999755859375#46538.999755859375#3000 -
48000.0 49000.0 5.875001953099854 497.0624990234501 678.2590328417774 976.6640605469001 17.4609375 9250.956857904073 527432.1004369927 2042.6666666666667 0.0 46538.999755859375#46538.999755859375#3000_48312.0#48312.0#3000_48381.0#48381.0#128 -
49000.0 50000.0 238.6889375000028 761.3110624999972  761.3110624999972 761.3110624999972 7588.944874992295 383020.2945699286 3000.0 0.0 48312.0#48312.0#3000 -
50000.0 51000.0 465.1440429688082 534.8559570311918  534.8559570311918 534.8559570311918 5642.79726515401 302986.9237957885 1564.0 0.0 50462.0#50462.0#128_50465.0#50465.0#3000 -
51000.0 52000.0 2.192853515560273 498.90357324221986 50.172804472151604 534.381103515625 463.4260429688147 8783.421598299396 518187.3829133453 1564.0 0.0 50465.0#50465.0#3000_51967.000244140625#51967.000244140625#128 -
52000.0 53000.0 4.335810546879657 497.8320947265602 48.922170119883646 532.4252929686918 463.23889648442855 8435.17294884085 481233.2810257611 1564.0 0.0 51967.000244140625#51967.000244140625#128_52032.0#52032.0#3000 -
53000.0 54000.0 17.246019531274214 491.3769902343629 42.81995875124998 521.6552734375 461.0987070312258 5141.120314488891 224849.9668379309 3000.0 0.0 52032.0#52032.0#3000 -
54000.0 55000.0 14.475394531269558 492.7623027343652 28.126694158569826 512.65087890625 472.87372656248044 5308.047040517646 287662.7362866499 1564.0 0.0 54466.0#54466.0#128_54471.000244140625#54471.000244140625#3000 -
55000.0 56000.0 4.218847656273283 497.89057617186336 17.594874507156455 510.33203125 485.4491210937267 6595.773003014782 349385.8910447976 3000.0 0.0 54471.000244140625#54471.000244140625#3000 -
56000.0 57000.0 2.3181503906380385 498.840924804681 14.830795480558926 509.327880859375 488.35396874998696 6416.788175689456 322851.75981240557 1564.0 0.0 56461.0#56461.0#128_56465.0#56465.0#3000 -
57000.0 58000.0 3.053826171788387 498.4730869141058 13.057388246087786 507.7060546875 489.2401191407116 9412.776815946487 510361.6465928439 1564.0 0.0 56465.0#56465.0#3000_57973.0#57973.0#128 -
58000.0 59000.0 4.155031249974854 497.9224843750126 9.477407430942796 504.6240234375 491.22094531252515 10315.508636344606 549179.6124178631 2042.6666666666667 0.0 56465.0#56465.0#3000_57973.0#57973.0#128_58094.0#58094.0#3000 -
59000.0 60000.0 3.11903320311103 498.4404833984445 6.610750964778679 503.114990234375 493.76597656251397 9700.429875268268 513359.40844793303 2042.6666666666667 0.0 58094.0#58094.0#3000_59761.0#59761.0#3000_59797.0#59797.0#128 -
60000.0 61000.0 2.715701171895489 498.64214941405226 6.263749360479203 503.0712890625 494.2130097656045 8318.570588984003 434271.74417022726 3000.0 0.0 59761.0#59761.0#3000 -
61000.0 62000.0 472.27429687499534 263.8628515625023 328.5513101503009 496.18371093750466 31.5419921875 3898.5895895524022 212557.41973144424 2042.6666666666667 0.0 59761.0#59761.0#3000_61967.000244140625#61967.000244140625#128_61972.0#61972.0#3000 -
62000.0 63000.0 1.7486796875018626 499.12566015624907 661.3998905108316 966.8060078124981 31.4453125 5423.834624124373 309981.4328609364 1564.0 0.0 61967.000244140625#61967.000244140625#128_61972.0#61972.0#3000 -
63000.0 64000.0 6.063193359354045 496.968403320323 659.796082561701 963.514687500021 30.422119140625 10554.2270140124 528352.5107402265 2042.6666666666667 0.0 61972.0#61972.0#3000_63588.0#63588.0#128_63901.0#63901.0#3000 -
64000.0 65000.0 4.218216796871275 497.89089160156436 666.6121748498117 969.2568808593787 26.52490234375 8660.545627666806 557702.5567518363 3000.0 0.0 63901.0#63901.0#3000 -
65000.0 66000.0 1.4445898437406868 499.27770507812966 668.6859823133105 972.1100976562593 26.4453125 9309.276524808578 485031.5555134108 2042.6666666666667 0.0 63901.0#63901.0#3000_65397.0#65397.0#3000_65418.0#65418.0#128 -
66000.0 67000.0 7.340289062471129 496.32985546876444 672.3960859679984 971.7856875000289 20.8740234375 8684.977258876008 535069.9654529371 3000.0 0.0 65397.0#65397.0#3000 -
67000.0 68000.0 14.487000000022817 492.7564999999886 679.0098600904536 972.8889765624772 12.6240234375 2616.085081592404 10751.847282990484 2042.6666666666667 0.0 65397.0#65397.0#3000_67966.0#67966.0#128_67970.99975585938#67970.99975585938#3000 -
68000.0 69000.0 3.3591250000172295 498.3204374999914 688.5799316553839 985.2199765624828 11.4208984375 8378.812269822667 566109.2349938367 1564.0 0.0 67966.0#67966.0#128_67970.99975585938#67970.99975585938#3000 -
69000.0 70000.0 2.5268105468712747 498.73659472656436 689.459526915953 986.2581015625037 11.215087890625 9649.83041963198 552314.5368696772 2042.6666666666667 0.0 67970.99975585938#67970.99975585938#3000_69471.00024414062#69471.00024414062#128_69542.0#69542.0#3000 -
70000.0 71000.0 4.186152343754657 497.9069238281227 691.0172569146104 986.5299121093703 9.283935546875 7592.5354371828835 481289.280972871 3000.0 0.0 69542.0#69542.0#3000 -
71000.0 72000.0 4.449941406259313 497.77502929687034 695.165211584308 989.3310644531157 6.218994140625 6894.213920980823 340839.67323874385 2042.6666666666667 0.0 69542.0#69542.0#3000_71458.0#71458.0#128_71463.00024414062#71463.00024414062#3000 -
72000.0 73000.0 4.685878906224389 497.6570605468878 699.277617565464 992.1210058594006 3.193115234375 9817.988226578069 558577.4474925541 3000.0 0.0 71463.00024414062#71463.00024414062#3000 -
73000.0 74000.0 3.862214843800757 498.0688925780996 702.1160104763535 994.5398847655742 1.597900390625 10393.126747372738 498123.9930742075 2042.6666666666667 0.0 71463.00024414062#71463.00024414062#3000_73124.0#73124.0#3000_73141.0#73141.0#128 -
74000.0 75000.0 210.33390039060032 789.6660996093997  789.6660996093997 789.6660996093997 7140.550995249472 382408.1916787817 3000.0 0.0 73124.0#73124.0#3000 -
75000.0 76000.0 284.314697265625 715.685302734375  715.685302734375 715.685302734375 6059.473861309876 268056.17186185496 1564.0 0.0 75471.00024414062#75471.00024414062#128_75476.0#75476.0#3000 -
76000.0 77000.0 1.2080058594001457 499.3959970702999 304.9515370830705 715.029296875 283.76269726559985 10429.71927698568 469212.5952094018 3000.0 0.0 75476.0#75476.0#3000 -
77000.0 78000.0 1.9373398438328877 499.03133007808356 304.1614543594197 714.1059570311918 283.9567031249753 10197.05845026633 564813.0958772738 2042.6666666666667 0.0 75476.0#75476.0#3000_77082.0#77082.0#3000_77230.0#77230.0#128 -
78000.0 79000.0 2.999853515648283 498.50007324217586 303.18056052822885 712.881103515625 284.1190429687267 5404.097172409916 270761.48179332685 3000.0 0.0 77082.0#77082.0#3000 -
79000.0 80000.0 41.09803710936103 479.4509814453195 277.28073068670585 675.51806640625 283.38389648438897 6476.7460544747355 365567.6297569831 1564.0 0.0 79466.99975585938#79466.99975585938#128_79471.00024414062#79471.00024414062#3000 -
80000.0 81000.0 3.9357832031091675 498.0321083984454 248.7363712020157 673.915283203125 322.14893359376583 7307.348282745566 301199.55206940067 2042.6666666666667 0.0 79471.00024414062#79471.00024414062#3000_80966.0#80966.0#128_80972.0#80972.0#3000 -
81000.0 82000.0 3.8583945312420838 498.07080273437896 243.548910178055 670.285888671875 325.8557167968829 8572.857041233337 465273.0314174496 1564.0 0.0 80966.0#80966.0#128_80972.0#80972.0#3000 -
82000.0 83000.0 3.707892578211613 498.1460537108942 242.7143211592534 669.7709960936918 326.5211113280966 7822.979395114232 377026.23771836533 2042.6666666666667 0.0 80972.0#80972.0#3000_82975.00024414062#82975.00024414062#128_82980.0#82980.0#3000 -
83000.0 84000.0 3.048007812583819 498.4759960937081 240.8928845253794 668.8129882811918 328.1390039062244 8302.259022385177 466037.53816141235 1564.0 0.0 82975.00024414062#82975.00024414062#128_82980.0#82980.0#3000 -
84000.0 85000.0 3.9410585936857387 498.02947070315713 238.25745059556505 666.5029296875 329.55601171881426 6306.560764855705 312235.8763279574 2042.6666666666667 0.0 82980.0#82980.0#3000_84968.0#84968.0#128_84972.0#84972.0#3000 -
85000.0 86000.0 2.792820312490221 498.6035898437549 233.6047736016079 663.787109375 333.4200703125098 8284.26307855338 438361.0687638066 1564.0 0.0 84968.0#84968.0#128_84972.0#84972.0#3000 -
86000.0 87000.0 2.813001953123603 498.5934990234382 232.48484213739613 662.985107421875 334.2018906250014 9421.790342545733 489797.6325986109 2042.6666666666667 0.0 84972.0#84972.0#3000_86582.0#86582.0#3000_86650.99975585938#86650.99975585938#128 -
87000.0 88000.0 7.8881914062658325 496.0559042968671 233.99296417595394 661.513916015625 330.59789257810917 9233.08541084564 487030.5094626001 3000.0 0.0 86582.0#86582.0#3000 -
88000.0 89000.0 790.6788339844206 104.66058300778968 109.39154175102044 182.01208398438757 27.309082031191792 1975.9491165271697 107256.6872907275 2042.6666666666667 0.0 86582.0#86582.0#3000_88970.99975585938#88970.99975585938#128_88978.0#88978.0#3000 -
89000.0 90000.0 3.586109374940861 498.20694531252957 667.7703922792796 970.3919179688091 26.02197265625 9932.87507980432 530292.8564690687 1564.0 0.0 88970.99975585938#88970.99975585938#128_88978.0#88978.0#3000 -
90000.0 91000.0 1.9459589843754657 499.02702050781227 671.6284152147689 973.9400273437495 24.114013671875 10010.180683022278 483461.075159326 2042.6666666666667 0.0 88978.0#88978.0#3000_90544.0#90544.0#3000_90562.0#90562.0#128 -
91000.0 92000.0 0.7789433593861759 499.6105283203069 672.7957794571037 975.3489863281138 23.8720703125 9901.899466180821 495217.30307864485 3000.0 0.0 90544.0#90544.0#3000 -
92000.0 93000.0 2.767970703134779 498.6160146484326 671.523633590761 973.4549296874902 23.777099609375 9397.146634230034 558471.7141294003 2042.6666666666667 0.0 90544.0#90544.0#3000_92341.0#92341.0#3000_92468.0#92468.0#128 -
93000.0 94000.0 30.98109960940201 969.018900390598  969.018900390598 969.018900390598 8814.710866510068 480413.9428543891 3000.0 0.0 92341.0#92341.0#3000 -
94000.0 95000.0 473.24609375 526.75390625  526.75390625 526.75390625 5050.949981483457 259844.13612061992 1564.0 0.0 94472.0#94472.0#128_94477.0#94477.0#3000 -
95000.0 96000.0 1.7718183593824506 499.1140908203088 38.32659761067472 526.215087890625 472.01309374999255 7717.942510849706 330762.78711327317 3000.0 0.0 94477.0#94477.0#3000 -
96000.0 97000.0 16.704154296952765 491.6479228515236 39.89356557270256 519.8569335936918 463.43891210935544 7795.940660398413 349194.71448348084 1564.0 0.0 96460.0#96460.0#128_96463.00024414062#96463.00024414062#3000 -
97000.0 98000.0 5.043896484305151 497.4780517578474 27.591285885830715 516.988037109375 477.96806640631985 9776.826917187846 506021.62858372554 3000.0 0.0 96463.00024414062#96463.00024414062#3000 -
98000.0 99000.0 2.3250527343479916 498.837473632826 23.506365918712554 515.458984375 482.215962890652 9527.847957280661 535081.2329675724 2042.6666666666667 0.0 96463.00024414062#96463.00024414062#3000_98232.0#98232.0#3000_98429.0#98429.0#128 -
99000.0 100000.0 2.5639394531026483 498.7180302734487 22.242771625007215 514.446044921875 482.99001562502235 6513.677252891044 345039.15289764677 3000.0 0.0 98232.0#98232.0#3000 -
100000.0 101000.0 14.581992187479045 492.7090039062605 19.367723790081318 506.404052734375 479.01395507814595 6879.817844908874 350093.70014738344 1564.0 0.0 100473.0#100473.0#128_100477.0#100477.0#3000 -
101000.0 102000.0 5.527099609375 497.2364501953125 6.032332093506233 501.501953125 492.970947265625 7870.525068353792 397608.06134774635 2042.6666666666667 0.0 100477.0#100477.0#3000_101982.0#101982.0#128_101990.0#101990.0#3000 -
102000.0 103000.0 5.131839843816124 497.43408007809194 1.3534493354651786 498.3911132811918 496.4770468749921 8375.625029012836 415968.28973291663 1564.0 0.0 101982.0#101982.0#128_101990.0#101990.0#3000 -
103000.0 104000.0 2.0672011718852445 498.9663994140574 2.731535541833273 500.89788671873976 497.034912109375 8807.500385812582 439223.47617792734 2042.6666666666667 0.0 101990.0#101990.0#3000_103967.00024414062#103967.00024414062#128_103973.0#103973.0#3000 -
104000.0 105000.0 2.0000019530998543 498.9999990234501 4.443584690175858 502.14208789065015 495.85791015625 9244.753278799946 439807.92372798454 1564.0 0.0 103967.00024414062#103967.00024414062#128_103973.0#103973.0#3000 -
105000.0 106000.0 6.95792382810032 496.52103808594984 8.49949670648015 502.5310898437747 490.510986328125 9870.415357271078 516834.53091568046 2042.6666666666667 0.0 103973.0#103973.0#3000_105704.0#105704.0#3000_105721.0#105721.0#128 -
106000.0 107000.0 4.613058593706228 497.6934707031469 15.545803351406207 508.6860136719188 486.700927734375 9104.204687795736 458238.567830202 3000.0 0.0 105704.0#105704.0#3000 -
107000.0 108000.0 536.5006367187598 231.7496816406201 270.29353374928604 422.8760722656152 40.623291015625 4663.093237222678 223642.48622827418 2042.6666666666667 0.0 105704.0#105704.0#3000_107958.0#107958.0#128_107965.0#107965.0#3000 -
108000.0 109000.0 5.149314453126863 497.42534277343657 647.249295846017 955.0997089843731 39.7509765625 10116.11925749004 568678.8545538986 1564.0 0.0 107958.0#107958.0#128_107965.0#107965.0#3000 -
109000.0 110000.0 416.1797011718736 291.9101494140632 360.9113656005387 547.1130234375014 36.707275390625 7246.129222779746 302367.1536990861 2042.6666666666667 0.0 107965.0#107965.0#3000_109961.0#109961.0#128_109968.0#109968.0#3000 -
110000.0 111000.0 2.951351562514901 498.52432421874255 654.5014313312347 961.3267246093601 35.721923828125 10883.339436849921 545855.53910519 1564.0 0.0 109961.0#109961.0#128_109968.0#109968.0#3000 -
111000.0 112000.0 446.72883203125093 276.63558398437453 342.687269638236 518.9520761718741 34.319091796875 5401.973811240101 260757.43512129906 2042.6666666666667 0.0 109968.0#109968.0#3000_111964.0#111964.0#128_111973.0#111973.0#3000 -
112000.0 113000.0 6.0120859374292195 496.9939570312854 658.440795024818 962.5819082031958 31.406005859375 10911.917588863744 548588.740553172 1564.0 0.0 111964.0#111964.0#128_111973.0#111973.0#3000 -
113000.0 114000.0 2.65074218751397 498.674628906243 663.3076894656871 967.703994140611 29.645263671875 8394.571915468627 436269.767419752 2042.6666666666667 0.0 111973.0#111973.0#3000_113470.0#113470.0#128_113554.99975585938#113554.99975585938#3000 -
114000.0 115000.0 5.40898242185358 497.2955087890732 666.7058499255162 968.7277363281464 25.86328125 10198.69292094569 561119.1261696309 3000.0 0.0 113554.99975585938#113554.99975585938#3000 -
115000.0 116000.0 5.578267578152008 497.210866210924 674.3632860356464 974.057718749973 20.364013671875 11226.832129827917 349909.5874085254 2042.6666666666667 0.0 113554.99975585938#113554.99975585938#3000_115474.99975585938#115474.99975585938#128_115481.0#115481.0#3000 -
116000.0 117000.0 24.881013671925757 975.1189863280742  975.1189863280742 975.1189863280742 11238.303547265565 529357.1076950125 3000.0 0.0 115481.0#115481.0#3000 -
117000.0 118000.0 283.62890625 716.37109375  716.37109375 716.37109375 6114.351718771738 323852.7918394287 1564.0 0.0 117473.0#117473.0#128_117477.0#117477.0#3000 -
118000.0 119000.0 1.9191757813096046 499.0404121093452 305.32942350949986 714.9409179686918 283.1399062499986 8565.746772141963 398339.80489186966 3000.0 0.0 117477.0#117477.0#3000 -
119000.0 120000.0 41.521656250057276 479.23917187497136 278.04017027500794 675.8432617186918 282.63508203125093 8968.373661489362 431219.0459926594 2042.6666666666667 0.0 117477.0#117477.0#3000_119473.0#119473.0#128_119476.0#119476.0#3000 -
120000.0 121000.0 5.385310546902474 497.30734472654876 247.51227268905717 672.324951171875 322.2897382812225 8435.6426292753 389833.7154212869 3000.0 0.0 119476.0#119476.0#3000 -
121000.0 122000.0 149.49104296875885 425.2544785156206 149.62581678253218 531.055908203125 319.45304882811615 8143.18937620351 404295.5658013988 1564.0 0.0 121471.00024414062#121471.00024414062#128_121473.0#121473.0#3000 -
122000.0 123000.0 7.313000000023749 496.3434999999881 48.206874987024065 530.430908203125 462.25609179685125 10109.33509541428 511316.12727176707 3000.0 0.0 121473.0#121473.0#3000 -
123000.0 124000.0 5.503835937473923 497.24808203126304 45.503721772218945 529.424072265625 465.0720917969011 9097.765819217824 478415.27459303313 2042.6666666666667 0.0 121473.0#121473.0#3000_123063.00024414062#123063.00024414062#3000_123082.0#123082.0#128 -
124000.0 125000.0 102.60907226562267 448.69546386718866 28.567769967212453 468.895927734382 428.49499999999534 7226.59492748602 418168.6741885565 3000.0 0.0 123063.00024414062#123063.00024414062#3000 -
125000.0 126000.0 1000.0 0.0 0.0 0.0 0.0 0.0 0.0 0.0 0.0 - -
126000.0 127000.0 1000.0 0.0 0.0 0.0 0.0 0.0 0.0 0.0 0.0 - -
127000.0 128000.0 312.750732421875 687.249267578125  687.249267578125 687.249267578125 7329.963840551817 334801.03250957275 814.0 0.0 127378.99975585938#127378.99975585938#128_127397.0#127397.0#1500 -
128000.0 129000.0 4.13230078126071 497.93384960936964 262.7709451120171 683.740966796875 312.1267324218643 7345.209372149017 332111.3120793154 1042.6666666666667 0.0 127397.0#127397.0#1500_128711.00024414062#128711.00024414062#128_128714.99975585938#128714.99975585938#1500 -
129000.0 130000.0 5.084062499925494 497.45796875003725 261.26737921651886 682.201904296875 312.7140332031995 9176.813999142953 365211.52163072117 822.6666666666666 0.0 128714.99975585938#128714.99975585938#1500_129599.00024414062#129599.00024414062#840_129679.00024414062#129679.00024414062#128 -
130000.0 131000.0 752.5679355468019 123.71603222659905 128.40785280581957 214.5140957031981 32.91796875 2720.3671406587455 106920.49580531177 1322.6666666666667 0.0 129599.00024414062#129599.00024414062#840_130969.0#130969.0#128_130983.00024414062#130983.00024414062#3000 -
131000.0 132000.0 2.6896582031040452 498.655170898448 660.4545066982844 965.667031250021 31.643310546875 12291.849938318972 535316.4061367739 1564.0 0.0 130969.0#130969.0#128_130983.00024414062#130983.00024414062#3000 -
132000.0 133000.0 4.414427734387573 497.7927861328062 661.3752204943546 965.4556894531124 30.1298828125 6254.584901324193 259313.30335864713 2042.6666666666667 0.0 130983.00024414062#130983.00024414062#3000_132964.0#132964.0#128_132968.0#132968.0#3000 -
133000.0 134000.0 4.072619140613824 497.9636904296931 664.423590973697 967.7821171875112 28.145263671875 9907.794564842492 533694.1294953385 1564.0 0.0 132964.0#132964.0#128_132968.0#132968.0#3000 -
134000.0 135000.0 3.255304687481839 498.3723476562591 666.3977792451254 969.5867363281432 27.157958984375 10991.694893202672 529133.2099276489 2042.6666666666667 0.0 132968.0#132968.0#3000_134700.0#134700.0#3000_134745.0#134745.0#128 -
135000.0 136000.0 4.611939453112427 497.6940302734438 670.2297635259451 971.6180410156958 23.770019531191792 10537.194980371312 548783.0645572796 3000.0 0.0 134700.0#134700.0#3000 -
136000.0 137000.0 39.696960937581025 480.1515195312095 677.5376416749774 959.2429804687272 1.0600585936917923 3257.321147045309 86884.78248541726 2042.6666666666667 0.0 134700.0#134700.0#3000_136954.99975585938#136954.99975585938#128_136958.0#136958.0#3000 -
137000.0 138000.0 2.3420585937565193 997.6579414062435  997.6579414062435 997.6579414062435 9218.205222392518 551747.7420139738 1564.0 0.0 136954.99975585938#136954.99975585938#128_136958.0#136958.0#3000 -
138000.0 139000.0 1.882080078125 998.117919921875  998.117919921875 998.117919921875 9966.946415729455 485026.0751157104 2042.6666666666667 0.0 136958.0#136958.0#3000_138405.0#138405.0#3000_138429.0#138429.0#128 -
139000.0 140000.0 37.13191992189968 481.43404003905016 680.1348435012324 962.3620000000228 0.5060800780775025 10286.053584270545 491247.9248842896 3000.0 0.0 138405.0#138405.0#3000 -
140000.0 141000.0 462.551025390625 537.448974609375  537.448974609375 537.448974609375 5701.359442550618 268127.8959341786 1564.0 0.0 140461.0#140461.0#128_140464.0#140464.0#3000 -
141000.0 142000.0 4.071031250001397 497.9644843749993 50.77374441824789 533.866943359375 462.0620253906236 9309.855455414847 392695.4775817875 3000.0 0.0 140464.0#140464.0#3000 -
142000.0 143000.0 37.18193164060358 481.4090341796982 27.793507376658535 501.0620117186918 461.7560566407046 8622.108142232632 416471.4796075757 2042.6666666666667 0.0 140464.0#140464.0#3000_142457.0#142457.0#128_142461.0#142461.0#3000 -
143000.0 144000.0 0.513083984318655 499.7434580078407 1.1772899775298675 500.575927734375 498.91098828130635 8642.40205661389 411626.5715674892 3000.0 0.0 142461.0#142461.0#3000 -
144000.0 145000.0 40.492630859371275 479.75368457031436 23.7242984383994 496.529296875 462.9780722656287 8369.43080683928 410386.2000002677 2042.6666666666667 0.0 142461.0#142461.0#3000_144461.0#144461.0#128_144462.0#144462.0#3000 -
145000.0 146000.0 1.6052128906012513 499.1973935546994 4.36470085203461 502.28370312502375 496.111083984375 7889.070930975658 393656.57965992496 3000.0 0.0 144462.0#144462.0#3000 -
146000.0 147000.0 1.6451914062490687 499.17740429687547 4.826020354414029 502.58991601562593 495.764892578125 7536.375476812557 377555.91657939577 1564.0 0.0 146461.0#146461.0#128_146464.0#146464.0#3000 -
147000.0 148000.0 1.079791015596129 499.46010449220194 6.195673759980741 503.84110742190387 495.0791015625 7594.638472363278 375381.45672886504 3000.0 0.0 146464.0#146464.0#3000 -
148000.0 149000.0 2.1380117187509313 498.93099414062453 6.59575671025012 503.59489843749907 494.26708984375 7755.036973886883 373418.8597712397 1564.0 0.0 148458.0#148458.0#128_148461.0#148461.0#3000 -
149000.0 150000.0 6.394103515602183 496.8029482421989 10.312391435191396 504.0949101562728 489.510986328125 9012.234215404249 495716.9971430984 3000.0 0.0 148461.0#148461.0#3000 -
150000.0 151000.0 1.8379960937309079 499.08100195313455 15.15472910721877 509.7970136718941 488.364990234375 10112.7745508201 499853.837757634 2042.6666666666667 0.0 148461.0#148461.0#3000_150199.00024414062#150199.00024414062#3000_150215.00024414062#150215.00024414062#128 -
151000.0 152000.0 1.4359941406873986 499.2820029296563 17.162905460473603 511.4180097656208 487.1459960936918 11027.97667724697 521093.59366042964 2042.6666666666667 0.0 150199.00024414062#150199.00024414062#3000_151962.99975585938#151962.99975585938#128_151968.0#151968.0#3000 -
152000.0 153000.0 3.0386972655542195 498.4806513672229 18.242439306624057 511.3800039063208 485.581298828125 10650.768503375215 487422.19093590305 1564.0 0.0 151962.99975585938#151962.99975585938#128_151968.0#151968.0#3000 -
153000.0 154000.0 0.852984374971129 499.57350781251444 20.613850336621184 514.1497011719039 484.997314453125 8824.114449940365 412765.9070297398 2042.6666666666667 0.0 151968.0#151968.0#3000_153958.0#153958.0#128_153962.99975585938#153962.99975585938#3000 -
154000.0 155000.0 3.4501992187579162 498.27490039062104 21.328865112760383 513.3566855468671 483.193115234375 8954.289712626647 393849.77452618163 1564.0 0.0 153958.0#153958.0#128_153962.99975585938#153962.99975585938#3000 -
155000.0 156000.0 465.1261699218885 267.43691503905575 322.1125518614797 495.2048847656115 39.6689453125 6094.260747748821 250692.7250826667 2042.6666666666667 0.0 153962.99975585938#153962.99975585938#3000_155959.00024414062#155959.00024414062#128_155962.99975585938#155962.99975585938#3000 -
156000.0 157000.0 1.8320625000051223 499.08396874999744 649.942976315839 958.6630546874949 39.5048828125 9994.111353488188 524510.5853470148 1564.0 0.0 155959.00024414062#155959.00024414062#128_155962.99975585938#155962.99975585938#3000 -
157000.0 158000.0 15.770833984366618 492.1145830078167 657.7005716156458 957.1791171875084 27.050048828125 8391.773993862884 332374.7199082215 2042.6666666666667 0.0 155962.99975585938#155962.99975585938#3000_157953.0#157953.0#128_157956.0#157956.0#3000 -
158000.0 159000.0 3.653929687454365 498.1730351562728 670.5153007018962 972.2989511719206 24.047119140625 10195.273416385608 555084.6894804875 1564.0 0.0 157953.0#157953.0#128_157956.0#157956.0#3000 -
159000.0 160000.0 5.99704687501071 497.00147656249464 673.9822286771988 973.5788808593643 20.424072265625 6116.1583831125145 208046.80931555518 2042.6666666666667 0.0 157956.0#157956.0#3000_159952.0#159952.0#128_159956.0#159956.0#3000 -
160000.0 161000.0 2.562066406244412 498.7189667968778 679.2651035413951 979.0319277343806 18.406005859375 10292.597688803082 559571.1376852118 1564.0 0.0 159952.0#159952.0#128_159956.0#159956.0#3000 -
161000.0 162000.0 3.919050781230908 498.04047460938455 683.7531931456715 981.5269941406441 14.553955078125 9633.882261007184 534525.4322886703 2042.6666666666667 0.0 159956.0#159956.0#3000_161477.0#161477.0#128_161570.0#161570.0#3000 -
162000.0 163000.0 290.7689550781506 709.2310449218494  709.2310449218494 709.2310449218494 7918.506288488526 359238.1624084616 3000.0 0.0 161570.0#161570.0#3000 -
163000.0 164000.0 280.028076171875 719.971923828125  719.971923828125 719.971923828125 6468.347203694557 292828.32365913724 1564.0 0.0 163458.0#163458.0#128_163463.00024414062#163463.00024414062#3000 -
164000.0 165000.0 4.004931640578434 497.9975341797108 309.06853649609286 716.5419921875 279.45307617192157 9052.016304254023 408044.0014612496 3000.0 0.0 163463.00024414062#163463.00024414062#3000 -
165000.0 166000.0 42.62097070313757 478.6895146484312 278.4339113614053 675.572021484375 281.8070078124874 8446.998995831422 434337.29771786224 2042.6666666666667 0.0 163463.00024414062#163463.00024414062#3000_165466.0#165466.0#128_165469.0#165469.0#3000 -
166000.0 167000.0 4.47496093751397 497.762519531243 249.74946601317043 674.362060546875 321.16297851561103 11023.190181768252 527541.0576565114 3000.0 0.0 165469.0#165469.0#3000 -
167000.0 168000.0 4.865080078190658 497.56745996090467 244.1816782156352 670.2299804686918 324.90493945311755 10667.847685314093 537321.5554751258 2042.6666666666667 0.0 165469.0#165469.0#3000_167402.0#167402.0#3000_167420.0#167420.0#128 -
168000.0 169000.0 5.003720703069121 497.49813964846544 237.64885953317815 665.541259765625 329.4550195313059 10129.71856070849 447374.2271965557 3000.0 0.0 167402.0#167402.0#3000 -
169000.0 170000.0 17.033277343725786 491.4833613281371 230.05524119110612 654.156982421875 328.8097402343992 10276.879254613526 499854.28571561474 2042.6666666666667 0.0 167402.0#167402.0#3000_169229.0#169229.0#3000_169245.0#169245.0#128 -
170000.0 171000.0 713.9719824218773 286.0280175781227  286.0280175781227 286.0280175781227 3017.0018138156315 159732.25111794315 3000.0 0.0 169229.0#169229.0#3000 -
171000.0 172000.0 283.18603515625 716.81396484375  716.81396484375 716.81396484375 6733.01901226991 329241.32920048275 1564.0 0.0 171462.0#171462.0#128_171469.0#171469.0#3000 -
172000.0 173000.0 1.9110781251220033 499.044460937439 306.6219014579825 715.8588867186918 282.2300351561862 7839.735371947287 354746.7726152764 3000.0 0.0 171469.0#171469.0#3000 -
173000.0 174000.0 41.711833984358236 479.1440830078209 282.856811797125 679.154052734375 279.13411328126676 6852.5580852972 360464.23007512884 1564.0 0.0 173460.0#173460.0#128_173465.0#173465.0#3000 -
174000.0 175000.0 2.4671601561713032 498.76641992191435 254.5562812368558 678.764892578125 318.7679472657037 12856.81039451796 469862.6875982581 3000.0 0.0 173465.0#173465.0#3000 -
175000.0 176000.0 4.868984374974389 497.5655078125128 251.18610811873128 675.180908203125 319.9501074219006 11952.177531387384 561596.0637441237 2042.6666666666667 0.0 173465.0#173465.0#3000_175098.99975585938#175098.99975585938#3000_175192.0#175192.0#128 -
176000.0 177000.0 3.8507871094043367 498.07460644529783 246.638158887044 672.4741210936918 323.67509179690387 6615.992981093705 318657.6375637181 2042.6666666666667 0.0 175098.99975585938#175098.99975585938#3000_176956.0#176956.0#128_176960.0#176960.0#3000 -
177000.0 178000.0 3.7981542968191206 498.10092285159044 243.97311486081193 670.615966796875 325.5858789063059 8707.927819085837 445800.9982542627 1564.0 0.0 176956.0#176956.0#128_176960.0#176960.0#3000 -
178000.0 179000.0 3.613976562512107 498.19301171874395 241.7201801244482 669.114990234375 327.2710332031129 10200.810140075468 523310.60875644546 2042.6666666666667 0.0 176960.0#176960.0#3000_178798.0#178798.0#3000_178844.0#178844.0#128 -
179000.0 180000.0 4.376001953205559 497.8119990233972 239.887374539326 667.4379882811918 328.18600976560265 10143.872997855937 501173.9592107268 3000.0 0.0 178798.0#178798.0#3000 -
180000.0 181000.0 749.525044921902 125.237477539049 117.726963443888 208.483011718723 41.991943359375 2633.771626136332 128101.22604564799 2042.6666666666667 0.0 178798.0#178798.0#3000_180956.0#180956.0#128_180959.00024414062#180959.00024414062#3000 -
181000.0 182000.0 4.615046875027474 497.69247656248626 644.9854423865168 953.7660566405975 41.618896484375 11658.801262226594 542827.9230349825 1564.0 0.0 180956.0#180956.0#128_180959.00024414062#180959.00024414062#3000 -
182000.0 183000.0 16.60057812492596 491.699710937537 641.8385520452655 945.548103515699 37.851318359375 9526.599196334413 495334.65404692857 2042.6666666666667 0.0 180959.00024414062#180959.00024414062#3000_182848.0#182848.0#3000_182981.0#182981.0#128 -
183000.0 184000.0 0.8254335937672295 499.5872832031164 653.2328790036486 961.4926816406078 37.681884765625 11240.210500112773 582208.8382679787 1564.0 0.0 182848.0#182848.0#3000_182981.0#182981.0#128 -
184000.0 185000.0 5.033966796880122 497.48301660155994 653.9565323598193 959.9001152344281 35.06591796869179 9723.293683981603 473334.8890312874 2042.6666666666667 0.0 182848.0#182848.0#3000_184640.0#184640.0#3000_184749.0#184749.0#128 -
185000.0 186000.0 2.7989960937411524 498.6005019531294 656.2736950414045 962.6560820312588 34.544921875 11005.382357477009 571418.605014542 3000.0 0.0 184640.0#184640.0#3000 -
186000.0 187000.0 4.02761132811429 497.98619433594286 658.0942174083068 963.3290781250107 32.643310546875 6655.72599421296 283990.13194726064 2042.6666666666667 0.0 184640.0#184640.0#3000_186471.00024414062#186471.00024414062#128_186479.00024414062#186479.00024414062#3000 -
187000.0 188000.0 350.35431054688524 649.6456894531148  649.6456894531148 649.6456894531148 5944.311045987633 307148.44559294934 3000.0 0.0 186479.00024414062#186479.00024414062#3000 -
188000.0 189000.0 483.500732421875 516.499267578125  516.499267578125 516.499267578125 5684.927178774214 251653.46521607734 1564.0 0.0 188482.0#188482.0#128_188487.00024414062#188487.00024414062#3000 -
189000.0 190000.0 5.420019531273283 497.28999023436336 19.713087447869086 511.229248046875 483.3507324218517 7596.100638962807 342504.52949143015 3000.0 0.0 188487.00024414062#188487.00024414062#3000 -
190000.0 191000.0 5.103162109386176 497.4484189453069 15.152827376670801 508.1630859375 486.7337519531138 7059.304745713558 393114.6884376805 1564.0 0.0 190466.0#190466.0#128_190472.0#190472.0#3000 -
191000.0 192000.0 2.3590703125228174 498.8204648437386 10.388177537960168 506.166015625 491.4749140624772 9530.049953233134 515521.02313525573 3000.0 0.0 190472.0#190472.0#3000 -
192000.0 193000.0 122.94411718752235 438.5279414062388 54.06827368362137 476.75998437497765 400.2958984375 7260.695580606598 387147.34626579867 2042.6666666666667 0.0 190472.0#190472.0#3000_192354.99975585938#192354.99975585938#3000_192377.0#192377.0#128 -
193000.0 194000.0 0.6859980468871072 499.65700097655645 141.1513836968847 599.4661015624879 399.847900390625 8079.88736469875 415554.5143427017 3000.0 0.0 192354.99975585938#192354.99975585938#3000 -
194000.0 195000.0 3.3249746094224975 498.33751269528875 142.39516519009806 599.0260996093857 397.6489257811918 10370.674238639107 479454.70785849355 2042.6666666666667 0.0 192354.99975585938#192354.99975585938#3000_194362.0#194362.0#3000_194385.0#194385.0#128 -
195000.0 196000.0 3.9358261718880385 498.032086914056 145.31749664775506 600.787074218737 395.277099609375 11532.170180532026 540596.1180514225 1564.0 0.0 194362.0#194362.0#3000_195961.0#195961.0#128 -
196000.0 197000.0 4.040154296846595 497.9799228515767 148.40188261664076 602.9159003906534 393.0439453125 11480.77547001398 459369.94384921883 2042.6666666666667 0.0 194362.0#194362.0#3000_195961.0#195961.0#128_196044.0#196044.0#3000 -
197000.0 198000.0 513.799945312494 486.20005468750605  486.20005468750605 486.20005468750605 5030.414648825823 207652.6633519209 3000.0 0.0 196044.0#196044.0#3000 -
198000.0 199000.0 467.800048828125 532.199951171875  532.199951171875 532.199951171875 6492.776553793714 281834.971890463 1564.0 0.0 198466.0#198466.0#128_198471.00024414062#198471.00024414062#3000 -
199000.0 200000.0 7.599062499997672 496.20046875000116 41.30977201612722 525.410888671875 466.9900488281273 9811.590841111904 477641.18594563013 3000.0 0.0 198471.00024414062#198471.00024414062#3000 -
200000.0 201000.0 4.3599550781655125 497.82002246091724 38.58951979923916 525.1069335936918 470.5331113281427 9875.192116643786 519635.4793899582 2042.6666666666667 0.0 198471.00024414062#198471.00024414062#3000_200135.00024414062#200135.00024414062#3000_200157.0#200157.0#128 -
201000.0 202000.0 3.407019531179685 498.29649023441016 36.473167157034894 524.0869140625 472.5060664063203 8914.12677489396 453756.8133590934 2042.6666666666667 0.0 200135.00024414062#200135.00024414062#3000_201965.0#201965.0#128_201972.0#201972.0#3000 -
202000.0 203000.0 3.624617187480908 498.18769140625955 31.949354849674933 520.779296875 475.5960859375191 8635.746861761103 437110.31247490353 1564.0 0.0 201965.0#201965.0#128_201972.0#201972.0#3000 -
203000.0 204000.0 2.897205078159459 498.55139746092027 30.607391856202543 520.194091796875 476.90870312496554 8015.99270313581 407744.8282047562 2042.6666666666667 0.0 201972.0#201972.0#3000_203962.0#203962.0#128_203968.0#203968.0#3000 -
204000.0 205000.0 2.8211035155691206 498.58944824221544 27.009414344728253 517.68798828125 479.4909082031809 8441.498928950932 405930.4248018316 1564.0 0.0 203962.0#203962.0#128_203968.0#203968.0#3000 -
205000.0 206000.0 5.51301562495064 497.2434921875247 24.258684720773342 514.39697265625 480.09001171879936 9913.269964743511 483719.5779824609 2042.6666666666667 0.0 203968.0#203968.0#3000_205630.0#205630.0#3000_205660.0#205660.0#128 -
206000.0 207000.0 4.730996093712747 497.6345019531436 23.49924375137996 514.2509765625 481.01802734378725 9452.664524074362 406849.6770186081 3000.0 0.0 205630.0#205630.0#3000 -
207000.0 208000.0 14.410091796889901 492.79495410155505 28.124367059101104 512.681884765625 472.9080234374851 9308.327320032502 435931.2696082637 2042.6666666666667 0.0 205630.0#205630.0#3000_207465.0#207465.0#128_207471.00024414062#207471.00024414062#3000 -
208000.0 209000.0 3.8779824218945578 498.0610087890527 19.394374257993867 511.77490234375 484.34711523435544 9046.107316344003 451384.0432528965 3000.0 0.0 207471.00024414062#207471.00024414062#3000 -
209000.0 210000.0 559.6989550781436 220.1505224609282 267.00999087928864 408.9550976562314 31.345947265625 4169.05340702582 180331.70120886413 2042.6666666666667 0.0 207471.00024414062#207471.00024414062#3000_209967.00024414062#209967.00024414062#128_209970.99975585938#209970.99975585938#3000 -
210000.0 211000.0 1.5278554687974975 499.23607226560125 661.9113165388359 967.2780527343275 31.194091796875 11427.09196131359 608865.9339090135 1564.0 0.0 209967.00024414062#209967.00024414062#128_209970.99975585938#209970.99975585938#3000 -
211000.0 212000.0 3.2390058593591675 498.3804970703204 661.4523061820674 966.0979082031408 30.6630859375 9840.641604940509 446962.00356233 2042.6666666666667 0.0 209970.99975585938#209970.99975585938#3000_211466.99975585938#211466.99975585938#128_211574.0#211574.0#3000 -
212000.0 213000.0 2.104156250017695 498.94792187499115 663.1883679584951 967.8929140624823 30.0029296875 10278.337140987474 577685.1821238865 3000.0 0.0 211574.0#211574.0#3000 -
213000.0 214000.0 2.2958886718843132 498.85205566405784 666.1087507293639 969.8620703124907 27.842041015625 6960.91647610034 309312.78436251153 2042.6666666666667 0.0 211574.0#211574.0#3000_213466.99975585938#213466.99975585938#128_213473.0#213473.0#3000 -
214000.0 215000.0 5.590998046915047 497.2045009765425 665.1194282405221 967.514958984335 26.89404296875 10194.969120929858 544559.570877718 3000.0 0.0 213473.0#213473.0#3000 -
215000.0 216000.0 3.3367304687853903 498.3316347656073 668.762250408756 971.2179570312146 25.4453125 6577.48725628664 277765.5074478669 2042.6666666666667 0.0 213473.0#213473.0#3000_215472.0#215472.0#128_215482.99975585938#215482.99975585938#3000 -
216000.0 217000.0 7.6362109375186265 496.1818945312407 666.7702891741274 967.6596874999814 24.7041015625 9529.870290036813 522822.6519976529 3000.0 0.0 215482.99975585938#215482.99975585938#3000 -
217000.0 218000.0 1.432849609409459 499.28357519529527 672.0347419731559 974.4838984374655 24.083251953125 5920.425840307243 273286.5396649492 2042.6666666666667 0.0 215482.99975585938#215482.99975585938#3000_217466.0#217466.0#128_217469.0#217469.0#3000 -
218000.0 219000.0 11.587230468750931 494.20638476562453 675.1234410171876 971.5907480468741 16.822021484375 8806.38738590794 459522.9540479813 3000.0 0.0 217469.0#217469.0#3000 -
219000.0 220000.0 3.152126953122206 498.4239365234389 683.9236376444884 982.0309785156278 14.81689453125 10031.405589342272 527910.136722886 2042.6666666666667 0.0 217469.0#217469.0#3000_219189.0#219189.0#3000_219218.99975585938#219218.99975585938#128 -
220000.0 221000.0 124.92189453123137 875.0781054687686  875.0781054687686 875.0781054687686 8143.120021335912 446817.45014547464 3000.0 0.0 219189.0#219189.0#3000 -
221000.0 222000.0 279.751953125 720.248046875  720.248046875 720.248046875 5862.089156441567 309911.9017843349 1564.0 0.0 221466.99975585938#221466.99975585938#128_221472.0#221472.0#3000 -
222000.0 223000.0 2.0099589843302965 498.99502050783485 311.79175939005194 719.465087890625 278.5249531250447 9819.057353448814 502942.9955196725 2042.6666666666667 0.0 221472.0#221472.0#3000_222868.0#222868.0#3000_222991.00024414062#222991.00024414062#128 -
223000.0 224000.0 2.73298632807564 498.6335068359622 309.635829484113 717.5791015625 279.68791210942436 9902.675828666874 479253.6784973419 1564.0 0.0 222868.0#222868.0#3000_222991.00024414062#222991.00024414062#128 -
224000.0 225000.0 3.3060097655979916 498.346995117201 309.8500856009642 717.444091796875 279.249898437527 4747.851691183355 217943.84079344067 3000.0 0.0 222868.0#222868.0#3000 -
225000.0 226000.0 41.133197265677154 479.4334013671614 279.3191897165278 676.94189453125 281.92490820307285 6441.86449678659 341320.0687975321 1564.0 0.0 225461.0#225461.0#128_225466.0#225466.0#3000 -
226000.0 227000.0 4.29484570317436 497.8525771484128 249.88796088648485 674.550048828125 321.15510546870064 10425.840694919674 519429.67873941234 2042.6666666666667 0.0 225466.0#225466.0#3000_226940.0#226940.0#3000_226961.0#226961.0#128 -
227000.0 228000.0 5.065089843701571 497.4674550781492 245.63546627960156 671.157958984375 323.77695117192343 10765.204746188663 558527.9497110709 2042.6666666666667 0.0 225466.0#225466.0#3000_226940.0#226940.0#3000_226961.0#226961.0#128 -
228000.0 229000.0 4.9738964843563735 497.5130517578218 245.22606112079114 670.9140625 324.1120410156436 6970.421487538097 311220.31652652286 2042.6666666666667 0.0 226940.0#226940.0#3000_228962.99975585938#228962.99975585938#128_228969.0#228969.0#3000 -
229000.0 230000.0 2.944027343764901 498.52798632811755 242.05403396206134 669.68603515625 327.3699374999851 8582.865823619517 442264.2642362171 1564.0 0.0 228962.99975585938#228962.99975585938#128_228969.0#228969.0#3000 -
230000.0 231000.0 2.5031230468302965 498.74843847658485 239.93755702369708 668.409912109375 329.0869648437947 7703.5265576676475 385229.5324133196 2042.6666666666667 0.0 228969.0#228969.0#3000_230918.0#230918.0#3000_230934.0#230934.0#128 -
231000.0 232000.0 2.3536308594048023 498.8231845702976 238.70524391870106 667.61328125 330.0330878905952 8867.975775675397 475446.1267126661 1564.0 0.0 230918.0#230918.0#3000_230934.0#230934.0#128 -
232000.0 233000.0 5.368162109400146 497.3159189452999 237.914844930532 665.547119140625 329.08471874997485 9813.710658551983 512125.62674938835 2042.6666666666667 0.0 230918.0#230918.0#3000_232534.0#232534.0#3000_232562.99975585938#232562.99975585938#128 -
233000.0 234000.0 2.2588457030942664 498.87057714845287 233.39430575409517 663.9052734375 333.83588085940573 9541.54192415157 489760.3375098416 3000.0 0.0 232534.0#232534.0#3000 -
234000.0 235000.0 346.43129687500186 326.78435156249907 279.43675588634005 524.3759765625 129.19272656249814 6183.6101269113005 312934.6328403791 2042.6666666666667 0.0 232534.0#232534.0#3000_234474.0#234474.0#128_234478.0#234478.0#3000 -
235000.0 236000.0 2.5680703124962747 498.71596484375186 33.28767596705936 522.25390625 475.1780234375037 8251.617085845308 373520.3418710757 3000.0 0.0 234478.0#234478.0#3000 -
236000.0 237000.0 14.593845703173429 492.7030771484133 26.38778738219898 511.362060546875 474.04409374995157 8484.516476549941 440249.8585529085 2042.6666666666667 0.0 234478.0#234478.0#3000_236466.99975585938#236466.99975585938#128_236473.0#236473.0#3000 -
237000.0 238000.0 2.0079609374515712 498.9960195312742 15.246749663480518 509.777099609375 488.21493945317343 8209.996122013124 428100.22459016024 3000.0 0.0 236473.0#236473.0#3000 -
238000.0 239000.0 5.404097656253725 497.29795117187314 13.794310902922268 507.052001953125 487.5439003906213 8531.509087886 426425.0210990514 1564.0 0.0 238464.0#238464.0#128_238469.0#238469.0#3000 -
239000.0 240000.0 3.113091796869412 498.4434541015653 9.248187443077963 504.98291015625 491.9039980468806 7907.790026439192 391361.7982304051 3000.0 0.0 238469.0#238469.0#3000 -
240000.0 241000.0 1.1278222656110302 499.4360888671945 7.288855319393122 504.590087890625 494.28208984376397 7612.563686457237 382230.6374158921 1564.0 0.0 240471.00024414062#240471.00024414062#128_240476.0#240476.0#3000 -
241000.0 242000.0 2.884152343729511 498.55792382813524 4.739046220312938 501.908935546875 495.2069121093955 7577.771020051354 384645.6968292079 3000.0 0.0 240476.0#240476.0#3000 -
242000.0 243000.0 4.551857421873137 497.72407128906343 1.5641298674588502 498.830078125 496.61806445312686 7739.552901042318 391935.0456214097 1564.0 0.0 242476.0#242476.0#128_242482.99975585938#242482.99975585938#3000 -
243000.0 244000.0 4.686117187491618 497.6569414062542 0.6053110260483979 498.0849609375 497.2289218750084 10290.13177076216 474398.16134148417 3000.0 0.0 242482.99975585938#242482.99975585938#3000 -
244000.0 245000.0 691.0619609374553 308.9380390625447  308.9380390625447 308.9380390625447 3280.315501202319 118552.263617265 3000.0 0.0 242482.99975585938#242482.99975585938#3000 -
245000.0 246000.0 1000.0 0.0 0.0 0.0 0.0 0.0 0.0 0.0 0.0 - -
246000.0 247000.0 486.15087890625 513.84912109375  513.84912109375 513.84912109375 3558.1327199146554 129737.011940666 814.0 0.0 246980.0#246980.0#128_246992.0#246992.0#1500 -
247000.0 248000.0 2.329138671862893 498.83543066406855 20.076956034821478 513.031982421875 484.6388789062621 7089.0376586710245 310419.6087891201 1042.6666666666667 0.0 246980.0#246980.0#128_246992.0#246992.0#1500_247966.0#247966.0#1500 -
248000.0 249000.0 5.705708984402008 497.147145507799 20.16403789223378 511.4052734375 482.889017578098 9318.094006863079 468246.00101096265 814.0 0.0 247966.0#247966.0#1500_248465.0#248465.0#128_248812.0#248812.0#1500_248970.0#248970.0#128 -
249000.0 250000.0 5.679244140628725 497.16037792968564 14.311348209966631 507.280029296875 487.0407265624963 10752.258364313584 538201.476438082 814.0 0.0 248812.0#248812.0#1500_248970.0#248970.0#128_249823.00024414062#249823.00024414062#1500_249848.0#249848.0#128 -
250000.0 251000.0 4.440921874949709 497.77953906252515 8.952775631322558 504.110107421875 491.4489707031753 7585.084763320738 335022.12226065435 1500.0 0.0 249823.00024414062#249823.00024414062#1500 -
251000.0 252000.0 574.2638457030989 212.86807714845054 265.20013726219395 400.3928925781511 25.34326171875 2317.8832058341977 80197.57524245001 1564.0 0.0 251975.00024414062#251975.00024414062#128_251981.0#251981.0#3000 -
252000.0 253000.0 1.5213066405849531 499.2393466797075 670.4226351868585 973.29973828129 25.178955078125 12189.659713637398 571441.4610009415 1564.0 0.0 251975.00024414062#251975.00024414062#128_251981.0#251981.0#3000 -
253000.0 254000.0 606.3456562500214 196.8271718749893 245.71377006922947 370.5730449218536 23.081298828125 2459.336445985779 52191.97179042793 2042.6666666666667 0.0 251981.0#251981.0#3000_253975.00024414062#253975.00024414062#128_253978.99975585938#253978.99975585938#3000 -
254000.0 255000.0 4.409277343773283 497.79536132811336 673.127952535033 973.7687011718517 21.822021484375 10727.01237920781 597181.5580631249 1564.0 0.0 253975.00024414062#253975.00024414062#128_253978.99975585938#253978.99975585938#3000 -
255000.0 256000.0 5.351751953130588 497.3241240234347 675.3192971659616 974.8469785156194 19.80126953125 9222.947932265295 421947.179911146 2042.6666666666667 0.0 253978.99975585938#253978.99975585938#3000_255484.0#255484.0#128_255594.0#255594.0#3000 -
256000.0 257000.0 4.886353515670635 497.5568232421647 680.4741801784515 978.7247304687044 16.388916015625 11085.078443355762 570813.5900228501 3000.0 0.0 255594.0#255594.0#3000 -
257000.0 258000.0 17.62265234370716 491.1886738281464 676.0554740460832 969.2320839844178 13.145263671875 8380.983509404341 266417.4562036295 2042.6666666666667 0.0 255594.0#255594.0#3000_257966.0#257966.0#128_257968.0#257968.0#3000 -
258000.0 259000.0 4.199359375052154 497.9003203124739 687.5883939335762 984.0987363280728 11.701904296875 9777.469100928785 567467.1714878103 1564.0 0.0 257966.0#257966.0#128_257968.0#257968.0#3000 -
259000.0 260000.0 3.0689863280858845 498.46550683595706 688.5800020898882 985.3650957031641 11.56591796875 7025.544614536312 315001.0218334875 2042.6666666666667 0.0 257968.0#257968.0#3000_259500.0#259500.0#128_259503.00024414062#259503.00024414062#3000 -
260000.0 261000.0 27.84391796879936 972.1560820312006  972.1560820312006 972.1560820312006 10298.47714176124 500219.7940046472 3000.0 0.0 259503.00024414062#259503.00024414062#3000 -
261000.0 262000.0 284.4150390625 715.5849609375  715.5849609375 715.5849609375 6528.012428572822 324302.2034354793 1564.0 0.0 261461.0#261461.0#128_261470.0#261470.0#3000 -
262000.0 263000.0 5.44992187502794 497.27503906248603 306.5520028478237 714.0400390625 280.51003906247206 10905.415209204717 497454.2559154585 3000.0 0.0 261470.0#261470.0#3000 -
263000.0 264000.0 248.3939550780924 375.8030224609538 372.90416177448145 639.486083984375 112.1199609375326 7682.037229175475 381243.18817324674 2042.6666666666667 0.0 261470.0#261470.0#3000_263462.0#263462.0#128_263465.0#263465.0#3000 -
264000.0 265000.0 1.9090859375428408 499.0454570312286 197.67529421948873 638.822998046875 359.26791601558216 9048.511136767997 411576.0895909504 3000.0 0.0 263465.0#263465.0#3000 -
265000.0 266000.0 143.72707226558123 428.1364638672094 144.09063047460842 530.02392578125 326.2490019531688 8519.545630649918 418366.73328545154 2042.6666666666667 0.0 263465.0#263465.0#3000_265468.0#265468.0#128_265473.0#265473.0#3000 -
266000.0 267000.0 1.1368085937574506 499.4315957031213 42.86979320649659 529.7451171875 469.11807421874255 9825.306591487028 509473.40882465045 3000.0 0.0 265473.0#265473.0#3000 -
267000.0 268000.0 5.074867187533528 497.46256640623324 40.75577318804397 526.28125 468.6438828124665 10210.451132274678 520033.72127649223 2042.6666666666667 0.0 265473.0#265473.0#3000_267046.0#267046.0#3000_267210.0#267210.0#128 -
268000.0 269000.0 5.349312499980442 497.3253437500098 39.96651496195249 525.5859375 469.06475000001956 6747.692501919034 271805.04322642746 3000.0 0.0 267046.0#267046.0#3000 -
269000.0 270000.0 17.294054687488824 491.3529726562556 37.691492806110084 518.0048828125 464.7010625000112 6490.418745420166 304565.4783019181 1564.0 0.0 269461.0#269461.0#128_269463.0002441406#269463.0002441406#3000 -
270000.0 271000.0 1.9857929687714204 499.0071035156143 24.409306751623717 516.26708984375 481.7471171874786 8229.919938275198 405511.48479890573 3000.0 0.0 269463.0002441406#269463.0002441406#3000 -
271000.0 272000.0 5.471175781218335 497.26441210939083 20.431853204498765 511.7119140625 482.81691015628166 7667.712686038092 374285.0368248549 1564.0 0.0 271458.9997558594#271458.9997558594#128_271464.0#271464.0#3000 -
272000.0 273000.0 1.981607421883382 499.0091962890583 16.30603843484403 510.539306640625 487.4790859374916 10552.904003449326 543130.420407688 2042.6666666666667 0.0 271464.0#271464.0#3000_272965.0#272965.0#128_272985.0#272985.0#3000 -
273000.0 274000.0 5.519998046918772 497.2400009765406 17.46738674529963 509.59130859375 484.8886933593312 10883.235815241507 558055.7965483486 2042.6666666666667 0.0 271464.0#271464.0#3000_272965.0#272965.0#128_272985.0#272985.0#3000 -
274000.0 275000.0 7.951037109363824 496.0244814453181 15.667775127918237 507.103271484375 484.9456914062612 7330.782776083166 375928.27012571984 2042.6666666666667 0.0 272985.0#272985.0#3000_274972.0#274972.0#128_274977.0#274977.0#3000 -
275000.0 276000.0 3.2701679687015712 498.3649160156492 11.866931166881342 506.756103515625 489.97372851567343 7352.601778615406 396778.86569795024 1564.0 0.0 274972.0#274972.0#128_274977.0#274977.0#3000 -
276000.0 277000.0 3.5908378906315193 498.20458105468424 7.767829013177983 503.697265625 492.7118964843685 9178.308063979754 470279.62756542274 2042.6666666666667 0.0 274977.0#274977.0#3000_276658.9997558594#276658.9997558594#3000_276681.0#276681.0#128 -
277000.0 278000.0 6.018328125006519 496.99083593749674 7.02878503606382 501.9609375 492.0207343749935 9691.930798934092 453035.108752677 3000.0 0.0 276658.9997558594#276658.9997558594#3000 -
278000.0 279000.0 731.0516484375112 134.4741757812444 140.93046392727803 234.12706249998882 34.8212890625 2862.782258306484 144494.28271308178 2042.6666666666667 0.0 276658.9997558594#276658.9997558594#3000_278962.9997558594#278962.9997558594#128_278968.0#278968.0#3000 -
279000.0 280000.0 2.42236328125 498.788818359375 658.5142512659355 964.4287109375 33.14892578125 10845.63036175714 559681.8799368506 1564.0 0.0 278962.9997558594#278962.9997558594#128_278968.0#278968.0#3000 -
280000.0 281000.0 1.2410078125540167 499.379496093723 660.3508699795458 966.318074218696 32.44091796875 9233.135666164862 500437.0973280393 2042.6666666666667 0.0 278968.0#278968.0#3000_280716.0#280716.0#3000_280866.0#280866.0#128 -
281000.0 282000.0 4.410035156295635 497.7949824218522 659.080229477254 963.8350820312044 31.7548828125 10256.473549670553 570178.4648275774 1564.0 0.0 280716.0#280716.0#3000_280866.0#280866.0#128 -
282000.0 283000.0 563.9865683594253 218.00671582028735 266.5925520482743 406.5161171874497 29.497314453125 3672.2421999255216 193110.93701164113 2042.6666666666667 0.0 280716.0#280716.0#3000_282969.0#282969.0#128_282973.0#282973.0#3000 -
283000.0 284000.0 1.709314453182742 499.14534277340863 665.2394734272954 969.5406855468173 28.75 9980.881687591147 509614.1599259435 1564.0 0.0 282969.0#282969.0#128_282973.0#282973.0#3000 -
284000.0 285000.0 0.7750078125391155 499.61249609373044 666.5478488487124 970.9329999999609 28.2919921875 9863.351302932706 523498.8226899768 2042.6666666666667 0.0 282973.0#282973.0#3000_284461.0#284461.0#128_284495.0002441406#284495.0002441406#3000 -
285000.0 286000.0 15.387029296834953 492.3064853515825 663.5059017163945 961.47600781254 23.136962890625 10601.981680485365 515689.28340397193 3000.0 0.0 284495.0002441406#284495.0002441406#3000 -
286000.0 287000.0 5.066072265617549 497.4669638671912 672.4643093427563 972.9710371093825 21.962890625 5497.567185845532 287179.2426262434 1564.0 0.0 286455.0002441406#286455.0002441406#128_286460.0#286460.0#3000 -
287000.0 288000.0 122.92989062494598 877.070109375054  877.070109375054 877.070109375054 9178.167641232316 449016.0967850325 3000.0 0.0 286460.0#286460.0#3000 -
288000.0 289000.0 467.429931640625 532.570068359375  532.570068359375 532.570068359375 5428.883588882877 288445.1569988034 1564.0 0.0 288466.0#288466.0#128_288469.0#288469.0#3000 -
289000.0 290000.0 2.801947265630588 498.5990263671847 45.43174465482903 530.72412109375 466.4739316406194 10158.79957428981 515702.89092643955 3000.0 0.0 288469.0#288469.0#3000 -
290000.0 291000.0 358.5081816406455 320.74590917967726 262.7142536544831 506.512939453125 134.9788789062295 7034.24924366984 346571.93212818645 2042.6666666666667 0.0 288469.0#288469.0#3000_290492.0#290492.0#128_290504.0#290504.0#3000 -
291000.0 292000.0 4.9600234375102445 497.5199882812449 8.653470589141245 503.638916015625 491.40106054686476 8564.516281137594 407677.99903205165 3000.0 0.0 290504.0#290504.0#3000 -
292000.0 293000.0 3.9870156249962747 498.00649218750186 3.1344745406117225 500.222900390625 495.7900839843787 7917.158286777416 415029.19693303027 2042.6666666666667 0.0 290504.0#290504.0#3000_292460.0#292460.0#128_292466.0#292466.0#3000 -
293000.0 294000.0 5.41883789061103 497.2905810546945 1.9466912089071515 498.66709960938897 495.9140625 10178.528066660056 551071.8373105864 3000.0 0.0 292466.0#292466.0#3000 -
294000.0 295000.0 5.393972656223923 497.30301367188804 9.243192120390292 503.8389375000261 490.76708984375 10956.73804278655 534841.4425376856 2042.6666666666667 0.0 292466.0#292466.0#3000_294188.0#294188.0#3000_294303.0002441406#294303.0002441406#128 -
295000.0 296000.0 490.86307226563804 254.56846386718098 322.2291913347454 482.41891015623696 26.718017578125 5754.520123272734 269676.3203354282 2042.6666666666667 0.0 294188.0#294188.0#3000_295972.0#295972.0#128_295976.0#295976.0#3000 -
296000.0 297000.0 2.615033203153871 498.69248339842306 671.020999441166 973.1759824218461 24.208984375 10418.990751702508 547027.8383258602 1564.0 0.0 295972.0#295972.0#128_295976.0#295976.0#3000 -
297000.0 298000.0 44.904998046928085 477.54750097653596 666.3230040840325 948.7090156249469 6.385986328125 9567.075311083794 424401.6309884147 2042.6666666666667 0.0 295976.0#295976.0#3000_297813.0#297813.0#3000_297846.0#297846.0#128 -
298000.0 299000.0 4.455927734379657 497.7720361328102 696.4464075888134 990.2340136718703 5.31005859375 10645.14271163482 609828.9042761953 3000.0 0.0 297813.0#297813.0#3000 -
299000.0 300000.0 5.393750000046566 497.3031249999767 698.9210534467279 991.5149414062034 3.09130859375 5540.343490512164 189574.7500146597 2042.6666666666667 0.0 297813.0#297813.0#3000_299914.9997558594#299914.9997558594#128_299917.0#299917.0#3000 -
