ts te idle avg_span std_span max_span min_span c_bytes_all s_bytes_all avg_video_rate avg_audio_rate video_requests_sequence audio_requests_sequence
0 6000 6000.0 0.0 0.0 0.0 0.0 0.0 0.0 0.0 0.0 - -
6000 12000 311.39396679674974 948.1010055338751 121.61543609332924 999.8670000000275 699.884033203125 63098.0057421094 2726109.540152871 1660.0 128.0 6553.0#6553.0#2300_7974.0#7974.0#1500_8766.0#8766.0#1500_9787.0#9787.0#1500_10648.0#10648.0#1500 6550.0#6550.0#128_7989.0#7989.0#128_8791.0#8791.0#128_9801.0#9801.0#128_10757.0#10757.0#128
12000 18000 38.25697265629424 851.6775753348151 272.4365475377025 999.9739999999874 296.5349667968694 43598.765582297514 1996208.5922839898 1500.0 128.0 10648.0#10648.0#1500_12002.0#12002.0#1500_13111.0#13111.0#1500_14761.0#14761.0#1500_16110.0#16110.0#1500_17617.0#17617.0#1500 12035.0#12035.0#128_13200.0#13200.0#128_14937.0#14937.0#128_16258.0#16258.0#128_17623.0#17623.0#128
18000 24000 35.8971425780328 852.0146939174239 267.06594988025864 999.8989999999758 320.70093945314875 51811.913824056996 2308704.9390862077 1500.0 128.0 17617.0#17617.0#1500_18892.0#18892.0#1500_20254.0#20254.0#1500_21311.0#21311.0#1500_22396.0#22396.0#1500_23509.0#23509.0#1500 18982.0#18982.0#128_20268.0#20268.0#128_21445.0#21445.0#128_22409.0#22409.0#128_23542.0#23542.0#128
24000 30000 895.6428476563306 729.1938789062385 338.1610722949731 999.3829999999725 314.70799999998417 45123.004318723695 1816959.2277034787 1900.0 128.0 23509.0#23509.0#1500_24524.0#24524.0#1500_26674.0#26674.0#2300_29297.0#29297.0#2300 24533.0#24533.0#128_26673.0#26673.0#128_28261.0#28261.0#128
30000 36000 1120.9641640625778 813.1726393229037 223.7821502968999 998.36599999998 533.6429999999818 39297.66720269834 1874720.6759990673 2300.0 128.0 29297.0#29297.0#2300_30637.0#30637.0#2300_32201.0#32201.0#2300_35193.0#35193.0#2300 30260.0#30260.0#128_32258.0#32258.0#128_35191.0#35191.0#128
36000 42000 2040.3218730468652 565.6683038504478 427.5474871999155 998.7599999999511 29.56500000000233 38609.307578652 2410894.2147935596 2720.0 128.0 35193.0#35193.0#2300_36103.0#36103.0#2300_38273.0#38273.0#3000_39761.0#39761.0#3000_41768.0#41768.0#3000 36179.0#36179.0#128_38272.0#38272.0#128_39759.0#39759.0#128_41764.0#41764.0#128
42000 48000 1925.7179492186988 679.0470084635502 308.27272200515904 999.4100000000326 233.986083984375 40052.23863552553 2616438.9964711196 3000.0 128.0 41768.0#41768.0#3000_44680.0#44680.0#3000_45909.0#45909.0#3000_47768.0#47768.0#3000 44678.0#44678.0#128_45759.0#45759.0#128_47765.0#47765.0#128
48000 54000 1120.8192011719802 813.1967998046699 298.77278251357205 999.4890000000014 233.6298828125 36879.74650124906 2490890.645661236 3000.0 128.0 47768.0#47768.0#3000_49765.0#49765.0#3000_51264.0#51264.0#3000_53767.0#53767.0#3000 49762.0#49762.0#128_51264.0#51264.0#128_53765.0#53765.0#128
54000 60000 562.8435839845333 906.1927360025778 124.68692400032836 999.3759999998729 729.831298828125 52798.84321713714 3546202.4188599098 4050.0 128.0 53767.0#53767.0#3000_55270.0#55270.0#4400_57264.0#57264.0#4400_58963.0#58963.0#4400 55266.0#55266.0#128_57264.0#57264.0#128_59038.0#59038.0#128
60000 66000 70.10530664067483 847.1278133370464 281.5975751068343 999.9720000000088 268.4777011718834 49204.520198075 3557651.9451827398 4400.0 128.0 58963.0#58963.0#4400_60770.0#60770.0#4400_63266.0#63266.0#4400_65341.0#65341.0#4400 60768.0#60768.0#128_63264.0#63264.0#128_64758.0#64758.0#128
66000 72000 385.989935546997 802.0014377790004 288.63717294927784 999.0249999999651 322.5010078125051 54955.529565608915 3741829.9975721976 4400.0 128.0 65341.0#65341.0#4400_66736.0#66736.0#4400_68517.0#68517.0#4400_70610.0#70610.0#4400 66661.0#66661.0#128_68565.0#68565.0#128_70608.0#70608.0#128
72000 78000 139.88214648439316 837.1596933593725 257.9174002986965 999.8940000000293 394.98291015625 47043.20678307061 3392251.677611069 4400.0 128.0 70610.0#70610.0#4400_72619.0#72619.0#4400_74764.0#74764.0#4400_76622.0#76622.0#4400 72617.0#72617.0#128_74762.0#74762.0#128_76619.0#76619.0#128
78000 84000 422.95591015624814 929.507348307292 159.33348126304566 999.8429999999935 604.8530898437602 49272.25085079581 3449719.1286225533 4400.0 128.0 76622.0#76622.0#4400_78639.0#78639.0#4400_80157.0#80157.0#4400_82268.0#82268.0#4400 78637.0#78637.0#128_80165.0#80165.0#128_82265.0#82265.0#128
84000 90000 552.3990097656497 907.9334983723917 220.48997063444676 999.695000000007 457.864990234375 53236.89805658666 3872067.191183241 4400.0 128.0 84659.0#84659.0#4400_86626.0#86626.0#4400_87932.0#87932.0#4400_89738.0#89738.0#4400 84657.0#84657.0#128_85757.0#85757.0#128_87993.0#87993.0#128_89745.0#89745.0#128
90000 96000 734.0999121094355 752.2714411272235 321.44893945536444 999.6359999999986 233.705078125 48370.91482995438 3326136.4399227863 4400.0 128.0 89738.0#89738.0#4400_91759.0#91759.0#4400_93765.0#93765.0#4400_95384.0#95384.0#4400 91759.0#91759.0#128_93763.0#93763.0#128_95423.0#95423.0#128
96000 102000 14.630808593821712 855.0527416294541 290.68843804909585 999.7660000000033 225.8012695311918 51020.88226177362 3660584.734430381 4400.0 128.0 95384.0#95384.0#4400_97767.0#97767.0#4400_99453.0#99453.0#4400_101161.0#101161.0#4400 97765.0#97765.0#128_99544.0#99544.0#128_101260.0#101260.0#128
102000 108000 19.45901953120483 854.3629972098279 294.80440082837293 999.9899999999907 213.78125 50218.441232144876 3637004.801413498 4400.0 128.0 101161.0#101161.0#4400_103262.0#103262.0#4400_105242.0#105242.0#4400_107265.0#107265.0#4400 103260.0#103260.0#128_105259.0#105259.0#128_107262.0#107262.0#128
108000 114000 578.3412753907032 903.6097874348828 146.5592331605235 999.984999999986 676.198974609375 46508.13146637812 3309552.059954455 4400.0 128.0 107265.0#107265.0#4400_109268.0#109268.0#4400_110847.0#110847.0#4400_113263.0#113263.0#4400 109265.0#109265.0#128_110758.0#110758.0#128_113261.0#113261.0#128
114000 120000 293.90692968753865 815.1561529017802 293.6082790829193 999.5620000000345 323.5760253906483 55300.04894939552 3833730.5042272345 4400.0 128.0 113263.0#113263.0#4400_114754.0#114754.0#4400_116601.0#116601.0#4400_118603.0#118603.0#4400 114766.0#114766.0#128_116601.0#116601.0#128_118601.0#118601.0#128
120000 126000 573.3640761720017 775.2337034039998 274.85560490950627 998.7489999999525 410.91796875 45054.560944618876 3156634.8844144316 4400.0 128.0 118603.0#118603.0#4400_120314.0#120314.0#4400_122559.0#122559.0#4400_124766.0#124766.0#4400 120354.0#120354.0#128_122557.0#122557.0#128_124763.0#124763.0#128
126000 132000 81.25706054677721 845.5347056361746 251.74079400374245 999.8240000000806 387.305908203125 55565.28412923199 3997568.049941846 4400.0 128.0 124766.0#124766.0#4400_126496.0#126496.0#4400_128648.0#128648.0#4400_130237.0#130237.0#4400_131856.0#131856.0#4400 126258.0#126258.0#128_128645.0#128645.0#128_130257.0#130257.0#128_131863.0#131863.0#128
132000 138000 822.6489374999655 862.8918437500057 164.8156180131878 999.4310000000405 611.258091796888 55107.757414915985 3529247.5554312007 4400.0 128.0 131856.0#131856.0#4400_134269.0#134269.0#4400_136094.0#136094.0#4400_137768.0#137768.0#4400 131863.0#131863.0#128_134265.0#134265.0#128_136151.0#136151.0#128_137762.0#137762.0#128
138000 144000 21.212025390705094 854.1125678013278 277.7325352795676 999.9629999999888 271.6430292968871 54297.827183082 3564708.7557126814 4400.0 128.0 137768.0#137768.0#4400_139766.0#139766.0#4400_141760.0#141760.0#4400_143622.0#143622.0#4400 139762.0#139762.0#128_141759.0#141759.0#128_143636.0#143636.0#128
144000 150000 783.7186972656054 745.1830432477707 344.9606424069155 999.6800000000512 236.729248046875 52165.637973198885 3587276.2302590883 4400.0 128.0 143622.0#143622.0#4400_145401.0#145401.0#4400_147272.0#147272.0#4400_149765.0#149765.0#4400 145479.0#145479.0#128_147270.0#147270.0#128_149762.0#149762.0#128
150000 156000 15.411365234525874 854.9412335379249 288.33888377957953 999.4369999999763 232.8798828125 59302.129681568265 3899855.822753207 4400.0 128.0 149765.0#149765.0#4400_151264.0#151264.0#4400_153264.0#153264.0#4400_155056.0#155056.0#4400 151263.0#151263.0#128_153262.0#153262.0#128_155141.0#155141.0#128
156000 162000 607.3268183593755 898.7788636067708 123.9366935521851 999.119000000006 727.716064453125 54592.11978888286 3639115.9987451714 4400.0 128.0 155056.0#155056.0#4400_156766.0#156766.0#4400_159264.0#159264.0#4400_160798.0#160798.0#4400 156764.0#156764.0#128_159263.0#159263.0#128_160757.0#160757.0#128
162000 168000 394.8259921875433 800.7391439732081 317.0023712795381 999.8420000000042 271.1949355468969 51697.981814236126 3377569.9639064707 4400.0 128.0 160798.0#160798.0#4400_162601.0#162601.0#4400_164626.0#164626.0#4400_166604.0#166604.0#4400 162599.0#162599.0#128_164624.0#164624.0#128_166602.0#166602.0#128
168000 174000 57.041013671900146 848.9941409040142 261.69412340605487 998.8800000000047 367.8100585936918 53900.98343081204 3650029.054954704 4400.0 128.0 166604.0#166604.0#4400_168609.0#168609.0#4400_170759.0#170759.0#4400_172630.0#172630.0#4400 168607.0#168607.0#128_170759.0#170759.0#128_172629.0#172629.0#128
174000 180000 26.045966796926223 853.4220047432963 259.7878996225986 999.1350000000093 352.319091796875 54231.85754959182 3761888.7850311603 4400.0 128.0 172630.0#172630.0#4400_174281.0#174281.0#4400_176265.0#176265.0#4400_178017.0#178017.0#4400 174259.0#174259.0#128_176263.0#176263.0#128_178024.0#178024.0#128
180000 186000 202.03421093744691 828.2808270089362 290.15286001699786 999.2069999999949 236.827880859375 50448.69442247102 3338765.8072019815 4400.0 128.0 180266.0#180266.0#4400_182660.0#182660.0#4400_184116.0#184116.0#4400_185764.0#185764.0#4400 180265.0#180265.0#128_182658.0#182658.0#128_184164.0#184164.0#128_185762.0#185762.0#128
186000 192000 393.3517656250624 800.9497477678482 308.1356633423421 999.8889999999665 163.693115234375 54552.64037179811 3463145.269726296 4400.0 128.0 185764.0#185764.0#4400_187766.0#187766.0#4400_189437.0#189437.0#4400_191759.0#191759.0#4400 187765.0#187765.0#128_189472.0#189472.0#128_191758.0#191758.0#128
192000 198000 30.21504101564642 852.8264227120505 316.7083676834868 999.6620000000112 147.97607421875 57808.32299874599 4008384.8050064403 4400.0 128.0 191759.0#191759.0#4400_193601.0#193601.0#4400_195358.0#195358.0#4400_197264.0#197264.0#4400 193665.0#193665.0#128_195434.0#195434.0#128_197263.0#197263.0#128
198000 204000 688.2360351562966 885.2939941406172 133.2575699267067 998.185999999987 681.5400390625 46544.129404683954 3297821.041162505 4400.0 128.0 197264.0#197264.0#4400_199277.0#199277.0#4400_201269.0#201269.0#4400_203263.0#203263.0#4400 199274.0#199274.0#128_201267.0#201267.0#128_203262.0#203262.0#128
204000 210000 21.904728515655734 854.0136102120492 266.18894650724116 999.6469999999972 318.45496093749534 54150.21634378409 3955567.67741306 4400.0 128.0 203263.0#203263.0#4400_205098.0#205098.0#4400_206947.0#206947.0#4400_208632.0#208632.0#4400 205191.0#205191.0#128_206759.0#206759.0#128_208628.0#208628.0#128
210000 216000 344.03821289062034 807.9945410156257 287.45426651168 999.8050000000512 331.19168945308775 48614.818244832815 3334920.263778184 4400.0 128.0 208632.0#208632.0#4400_210766.0#210766.0#4400_212631.0#212631.0#4400_214723.0#214723.0#4400 210763.0#210763.0#128_212628.0#212628.0#128_214721.0#214721.0#128
216000 222000 635.1927812498761 766.4010312500177 385.3289774937227 999.8660000000382 103.97490234370343 46361.483184174394 3065449.3955049543 4400.0 128.0 214723.0#214723.0#4400_216761.0#216761.0#4400_218603.0#218603.0#4400_220766.0#220766.0#4400 216759.0#216759.0#128_218603.0#218603.0#128_220764.0#220764.0#128
222000 228000 32.09125390625559 852.5583922991063 268.69390430174525 999.3560000000289 304.9140625 53564.46808812163 3831136.102859326 4400.0 128.0 220766.0#220766.0#4400_222703.0#222703.0#4400_224189.0#224189.0#4400_226268.0#226268.0#4400 222258.0#222258.0#128_224256.0#224256.0#128_226265.0#226265.0#128
228000 234000 535.8447656248463 780.5936049107362 301.919542075708 999.26800000004 238.779296875 54941.85631053437 3712023.4960172493 4400.0 128.0 228270.0#228270.0#4400_229877.0#229877.0#4400_231763.0#231763.0#4400_233762.0#233762.0#4400 228267.0#228267.0#128_229930.0#229930.0#128_231761.0#231761.0#128_233761.0#233761.0#128
234000 240000 89.88433398434427 844.3022380022365 304.09424984931934 999.6879999999655 183.636962890625 50524.95783260233 3622899.69157295 4400.0 128.0 233762.0#233762.0#4400_235670.0#235670.0#4400_237767.0#237767.0#4400_239774.0#239774.0#4400 235761.0#235761.0#128_237765.0#237765.0#128_239768.0#239768.0#128
240000 246000 43.151644531288184 850.9783364955302 307.5842063206553 996.6550000000279 170.601318359375 55814.16361599849 4026730.3641054886 4400.0 128.0 239774.0#239774.0#4400_241403.0#241403.0#4400_243563.0#243563.0#4400_245216.0#245216.0#4400 241464.0#241464.0#128_243563.0#243563.0#128_245248.0#245248.0#128
246000 252000 651.1994296874618 891.4667617187564 120.56179048931791 999.4420000000391 731.535888671875 44220.68063168094 3210868.961229559 4400.0 128.0 245216.0#245216.0#4400_247262.0#247262.0#4400_248993.0#248993.0#4400_251274.0#251274.0#4400 247262.0#247262.0#128_249261.0#249261.0#128_251267.0#251267.0#128
252000 258000 40.770933593739755 851.3184380580371 277.5760031054811 999.60699999996 267.96011132816784 55637.554807381566 3868703.8199032447 4400.0 128.0 251274.0#251274.0#4400_252945.0#252945.0#4400_254763.0#254763.0#4400_256601.0#256601.0#4400 252955.0#252955.0#128_254762.0#254762.0#128_256599.0#256599.0#128
258000 264000 413.14996875007637 798.1214330357034 331.95451867825136 998.6169999999693 219.69104492187034 52431.25043878515 3442883.3146645767 4400.0 128.0 256601.0#256601.0#4400_258762.0#258762.0#4400_260615.0#260615.0#4400_262600.0#262600.0#4400 258761.0#258761.0#128_260614.0#260614.0#128_262599.0#262599.0#128
264000 270000 73.99295507802162 846.5724349888541 249.99148320550933 999.1230000000214 404.33203125 53274.19594609993 3586048.9626343283 4400.0 128.0 262600.0#262600.0#4400_264601.0#264601.0#4400_266764.0#266764.0#4400_268328.0#268328.0#4400 264599.0#264599.0#128_266763.0#266763.0#128_268374.0#268374.0#128
270000 276000 61.71314257802442 848.3266939174251 253.23800459458766 999.5969999999506 386.660888671875 54231.946254954644 3673834.274453105 4400.0 128.0 270606.0#270606.0#4400_272230.0#272230.0#4400_273876.0#273876.0#4400 270606.0#270606.0#128_272238.0#272238.0#128_273885.0#273885.0#128
276000 282000 557.4008886718657 907.0998518880224 158.6531683117886 999.4520000000484 613.1581113281427 48872.164396978544 3307346.920485194 4400.0 128.0 276272.0#276272.0#4400_278262.0#278262.0#4400_279849.0#279849.0#4400 276269.0#276269.0#128_278260.0#278260.0#128_279759.0#279759.0#128
282000 288000 919.7150429686299 846.7141595052284 305.51285890503385 999.6700000000419 233.98095703125 50563.59127739051 3666410.885454593 4400.0 128.0 282606.0#282606.0#4400_284159.0#284159.0#4400_285831.0#285831.0#4400_287766.0#287766.0#4400 282605.0#282605.0#128_283757.0#283757.0#128_285761.0#285761.0#128_287765.0#287765.0#128
288000 294000 52.99605273432098 849.5719924665256 297.60944467190245 999.9560000000056 204.076904296875 47662.66932068225 3421263.2514043353 4400.0 128.0 287766.0#287766.0#4400_289309.0#289309.0#4400_291271.0#291271.0#4400_293762.0#293762.0#4400 289365.0#289365.0#128_291269.0#291269.0#128_293760.0#293760.0#128
294000 300000 19.950953124905936 854.2927209821563 299.28744050085334 999.5969999999506 197.574951171875 55294.016540728626 4091463.9480628716 4400.0 128.0 293762.0#293762.0#4400_295464.0#295464.0#4400_297076.0#297076.0#4400_298879.0#298879.0#4400 295261.0#295261.0#128_297085.0#297085.0#128_298887.0#298887.0#128
