ts te idle avg_span std_span max_span min_span c_bytes_all s_bytes_all avg_video_rate avg_audio_rate video_requests_sequence audio_requests_sequence
0 3000 3000.0 0.0 0.0 0.0 0.0 0.0 0.0 0.0 0.0 - -
3000 6000 3000.0 0.0 0.0 0.0 0.0 0.0 0.0 0.0 0.0 - -
6000 9000 3000.0 0.0 0.0 0.0 0.0 0.0 0.0 0.0 0.0 - -
9000 12000 3000.0 0.0 0.0 0.0 0.0 0.0 0.0 0.0 0.0 - -
12000 15000 1757.334681640612 414.2217727864627 507.4739983551212 999.375 94.68900000001304 21336.72868766408 1169853.8200422733 2300.0 128.0 13857.0#13857.0#2300_14661.0#14661.0#2300 13848.0#13848.0#128_14685.0#14685.0#128
15000 18000 6.508339843770955 748.3729150390573 407.4384824834931 998.515000000014 146.177978515625 33698.61969420074 2310903.540103459 2300.0 128.0 14661.0#14661.0#2300_15423.0#15423.0#2300_16251.0#16251.0#2300_17009.0#17009.0#2300_17767.0#17767.0#2300 15435.0#15435.0#128_16341.0#16341.0#128_17047.0#17047.0#128_17872.0#17872.0#128
18000 21000 8.272714843798894 747.9318212890503 410.8988860262288 999.8969999999972 140.395263671875 34054.0317055706 2498977.5563257323 2300.0 128.0 17767.0#17767.0#2300_18368.0#18368.0#2300_19083.0#19083.0#2300_19723.0#19723.0#2300_20684.0#20684.0#2300 17872.0#17872.0#128_18430.0#18430.0#128_19136.0#19136.0#128_19821.0#19821.0#128_20705.0#20705.0#128
21000 24000 492.2761816406273 626.9309545898432 446.0268444570716 999.2110000000102 108.43408203125 22580.063892752536 1402053.6066562817 3700.0 128.0 20684.0#20684.0#2300_22093.0#22093.0#2300_23390.0#23390.0#6500 22092.0#22092.0#128_23382.0#23382.0#128
24000 27000 9.494138671900146 747.626465332025 433.51966910215447 999.0270000000019 101.866943359375 33288.00563916779 2564693.3152561113 6500.0 128.0 23390.0#23390.0#6500_25515.0#25515.0#6500 25535.0#25535.0#128
27000 30000 46.51395703124581 738.3715107421885 444.9849329748408 999.6219999999739 76.135986328125 27675.718035958475 2238838.64138063 6500.0 128.0 25515.0#25515.0#6500_28118.0#28118.0#6500_29952.0#29952.0#6500 28110.0#28110.0#128_29363.0#29363.0#128
30000 33000 7.938667968672235 748.0153330078319 452.6868362174833 999.4420000000391 71.101318359375 33454.41582890832 2719988.2952065007 6500.0 128.0 28118.0#28118.0#6500_29952.0#29952.0#6500_31945.0#31945.0#6500 31367.0#31367.0#128
33000 36000 76.6354062500177 730.8411484374956 481.5281849860521 999.2629999999772 10.159912109375 28137.74613615187 2366958.544116633 6500.0 128.0 31945.0#31945.0#6500_34018.0#34018.0#6500 34014.0#34014.0#128
36000 39000 6.206982421805151 748.4482543945487 494.3227407927924 999.4160000000265 7.0029296875 28385.64563523623 2472806.9580123103 6500.0 128.0 36153.0#36153.0#6500_37989.0#37989.0#6500 36148.0#36148.0#128_37368.0#37368.0#128
39000 42000 7.259611328074243 748.1850971679814 498.06609229733635 999.8350000000792 1.101318359375 29189.942553008175 2577112.736722989 6500.0 128.0 37989.0#37989.0#6500_40056.0#40056.0#6500 39375.0#39375.0#128_40868.0#40868.0#128
42000 45000 8.149318359442987 997.2835605468523 1.2712328605129473 998.6579999999958 996.1499999999651 30461.08219138119 2585693.986177079 6500.0 128.0 40056.0#40056.0#6500_42012.0#42012.0#6500_43987.0#43987.0#6500 42864.0#42864.0#128_44866.0#44866.0#128
45000 48000 6.34988281247206 997.8833723958427 0.7692595377119611 998.3310000000056 996.9951171875 30908.86697699737 2730558.9204810644 6500.0 128.0 43987.0#43987.0#6500_45678.0#45678.0#6500_47424.0#47424.0#6500 44866.0#44866.0#128_46867.0#46867.0#128
48000 51000 7.883095703145955 748.0292260742135 498.55884064407553 999.9550000000163 0.2078828124795109 28790.66287356786 2634983.5492023616 6500.0 128.0 47424.0#47424.0#6500_49218.0#49218.0#6500 48868.0#48868.0#128
51000 54000 1110.4859121094341 472.37852197264147 411.94349118513355 995.5999999999767 6.819978515617549 19263.742528070135 1475067.4617003864 6500.0 128.0 49218.0#49218.0#6500_52690.0#52690.0#6500 52686.0#52686.0#128_52888.0#52888.0#128
54000 57000 18.901121093833353 745.2747197265417 292.2632425987459 998.3629999999539 463.4988906250219 35198.0701029291 2676769.560536236 5800.0 128.0 52690.0#52690.0#6500_54301.0#54301.0#6500_56401.0#56401.0#4400 54375.0#54375.0#128
57000 60000 5.363095703010913 748.6592260742473 289.925387186427 999.5630000000237 475.07101171882823 35542.97442719372 2612756.7457234105 4400.0 128.0 56401.0#56401.0#4400_57563.0#57563.0#4400_58905.0#58905.0#4400 57588.0#57588.0#128_59045.0#59045.0#128
60000 63000 7.4269218749250285 748.1432695312687 289.52649954868104 999.6469999999972 477.4251074218773 34155.711107070165 2423306.4596617073 5100.0 128.0 58905.0#58905.0#4400_60130.0#60130.0#4400_61900.0#61900.0#6500 60067.0#60067.0#128_61892.0#61892.0#128
63000 66000 20.938015624939 744.7654960937653 294.1659531802546 999.4969999999739 478.60302929690806 30873.215733324818 2453940.2348401695 6500.0 128.0 61900.0#61900.0#6500_64026.0#64026.0#6500_65899.0#65899.0#6500 64047.0#64047.0#128
66000 69000 3.4280566406669095 749.1429858398333 289.23670159290157 999.7999999999884 497.76904492184985 30972.514029818252 2677996.0190056753 6500.0 128.0 64026.0#64026.0#6500_65899.0#65899.0#6500_67815.0#67815.0#6500 66094.0#66094.0#128_67867.0#67867.0#128
69000 72000 8.618968750000931 747.8452578124998 289.7469081382238 999.9180000000051 494.2529296875 32085.888778913482 2566158.128197698 6500.0 128.0 67815.0#67815.0#6500_69640.0#69640.0#6500_71732.0#71732.0#6500 69887.0#69887.0#128_71882.0#71882.0#128
72000 75000 9.631679687474389 747.5920800781314 289.1979814706369 998.6390000000247 488.78125 30762.32294052992 2319425.5323046916 6500.0 128.0 71732.0#71732.0#6500_74127.0#74127.0#6500 71882.0#71882.0#128_74118.0#74118.0#128
75000 78000 7.616955078265164 748.0957612304337 289.5574128380382 999.6439999999129 484.227294921875 35191.73758488127 2680898.061518836 6500.0 128.0 74127.0#74127.0#6500_75849.0#75849.0#6500_77776.0#77776.0#6500 75898.0#75898.0#128_77867.0#77867.0#128
78000 81000 10.63635351555422 747.3409116211114 289.8289703263036 998.0770000000484 479.18994140625 34866.23150488649 2731893.918261392 6500.0 128.0 77776.0#77776.0#6500_79799.0#79799.0#6500 77867.0#77867.0#128_79391.0#79391.0#128
81000 84000 548.3290410155896 612.9177397461026 455.05455936057626 998.539999999979 111.847900390625 24132.572803313127 1949231.3009776266 6500.0 128.0 79799.0#79799.0#6500_82111.0#82111.0#6500 82107.0#82107.0#128_83373.0#83373.0#128
84000 87000 9.665996093768626 747.5835009765578 429.49500639464316 998.6030000000028 108.201904296875 36910.642293541874 2778241.3626640122 6500.0 128.0 82111.0#82111.0#6500_84022.0#84022.0#6500_85784.0#85784.0#6500 85361.0#85361.0#128_86864.0#86864.0#128
87000 90000 11.349892578145955 747.1625268554635 436.2282862094523 999.920999999973 97.31201171869179 37835.37593825062 2701100.3517221836 6500.0 128.0 85784.0#85784.0#6500_87714.0#87714.0#6500_89510.0#89510.0#6500 86864.0#86864.0#128_89367.0#89367.0#128
90000 93000 13.496089843742084 746.6259775390645 437.30399812436144 999.9729999999981 94.044921875 38618.78522146458 2631230.6842529797 6500.0 128.0 89510.0#89510.0#6500_91427.0#91427.0#6500 90863.0#90863.0#128_92863.0#92863.0#128
93000 96000 12.260617187595926 746.934845703101 440.60835831383866 998.1539999999804 89.4873046875 36806.2373186674 2856076.0428678584 6500.0 128.0 91427.0#91427.0#6500_93442.0#93442.0#6500_95261.0#95261.0#6500 92863.0#92863.0#128_94862.0#94862.0#128
96000 99000 8.64828320313245 747.8379291992169 442.89199299892806 998.484999999986 86.572021484375 37185.42809073671 2625793.066717522 6500.0 128.0 95261.0#95261.0#6500_96984.0#96984.0#6500 96361.0#96361.0#128
99000 102000 44.526117187400814 738.8684707031498 445.85096583739374 999.6350000000093 75.326904296875 28209.74243651036 1944161.4184843975 6500.0 128.0 96984.0#96984.0#6500_100083.0#100083.0#6500_101634.0#101634.0#6500 100082.0#100082.0#128_100356.0#100356.0#128
102000 105000 7.26065624988405 748.184835937529 453.23345660455345 999.5300000000279 70.479248046875 36593.63452560368 2627931.198503616 6500.0 128.0 101634.0#101634.0#6500_103700.0#103700.0#6500 102357.0#102357.0#128
105000 108000 58.61000195314409 735.347499511714 473.7754643728578 997.7380000000121 26.677246093691792 34177.69943144241 2416298.078890186 6500.0 128.0 103700.0#103700.0#6500_105986.0#105986.0#6500_107835.0#107835.0#6500 105985.0#105985.0#128_106357.0#106357.0#128
108000 111000 80.69328710943228 729.8266782226419 472.4264486153447 998.0709999999963 22.532958984375 36041.456168663295 2561224.230460002 5450.0 128.0 107835.0#107835.0#6500_109994.0#109994.0#4400 110360.0#110360.0#128
111000 114000 7.174037109420169 748.206490722645 486.5661352472417 999.9519999999902 18.544921875 35844.31606091569 2653376.160879577 4400.0 128.0 109994.0#109994.0#4400_111456.0#111456.0#4400_112869.0#112869.0#4400 111633.0#111633.0#128_113104.0#113104.0#128
114000 117000 158.2159316406469 947.2613561197844 33.97563664347746 981.1910781249753 913.239990234375 32469.37199813169 2237218.8019377342 5100.0 128.0 112869.0#112869.0#4400_114155.0#114155.0#4400_115874.0#115874.0#6500 114222.0#114222.0#128_115872.0#115872.0#128
117000 120000 19.291703124996275 745.1770742187509 441.3366647739133 997.7079999999842 86.57600976561662 32959.59738085152 2505128.5602071807 6500.0 128.0 115874.0#115874.0#6500_117748.0#117748.0#6500_119619.0#119619.0#6500 117872.0#117872.0#128_119698.0#119698.0#128
120000 123000 8.610310546879191 747.8474223632802 437.362006644945 999.2050000000163 95.7757128906087 32835.4521957633 2622747.786642286 6500.0 128.0 119619.0#119619.0#6500_121358.0#121358.0#6500 119698.0#119698.0#128_121376.0#121376.0#128
123000 126000 993.2030058593955 501.6992485351511 395.48215003549166 998.6219999999739 102.24802343751071 21467.85080382503 1688446.7745493818 6500.0 128.0 121358.0#121358.0#6500_124375.0#124375.0#6500 124375.0#124375.0#128
126000 129000 1147.6179707031697 617.4606764322767 338.4146487985923 999.3169999999809 354.67302929685684 21967.898744136106 1185327.5888098264 3166.6666666666665 128.0 124375.0#124375.0#6500_127300.0#127300.0#1500_127683.0#127683.0#1500 127296.0#127296.0#128_127860.0#127860.0#128_128001.0#128001.0#128
129000 132000 959.2838906249963 680.2387031250013 295.4240434777483 998.6940000000177 415.10999999998603 24343.81800488561 1692922.7253495916 4400.0 128.0 129371.0#129371.0#4400_131376.0#131376.0#4400 129368.0#129368.0#128_131372.0#131372.0#128
132000 135000 3.6468359375721775 749.088291015607 307.0797489036313 999.8539999999339 373.03489062498556 28415.364774638747 2097697.2752038054 4400.0 128.0 131376.0#131376.0#4400_132983.0#132983.0#4400 132869.0#132869.0#128
135000 138000 47.5563183593913 738.1109204101522 312.81406167043076 998.5709999999963 369.5477265624795 27288.368078323947 2101789.658001176 4400.0 128.0 135368.0#135368.0#4400_136864.0#136864.0#4400 135366.0#135366.0#128_136861.0#136861.0#128
138000 141000 1497.0970136718825 375.7257465820294 416.5411502635395 997.25 127.43994140625 15382.701429354074 1144121.1489718247 4400.0 128.0 136864.0#136864.0#4400_138869.0#138869.0#4400_140874.0#140874.0#4400 138867.0#138867.0#128_140871.0#140871.0#128
141000 144000 1702.3920351562556 432.53598828124814 391.7222702517442 870.3640585937537 115.25390625 13546.115579617908 1017102.5790456744 4400.0 128.0 140874.0#140874.0#4400 140871.0#140871.0#128
144000 147000 14.527826171950437 746.3680434570124 430.0315166168641 998.3169999999809 106.382080078125 29365.86364282747 2280755.171209058 4400.0 128.0 144105.0#144105.0#4400_145460.0#145460.0#4400 144100.0#144100.0#128_144865.0#144865.0#128
147000 150000 44.19799609371694 738.9505009765708 445.7829121264289 999.4340000000084 75.486083984375 24114.471333853457 1728542.890372731 4400.0 128.0 148139.0#148139.0#4400_149530.0#149530.0#4400 148138.0#148138.0#128_148859.0#148859.0#128
150000 153000 58.28513281251071 735.4287167968723 452.21674324419655 998.9309999999823 61.949951171875 31634.976678999712 2443015.5237529837 4400.0 128.0 149530.0#149530.0#4400_150800.0#150800.0#4400_152424.0#152424.0#4400 150145.0#150145.0#128_152365.0#152365.0#128
153000 156000 128.87695117184194 957.0410162760527 39.1604245655786 999.7910000000265 922.9040488281171 21337.320477499074 1713500.028093155 4400.0 128.0 152424.0#152424.0#4400_154380.0#154380.0#4400 154377.0#154377.0#128
156000 159000 119.28009570314316 960.2399680989523 58.97836415543993 996.8209999999963 892.201904296875 22824.178749398663 1948416.9305819771 4400.0 128.0 156087.0#156087.0#4400_157993.0#157993.0#4400 156084.0#156084.0#128_158019.0#158019.0#128
159000 162000 207.47165820322698 698.1320854491933 401.3951555474919 999.5679999999702 106.9570957031101 18745.77540808746 1364942.3461705977 4400.0 128.0 157993.0#157993.0#4400_160226.0#160226.0#4400_161882.0#161882.0#4400 160220.0#160220.0#128_161877.0#161877.0#128
162000 165000 44.811279296758585 738.7971801758104 411.492990347639 999.2360000000335 134.05575390631566 19057.39374460114 1639923.4183249031 4400.0 128.0 161882.0#161882.0#4400_164554.0#164554.0#4400 161877.0#161877.0#128_164545.0#164545.0#128
165000 168000 9.422058593656402 747.6444853515859 391.58779534971023 999.2210000000196 174.13303320319392 25778.477194928782 1893307.8535006652 5100.0 128.0 164554.0#164554.0#4400_165756.0#165756.0#4400_167904.0#167904.0#6500 165914.0#165914.0#128_167890.0#167890.0#128
168000 171000 10.838630859390832 747.2903422851523 387.8144086071565 999.1429999999818 180.6140917968587 28400.000242491886 2510505.3163277553 6500.0 128.0 167904.0#167904.0#6500_169906.0#169906.0#6500 167890.0#167890.0#128_169887.0#169887.0#128
171000 174000 17.998320312588476 745.5004199218529 384.2127972667128 998.204000000027 185.33972265617922 23806.510942476758 2228656.2627725787 6500.0 128.0 169906.0#169906.0#6500_171871.0#171871.0#6500 171889.0#171889.0#128
174000 177000 128.7276953125256 717.8180761718686 388.03386801394385 998.9780000000028 175.12904296879424 26337.726682447756 2635566.0958853518 6500.0 128.0 174138.0#174138.0#6500_175883.0#175883.0#6500 174131.0#174131.0#128_175376.0#175376.0#128
177000 180000 10.187160156201571 747.4532099609496 331.07569236897075 998.4519999999902 298.3967382812989 25515.395868383042 2320544.9529853766 6500.0 128.0 175883.0#175883.0#6500_177800.0#177800.0#6500 177391.0#177391.0#128
180000 183000 124.66411718749441 718.8339707031264 364.6301640175174 998.3250000000116 230.97089843748836 29091.81514391366 2619118.6692509428 6500.0 128.0 180189.0#180189.0#6500_181947.0#181947.0#6500 180184.0#180184.0#128_181400.0#181400.0#128
183000 186000 8.691951171786059 747.8270122070535 312.28170218272885 998.8870000000461 351.44401562499115 28456.087353946958 2593478.664088875 6500.0 128.0 181947.0#181947.0#6500_184037.0#184037.0#6500_185908.0#185908.0#6500 183378.0#183378.0#128_185377.0#185377.0#128
186000 189000 6.58410742203705 748.3539731444907 312.0885371341427 999.6819999999716 355.22396679688245 26477.417218151528 2612982.7700532004 6500.0 128.0 184037.0#184037.0#6500_185908.0#185908.0#6500_187587.0#187587.0#6500 186884.0#186884.0#128_188870.0#188870.0#128
189000 192000 5.705035156279337 748.5737412109302 311.11124776968586 999.5140000000247 358.42707421880914 30991.403167930108 2685650.752466945 6500.0 128.0 187587.0#187587.0#6500_189571.0#189571.0#6500_191464.0#191464.0#6500 188870.0#188870.0#128_190903.0#190903.0#128
192000 195000 13.208906250074506 746.6977734374814 310.4542438121233 999.984999999986 360.2271093749441 26333.17492895048 2585377.628251492 6500.0 128.0 191464.0#191464.0#6500_193379.0#193379.0#6500 192885.0#192885.0#128_194871.0#194871.0#128
195000 198000 99.95766406250186 725.0105839843745 307.71498390700094 997.3129999999655 368.416015625 29624.452050700063 2629875.9939192072 6500.0 128.0 193379.0#193379.0#6500_195370.0#195370.0#6500_197165.0#197165.0#6500 194871.0#194871.0#128_196876.0#196876.0#128
198000 201000 6.208017578115687 748.4479956054711 292.7174247605735 998.6030000000028 431.4486796874553 30484.393388864828 2674692.845173813 6500.0 128.0 197165.0#197165.0#6500_199122.0#199122.0#6500 198891.0#198891.0#128_200376.0#200376.0#128
201000 204000 6.2262402343330905 748.4434399414167 294.07024794245166 999.9320000000298 431.06869726558216 28599.304837121366 2709924.351328397 6500.0 128.0 199122.0#199122.0#6500_201081.0#201081.0#6500_202951.0#202951.0#6500 202255.0#202255.0#128
204000 207000 12.709130859351717 746.8227172851621 292.7131419610037 997.6629999999423 434.53793750004843 26923.474305380696 2582027.9269806882 6500.0 128.0 202951.0#202951.0#6500_205022.0#205022.0#6500_206891.0#206891.0#6500 204397.0#204397.0#128_206247.0#206247.0#128
207000 210000 9.786843750043772 747.5532890624891 294.6276561586673 999.7439999999478 438.9100683593424 27001.667356626996 2668165.1257371996 6500.0 128.0 205022.0#205022.0#6500_206891.0#206891.0#6500_208517.0#208517.0#6500 208377.0#208377.0#128
210000 213000 11.257191406213678 747.1857021484466 293.10765950575706 999.5069999999832 445.2729121093871 29919.654360015826 2620664.8809413067 6500.0 128.0 208517.0#208517.0#6500_210462.0#210462.0#6500_212301.0#212301.0#6500 210065.0#210065.0#128_211874.0#211874.0#128
213000 216000 13.74179296870716 746.5645517578232 294.24615521678993 999.8410000000149 451.1341035156511 29021.595613017485 2604929.7234900063 6500.0 128.0 212301.0#212301.0#6500_214100.0#214100.0#6500 213892.0#213892.0#128_215877.0#215877.0#128
216000 219000 218.69881640630774 695.3252958984231 346.63169115339485 996.8490000000456 338.269287109375 24086.63244987116 2142813.880012334 6500.0 128.0 214100.0#214100.0#6500_216104.0#216104.0#6500_218170.0#218170.0#6500 215877.0#215877.0#128_218078.0#218078.0#128
219000 222000 5.030187500058673 748.7424531249853 318.98407645818577 999.7909999999683 334.402099609375 29971.522642986532 2526783.6981561077 6500.0 128.0 218170.0#218170.0#6500_220714.0#220714.0#6500 219373.0#219373.0#128_221380.0#221380.0#128
222000 225000 5.575826171902008 748.6060434570245 319.49495437100273 999.3149999999441 331.4052734375 31996.88022468258 2728981.551252511 6500.0 128.0 220714.0#220714.0#6500_222647.0#222647.0#6500_224249.0#224249.0#6500 223390.0#223390.0#128
225000 228000 14.47122070309706 746.3821948242257 323.9922443752147 999.9860000000335 322.404052734375 24609.210797341802 2565596.799899558 6500.0 128.0 224249.0#224249.0#6500_226179.0#226179.0#6500 225369.0#225369.0#128
228000 231000 8.667109375121072 747.8332226562197 324.4073503713385 999.2879999999423 318.616943359375 26927.79999555816 2551331.7654282 6500.0 128.0 226179.0#226179.0#6500_228326.0#228326.0#6500_230150.0#230150.0#6500 228118.0#228118.0#128_229383.0#229383.0#128_230896.0#230896.0#128
231000 234000 10.89506445301231 747.2762338867469 326.0013648553742 999.6790000000037 313.65087890625 26266.555131424106 2619437.4550738917 6500.0 128.0 230150.0#230150.0#6500_232148.0#232148.0#6500 230896.0#230896.0#128_233016.0#233016.0#128
234000 237000 919.6549101562705 693.4483632812431 447.2069438792423 995.8129999999655 179.73912109376397 20471.596602350473 1863509.4906428372 5100.0 128.0 232148.0#232148.0#6500_235095.0#235095.0#4400_236145.0#236145.0#4400 236405.0#236405.0#128
237000 240000 1094.6429941407405 476.3392514648149 448.32148037210885 996.8179999999702 94.24303124996368 19482.034243259593 1725579.8155164393 4400.0 128.0 236145.0#236145.0#4400_237304.0#237304.0#4400 237385.0#237385.0#128
240000 243000 55.46695117186755 736.1332622070331 440.1107538994082 999.1679999999469 79.8740234375 32365.43900818427 2325338.5814363123 5100.0 128.0 240048.0#240048.0#4400_241280.0#241280.0#4400_242763.0#242763.0#6500 240044.0#240044.0#128_240881.0#240881.0#128_242806.0#242806.0#128
243000 246000 1032.9240234375466 655.6919921874845 525.583384966429 999.5709999999963 50.68400000000838 18003.430346905854 1715032.4543505309 6500.0 128.0 242763.0#242763.0#6500 242806.0#242806.0#128
246000 249000 2802.390999999945 197.60900000005495  197.60900000005495 197.60900000005495 753.0 3619.0 0.0 0.0 - -
249000 252000 532.8759277343052 822.3746907552317 186.05724798148827 999.7070000000531 628.674072265625 32276.870550611766 2208027.966321068 2300.0 128.0 249410.0#249410.0#2300_250368.0#250368.0#2300_250822.0#250822.0#2300_251580.0#251580.0#2300 249389.0#249389.0#128_250877.0#250877.0#128_251311.0#251311.0#128_251889.0#251889.0#128
252000 255000 625.8021074219141 593.5494731445215 425.59549304655275 998.8719999999739 106.43896484375 26630.72981638788 1890334.159591742 3700.0 128.0 251580.0#251580.0#2300_252463.0#252463.0#2300_253913.0#253913.0#6500 251889.0#251889.0#128_252646.0#252646.0#128_253894.0#253894.0#128
255000 258000 79.30498828121927 730.1737529296952 442.0340661734543 999.25 71.5009765625 28922.02447247129 2408363.1777808643 6500.0 128.0 253913.0#253913.0#6500_255786.0#255786.0#6500 255871.0#255871.0#128
258000 261000 7.257013671915047 748.1857465820212 454.86300187445516 999.609000000055 67.886962890625 35057.616750344336 2490983.033905276 6500.0 128.0 258132.0#258132.0#6500_259856.0#259856.0#6500 258127.0#258127.0#128_259883.0#259883.0#128
261000 264000 5.866001953254454 748.5334995116864 457.7431280397872 999.7049999999581 63.5849609375 34741.29073043203 2593190.92280353 6500.0 128.0 259856.0#259856.0#6500_261732.0#261732.0#6500_263568.0#263568.0#6500 261760.0#261760.0#128_263797.0#263797.0#128
264000 267000 6.637873046915047 748.3405317382712 459.664601774678 999.408000000054 60.340087890625 31670.102109044074 2658477.7122318493 6500.0 128.0 263568.0#263568.0#6500_265529.0#265529.0#6500 263797.0#263797.0#128_265370.0#265370.0#128
267000 270000 7.366125000058673 748.1584687499853 462.753417695083 999.6729999999516 55.386962890625 30249.28565909017 2690785.812580371 6500.0 128.0 265529.0#265529.0#6500_267493.0#267493.0#6500_269308.0#269308.0#6500 267367.0#267367.0#128_269374.0#269374.0#128
270000 273000 8.384966796846129 747.9037583007885 464.76470664969946 998.3800000000047 51.77099609375 27264.87395560643 2611928.974143252 6500.0 128.0 269308.0#269308.0#6500_271434.0#271434.0#6500 271384.0#271384.0#128
273000 276000 10.390017578145489 747.4024956054636 469.56144899020376 999.4869999999646 44.052978515625 27376.35410705299 2418151.050319048 6500.0 128.0 271434.0#271434.0#6500_273399.0#273399.0#6500_275335.0#275335.0#6500 273396.0#273396.0#128_275392.0#275392.0#128
276000 279000 7.364902343717404 748.1587744140706 472.8673368786634 999.2750000000233 39.528076171875 30602.68257457089 2799694.465381034 6500.0 128.0 275335.0#275335.0#6500_277116.0#277116.0#6500_278991.0#278991.0#6500 277383.0#277383.0#128
279000 282000 17.07199218752794 745.732001953118 477.97361348609377 999.3000000000466 29.236083984375 29659.36048873725 2447620.619880777 6500.0 128.0 277116.0#277116.0#6500_278991.0#278991.0#6500_281184.0#281184.0#6500 279342.0#279342.0#128_281236.0#281236.0#128
282000 285000 141.06313476560172 952.9789550781328 16.176660706239286 969.8859160155989 937.64794921875 22458.372870298204 1757885.720862911 6500.0 128.0 281184.0#281184.0#6500_284107.0#284107.0#6500 284103.0#284103.0#128_284872.0#284872.0#128
285000 288000 6.003865234320983 748.4990336914198 458.789431698323 999.4200000000419 61.77105078124441 29075.645150278615 2634112.438421989 6500.0 128.0 284107.0#284107.0#6500_286104.0#286104.0#6500_287975.0#287975.0#6500 284872.0#284872.0#128_286866.0#286866.0#128
288000 291000 14.574826171854511 746.3562934570364 456.017671032289 996.9449999999488 63.896916015655734 30014.407945771236 2695956.748224774 6500.0 128.0 286104.0#286104.0#6500_287975.0#287975.0#6500_290054.0#290054.0#6500 288871.0#288871.0#128_290874.0#290874.0#128
291000 294000 11.153361328062601 747.2116596679843 453.4930896610615 997.5810000000056 68.89574218750931 29403.97816840756 2670444.366602584 6500.0 128.0 290054.0#290054.0#6500_291988.0#291988.0#6500_293770.0#293770.0#6500 290874.0#290874.0#128_292614.0#292614.0#128
294000 297000 6.405960937496275 748.3985097656259 452.1106364000424 999.7399999999907 72.36910351563711 28875.883955726807 2542352.6932687573 6500.0 128.0 293770.0#293770.0#6500_295772.0#295772.0#6500 294376.0#294376.0#128_296231.0#296231.0#128
297000 300000 13.754623046843335 746.5613442382892 449.4518972353338 999.0529999999562 75.04806445317809 29147.966652919557 2597838.7260413165 6500.0 128.0 295772.0#295772.0#6500_297708.0#297708.0#6500_299672.0#299672.0#6500 298462.0#298462.0#128
