ts te idle avg_span std_span max_span min_span c_ack_cnt c_ack_cnt_p c_bytes_all c_bytes_uniq s_ack_cnt s_ack_cnt_p s_bytes_all s_bytes_uniq avg_video_rate avg_audio_rate video_requests_sequence audio_requests_sequence
0 1000 1000.0 0.0 0.0 0.0 0.0 0.0 0.0 0.0 0.0 0.0 0.0 0.0 0.0 0.0 0.0 - -
1000 2000 1000.0 0.0 0.0 0.0 0.0 0.0 0.0 0.0 0.0 0.0 0.0 0.0 0.0 0.0 0.0 - -
2000 3000 1000.0 0.0 0.0 0.0 0.0 0.0 0.0 0.0 0.0 0.0 0.0 0.0 0.0 0.0 0.0 - -
3000 4000 1000.0 0.0 0.0 0.0 0.0 0.0 0.0 0.0 0.0 0.0 0.0 0.0 0.0 0.0 0.0 - -
4000 5000 1000.0 0.0 0.0 0.0 0.0 0.0 0.0 0.0 0.0 0.0 0.0 0.0 0.0 0.0 0.0 - -
5000 6000 1000.0 0.0 0.0 0.0 0.0 0.0 0.0 0.0 0.0 0.0 0.0 0.0 0.0 0.0 0.0 - -
6000 7000 1000.0 0.0 0.0 0.0 0.0 0.0 0.0 0.0 0.0 0.0 0.0 0.0 0.0 0.0 0.0 - -
7000 8000 243.883056640625 406.0340419921886 288.4002558301067 732.244999999999 29.419000000005326 64.98513760531262 56.756366689183274 7518.909453220941 7518.909453220941 96.04194564971675 10.305027888172438 114325.55728677707 94339.9154737457 2300.0 128.0 7569.0#7569.0#2300_7571.0#7571.0#2300 7563.0#7563.0#128_7567.0#7567.0#128
8000 9000 66.39609570312314 356.0304422433037 119.36201700398934 515.4669414062482 143.22699999999895 85.2992133212055 77.73649242159755 6333.47245088611 6333.47245088611 132.89403125363867 9.345411875304018 180610.8673613858 158414.22904832687 1294.0 128.0 7569.0#7569.0#2300_7571.0#7571.0#2300_8615.0#8615.0#288_8619.0#8619.0#288 8612.0#8612.0#128
9000 10000 0.0 431.5341347656244 172.5739013979612 611.2937031250003 95.07300000000032 91.20560704924917 84.70809716713131 5944.737830585247 5944.737830585247 134.1611402442819 7.638561934378689 189541.76431908563 175083.36477648953 288.0 128.0 8619.0#8619.0#288_9261.0#9261.0#288 9631.0#9631.0#128
10000 11000 5.944837890623603 384.26878125000076 232.78227803993278 640.7219101562514 83.882080078125 43.968706161368864 42.127821638345296 1547.1145770667017 1547.1145770667017 82.80420013765384 1.8408845230235729 125954.45400956554 95201.14653839807 288.0 128.0 8619.0#8619.0#288_10341.0#10341.0#288_10915.0#10915.0#288 10351.0#10351.0#128
11000 12000 0.0 408.1703187499996 295.38190168017127 823.7830000000031 56.266999999999825 65.3050117634734 62.434897984352105 2391.765688241 2391.765688241 96.21509379544027 2.8701137791212843 137901.33253621 92855.34416303983 288.0 128.0 10341.0#10341.0#288_10915.0#10915.0#288 11138.0#11138.0#128
12000 13000 37.959929687502154 342.50538151041593 289.2073087630839 642.5190742187478 65.47607421875 27.322449939631284 26.54530664190668 653.1889417375303 653.1889417375303 38.25357248130555 0.7771432977246049 52194.41494952397 39993.02235647324 288.0 128.0 10341.0#10341.0#288_12919.0#12919.0#288 12934.0#12934.0#128
13000 14000 0.0 411.9433671874998 380.6598562049732 931.9049257812512 63.468994140625 111.09266071227023 106.10195269655884 4173.933444218488 4173.933444218488 149.495735916508 4.990708015711428 199439.04539348613 175480.29248939312 288.0 128.0 12919.0#12919.0#288_13387.0#13387.0#288 12934.0#12934.0#128_13505.0#13505.0#128
14000 15000 0.0 488.97152148437453 389.62032657963636 933.8230058593763 62.68603515625 93.60421157817873 90.28014774928135 2792.248030757385 2792.248030757385 133.41803764255286 3.3240638288973865 179892.72038015255 167861.60441254752 288.0 128.0 13387.0#13387.0#288_14076.0#14076.0#288_14617.0#14617.0#288 14085.0#14085.0#128_14625.0#14625.0#128
15000 16000 0.0 499.787585937501 163.18656855218538 700.1140429687512 284.294921875 138.03696946317626 134.5496277467048 2913.205344682706 2913.205344682706 166.1154673315731 3.487341716471473 241386.51839742577 198524.31597170822 288.0 128.0 14617.0#14617.0#288_15095.0#15095.0#288_15546.0#15546.0#288 14625.0#14625.0#128_15728.0#15728.0#128
16000 17000 0.0 439.5153124999997 228.3938404861649 697.2900781249991 262.3798828125 48.29644480678675 45.88411900485727 2019.5038840730062 2019.5038840730062 60.62526022608317 2.412325801929485 80286.65108015138 63169.03667282747 288.0 128.0 16639.0#16639.0#288 15728.0#15728.0#128_16672.0#16672.0#128
17000 18000 30.262884765623312 535.4380462239593 239.16175617835498 707.4141171875017 262.322998046875 61.51332091029391 59.24193023993362 1895.817952650408 1895.817952650408 86.70903528094999 2.271390670360294 116446.0398611585 88580.09367197269 288.0 128.0 16639.0#16639.0#288 16672.0#16672.0#128_17421.0#17421.0#128
18000 19000 0.0 446.8130364583315 255.6005636768194 735.2040019531269 248.26098632811772 43.18040622147162 41.71055296464741 1227.7148831471036 1227.7148831471036 56.77129874586246 1.4698532568242055 76130.18802404637 60073.56121381833 288.0 128.0 18642.0#18642.0#288 18641.0#18641.0#128
19000 20000 382.7351210937486 414.7179462890672 286.4446191242913 617.2648789062514 212.17101367188297 49.18986046758167 47.922687055500546 1052.3875187333726 1052.3875187333726 62.49518129443346 1.2671734120811229 84620.44640103141 61477.07321125944 288.0 128.0 18642.0#18642.0#288 18641.0#18641.0#128
20000 21000 641.947021484375 233.55843294270744 134.45545472031145 354.8312988281177 88.97000000000116 87.03999883438206 84.5969454081654 2041.6079314482085 2041.6079314482085 91.48305226059873 2.443053426216657 126379.39341551335 118759.11861881003 840.0 128.0 20643.0#20643.0#840_20644.0#20644.0#840 20641.0#20641.0#128
21000 22000 553.9542988281173 446.0457011718827  446.0457011718827 446.0457011718827 72.96000116561795 72.4030545918346 468.39206855179157 468.39206855179157 73.51694773940129 0.5569465737833431 106345.60658448667 105565.88138118999 840.0 0.0 20644.0#20644.0#840 -
22000 23000 566.6787109375 256.57903255208413 161.99714454540825 402.60009765625 82.31900000000314 84.1415718783766 81.33377947724888 2330.8715891365723 2330.8715891365723 84.1415718783766 2.807792401127721 124626.9861925946 124626.9861925946 840.0 128.0 22597.0#22597.0#840 22609.0#22609.0#128
23000 24000 405.80909765625256 594.1909023437474  594.1909023437474 594.1909023437474 82.8584281216234 81.66622052275112 990.1284108634278 990.1284108634278 82.8584281216234 1.1922075988722791 131085.0138074054 131085.0138074054 840.0 0.0 22597.0#22597.0#840 -
24000 25000 647.876708984375 170.1997695312481 158.23157535689856 347.09130859375 42.13999999999214 110.431577858703 107.68996383329231 2286.281255116286 2286.281255116286 115.99368304928319 2.7416140254106933 182491.01519615468 173317.24970182442 1500.0 128.0 24650.0#24650.0#1500_24652.0#24652.0#1500 24647.0#24647.0#128
25000 26000 411.04830859375215 588.9516914062478  588.9516914062478 588.9516914062478 141.568422141297 140.3100361667077 1045.718744883714 1045.718744883714 151.0063169507168 1.2583859745893067 250538.98480384532 234972.75029817558 1500.0 0.0 24652.0#24652.0#1500 -
26000 27000 487.89996679687465 298.9815000000017 297.31648117872453 509.21600000000035 88.74700000000303 145.0 143.0 1682.0 1682.0 238.0 2.0 380342.0 380342.0 1500.0 128.0 26159.0#26159.0#1500 26155.0#26155.0#128
27000 28000 951.6880000000092 48.3119999999908  48.3119999999908 48.3119999999908 4.0 3.0 820.0 820.0 4.0 1.0 2910.0 2910.0 0.0 0.0 - -
28000 29000 651.210693359375 220.27962890624985 172.47696126120871 342.2392578125 98.31999999999971 131.74064836505838 130.04226931277677 1420.352992446022 1420.352992446022 148.00985035840907 1.698379052281615 232413.86069819675 225569.74598583693 2300.0 128.0 28657.0#28657.0#2300 28650.0#28650.0#128
29000 30000 362.14325781250227 637.8567421874977  637.8567421874977 637.8567421874977 208.25935163494162 206.95773068722323 1081.647007553978 1081.647007553978 232.99014964159093 1.301620947718385 371981.13930180325 359225.2540141631 2300.0 0.0 28657.0#28657.0#2300 -
30000 31000 155.943115234375 327.013658854167 443.15618646783685 837.3759765625 39.65899999999965 195.5287499458776 192.69044680604244 2375.851243741203 2375.851243741203 269.46112311153627 2.8383031398351575 421923.05060384277 421923.05060384277 3000.0 128.0 30159.0#30159.0#3000_30162.0#30162.0#3000 30155.0#30155.0#128
31000 32000 2.461957031249767 498.7690214843751 476.94493536175264 836.02001953125 161.51802343750023 157.3254478715761 155.4900456354997 1525.3242182653726 1525.3242182653726 202.3566241602808 1.8354022360763789 322593.94206435105 316735.9732486606 3000.0 0.0 30162.0#30162.0#3000 -
32000 33000 0.0 351.5970781249998 441.0910432033841 855.63525390625 36.171000000002095 265.3037358310171 264.1163639447252 995.8515927686667 995.8515927686667 403.94608475597346 1.1873718862918388 714665.0919076732 694234.930050008 3000.0 128.0 32143.0#32143.0#3000 32141.0#32141.0#128
33000 34000 403.0783007812497 298.46084960937515 226.862629214843 458.876953125 138.0447460937503 51.71624799792262 50.25447678959322 1214.9371757669678 1214.9371757669678 75.09462232440202 1.4617712083294077 125801.07604690608 122689.20672026167 3000.0 0.0 32143.0#32143.0#3000 -
34000 35000 0.0 542.7395039062503 435.3592204485372 850.5849609375 234.89404687500064 341.0914441373287 339.562718117366 1279.0614904549616 1279.0614904549616 380.4280235038249 1.5287260199626702 642785.9070381594 630863.864171223 3000.0 128.0 34149.0#34149.0#3000 34145.0#34145.0#128
35000 36000 1.2789433593789 380.68633268229314 236.1566155699067 620.398000000001 148.25303906250338 249.70782140603535 247.1522453347378 2127.795052032507 2127.795052032507 286.68794011965383 2.5555760712975144 492207.7526233502 474629.687625185 3000.0 128.0 34149.0#34149.0#3000_35626.0#35626.0#3000 35623.0#35623.0#128
36000 37000 456.282958984375 543.717041015625  543.717041015625 543.717041015625 155.32655281024262 154.73370337203556 499.1792269703217 499.1792269703217 230.02558202432874 0.5928494382070328 415975.17971571744 407675.287580819 3000.0 0.0 35626.0#35626.0#3000 -
37000 38000 540.202880859375 459.797119140625  459.797119140625 459.797119140625 15.47105308376425 14.18179866011723 1070.0811716270273 1070.0811716270273 16.760307507411273 1.289254423647021 22892.001546276504 22892.001546276504 0.0 0.0 - -
38000 39000 0.0 552.7203974609365 423.19141120302476 851.9619140625 253.47888085937302 240.7435038887266 239.17902832350416 1308.7594790010507 1308.7594790010507 400.2480273947976 1.5644755652224305 679553.8657585391 675968.1998052874 3000.0 128.0 38147.0#38147.0#3000 38144.0#38144.0#128
39000 40000 2.3319863281285507 280.9132749023429 240.55961118422832 582.0440000000017 38.27799999999843 160.9399838495624 157.43595772405862 2914.389997674179 2914.389997674179 254.5423065070253 3.5040261255037755 424664.8767595064 421546.2499121455 3933.3333333333335 128.0 38147.0#38147.0#3000_39640.0#39640.0#4400_39641.0#39641.0#4400 39639.0#39639.0#128
40000 41000 1.38506249999773 499.30746875000114 201.14715536945562 641.5399863281273 357.074951171875 193.4869507195565 192.1255820261659 1137.6429421417456 1137.6429421417456 322.75422147988894 1.001806289508702 557725.4259702602 553229.7187708728 4400.0 0.0 39641.0#39641.0#4400 -
41000 42000 1.6318671874978463 354.44037760416785 285.6094096190109 636.0070488281272 64.95300000000134 162.1077216745198 160.4641600685862 1368.508369889259 1368.508369889259 266.98163306649866 2.003124009815531 478568.91495022643 470444.7392834033 4400.0 128.0 41637.0#41637.0#4400 41635.0#41635.0#128
42000 43000 1.542996093747206 499.2285019531264 194.47333517541657 636.7419160156278 361.715087890625 220.1323635430054 218.76943349853312 1138.8796999476058 1138.8796999476058 353.400012468871 1.3629300444722594 606333.3974454947 587486.1894258485 4400.0 0.0 41637.0#41637.0#4400 -
43000 44000 0.0 355.60094531249587 297.1092674190847 635.2719121093687 43.68399999999383 200.42590554753815 198.7636021529474 1384.3668557434246 1384.3668557434246 280.6277495876533 1.662303394590722 497139.59434001846 487481.7146448939 4400.0 128.0 43611.0#43611.0#4400 43611.0#43611.0#128
44000 45000 0.6379511718696449 499.6810244140652 158.7936288341048 611.9650761718804 387.39697265625 198.14469073300387 197.12621673243413 848.6144437064446 848.6144437064446 319.8640015473694 1.0184740005697248 587749.8818082575 585179.1451898514 4400.0 0.0 43611.0#43611.0#4400 -
45000 46000 51.98987304687034 350.6536653645841 215.90236619225024 565.8580273437547 134.05999999999767 165.70571806418042 163.75993265538614 1623.2919789780442 1623.2919789780442 272.5980498722349 1.9457854087942763 466786.17519119015 464320.92035631905 4400.0 128.0 45647.0#45647.0#4400 45644.0#45644.0#128
46000 47000 1.1418828125024447 499.4290585937488 209.50297267360884 647.5700312499976 351.2880859375 217.41915885527294 216.05993053175422 1135.9333573750564 1135.9333573750564 361.00874533974564 1.3592283235187343 618153.9967102126 612623.2809251832 4400.0 0.0 45647.0#45647.0#4400 -
47000 48000 0.0 364.86739843750064 280.72444726326046 636.2979140624957 75.69100000000617 203.62365302064006 201.95204630906403 1392.0297421747214 1392.0297421747214 307.01683568281044 1.6716067115760134 519385.0777345201 513291.28822556563 4400.0 128.0 45647.0#45647.0#4400_47617.0#47617.0#4400 47615.0#47615.0#128
48000 49000 3.214968750005937 498.39251562499703 166.80253430334508 616.3397187499941 380.4453125 208.56301500161882 207.56206301552 834.3543140622223 834.3543140622223 330.2234336426625 1.0009519860988347 585588.7177579147 573302.9499203172 4400.0 0.0 47617.0#47617.0#4400 -
49000 50000 19.386064453123254 355.38159114583203 260.23003507790463 610.3846875000017 90.2219999999943 193.67524847019138 191.6933613018966 1653.1962539371864 1653.1962539371864 313.9014101933006 1.9818871682947623 539164.1144533034 523368.9147681452 4400.0 128.0 47617.0#47617.0#4400_49633.0#49633.0#4400 49629.0#49629.0#128
50000 51000 0.9740605468687136 499.51296972656564 189.62757521705353 633.5999140625063 365.426025390625 246.07987895291316 244.71291052854207 1142.193550808662 1142.193550808662 379.01189082779723 1.3669684243711029 621968.4828603249 580812.5929733671 4400.0 0.0 49633.0#49633.0#4400 -
51000 52000 0.0 366.18435611979413 279.21927545385444 631.8859746093804 75.1710000000021 231.67042334136795 230.011715452042 1381.425905324235 1381.425905324235 348.42435856727934 1.6587078893259242 607857.0711598258 555991.1220126593 4400.0 128.0 49633.0#49633.0#4400_51608.0#51608.0#4400 51607.0#51607.0#128
52000 53000 0.5947890624956926 499.70260546875215 153.74665280231713 608.4179062500043 390.9873046875 199.00824855288718 197.9895995702506 848.6785109251979 848.6785109251979 333.882398523045 1.018648982636602 597942.6341519187 593386.7003434037 4400.0 0.0 51608.0#51608.0#4400 -
53000 54000 51.128332031250466 358.3289902343725 204.84130633421236 562.2246953124995 152.55499999999302 169.70647662081302 167.75641747314768 1626.973734789035 1626.973734789035 269.22190871250996 1.950059147665337 463079.61545411276 458402.117625224 4400.0 128.0 53639.0#53639.0#4400 53636.0#53636.0#128
54000 55000 0.37235351563140284 499.8138232421843 197.8398526067561 639.7077246093686 359.919921875 215.94205824919112 214.57756800978217 1140.2040439620932 1140.2040439620932 353.03351309594206 1.364490239408957 621870.5823018216 616496.5806249604 4400.0 0.0 53639.0#53639.0#4400 -
55000 56000 0.0 370.0587180989581 273.3931749491458 633.3350781250047 87.56299999999464 198.60918673728906 196.94421123977116 1386.6061065303181 1386.6061065303181 313.93197784853254 1.6649754975178974 561355.997839856 556445.7320698695 4400.0 128.0 53639.0#53639.0#4400_55610.0#55610.0#4400 55609.0#55609.0#128
56000 57000 2.222126953129191 349.5503880208319 281.3708806465407 609.6299238281208 50.873291015625 271.28074977621816 270.1407439499051 958.1867732295168 958.1867732295168 449.32043256301 1.1400058263130455 792559.3714996141 780521.8150214583 4400.0 128.0 55610.0#55610.0#4400_56935.0#56935.0#4400 56948.0#56948.0#128
57000 58000 0.0 555.982227864583 148.10302513079418 668.1277089843788 388.096923828125 312.35638877700035 309.88609823585205 2057.6827681729746 2057.6827681729746 479.0124592963383 2.4702905411483456 828000.6822568693 810448.999214351 4400.0 128.0 56935.0#56935.0#4400 56948.0#56948.0#128
58000 59000 727.9389238281292 272.0610761718708  272.0610761718708 272.0610761718708 98.90762254073935 98.90762254073935 0.0 0.0 137.23432627527586 0.0 226922.52204993655 219422.02734059715 4400.0 0.0 56935.0#56935.0#4400 -
59000 60000 148.681884765625 850.6705322265625 0.9158206724107995 851.318115234375 850.02294921875 266.00645369910535 263.35191241016406 2213.4701980712875 2213.4701980712875 387.9847522510638 2.6545412889412705 679655.596799271 665199.3285784071 4400.0 128.0 59149.0#59149.0#4400 59148.0#59148.0#128
60000 61000 3.2849472656234866 318.71473437500026 354.1645845575634 846.802001953125 92.25088476562814 167.4540920912463 165.25639923781094 1004.4064815250821 1004.4064815250821 238.60984208188557 0.3454587110587296 405368.2957352017 400525.30835741106 4400.0 0.0 59149.0#59149.0#4400 -
61000 62000 3.2760996093711583 489.0133001302117 351.91067556247145 849.89990234375 146.82399804687884 295.04688532057975 293.0479240411807 1660.8298655387616 1660.8298655387616 472.5983348677929 2.85119542177569 833944.1222907142 816846.9476225653 4400.0 128.0 61149.0#61149.0#4400 61146.0#61146.0#128
62000 63000 2.674587890622206 361.2251184895819 215.57219034906544 579.6079999999929 148.5780976562528 258.42215399500185 256.9176310763538 1264.808297501652 1264.808297501652 366.56449211764925 1.5045229186480427 642462.9256501043 624954.3332105349 4400.0 128.0 61149.0#61149.0#4400_62644.0#62644.0#4400 62642.0#62642.0#128
63000 64000 0.0 368.8145475260438 267.5403231252181 643.8667421874998 109.47900000000664 212.13899892025498 210.14081813266225 1659.760424897037 1659.760424897037 342.129513876718 1.644281659576267 590335.4047764246 586727.4274827975 4400.0 0.0 62644.0#62644.0#4400 -
64000 65000 1.9869003906205762 440.58533984375146 177.3348855087907 644.6380996093794 323.742919921875 182.39856390332528 181.06487373382475 1114.3283217973049 1114.3283217973049 282.17859762191256 1.0215256237986274 496325.0768787196 495829.96271899005 4400.0 128.0 62644.0#62644.0#4400_64646.0#64646.0#4400 64644.0#64644.0#128
65000 66000 0.8309218749927823 548.3003860677127 168.8492481251385 645.8390000000072 353.330078125 294.13618849968043 292.8237777971974 1090.396410668875 1090.396410668875 467.9945201135138 1.9784743762013726 796215.4606409271 791761.7776049855 4400.0 0.0 64646.0#64646.0#4400 -
66000 67000 584.6748203125026 253.28669726562416 163.23031157595824 350.4892578125 64.83592187499744 143.80836128770605 142.7503306006858 882.3073735914909 882.3073735914909 221.71396157723507 1.058030687020239 375778.4753991966 353382.2799302321 4400.0 128.0 64646.0#64646.0#4400_66655.0#66655.0#4400 66649.0#66649.0#128
67000 68000 2.2427910156111466 492.04497460938 174.8149327019613 653.6580878906243 337.595947265625 265.2524382920533 262.6207801829524 2199.716089802569 2199.716089802569 407.49393981359077 1.941969312979761 696397.2128968191 652225.2932139768 4400.0 0.0 66655.0#66655.0#4400 -
68000 69000 23.97784375002084 486.7805336914025 185.64056722927813 648.2660527343542 324.277099609375 164.98173771050048 163.32792462013109 1383.6480835281247 1383.6480835281247 256.66219465750714 1.0113820786216747 444892.1152879343 432142.95358905976 4400.0 128.0 68647.0#68647.0#4400 68646.0#68646.0#128
69000 70000 0.9130742187553551 541.8306074218659 190.50974607781706 675.4109003906196 323.676025390625 237.7250109087911 236.7426689306596 812.037299360263 812.037299360263 379.91267612954704 2.3144617860002867 646053.5188001427 629551.0486150829 4400.0 0.0 68647.0#68647.0#4400 -
70000 71000 0.0 439.41034440103977 201.1940098040285 669.6709746093547 297.55810546876455 143.68500842052524 142.3439941453919 1120.8414686366725 1120.8414686366725 215.299550178536 1.34101427513338 357286.9723379964 350030.25893173926 4400.0 128.0 70648.0#70648.0#4400 70645.0#70645.0#128
71000 72000 3.264921875001164 547.2896575520814 172.31011182481626 648.4030468749988 348.33203125 228.45870010128408 226.77707636258165 1400.8714267422922 1400.8714267422922 363.2204057088757 1.681623738702393 640332.3195655952 632157.5772032646 4400.0 0.0 70648.0#70648.0#4400 -
72000 73000 2.864082031228463 360.344639322929 283.9457521720208 651.237968750007 83.8980000000156 246.7300722969111 245.07855417536882 1388.5782583385876 1388.5782583385876 381.07199119111516 1.6515181215422656 704146.8015413902 697366.1710808724 4400.0 128.0 70648.0#70648.0#4400_72205.0#72205.0#4400 72142.0#72142.0#128
73000 74000 0.0 485.4870123697813 156.24613126662658 653.9500507812336 345.326904296875 213.78868545513572 212.68623239976682 911.6808659800478 911.6808659800478 341.6310064996198 0.7538457563885994 628824.4854503239 609907.0230111717 4400.0 0.0 72205.0#72205.0#4400 -
74000 75000 0.0 368.0368447265646 205.72740252437396 645.2630957031215 149.28491796876187 121.89429289616514 120.28237844653736 1343.2441631671873 1343.2441631671873 169.34595260586224 1.282890072244844 305791.0353571927 291460.70911358186 4400.0 128.0 74645.0#74645.0#4400 74644.0#74644.0#128
75000 76000 2.48340039064351 545.741181640619 196.08384069970202 677.158689453121 320.35791015623545 283.4550652581562 281.59841736624816 1546.7279042527166 1546.7279042527166 435.08987078447035 2.534279568271261 785689.8594068821 768411.17077183 4400.0 0.0 74645.0#74645.0#4400 -
76000 77000 0.0 546.8075039062605 432.93802606277154 852.9409179687646 240.67408984375652 264.2963526087707 263.0143008337652 1078.6296253484438 1078.6296253484438 435.90501315685367 1.2820517750055038 749845.3984984932 743259.6241548033 4400.0 128.0 76146.0#76146.0#4400 76144.0#76144.0#128
77000 78000 1.7988789062655997 484.85707942707813 353.05248765635787 851.2900390625 146.9110820312344 160.9087722872912 158.58595935646576 1939.9187627091069 1939.9187627091069 258.38914390403255 1.4710765819161102 446725.0046638713 446107.88678589417 4400.0 0.0 76146.0#76146.0#4400 -
78000 79000 0.0 402.22795182291884 369.0588462770935 825.5620117187646 148.1859609374951 186.7068055860043 185.88268568873994 685.7986785424977 685.7986785424977 344.9208214253151 1.5021172747225906 629166.9218474778 629166.9218474778 4400.0 128.0 78147.0#78147.0#4400 78145.0#78145.0#128
79000 80000 1.1870644531300059 485.33901236979 326.7242797090037 825.220947265625 173.591988281245 224.13530292692994 222.37355841360423 1471.623577173446 1471.623577173446 323.39963932445147 1.089496084804058 559014.2964723617 542432.9434328952 4400.0 0.0 78147.0#78147.0#4400 -
80000 81000 2.9991230468731374 304.1722324218754 229.480368205805 541.3228984375019 69.45600000002014 224.72349685290953 223.4852413662353 1030.376422826554 1030.376422826554 353.167939488966 2.084242886647033 597120.7722527601 593461.8223687579 4400.0 128.0 80151.0#80151.0#4400 80149.0#80149.0#128
81000 82000 0.676000000021304 499.66199999998935 57.96015902377837 540.6460214843537 458.677978515625 184.93262391953732 183.620792333636 1088.8202162980942 1088.8202162980942 299.1137354472527 1.3118315859013183 507991.2395743981 507231.54249786667 4400.0 0.0 80151.0#80151.0#4400 -
82000 83000 0.0 372.03132682290743 424.34067036637066 846.532958984375 28.944999999992433 233.03898170850644 230.50300777934527 2115.03202738452 2115.03202738452 360.8979773819782 2.5359739291611687 657621.5127052177 639817.5968889054 6500.0 128.0 82150.0#82150.0#6500_82153.0#82153.0#6500 82148.0#82148.0#128
83000 84000 4.59499414061429 484.21231315105007 346.5251170660674 843.4389648437646 151.96604101562116 359.5240372716253 357.6000178321855 1608.2440280727915 1608.2440280727915 556.714465364094 1.0673822656595908 979928.5828719982 953945.9498657574 6500.0 0.0 82153.0#82153.0#6500_83976.0#83976.0#6500 -
84000 85000 2.2548671875265427 308.56854199217923 223.32811638421413 541.977066406238 95.375 259.4057222700636 258.17754722456584 1021.9037282445945 1021.9037282445945 423.97597933497616 2.0848122192779224 743513.7754168577 733307.6297564292 6500.0 128.0 82153.0#82153.0#6500_83976.0#83976.0#6500 84140.0#84140.0#128
85000 86000 0.0 369.8963090820289 213.3254966425829 542.3639335937623 59.33203125 365.52154264811145 363.46534693627484 1707.3546360091882 1707.3546360091882 524.9604405748483 2.0561957118366427 913052.2402885301 893665.5164247719 6500.0 128.0 83976.0#83976.0#6500_85938.0#85938.0#6500 85889.0#85889.0#128
86000 87000 4.5967812500020955 332.042649088539 527.5279333255855 940.3719687499979 0.7247285156190628 251.05648635656385 250.1126820684005 794.6453639908119 794.6453639908119 423.2647077868641 0.9438042881633573 730436.6255793665 719210.9885906779 6500.0 128.0 85938.0#85938.0#6500 85889.0#85889.0#128
87000 88000 0.0 487.56855924478924 340.6239215136662 867.1627500000031 208.575927734375 372.8541360082257 370.64544028914855 1835.7217954629357 1835.7217954629357 537.2059492532336 2.208695719077121 921887.7760525424 875022.4833745548 6500.0 128.0 85938.0#85938.0#6500_87791.0#87791.0#6500 87655.0#87655.0#128
88000 89000 0.855982421853696 499.57200878907315 411.929387790341 790.8500722656463 208.2939453125 224.05535238878645 223.26404810786357 666.2782045370643 666.2782045370643 383.10923454138964 0.7913042809228792 691474.6236862158 687798.0360391932 6500.0 0.0 87791.0#87791.0#6500 -
89000 90000 0.0 397.9113129882753 294.29468945306894 789.7360546874988 160.53199999999197 406.05263658146066 404.0830426449401 1636.9629691517234 1636.9629691517234 569.8859006249144 1.9695939365204915 976861.917619932 933148.2648574988 6500.0 128.0 87791.0#87791.0#6500_89816.0#89816.0#6500 89657.0#89657.0#128
90000 91000 3.2789765624911524 350.53103190105077 406.6641461404269 814.2957304687443 54.87207226564351 259.5108753206919 258.4804692572124 865.0370308482765 865.0370308482765 439.16702434071595 1.0304060634795085 804990.6352951659 796395.8385972347 6500.0 128.0 89816.0#89816.0#6500 89657.0#89657.0#128
91000 92000 0.0 463.95254427082546 163.85684214908798 651.3617070312466 347.7219999999943 350.34090309145006 347.94811070442665 1990.7311898737312 1990.7311898737312 519.3571904581785 2.3927923870234338 879475.8588731969 859196.6038665078 6500.0 128.0 89816.0#89816.0#6500_91607.0#91607.0#6500 91642.0#91642.0#128
92000 93000 0.2970000000204891 499.85149999998976 151.7841110767673 607.1790742187441 392.52392578123545 292.5577373499728 291.95052973699626 511.26881012626893 511.26881012626893 459.8397587613385 0.6072076129765664 805600.0777966902 786149.4183381391 6500.0 0.0 91607.0#91607.0#6500 -
93000 94000 0.0 443.79634765624843 237.24660686434547 591.8180742187542 170.15299999999115 300.1500745957144 297.5803586655329 2139.7008132128108 2139.7008132128108 518.3691655739555 2.5697159301814856 871919.3342443856 861818.6338304286 6500.0 128.0 91607.0#91607.0#6500_93428.0#93428.0#6500 93617.0#93617.0#128
94000 95000 3.4800312500010477 498.2599843749995 96.45071287614746 566.4609375 430.05903124999895 266.6253637208574 266.1950796510389 362.29918678718917 362.29918678718917 441.5076461762933 0.43028406981851447 749563.6373694674 730522.3621211107 6500.0 0.0 93428.0#93428.0#6500 -
95000 96000 3.122871093757567 343.46176025391105 175.2879743193934 543.552978515625 165.95599999999104 368.53738454134407 365.99339419458965 2118.039871967226 2118.039871967226 579.0382341637348 2.5439903467544256 998028.454358987 977377.037723694 6500.0 128.0 93428.0#93428.0#6500_95456.0#95456.0#6500 95633.0#95633.0#128
96000 97000 2.982955078143277 498.50852246092836 60.62097283898476 541.3740234375 455.6430214843567 313.52457756772526 313.0685679144797 383.96012803277375 383.96012803277375 479.4725889260341 0.4560096532455745 838715.5654296093 819628.5103239875 6500.0 0.0 95456.0#95456.0#6500 -
97000 98000 0.0 416.8864672851596 212.8039809620231 676.139892578125 155.96700000001874 347.48189157767297 344.8041080600646 2230.6937218262033 2230.6937218262033 562.3940951895937 2.6777835176083173 975537.7712088521 948303.167403697 6500.0 128.0 95456.0#95456.0#6500_97322.0#97322.0#6500 97464.0#97464.0#128
98000 99000 3.3788574218779104 498.31057128906104 250.13967985199037 675.1860351562354 321.43510742188664 318.6549277282784 318.3327112458867 271.30627817379684 271.30627817379684 477.0379551674296 0.3222164823916827 830312.9264207913 807675.9218893596 6500.0 0.0 97322.0#97322.0#6500 -
99000 100000 0.0 383.2740156250038 303.1828168600697 822.9750976562354 128.59500000001572 363.992371330148 361.16852955094004 2353.6747780931114 2353.6747780931114 531.1272819537127 2.823841779207971 907814.4867938759 885839.9217381488 6500.0 128.0 97322.0#97322.0#6500_99176.0#99176.0#6500 99145.0#99145.0#128
100000 101000 1.5771464843710419 354.92228255208465 408.5844038534081 822.449951171875 66.343994140625 307.2677551186245 306.19943000374286 897.878171159519 897.878171159519 479.1376710793067 1.068325114881615 849604.8925512579 831875.0628729616 6500.0 0.0 99176.0#99176.0#6500_100933.0#100933.0#6500 -
101000 102000 0.8217246093845461 467.8525810546853 415.47759669116584 933.12700585938 66.05126953123545 340.1383958487841 338.0305627428737 1752.4470507473695 1752.4470507473695 533.2368961013639 2.107833105910414 916500.9461074148 902558.5263422576 6500.0 128.0 99176.0#99176.0#6500_100933.0#100933.0#6500 101063.0#101063.0#128
102000 103000 74.22626953123836 925.7737304687616  925.7737304687616 925.7737304687616 299.62278373752764 299.62278373752764 0.0 0.0 463.901942422278 0.0 809829.0472054483 803295.2170304867 6500.0 0.0 100933.0#100933.0#6500 -
103000 104000 147.458740234375 668.6579541015526 256.8890002677692 850.305908203125 487.0099999999802 265.47515219948934 262.62436219177187 2376.3651864981402 2376.3651864981402 417.2141935577705 2.8507900077175066 720712.9562125928 715948.5321693748 6500.0 128.0 103149.0#103149.0#6500 103147.0#103147.0#128
104000 105000 2.1249082031135913 498.9375458984432 494.70951687743747 848.75 149.1250917968864 324.2522832019815 323.24935370848243 842.7591945237855 842.7591945237855 476.0100085225374 1.002929493499072 815086.9649112666 793932.86482553 6500.0 0.0 103149.0#103149.0#6500 -
105000 106000 0.0 551.596294270838 409.7717884001492 964.8798828125 145.42900000000373 290.1644698775453 288.0521144612764 1756.3106995008006 1756.3106995008006 471.30754016140514 2.112355416268845 848266.1139210493 840727.123396565 6500.0 128.0 103149.0#103149.0#6500_105034.0#105034.0#6500 105086.0#105086.0#128
106000 107000 1.5849003906187136 344.2374062500021 537.1909006773913 964.531982421875 33.883117187506286 350.5014047671417 350.4331624555903 57.460026326293146 57.460026326293146 528.4309119889974 0.06824231155141705 896673.2539654277 880829.9066569894 6500.0 0.0 105034.0#105034.0#6500_106965.0#106965.0#6500 -
107000 108000 1.4671035156206926 411.9219785156238 465.19543603957834 965.1168808593793 20.71001757812337 301.6807846590239 298.71510188806076 2473.1048931509804 2473.1048931509804 495.18995941731936 2.9656827709631597 850727.423941014 831651.1457505755 6500.0 128.0 105034.0#105034.0#6500_106965.0#106965.0#6500 107052.0#107052.0#128
108000 109000 0.0 660.5949531249935 423.62771680302524 960.144984374987 361.044921875 402.58966765126786 401.8667616466386 607.963949893171 607.963949893171 600.5603810417233 0.7229060046292165 1003725.5886541911 964615.7557416512 6500.0 128.0 106965.0#106965.0#6500_108921.0#108921.0#6500 108638.0#108638.0#128
109000 110000 0.0 371.802712239587 259.3103405815693 637.8260781250137 119.7719999999972 228.796791191105 226.51969719573424 1894.036050106829 1894.036050106829 393.7867524637036 2.277093995370784 644203.7875188258 626342.5213296597 6500.0 0.0 108921.0#108921.0#6500 -
110000 111000 2.038179687486263 397.6050305989629 226.18636603318478 641.5609414062637 194.853271484375 314.61682997828433 313.6809003525956 779.1619676853247 779.1619676853247 493.2774708496621 0.9359296256887805 826293.0561678554 796542.9558733895 6500.0 128.0 108921.0#108921.0#6500_110803.0#110803.0#6500 110954.0#110954.0#128
111000 112000 0.0 487.5231777343797 271.0380435856001 804.2327285156352 194.0439453125 346.7757711584974 344.36041732186493 2017.9161406645817 2017.9161406645817 539.8756788700291 2.0640703743112194 944416.9057055162 881969.9881923638 6500.0 128.0 110803.0#110803.0#6500 110954.0#110954.0#128
112000 113000 0.0 425.24846875000515 284.0365291621449 805.3520546875079 163.46400000000722 401.4933406935046 400.2897729875293 1007.0561754612063 1007.0561754612063 605.3622225913506 1.5548511682965258 1009582.3553807844 987732.6960862732 6500.0 128.0 110803.0#110803.0#6500_112674.0#112674.0#6500 112638.0#112638.0#128
113000 114000 1.3700097656110302 548.920632161462 194.94158259036905 674.300888671889 324.3291015625 306.26764770246825 304.4904142653269 1478.816784756718 1478.816784756718 466.3854911456905 1.4451488317034742 820426.1000307107 797869.4241487967 6500.0 0.0 112674.0#112674.0#6500 -
114000 115000 0.0 492.955811848961 169.46188857638526 652.3168984375079 314.937255859375 354.62241096243037 353.12554276871987 1252.0482294559447 1252.0482294559447 549.5962597275 1.1461782018373434 963628.5764536471 941042.709815633 6500.0 128.0 112674.0#112674.0#6500_114487.0#114487.0#6500 114651.0#114651.0#128
115000 116000 0.0 559.0218216145877 103.54238144783533 677.8497441406362 488.16371875000186 306.0334701624098 304.33328666851776 1416.5334607162101 1416.5334607162101 475.1097785121606 2.3829580912030197 825405.5220986999 800908.0728722141 6500.0 0.0 114487.0#114487.0#6500 -
116000 117000 0.0 351.3447591145814 198.30995325723873 476.561279296875 122.70199999999022 331.2616863715298 329.79082266457016 1236.467241260014 1236.467241260014 513.5767504157385 1.4708637069596366 865509.0330523961 843539.6986744851 6500.0 128.0 114487.0#114487.0#6500_116431.0#116431.0#6500 116444.0#116444.0#128
117000 118000 2.9503378906229045 485.562208333334 32.02375600557959 521.3597207031271 459.636962890625 325.27810937372175 323.8177965358213 1217.7695106743283 1217.7695106743283 512.863208806455 1.460312837900498 849601.388702627 825450.9836547291 6500.0 0.0 116431.0#116431.0#6500 -
118000 119000 0.9588613281375729 491.0530585937474 28.56584271642581 524.0340585937374 474.11803710937966 316.59261559647405 315.0529284343745 1284.2304893256714 1284.2304893256714 488.6321656095974 1.5396871620995018 839696.6639572241 820319.1429797389 6500.0 128.0 116431.0#116431.0#6500_118330.0#118330.0#6500 118341.0#118341.0#128
119000 120000 0.511962890625 486.3704427083333 34.26462626389679 524.992919921875 459.623291015625 351.0409622788051 350.1216871992464 763.9175911132842 763.9175911132842 552.0142097652574 0.9192750795587054 946988.5113155444 927541.3795071709 6500.0 0.0 118330.0#118330.0#6500 -
120000 121000 0.7731874999881256 412.04641845703736 110.12237253575958 540.3457089843869 289.9058828125126 293.0203312569298 291.219731647346 1495.5784008749652 1495.5784008749652 446.58924193141354 1.800599609583764 752335.9408620447 716784.8944829421 6500.0 128.0 118330.0#118330.0#6500_120136.0#120136.0#6500 120640.0#120640.0#128
121000 122000 0.0 545.0686243489617 91.35581884574745 638.4900214843801 455.928955078125 359.21093622572744 357.9308109148699 1062.5040080117503 1062.5040080117503 527.2600321728393 1.2801253108575306 885973.6983162476 815580.4279753391 6500.0 128.0 120136.0#120136.0#6500 120640.0#120640.0#128
122000 123000 0.0 562.1616484374972 272.12524138537924 754.583251953125 369.7400449218694 303.1014355528182 302.34624815094355 635.8677923784265 635.8677923784265 475.54307800244476 0.7551874018746159 816006.1272324398 784351.645365688 6500.0 0.0 120136.0#120136.0#6500_122245.0#122245.0#6500 -
123000 124000 0.0 498.56239013672166 404.4541478133937 922.304931640625 72.864990234375 369.02433948526544 366.6868099644879 1944.6906519897013 1944.6906519897013 504.0842938241189 2.3375295207775544 862921.3314421573 832607.6991967455 6500.0 128.0 122245.0#122245.0#6500 123077.0#123077.0#128_123926.0#123926.0#128
124000 125000 3.1050000000104774 285.82223554687226 368.16862620446386 926.9050097656145 25.129068359383382 284.49581863024 282.58853555289215 1603.441555631872 1603.441555631872 453.1402321403578 1.9072830773478298 759681.1738445495 747256.8297916639 6500.0 128.0 122245.0#122245.0#6500_124293.0#124293.0#6500 123926.0#123926.0#128
125000 126000 0.0 486.00335091145826 429.968482352123 928.2410097656248 69.4560546875 330.47992225113126 328.7915697515087 1408.0859846851768 1408.0859846851768 535.7554714054828 1.688352499622514 943041.6007364938 920123.1044857135 6500.0 0.0 124293.0#124293.0#6500 -
126000 127000 197.7298789062479 369.60268880208605 69.8389245567311 444.662109375 306.53794531250605 213.98889287259402 212.67724537221653 1093.9140153148232 1093.9140153148232 343.4615444721087 1.311647500377486 560806.9794667573 545559.7989218205 6500.0 128.0 124293.0#124293.0#6500_126337.0#126337.0#6500 126140.0#126140.0#128
127000 128000 0.0 485.6478014322929 59.624776372773866 554.0168906250037 444.437255859375 303.2616954522019 302.3371914741959 767.3383017449647 767.3383017449647 492.70044928308863 0.9245039780059816 793348.2989248915 749961.2876295827 6500.0 0.0 126337.0#126337.0#6500 -
128000 129000 0.0 530.9318996093759 181.2601605745825 807.8369140625 315.82500000001164 482.14705504372364 479.8143363102352 1941.3661225807552 1941.3661225807552 725.7679992044879 1.8837596992781172 1152264.8117267678 959754.0929478786 6500.0 128.0 126337.0#126337.0#6500_128191.0#128191.0#6500 128140.0#128140.0#128
129000 130000 0.0 494.04488574218703 255.03798245799223 806.80126953125 191.63508593750885 450.91295409817405 449.7346180356972 980.0360633581201 980.0360633581201 649.3051503526399 1.0628538706585138 1026040.1043920408 914448.9224026887 6500.0 0.0 126337.0#126337.0#6500_128191.0#128191.0#6500_129987.0#129987.0#6500 -
130000 131000 0.0 496.6311347656243 242.08013261014645 856.824951171875 192.28773046875722 408.21923090967636 406.7963594679725 1196.3408934833144 1196.3408934833144 600.3291542795463 1.9873126677325712 929417.4054459981 769549.0798546694 6500.0 128.0 128191.0#128191.0#6500_129987.0#129987.0#6500 130142.0#130142.0#128
131000 132000 0.0 470.42213476562756 223.1307686809606 754.14990234375 141.30504882812966 306.92934291584993 304.92508675425 1674.007541457207 1674.007541457207 480.03961159222195 2.004256161599926 800510.7788787489 746814.49914839 6500.0 128.0 129987.0#129987.0#6500 130142.0#130142.0#128
132000 133000 0.0 394.04383105468395 253.53528492484398 752.044921875 14.540999999997439 401.77468615672717 400.20402039028704 1302.2598352221075 1302.2598352221075 638.611336434022 1.5706657664400954 1082987.5192797168 986681.8407508819 6500.0 128.0 129987.0#129987.0#6500_132101.0#132101.0#6500 130142.0#130142.0#128_132140.0#132140.0#128
133000 134000 0.0 496.8382475585895 213.7334674225549 751.076904296875 247.8630781249958 338.07876986060296 336.3262631286194 1461.617100699381 1461.617100699381 550.8110323415358 1.7525067319835292 959478.3208875688 936911.7053064546 6500.0 0.0 132101.0#132101.0#6500_133960.0#133960.0#6500 -
134000 135000 0.8930644531210419 410.51867708333884 172.84847070873667 577.624025390629 232.44909570313757 289.8957827453154 289.0816416210141 685.0341414541507 685.0341414541507 445.92807336780504 0.8141411243012655 769577.535153311 736147.6875438227 6500.0 128.0 132101.0#132101.0#6500_133960.0#133960.0#6500 134138.0#134138.0#128
135000 136000 0.0 366.70436328124924 246.38447338210327 577.770089843747 11.089111328125 396.0466094725572 395.0269461443645 846.453706163199 846.453706163199 553.7315207207984 1.019663328192648 934268.1723804106 857335.717005064 6500.0 128.0 133960.0#133960.0#6500_135987.0#135987.0#6500 135641.0#135641.0#128
136000 137000 0.0 380.6261671874963 384.68544411977103 988.3518886718666 10.13525390625 249.87525403696966 247.1771195815328 2251.3184542492822 2251.3184542492822 441.9905919101015 2.3392355636220996 697716.7774588009 677360.3959245177 6500.0 128.0 133960.0#133960.0#6500_135987.0#135987.0#6500 135641.0#135641.0#128
137000 138000 0.0 490.5703925781272 420.1489431952906 988.8887460937549 8.85888671875 370.6259836950912 369.0180225953904 1338.5168193516324 1338.5168193516324 573.2518964648872 1.292618874845855 1005232.7215168581 970219.7197795234 6500.0 128.0 135987.0#135987.0#6500_137930.0#137930.0#6500 135641.0#135641.0#128_137635.0#137635.0#128
138000 139000 2.3198281250079162 376.9507617187434 274.30448588637256 673.9741171874921 133.17211328123813 220.83124437722788 220.15700326055816 567.7110202358863 567.7110202358863 382.29755870627605 1.3484822333393973 629334.4707962133 622838.4172327612 6500.0 0.0 135987.0#135987.0#6500_137930.0#137930.0#6500 -
139000 140000 0.0 365.91419062499773 238.77336284445735 675.8629453124886 16.93408203125 396.0905678790315 393.6678271012957 2067.5675025847877 2067.5675025847877 640.5624244860911 2.515381028680801 1082135.6191986506 1053865.6643660183 7500.0 128.0 137930.0#137930.0#6500_139980.0#139980.0#8000_139982.0#139982.0#8000 139643.0#139643.0#128
140000 141000 3.1608457031543367 284.2944187499932 204.74816380514463 540.0100527343457 56.89896289061289 308.3496970039213 304.77243778165706 3433.4324974152123 3433.4324974152123 460.97900004435405 4.484618971319199 784504.5320654436 771054.0459000616 7500.0 128.0 137930.0#137930.0#6500_139980.0#139980.0#8000_139982.0#139982.0#8000 139643.0#139643.0#128
141000 142000 0.0 366.20747558593575 187.48155070576365 542.2908984374953 108.43499999999767 416.50115659743403 414.7805016493827 1426.0708113111846 1426.0708113111846 591.9221515599319 1.720654948051349 999431.2187184602 933099.070193629 8000.0 128.0 139982.0#139982.0#8000 141639.0#141639.0#128
142000 143000 0.0 465.10179150391195 120.58232155940765 636.9340878906369 358.569091796875 390.0577049959021 387.8697406719816 1830.0831844254446 1830.0831844254446 548.4944997494656 1.733654687934572 918348.8377705887 822320.3090616959 8000.0 128.0 139982.0#139982.0#8000_142127.0#142127.0#8000 141639.0#141639.0#128
143000 144000 0.0 492.10620166015724 124.49102476861928 640.7139082031208 357.054931640625 359.21938912650995 357.69718507480064 1268.5992428029049 1268.5992428029049 538.206528943054 1.407337011376393 989322.7073303557 951838.1163348325 8000.0 128.0 142127.0#142127.0#8000 143141.0#143141.0#128
144000 145000 1.812933593755588 494.4017115885411 69.72958137999426 568.3479550781194 429.839111328125 325.05119077597715 324.4820140996583 479.2467614604657 479.2467614604657 497.4307823555439 1.1383533526376857 887463.3453536181 872577.5835795855 8000.0 0.0 142127.0#142127.0#8000_144373.0#144373.0#8000 -
145000 146000 0.0 490.6172226562485 61.484649164831325 568.983888671879 428.056884765625 353.71841445512837 351.33428531608934 1154.3637019586113 1154.3637019586113 555.459950078895 2.384129139039102 934745.7481125393 905042.5961582263 8000.0 128.0 144373.0#144373.0#8000 145641.0#145641.0#128
146000 147000 0.0 497.1828452148475 65.43333152591984 567.8831152343773 427.673095703125 394.6442451865363 392.58698505839453 1709.5754971296226 1709.5754971296226 603.6902095125038 1.6158708609608978 998593.7858004767 931499.0515651032 8000.0 128.0 144373.0#144373.0#8000_146472.0#146472.0#8000 145641.0#145641.0#128
147000 148000 3.2112265625037253 461.2419194335889 110.70295168036552 541.9267128906213 306.92699999999604 399.5848539279291 399.0262431951098 458.0608009117664 458.0608009117664 575.8793783933352 1.0 916894.6689937218 843409.8936862554 8000.0 0.0 144373.0#144373.0#8000_146472.0#146472.0#8000 -
148000 149000 1.2581621093850117 387.92704817708 198.21949063902733 544.445939453115 165.039306640625 306.9689357324184 305.8913314722481 896.392302755308 896.392302755308 452.9203351129916 0.6213340806661092 774235.9328057253 714834.0280226895 6200.0 0.0 146472.0#146472.0#8000_148834.0#148834.0#4400 -
149000 150000 0.0 494.13899560547 277.63385050807636 834.8116933593701 162.861083984375 363.3802060952649 360.7635559633824 2189.659127673154 2189.659127673154 565.1656392252959 2.5117908634486583 996553.4560882952 941594.6612880984 4400.0 128.0 148834.0#148834.0#4400 149014.0#149014.0#128
150000 151000 3.2318027343717404 490.5393710937545 62.49573256642114 559.3848964843783 437.38330078125 332.6208069962105 331.31506138826325 1097.948569571538 1097.948569571538 476.5678662629233 1.8668750558852323 800080.4657974497 768835.4016710136 4400.0 128.0 148834.0#148834.0#4400_150243.0#150243.0#4400 150359.0#150359.0#128
151000 152000 0.0 324.3796777343814 242.2248467849957 558.7866992187628 14.581000000005588 357.5153847982071 355.04736365774954 2054.0738002652474 2054.0738002652474 545.9202353444466 2.4680211404575387 930579.3212344161 910681.602366071 4400.0 128.0 150243.0#150243.0#4400_151531.0#151531.0#4400 151622.0#151622.0#128
152000 153000 1.0530214843747672 348.22475781250006 263.91566929841633 531.4569882812502 45.727294921875 290.14631560115765 288.8304750020668 1106.4615414342104 1106.4615414342104 458.4200592098239 1.3158405990908408 786865.5419765369 774009.8024447893 4400.0 0.0 151531.0#151531.0#4400_152953.0#152953.0#4400 -
153000 154000 2.745402343745809 319.3971518554681 426.03755239837074 953.9897050781292 43.264892578125 331.4739266024956 329.257788342044 1843.464658300542 1843.464658300542 511.3958475655264 2.21613826045162 898578.821934104 882811.821870715 4400.0 128.0 152953.0#152953.0#4400 153010.0#153010.0#128
154000 155000 770.212892578129 229.78710742187104  229.78710742187104 229.78710742187104 83.31352136137279 83.31352136137279 0.0 0.0 105.19384010274342 0.0 175518.02608822947 173161.68406992801 4400.0 0.0 152953.0#152953.0#4400 -
155000 156000 146.69189453125 648.500471679683 282.8306516083752 848.491943359375 448.5089999999909 167.39685919004293 164.54835706465806 2374.43878957406 2374.43878957406 260.8835908569937 2.8485021253848695 450134.13846304716 433503.49680550373 6500.0 128.0 155151.0#155151.0#6500 155146.0#155146.0#128
156000 157000 0.2729863281128928 499.86350683594355 492.6659727555361 848.23095703125 151.4960566406371 343.0297527205055 342.87825484589035 127.56121042594 127.56121042594 483.4582224945709 0.15149787461513065 868946.3661236363 830330.1690104764 6500.0 0.0 155151.0#155151.0#6500 -
157000 158000 0.0 327.2280589843693 175.339263890236 483.9429999999702 124.69800000000396 394.416696771193 389.9482715688422 4159.414020379401 4159.414020379401 555.5550398473599 5.468425202350833 917667.6814363712 857333.3862409982 6500.0 128.0 155151.0#155151.0#6500_157531.0#157531.0#6500 157140.0#157140.0#128
158000 159000 1.0923046875104774 451.92186848958954 88.23176354182705 531.1867480468936 356.8579101562791 303.33034468365986 301.93827806237135 1171.3350250726498 1171.3350250726498 466.6199492875683 1.3920666212885338 806831.5603665588 781006.1173765629 6500.0 128.0 157531.0#157531.0#6500 158642.0#158642.0#128
159000 160000 0.0 372.73006210937746 211.00364305502274 552.2530898437253 59.27499999999418 349.63040452543885 347.2346350641704 1993.5104338705112 1993.5104338705112 494.6399512689863 2.3957694612684453 836820.3120353539 804420.9280104662 6500.0 128.0 157531.0#157531.0#6500_159321.0#159321.0#6500 158642.0#158642.0#128
160000 161000 0.0 498.07917431641545 200.57894227153446 740.9489511718857 254.428955078125 372.1874669811927 371.18847228163264 839.6660595993246 839.6660595993246 569.8637812971165 0.9989946995599869 957658.5513603784 923616.6526298487 6500.0 128.0 159321.0#159321.0#6500 160640.0#160640.0#128
161000 162000 5.353037109365687 328.8142631835872 290.2561245803324 742.3310449218843 62.562999999994645 218.23992074629922 216.495176730767 1447.074461078114 1447.074461078114 336.27544913022064 1.7447440155322016 558423.2351779765 537141.9132809817 6500.0 0.0 159321.0#159321.0#6500_161100.0#161100.0#6500 -
162000 163000 0.0 439.63588232423353 214.93010751962677 747.1350820312509 248.9460449219332 316.9705530244782 315.73697323411943 592.1262115288284 592.1262115288284 521.3603514190628 1.2335797903588188 886877.201776526 875423.5604133055 6500.0 128.0 161100.0#161100.0#6500 162638.0#162638.0#128
163000 164000 0.0 534.75211767578 136.6779431036234 658.31591796875 367.97890039064805 374.0284769911783 371.6032546676082 1622.5851683992523 1622.5851683992523 552.7356550075062 2.4252223235700185 904895.4523873253 887173.9835210287 6500.0 128.0 161100.0#161100.0#6500_163341.0#163341.0#6500 162638.0#162638.0#128
164000 165000 1.3739863281080034 452.7180299479417 177.74520664614568 657.6799316406541 340.9460820312379 314.53258524507277 313.77208867467806 639.499514903697 639.499514903697 487.62915406672226 0.760496570394708 824845.6364057153 803754.2119204082 6500.0 128.0 163341.0#163341.0#6500 164640.0#164640.0#128
165000 166000 0.0 423.3592738281237 160.41180009745938 665.529296875 258.7639999999956 319.19473550863427 316.5932605138341 2166.571672095125 2166.571672095125 484.1943626909654 2.2470395471644857 813046.1891559067 790419.5839765411 6500.0 128.0 163341.0#163341.0#6500_165334.0#165334.0#6500 164640.0#164640.0#128
166000 167000 0.0 493.6713872070177 184.980483418081 665.0529785155959 333.2567031249928 359.2192794706264 357.9059067463777 1104.5687047127496 1104.5687047127496 529.1330757925818 1.0019545752569874 905652.8181050319 881372.7792674477 6500.0 128.0 165334.0#165334.0#6500 166641.0#166641.0#128
167000 168000 0.0 498.8174633789167 190.66443852395304 665.7530527343915 332.639892578125 306.2906629928425 304.2916756241097 1667.1497592077415 1667.1497592077415 457.0170621260991 2.6648409653602756 783393.8617495745 748390.7214513244 6500.0 0.0 165334.0#165334.0#6500_167233.0#167233.0#6500 -
168000 169000 0.0 492.5138989257903 186.48786381130213 666.9931074218766 331.20311328128446 321.1996493029524 319.3688352245535 1525.8154566241 1525.8154566241 479.0375822059478 1.8308140783989546 823141.8813389358 784049.8288568624 6500.0 128.0 167233.0#167233.0#6500 168143.0#168143.0#128
169000 170000 0.0 412.04849023438146 247.04846512643218 632.85205078125 147.61968554687337 384.23376042881875 383.02365627665455 1003.8871947700236 1003.8871947700236 605.1639122538836 1.2101041521642246 1037607.1098464013 954379.8782958641 6500.0 0.0 167233.0#167233.0#6500_169122.0#169122.0#6500 -
170000 171000 0.0 474.1185423177085 137.2556482447266 628.5119628906541 365.9199492187472 372.2989442359061 371.67299623857457 525.7963177584822 525.7963177584822 538.45747507163 0.6259479973315265 945672.686670738 885006.608895066 6500.0 128.0 169122.0#169122.0#6500 170214.0#170214.0#128
171000 172000 0.0 546.2220123697965 412.9636721015703 996.31591796875 184.79103710938944 371.71512904182964 369.5980513327368 1769.1673234058908 1769.1673234058908 567.3791311825647 2.1170777090928947 948954.2263005916 928136.0089372712 6500.0 0.0 169122.0#169122.0#6500_171003.0#171003.0#6500 -
172000 173000 0.0 368.19982666017313 400.2333821467431 926.4539999999979 0.5960820312902797 360.47167965393703 359.4040276000036 888.3751370622762 888.3751370622762 562.3428914377251 1.0676520539334322 981362.5238820193 947142.9003368147 6500.0 128.0 171003.0#171003.0#6500_172815.0#172815.0#6500 172139.0#172139.0#128
173000 174000 0.0 485.773602213565 316.523108235804 814.4296933593869 182.9689941406541 322.65890597028897 320.59507895877323 1722.7596624017476 1722.7596624017476 497.6166642952412 2.0638270115157393 847358.302020561 825486.0896443398 6500.0 0.0 172815.0#172815.0#6500 -
174000 175000 0.0 387.729204589843 289.4463069863623 816.8080058593478 182.2109375 429.4306362341109 428.18572533985605 1034.3982607601743 1034.3982607601743 579.4539853807693 1.244910894254894 959849.2093410239 928531.4208479343 6500.0 128.0 172815.0#172815.0#6500_174724.0#174724.0#6500 174138.0#174138.0#128
175000 176000 1.452029296895489 550.5253444010353 241.72482673486593 724.1090058593545 274.43896484375 341.7090144028264 340.2024820716234 1251.2996163699108 1251.2996163699108 514.059294086243 1.50653233120304 856434.9649752609 835797.1486869005 6500.0 0.0 174724.0#174724.0#6500 -
176000 177000 0.0 495.5289941406227 91.2614574698958 584.8459472655959 402.44000000003143 364.34239777970936 362.75627643239204 1333.5141744412192 1333.5141744412192 549.844568925246 1.5861213473173623 957730.7540789633 923091.7155019962 6500.0 128.0 174724.0#174724.0#6500_176414.0#176414.0#6500 176139.0#176139.0#128
177000 178000 2.3759511718526483 485.94564648438245 88.67977073378354 584.64599609375 412.97805273439735 338.8832689315937 337.54802470477546 1114.1406176654716 1114.1406176654716 535.585306863092 1.3352442268182463 947244.4154878332 936442.2408984014 6500.0 0.0 176414.0#176414.0#6500 -
178000 179000 1.2768359374895226 330.76479199219466 201.42615619920636 538.7671093750105 112.60800000003655 287.92601901435046 285.8473845884861 1736.3452078933092 1736.3452078933092 449.94462428634 2.0786344258643914 777355.3428757661 753212.6345576511 6500.0 128.0 176414.0#176414.0#6500_178047.0#178047.0#6500 178140.0#178140.0#128
179000 180000 1.4541171875025611 485.7116647135408 46.44016401341446 539.3349453124974 458.589111328125 383.3815099140131 381.8626668664031 1267.5575496221504 1267.5575496221504 575.3011891737789 1.5188430476099832 993072.5666445089 952354.3317498323 6500.0 0.0 178047.0#178047.0#6500 -
180000 181000 2.1916191406489816 434.559756510406 118.85514616722219 540.2070625000051 305.87088867186685 320.594837429785 319.113680477395 1234.4424503778496 1234.4424503778496 487.7998312162118 1.481156952390017 826880.2027924743 806856.1652503915 6500.0 128.0 178047.0#178047.0#6500_180010.0#180010.0#6500 180130.0#180130.0#128
181000 182000 0.0 486.10576497398625 48.18535630904906 541.7386816406506 457.5393066406541 378.00197470398683 376.19726705163225 1507.6632568678954 1507.6632568678954 604.6544326180656 1.8047076523545802 1038873.1352216548 1028051.1436857521 6500.0 128.0 180010.0#180010.0#6500_181886.0#181886.0#6500 181978.0#181978.0#128
182000 183000 3.866349609394092 352.16178124998504 255.77725790678934 537.5276933593559 60.351693359349156 261.2592742248401 260.0639818771947 994.3367431321046 994.3367431321046 422.46166843327023 1.1952923476454198 729303.658590078 708419.380104646 6500.0 128.0 181886.0#181886.0#6500 181978.0#181978.0#128
183000 184000 0.6269726562313735 485.60399739583954 47.79508038068804 540.7890429687686 457.43896484375 290.5544955796026 288.8806201482587 1394.8214874869873 1394.8214874869873 430.22472714595386 1.6738754313439363 727174.0523586159 690885.8094130723 6500.0 0.0 181886.0#181886.0#6500 -
184000 185000 2.4649999999965075 430.9993450520851 124.77010447028377 541.0760156250035 295.46303515625186 265.747159341542 264.42103477288595 1107.1785125130125 1107.1785125130125 393.68955970134834 1.3261245686560637 672419.2184822379 645082.323119746 6500.0 128.0 184181.0#184181.0#6500 184177.0#184177.0#128
185000 186000 0.0 485.8370358072959 49.375834043739 542.8170156250126 455.634033203125 395.359550672789 393.98228097447736 1148.6429283919108 1148.6429283919108 586.5614643934819 1.3772696983116435 1034862.8379428133 1011384.1787612471 6500.0 128.0 184181.0#184181.0#6500 185629.0#185629.0#128
186000 187000 0.8169531250023283 375.8153378906233 218.32533734036943 540.8749414062477 128.2629667968722 269.9967128227933 268.37398252110495 1353.3570716080894 1353.3570716080894 414.3536111417447 1.6227303016883567 707785.6291076426 697008.5979164481 6500.0 0.0 184181.0#184181.0#6500_186086.0#186086.0#6500 -
187000 188000 3.3561113280593418 484.58905989584554 46.62641911519134 538.4248945312866 457.1232910155959 321.9443721098374 319.6659161429641 1896.6237804185957 1896.6237804185957 499.32796501592725 2.2784559668732975 850698.3530372479 831896.831946062 6500.0 128.0 186086.0#186086.0#6500_187968.0#187968.0#6500 187963.0#187963.0#128
188000 189000 3.050007812504191 347.4162337239638 265.005158080222 540.5640058593708 45.29870898439549 289.1861212626185 288.4645772294918 605.3762195814041 605.3762195814041 450.1750526036971 0.7215440331267022 791910.4746115047 777444.9064417838 6500.0 128.0 187968.0#187968.0#6500 187963.0#187963.0#128
189000 190000 0.19908593746367842 379.7869812500139 156.63318702031398 542.2030136718822 137.0419921875 441.11551045797074 437.7328793766554 3144.7504441252513 3144.7504441252513 634.8496486326752 4.115777843284168 1050330.4818836912 1015556.2367026614 6500.0 128.0 187968.0#187968.0#6500_189862.0#189862.0#6500 189642.0#189642.0#128
190000 191000 3.1439492187055293 348.9123528646014 262.4699931786246 541.1560996093613 49.88100781250978 222.562400988795 220.9450320701104 1462.2495558747482 1462.2495558747482 378.1721618313405 1.884222156715832 650896.6660112634 634882.8159047919 6500.0 0.0 189862.0#189862.0#6500 -
191000 192000 0.0 410.3939980468858 133.13600251151354 544.2060488281131 227.9169921875 369.7196467371384 367.4913647220087 1852.2134567391986 1852.2134567391986 560.2485725828906 2.2282820151296896 974122.7205983469 910068.0574886269 6500.0 128.0 189862.0#189862.0#6500_191770.0#191770.0#6500 191642.0#191642.0#128
192000 193000 2.755005859362427 352.0606809895835 371.95400094860895 770.4840078125126 58.93704882811289 255.26128781615375 254.48956983128346 649.7865432608014 649.7865432608014 410.6939445065981 0.7717179848703105 746266.0601067685 736813.7100667215 6500.0 0.0 189862.0#189862.0#6500_191770.0#191770.0#6500 -
193000 194000 0.0 400.8322373046831 296.3711485530814 772.5940136718855 62.82600000000093 345.3244999263553 343.06375254738566 1880.1624648996772 1880.1624648996772 558.9390812685672 2.2607473789696413 944334.5995059605 898152.5989610167 6500.0 128.0 191770.0#191770.0#6500_193688.0#193688.0#6500 193649.0#193649.0#128
194000 195000 2.244800781190861 264.19035205079854 312.03569949709293 687.519115234405 11.964949218789116 216.41667096977937 215.6006908272954 621.8375351003228 621.8375351003228 389.79829402727285 0.8159801424839603 646112.4190921104 641731.489354169 6500.0 128.0 193688.0#193688.0#6500 193649.0#193649.0#128
195000 196000 0.0 386.9701261718583 272.3577762321709 687.9849160155864 21.47599999999511 300.18439155819595 296.53477769782495 2274.8633469144274 2274.8633469144274 448.5296644691961 3.6496138603710095 738827.5480274082 730143.4891448596 6500.0 128.0 193688.0#193688.0#6500 195679.0#195679.0#128
196000 197000 835.1480371093494 82.4259814453253 13.48446416915241 91.9609375 72.89102539065061 4.2493679923648635 3.402597629133097 707.4042954428171 707.4042954428171 7.215683185529276 0.8467703632317665 8393.478664325829 8393.478664325829 0.0 128.0 - 195679.0#195679.0#128
197000 198000 129.20693750001374 870.7930624999863  870.7930624999863 870.7930624999863 20.803071643950553 15.37618338900693 4547.732357642755 4547.732357642755 30.75236677801386 5.426888254943623 33317.47595985055 33317.47595985055 6500.0 128.0 197845.0#197845.0#6500 197624.0#197624.0#128
198000 199000 227.362060546875 772.637939453125  772.637939453125 772.637939453125 256.23564286456786 256.23564286456786 0.0 0.0 404.0936724329439 0.0 734800.2181481806 720711.1284196757 6500.0 0.0 197845.0#197845.0#6500 -
199000 200000 2.3746367187122814 485.18444726562785 274.38982539484533 772.1853027344041 225.44006054688361 348.23228121537437 347.3143019723541 762.8407509498633 762.8407509498633 545.9898459191977 0.9179792430202928 956239.68290496 937507.8630146254 4750.0 0.0 197845.0#197845.0#6500_199894.0#199894.0#3000 -
200000 201000 3.2736933593114372 345.9576679687598 267.2001380928026 539.7590214844095 41.146697265590774 147.05760885201965 145.06018155100458 1658.946680599497 1658.946680599497 239.9781759343142 1.5397240289973941 385716.8678083959 379170.7161998125 4750.0 0.0 197845.0#197845.0#6500_199894.0#199894.0#3000 -
201000 202000 0.0 586.6692408854238 179.1461548607918 784.1000976562791 434.4829101562791 365.20373880166443 362.89807669642175 1928.3523711427008 1928.3523711427008 595.3741613244262 2.1980234546217345 1015497.086414839 1006411.7777039218 3000.0 128.0 199894.0#199894.0#3000_201215.0#201215.0#3000 201342.0#201342.0#128
202000 203000 0.0 414.81401210937184 321.0488050263651 848.26708984375 13.923999999999069 209.2646324409332 205.69945909666652 2989.289468117393 2989.289468117393 309.46097541246 3.6850495504676113 529616.0335163496 522092.2314215499 3000.0 128.0 201215.0#201215.0#3000_202116.0#202116.0#3000 202151.0#202151.0#128
203000 204000 0.0 344.07497607423284 337.0238467313049 717.8969726562791 46.85491015625303 361.6921942680009 360.47843626154554 1008.5707291905461 1008.5707291905461 526.7061011543567 1.6592237228929676 902878.3872000602 885213.2819221586 3000.0 128.0 202116.0#202116.0#3000_203021.0#203021.0#3000 203107.0#203107.0#128
204000 205000 485.42887500001234 287.33881249999587 107.50688480676901 351.3500976562791 163.22102734370856 162.62985837289665 161.56576147857405 887.3735134736442 887.3735134736442 262.32864129682895 1.0640968943226015 441134.499761946 431270.0068593359 3700.0 128.0 203021.0#203021.0#3000_204652.0#204652.0#4400 204648.0#204648.0#128
205000 206000 22.541312499990454 535.6895299479074 182.10188523092935 651.6566875000135 325.80199999999604 312.68404318454304 310.74814007886556 1614.626486526356 1614.626486526356 481.0684265254726 1.9359031056773985 818127.2242452686 792316.9944589203 4400.0 0.0 204652.0#204652.0#4400 -
206000 207000 1000.0 0.0 0.0 0.0 0.0 0.0 0.0 0.0 0.0 0.0 0.0 0.0 0.0 0.0 0.0 - -
207000 208000 146.4506835937209 667.1404531250009 259.4918589482336 850.62890625 483.65200000000186 212.09546334941228 209.2436819829735 2377.1999105414648 2377.1999105414648 327.9377291850883 2.851781366438794 613070.0538989268 611877.5599859125 4400.0 128.0 207149.0#207149.0#4400 207145.0#207145.0#128
208000 209000 3.578585937502794 346.2800073242106 162.9300028389371 546.1929999999993 148.0180937499972 320.2711622016568 319.07107864199133 1001.8402807220386 1001.8402807220386 464.3787707018497 1.2000835596654709 837888.265061625 828349.2217020146 4400.0 128.0 207149.0#207149.0#4400_208667.0#208667.0#4400 208640.0#208640.0#128
209000 210000 2.7620117187616415 409.5207534179717 311.4575507092367 665.8400390624884 1.5670000000100117 217.2404494360561 214.9535118847989 1909.5538897201473 1909.5538897201473 333.45464942103195 1.948135073895735 635579.2157563309 633236.4295606496 4400.0 0.0 208667.0#208667.0#4400 -
210000 211000 2.8708691406354774 437.61669270832016 181.93949140508929 646.7470507812395 315.7209472655959 164.21242714543558 162.86454062333695 1126.2038163922955 1126.2038163922955 232.72202856071235 1.0227908253455893 394273.32356700103 389421.07069127087 4400.0 128.0 210649.0#210649.0#4400 210646.0#210646.0#128
211000 212000 2.823769531241851 540.2720944010556 166.8721115554214 649.0329199218831 348.143310546875 234.3177196728215 232.6523155814417 1386.9602989295736 1386.9602989295736 350.6989326588531 1.9772091746544107 591414.4327684401 579704.6361678935 4400.0 0.0 210649.0#210649.0#4400 -
212000 213000 1.478009765589377 444.66862565105356 170.08419346763907 640.6386894531606 335.48388671875 219.94438349675352 218.5918452731544 1129.9240313669286 1129.9240313669286 324.82470297327234 1.050874000130256 578473.5663708854 565794.242593246 4400.0 128.0 210649.0#210649.0#4400_212641.0#212641.0#4400 212640.0#212640.0#128
213000 214000 3.8733789062534925 543.1899114583308 162.65413201410223 640.7066992187465 355.419921875 224.70627630897314 223.05544824554624 1374.9036497349452 1374.9036497349452 344.89949638146464 1.9491259998697439 635856.060926478 624785.8988746263 4400.0 0.0 212641.0#212641.0#4400 -
214000 215000 0.8490371094085276 441.03135937499854 176.8513416565594 644.4690781249956 323.9431152344041 205.0393278854066 203.70011506544606 1118.8513237787545 1118.8513237787545 283.62258273200734 1.0345262607235237 507719.0940531637 497337.49893822597 4400.0 128.0 212641.0#212641.0#4400_214645.0#214645.0#4400 214643.0#214643.0#128
215000 216000 0.4928867187118158 542.9156660156247 163.29818630558083 644.9341152344132 354.572998046875 256.38427480314704 254.72351777391864 1383.1233495399306 1383.1233495399306 354.9560484487419 1.9654737392764763 596268.4695465704 587235.9234355821 4400.0 0.0 214645.0#214645.0#4400 -
216000 217000 0.12311132813920267 441.4182727864536 175.34420789540962 643.0180019531108 324.3779296875 169.5931480597663 168.2469326180608 1124.6528229817343 1124.6528229817343 256.2552846921546 1.0458009136875734 457834.40253309975 454831.49977290153 4400.0 128.0 216643.0#216643.0#4400 216642.0#216642.0#128
217000 218000 1.889906249998603 538.7543880208299 158.06497901110936 641.3801132812514 356.72998046875 233.3006140685386 231.64465262184734 1379.1757632715398 1379.1757632715398 348.2951735590818 1.9541990863124266 625904.1965804391 620507.0993406373 4400.0 0.0 216643.0#216643.0#4400 -
218000 219000 0.0820800781075377 443.8279459635475 171.15463855938555 640.8200195312384 331.56591796875 158.25929593279204 156.91884978239688 1119.9261945448716 1119.9261945448716 240.47493087772096 1.0364466439716955 422014.20952261565 415971.957008889 4400.0 128.0 218640.0#218640.0#4400 218640.0#218640.0#128
219000 220000 0.0 548.7304967447902 164.72562065368584 648.2550820312463 358.59130859375 269.11723745387303 267.2214283537828 1580.528215862882 1580.528215862882 417.8422406513795 2.557414721965336 733566.5174257627 714494.710816371 4400.0 0.0 218640.0#218640.0#4400 -
220000 221000 0.0 551.7473974609165 433.46876908795593 858.2561035155959 245.2386914062372 284.53010543518343 283.2652280864472 1064.2144503677675 1064.2144503677675 436.1775990367913 1.2648773487362155 807239.9836962845 760678.0800009563 4400.0 128.0 220141.0#220141.0#4400 220139.0#220139.0#128
221000 222000 2.4091679687262513 338.02766276042286 171.80746936443154 457.819091796875 141.18189648439875 187.00478466551343 185.55772599624498 1202.7538309167385 1202.7538309167385 256.1293987271508 1.4470586692684548 489567.6662199988 464643.6290384453 4400.0 0.0 220141.0#220141.0#4400 -
222000 223000 0.0 546.708393554698 428.9557014891086 850.0258789062791 243.39090820311685 197.6958035838812 196.15087238710893 1292.501636289533 1292.501636289533 318.84636335329117 1.5449311967722479 574519.9882081557 561418.768065161 4400.0 128.0 222149.0#222149.0#4400 222147.0#222147.0#128
223000 224000 4.238597656280035 484.71278515624 349.47760220726536 846.61328125 149.14812109371996 186.0097229791443 183.72212460211443 1910.6979573301232 1910.6979573301232 264.1565289663991 1.437594430035264 451017.8555535766 446339.06464498665 4400.0 0.0 222149.0#222149.0#4400 -
224000 225000 0.0 405.93435937499936 358.2110351207388 815.1953125 149.3977187499986 244.27501216033934 243.41333911808314 716.9885777087312 716.9885777087312 384.7845684124387 1.5270508686303803 658768.2653433327 637800.8546345517 4400.0 128.0 224149.0#224149.0#4400 224145.0#224145.0#128
225000 226000 0.23340429688687436 486.12190559895436 316.1972657117696 815.180908203125 184.58568749998813 156.30189086316744 154.20110313837938 1753.443481359585 1753.443481359585 247.84331213722282 2.2854138454084687 440009.21798519616 435356.6397455619 4400.0 0.0 224149.0#224149.0#4400 -
226000 227000 14.436238281254191 389.87228450520587 297.0251935399604 730.3798828125 184.05309179687174 251.55412321925567 250.65491094404373 748.5565186404149 748.5565186404149 410.95547574119445 0.8992122752119375 762244.2081375535 756106.6111839227 4400.0 128.0 226149.0#226149.0#4400 226146.0#226146.0#128
227000 228000 2.6598222656175494 498.6700888671912 324.4799481270324 728.112060546875 269.22811718750745 143.08436808008724 141.59808537761884 1233.6146430487795 1233.6146430487795 210.801459256808 1.486282702468409 392130.81302608695 389868.4099797177 4400.0 0.0 226149.0#226149.0#4400 -
228000 229000 0.0 551.7620234375499 424.4027804128949 851.8601074219332 251.66393945316668 252.83951398873174 251.4736749824136 1143.8718357494797 1143.8718357494797 399.17203197384606 1.365839006318122 706734.8503687076 685261.3833072869 4400.0 128.0 228147.0#228147.0#4400 228146.0#228146.0#128
229000 230000 4.635857421933906 387.98238085936947 398.1162067610789 847.53125 147.8328925780661 274.96623651632257 271.9705158169453 2498.396828875656 2498.396828875656 456.4950846537672 2.9957206993772636 848906.9896536743 815505.9724293621 4400.0 128.0 228147.0#228147.0#4400_229623.0#229623.0#4400 229622.0#229622.0#128
230000 231000 222.96724999998696 388.5163750000065 334.3407690183563 624.9310000000114 152.10175000000163 255.25665869374097 255.10450110190476 128.11669232608486 128.11669232608486 349.2756068977321 0.15215759183620528 629915.3537960943 609189.8380818272 4400.0 0.0 229623.0#229623.0#4400 -
231000 232000 542.3459472655959 286.10663378908066 109.80326572283403 363.749267578125 208.46400000003632 119.8882124379875 117.52403781444907 1966.6350330193495 1966.6350330193495 193.53216854551832 2.36417462353842 340864.8392993188 327099.03852956655 4400.0 128.0 231636.0#231636.0#4400 231635.0#231635.0#128
232000 233000 1.4272773437260184 499.286361328137 192.04506972180678 635.0827324218699 363.4899902344041 255.18379280271887 254.1761273963104 840.2737915371033 840.2737915371033 390.8755182524265 1.0076654064084738 677697.9652978643 648978.5816902858 4400.0 0.0 231636.0#231636.0#4400 -
233000 234000 27.42890039065969 374.543770833329 231.31999508529037 614.0540097655903 152.39199999999255 225.60099500548324 223.61534193113295 1656.1003692617944 1656.1003692617944 335.47401705611946 1.985653074350312 584329.2678566948 570909.0584278486 4400.0 128.0 231636.0#231636.0#4400_233642.0#233642.0#4400 233641.0#233641.0#128
234000 235000 1.4850234375335276 499.25748828123324 201.80291404490492 641.9536972655915 356.561279296875 215.37073070166204 214.011094646753 1136.2080083229102 1136.2080083229102 347.63609364108686 1.3596360549090083 637440.0869728798 627545.4807790568 4400.0 0.0 233642.0#233642.0#4400 -
235000 236000 0.0 365.7560123698204 281.6882123652789 637.8517207031546 75.36700000002747 173.1200175850079 171.45195881228105 1389.111036546492 1389.111036546492 258.19451669153597 1.6680587727268614 488745.96852289233 480657.0219522978 6500.0 128.0 235615.0#235615.0#6500 235612.0#235612.0#128
236000 237000 4.777289062534692 497.61135546873265 163.17666750609544 612.9946835937153 382.22802734375 280.7271090806199 279.72948366359867 839.2349744339665 839.2349744339665 435.42867925948127 0.9976254170212293 794482.2780288598 778355.5924682381 6500.0 0.0 235615.0#235615.0#6500 -
237000 238000 0.0 306.9965703124981 331.62108736045 616.2429726562405 1.489000000001397 266.02180422624525 263.83283982777994 1819.8736502057313 1819.8736502057313 394.79122224905706 2.1889643984653477 730663.9152419317 717474.6589092726 6500.0 128.0 235615.0#235615.0#6500_237429.0#237429.0#6500 237530.0#237530.0#128
238000 239000 3.0474121093575377 498.47629394532123 100.6108333732896 569.6188964844041 427.33369140623836 243.0247163361488 242.59649408356844 360.56313667265266 360.56313667265266 383.82002412903284 0.4282222525803476 717326.299856636 708937.9082282027 6500.0 0.0 237429.0#237429.0#6500 -
239000 240000 1.44099804686266 319.5885522460958 151.75733688491187 430.01310351563734 96.16899999999441 377.21283637695086 375.49491792234403 1423.7694203243777 1423.7694203243777 529.4991013223926 1.71791845460687 911698.2597304403 863261.024804051 6500.0 128.0 237429.0#237429.0#6500_239796.0#239796.0#6500 239640.0#239640.0#128
240000 241000 0.7310585937229916 499.6344707031385 199.59704472259074 640.770894531277 358.498046875 273.68160192027796 272.3995203748848 1078.2305796756223 1078.2305796756223 404.900942478332 1.2820815453931298 696194.3148063205 677388.2050076604 6500.0 0.0 239796.0#239796.0#6500 -
241000 242000 0.0 387.77175048827485 202.35149175343736 640.7219531249721 194.71899999998277 385.5159316214492 383.5978483157311 1602.927227051774 1602.927227051774 546.4597550454353 1.9180833057181395 924835.1403424216 870118.6740537011 6500.0 128.0 239796.0#239796.0#6500_241735.0#241735.0#6500 241644.0#241644.0#128
242000 243000 4.673150390619412 497.6634248046903 58.32574013501049 538.9059511718806 456.4208984375 231.3345096611946 230.25259296691274 899.0727729482261 899.0727729482261 353.09654734114184 1.0819166942818605 626436.6362104281 582730.0670565251 6500.0 0.0 241735.0#241735.0#6500 -
243000 244000 0.0 553.7458120117226 215.99196501391262 857.6860351563082 359.58299999998417 393.8349757839952 391.11674801913745 2265.02955024535 2265.02955024535 556.3455305353199 2.718227764857729 954372.4916043209 902410.9504269767 6500.0 128.0 241735.0#241735.0#6500_243887.0#243887.0#6500 243142.0#243142.0#128
244000 245000 4.112927734386176 347.5386536458391 442.1788698501626 855.235107421875 46.728888671903405 323.5111198377527 323.2293476026104 236.9704497546498 236.9704497546498 492.1323237876682 0.28177223514227084 852580.4098671656 826371.4564478016 6500.0 0.0 241735.0#241735.0#6500_243887.0#243887.0#6500 -
245000 246000 0.0 582.825722656271 385.5714482666308 859.707275390625 142.44489257811802 372.76352490784643 370.1797108753916 2154.900903067296 2154.900903067296 561.4204472557367 2.583814032454791 991297.8689784703 968111.0490348033 6500.0 128.0 243887.0#243887.0#6500_245679.0#245679.0#6500 245139.0#245139.0#128
246000 247000 3.448324218741618 498.2758378906292 508.8327857321514 858.074951171875 138.47672460938338 319.6476728310464 319.2314868635012 347.0990969327041 347.0990969327041 464.37704516717906 0.41618596754520876 855036.0078381051 814492.8226899223 6500.0 0.0 245679.0#245679.0#6500 -
247000 248000 2.207925781258382 423.92573388671735 347.11179313984576 854.48388671875 141.11604882811662 372.9944762215456 370.28482287711694 2257.8184626644843 2257.8184626644843 503.4169216687569 2.7096533444286375 879587.4954673415 848269.1407336807 6500.0 128.0 245679.0#245679.0#6500_247530.0#247530.0#6500 247144.0#247144.0#128
248000 249000 0.9659414062625729 499.5170292968687 501.19999616031635 853.9189453125 145.11511328123743 298.4239161298845 298.1335694743131 244.18153733551597 244.18153733551597 471.7878270092337 0.29034665557136263 850120.4948965104 834082.1607373825 6500.0 0.0 247530.0#247530.0#6500 -
249000 250000 3.7370449219015427 417.1452392578067 200.85347329520923 611.5939999999828 140.29005468747346 378.0472177833207 375.6279818568456 2012.9966500919923 2012.9966500919923 594.6598447430686 2.41923592647505 994100.0164290328 937744.9349732958 6500.0 128.0 247530.0#247530.0#6500_249579.0#249579.0#6500 249143.0#249143.0#128
250000 251000 2.5299843749962747 498.73500781250186 114.6136510072175 579.7790976562537 417.69091796875 274.5242395766267 273.9434755031018 489.00334990800775 489.00334990800775 451.635191355868 0.5807640735249499 767209.2523974653 736895.9891680519 6500.0 0.0 249579.0#249579.0#6500 -
251000 252000 0.0 518.4643300781318 219.10167672857594 788.811279296875 258.407958984375 391.25555450060824 388.4662775479092 2324.5711941725476 2324.5711941725476 606.8003072454943 2.7892769526989873 1004680.6314828049 938178.2838288768 6500.0 128.0 249579.0#249579.0#6500_251211.0#251211.0#6500 251139.0#251139.0#128
252000 253000 0.0 394.57833320312204 271.05046603366014 788.27490234375 153.3979999999865 346.1154815842589 344.9047585369579 1017.4288058274524 1017.4288058274524 513.9562638356672 1.2107230473010124 875194.2874825016 847974.8128756834 6500.0 128.0 249579.0#249579.0#6500_251211.0#251211.0#6500 252640.0#252640.0#128
253000 254000 142.16021289065247 349.17354345702915 147.755538713817 541.328998046869 211.65209765627515 150.6868660743297 149.42856202743735 1037.4920074833653 1037.4920074833653 236.8597566549847 1.2583040468923579 401141.49478813965 388832.1309158191 5800.0 0.0 249579.0#249579.0#6500_251211.0#251211.0#6500_253979.0#253979.0#4400 -
254000 255000 1.5248281250242144 499.2375859374879 341.47082500370954 740.6939218749758 257.78125 198.79280614835199 198.05111019524435 624.5079925166347 624.5079925166347 337.04552071680075 0.7416959531076421 587157.3146734516 572892.9120996322 4400.0 0.0 253979.0#253979.0#4400 -
255000 256000 0.0 557.7552467448016 389.79377587080484 977.114990234375 206.5047500000219 314.71893191542335 311.74106005236706 2483.3681086934525 2483.3681086934525 502.3793575632467 2.977871863056357 860071.1332935956 851728.8743104022 4400.0 128.0 253979.0#253979.0#4400_255022.0#255022.0#4400 255142.0#255142.0#128
256000 257000 2.9978769531007856 358.25536588542553 342.5207919330992 706.8150000000023 22.111009765649214 272.5261216385876 271.15813542913355 1149.8443883603247 1149.8443883603247 398.41267917547 1.3679862094540673 694630.7013008285 684284.5412158717 5450.0 128.0 255022.0#255022.0#4400_256653.0#256653.0#6500 256646.0#256646.0#128
257000 258000 1.8771953125833534 367.12360156247934 276.1560609790249 654.1079121092916 103.24800000002142 240.08879947778019 238.4346575502906 1370.7875029462227 1370.7875029462227 405.86592805220937 1.6541419274895757 715997.256633373 701576.4513712884 6500.0 0.0 256653.0#256653.0#6500 -
258000 259000 0.0 372.73379833984654 200.75823085567643 654.5321074218955 188.3649999999907 369.3588250088007 368.3256869242048 860.9549977886018 860.9549977886018 552.1224809418222 1.0331380845959048 958991.1558932767 919678.9065523068 6500.0 128.0 256653.0#256653.0#6500_258712.0#258712.0#6500 258638.0#258638.0#128
259000 260000 0.0 491.2809580078174 200.68047379391103 710.7748789062607 286.656982421875 278.1548912539315 275.5324138603779 2192.4837143411887 2192.4837143411887 446.80988032893424 2.6224773935536607 792420.6894750334 782561.9593966 6500.0 0.0 258712.0#258712.0#6500 -
260000 261000 0.0 486.78676562500186 206.41632222262604 685.852017578145 266.056884765625 297.5424439575212 295.89580862026145 1378.4069565058023 1378.4069565058023 429.2114136780837 1.6466353372596942 791115.7054121511 762135.2055835718 6500.0 128.0 258712.0#258712.0#6500_260331.0#260331.0#6500 260438.0#260438.0#128
261000 262000 2.7620917968451977 537.1443411458362 157.36304321501245 641.1339042968466 356.1040039063082 342.740806454909 341.6842362738265 873.5639684174498 873.5639684174498 518.1278654731467 1.056570181082458 906475.841790874 858601.7854663063 6500.0 0.0 260331.0#260331.0#6500 -
262000 263000 0.0 461.41374414062983 158.35308020857306 636.3239960937644 327.80126953125 329.0631699983382 327.6655133707519 1168.1523177144097 1168.1523177144097 519.5549349310393 1.397656627586316 920200.8594694444 890871.7321971608 6500.0 128.0 260331.0#260331.0#6500_262579.0#262579.0#6500 262610.0#262610.0#128
263000 264000 0.0 476.44015283203044 173.58702490954087 647.7707304687356 258.865966796875 315.23833511957434 313.3151848808102 1603.8444701615765 1603.8444701615765 495.3975843923797 1.9231502387641615 894278.4601903253 861565.357585236 6500.0 0.0 262579.0#262579.0#6500 -
264000 265000 0.0 498.98093310548575 206.6554062539971 738.6520332031068 258.7993164063082 320.48763153317805 318.7418488280865 1459.4302407766227 1459.4302407766227 507.39996836498767 1.7457827050915262 851613.12411181 833179.5535467886 6500.0 128.0 262579.0#262579.0#6500_264329.0#264329.0#6500 264522.0#264522.0#128
265000 266000 0.0 492.58444677734224 207.2558424168369 739.6096835937351 257.2451171875 339.59393369480136 338.2784524521162 1094.4607046312003 1094.4607046312003 512.5795977807887 1.3154812426851783 879122.0089105584 856179.2944583851 6500.0 0.0 264329.0#264329.0#6500 -
266000 267000 0.0 520.2292382812399 163.83782611980908 707.0608828124823 401.05908203125 361.56858632227215 360.30947813289106 1058.7026296631484 1058.7026296631484 543.3847859401228 1.2591081893811005 899563.7133731453 880989.739838402 6500.0 128.0 264329.0#264329.0#6500_266429.0#266429.0#6500 266576.0#266576.0#128
267000 268000 0.0 485.15563411457697 102.89072337873013 598.8829179687309 398.52490234375 369.54568688038205 368.62795902165533 762.631850601905 762.631850601905 606.53915542492 0.9177278587267208 1000458.9745837497 997858.4171981737 6500.0 0.0 266429.0#266429.0#6500 -
268000 269000 3.892183593765367 326.33647851561545 205.49931257883108 540.1869179687346 103.66800000000512 302.5424695020376 300.4601973607643 1739.368149398095 1739.368149398095 485.38998899407176 2.082272141273279 813677.3144675532 765834.7774583246 6500.0 128.0 266429.0#266429.0#6500_268097.0#268097.0#6500 268140.0#268140.0#128
269000 270000 0.0 485.2693691406166 48.54743834757161 541.2771015624749 455.215087890625 390.57108873891394 388.9788788543153 1329.1816492809653 1329.1816492809653 597.8731688787245 1.5922098845986752 1040972.1716294205 975915.7244447174 6500.0 0.0 268097.0#268097.0#6500_269953.0#269953.0#6500 -
270000 271000 1.339802734379191 406.67970312499284 165.50984309744285 539.8420820312458 221.37891210935777 281.433561480423 280.0257713650217 1172.8183507190347 1172.8183507190347 446.0008142822121 1.4077901154013248 792261.0077415141 785155.3270749737 6500.0 128.0 268097.0#268097.0#6500_269953.0#269953.0#6500 270061.0#270061.0#128
271000 272000 0.3641542968689464 385.72519433594425 204.18959340443556 540.550884765631 84.96000000002095 321.69176273702834 319.35727694900856 1944.3732088870206 1944.3732088870206 499.3198490640531 2.3344857880197836 869479.386581739 859463.1882347643 6500.0 128.0 269953.0#269953.0#6500_271820.0#271820.0#6500 271825.0#271825.0#128
272000 273000 1.9088339843438007 354.43273502605734 253.88256273367668 540.491068359348 65.20703906251583 299.73268097645325 299.067166764473 557.6267911129794 557.6267911129794 467.6593965649528 0.6655142119802162 817466.736305902 803928.0011298181 6500.0 0.0 271820.0#271820.0#6500 -
273000 274000 0.0 485.7797304687556 47.63965684042866 540.7679023437668 456.9580078125 265.5652598415613 264.0267789567386 1284.013398701008 1284.013398701008 408.2708272455768 1.5384808848226932 699875.3087999253 691328.2514058946 6500.0 0.0 271820.0#271820.0#6500 -
274000 275000 4.523009765602183 427.1449941406415 128.08053100259673 535.8737187500228 285.95799218752654 230.74005326024178 229.27853414506447 1217.986601298992 1217.986601298992 356.24817515573784 1.4615191151773068 627568.5754229234 610396.3999292494 6500.0 128.0 274146.0#274146.0#6500 274143.0#274143.0#128
275000 276000 0.7491542968782596 486.18794466145727 46.49932359116101 539.8807285156217 459.31298828125 389.0085648787742 387.4597642002073 1292.7226867989439 1292.7226867989439 583.4644072596205 1.5488006785669477 993637.0354550369 946947.8139276654 6500.0 0.0 274146.0#274146.0#6500 -
276000 277000 2.706082031247206 422.3899335937458 138.52787442786914 540.4150117187528 269.87588281248463 309.9303300516741 308.479130730241 1209.2773132010561 1209.2773132010561 462.9013145781314 1.4511993214330523 799016.806275379 767185.5777057125 6500.0 128.0 274146.0#274146.0#6500_276073.0#276073.0#6500 276131.0#276131.0#128
277000 278000 0.616900390596129 484.995050130218 47.865348959240386 540.2270937500289 455.60205078125 344.75973593249876 342.96496243741944 1489.6620009158144 1489.6620009158144 489.6344749739251 1.7947734950792944 879435.6628272145 821462.807864811 6500.0 128.0 276073.0#276073.0#6500 277638.0#277638.0#128
278000 279000 0.0 351.19964583332575 519.7420717682331 951.343994140625 49.751949218742084 260.2103106704603 259.0519578251424 972.8703776985969 972.8703776985969 456.9788698492144 1.1583528453178689 769135.406582821 711482.4326788492 6500.0 128.0 276073.0#276073.0#6500_278048.0#278048.0#6500 277638.0#277638.0#128
279000 280000 3.1690722656203434 400.27550976561906 406.2139069364788 950.044921875 46.78600585937966 391.1907351784007 389.22685214208644 1641.5024134327587 1641.5024134327587 590.3615762477242 1.963883036314233 960304.4751055036 925153.3858582795 6500.0 128.0 278048.0#278048.0#6500 279639.0#279639.0#128
280000 281000 2.1001425781287253 284.7449838867178 250.31286838525673 540.8568886718713 49.06707812502282 198.09481060884596 197.01181998555737 899.9652079528297 899.9652079528297 329.3866486216152 1.0829906232886037 549512.6590392829 542625.1252639212 6500.0 0.0 278048.0#278048.0#6500_280071.0#280071.0#6500 -
281000 282000 0.0 414.64805029297713 147.2958346295326 542.8900312500191 202.30300000001444 399.6035985019636 397.6845992047937 1603.6884159481692 1603.6884159481692 599.8484463084473 1.9189992971698786 986328.5204814475 947146.1133908606 6500.0 128.0 280071.0#280071.0#6500 281639.0#281639.0#128
282000 283000 2.167955078126397 434.5827135416718 118.91366411898558 540.4387343749986 305.91609570314176 316.2906362185299 315.2096355156998 898.3115840518309 898.3115840518309 464.779578361007 1.0810007028301214 783396.6780179751 759163.4180210428 6500.0 0.0 280071.0#280071.0#6500_282189.0#282189.0#6500 -
283000 284000 0.0 370.3472397460864 231.56523864855194 541.2056894531124 28.27001953125 314.6445337895861 312.61626111242316 1683.8055941711627 1683.8055941711627 473.7598396148951 2.028272677162901 806660.1320137352 784014.4503076429 6500.0 128.0 282189.0#282189.0#6500_283971.0#283971.0#6500 283626.0#283626.0#128
284000 285000 1.2287656248663552 453.81866145838285 478.80000833600343 971.6359804688254 27.135253906308208 368.5296422590943 367.5579149362572 818.1944058288373 818.1944058288373 591.0776045789247 0.9717273228370988 986744.3069454905 970998.9066522201 6500.0 0.0 282189.0#282189.0#6500_283971.0#283971.0#6500 -
285000 286000 0.0 387.53148632813827 433.25702626819884 969.4657460937742 7.731000000028871 376.10359451171064 374.94740700099464 960.9985944828159 960.9985944828159 556.4772631419988 1.1561875107159691 952167.0429332908 932640.4028251064 6500.0 128.0 283971.0#283971.0#6500_285886.0#285886.0#6500 285620.0#285620.0#128
286000 287000 0.0 468.85817578126444 318.39961125935696 886.0600644531078 111.5029296875 245.47474837455647 243.17352429620857 1916.0789085495694 1916.0789085495694 410.5016001365293 1.8438124892840309 730608.7771655162 709791.5857118553 6500.0 128.0 285886.0#285886.0#6500 285620.0#285620.0#128
287000 288000 0.0 418.0758019531146 312.4656406552333 886.8400703124935 80.53100000001723 426.9656239348512 425.70269128909337 1050.7319984526662 1050.7319984526662 597.1146828497143 1.7203442348217022 1008435.8132333825 971967.0283397539 6500.0 128.0 285886.0#285886.0#6500_287891.0#287891.0#6500 287639.0#287639.0#128
288000 289000 1.418917968752794 499.2905410156236 198.09108129320174 639.3620878906222 359.218994140625 259.16772719755727 257.8880714323789 1076.1904985149486 1076.1904985149486 412.1343855354374 1.2796557651782978 697940.2277895972 678588.3387101991 6500.0 0.0 287891.0#287891.0#6500 -
289000 290000 0.0 606.0114355468928 269.17222669231325 856.38330078125 321.329000000027 389.4498734779217 386.8765032484015 2146.190771419846 2146.190771419846 555.6558363025763 2.573370229520199 930924.9311431859 896798.3520092256 6500.0 128.0 287891.0#287891.0#6500_289876.0#289876.0#6500 289143.0#289143.0#128
290000 291000 2.66319335938897 498.6684033203055 504.4382455264105 855.360107421875 141.97669921873603 291.5383654730712 291.11173570259143 355.80922858015396 355.80922858015396 495.54911291479317 0.4266297704798009 846583.1479712005 829222.4411957206 6500.0 0.0 289876.0#289876.0#6500 -
291000 292000 1.433121093781665 464.20329296874115 359.8937100645977 854.010986328125 144.55589257809334 309.823418187809 306.9693508330355 2379.1247127193146 2379.1247127193146 456.99448860800277 2.854067354773533 770818.6283710897 736690.8269901637 6500.0 128.0 289876.0#289876.0#6500_291886.0#291886.0#6500 291787.0#291787.0#128
292000 293000 0.0818691406166181 499.9590654296917 500.6825859649155 853.9951171875 145.92301367188338 366.57335902656143 366.42742638133495 122.8752872806853 122.8752872806853 545.6495225491035 0.1459326452264671 916653.2909156011 878270.6001352221 6500.0 0.0 291886.0#291886.0#6500 -
293000 294000 3.7301933593698777 393.98460221354617 395.72106723307746 850.346923828125 145.92288281250512 266.3886951606419 263.5368105851551 2377.286812559947 2377.286812559947 443.5313366658364 2.851884575486873 790289.1464681791 777585.6025036827 6500.0 128.0 291886.0#291886.0#6500_293647.0#293647.0#6500 293618.0#293618.0#128
294000 295000 2.519843749993015 498.7400781250035 496.236228090351 849.632080078125 147.84807617188198 341.66381275554323 341.5156973310301 124.71318744005306 124.71318744005306 502.05745011734695 0.14811542451312715 896834.6291685007 864690.8572816177 6500.0 0.0 293647.0#293647.0#6500 -
295000 296000 0.0 377.89516289063033 226.64264451395877 618.3260000000009 121.69099999999162 352.0271643248391 347.5104662299307 4264.059795912833 4264.059795912833 531.5615309962966 5.516698094908353 929925.5583673709 903322.5867894178 6500.0 128.0 293647.0#293647.0#6500_295483.0#295483.0#6500 295138.0#295138.0#128
296000 297000 0.6006230468046851 499.69968847659766 23.198169561111566 516.103271484375 483.2961054688203 312.779738008763 312.29643610367134 406.94020408716716 406.94020408716716 450.82980166511084 0.48330190509164744 828538.9871053055 804462.2116902948 6500.0 0.0 295483.0#295483.0#6500 -
297000 298000 0.0 495.8536855468701 345.61630467506825 856.534912109375 39.68699999997625 349.41897089902005 346.8656329351639 2126.0701302575185 2126.0701302575185 501.5237267952587 2.55333796385616 882312.1726096749 847051.3315921645 6500.0 128.0 295483.0#295483.0#6500_297367.0#297367.0#6500 297142.0#297142.0#128
298000 299000 0.0 457.24271142577345 302.819776941106 756.657958984375 74.26108789059799 339.5629508252332 338.3593348611191 1011.7711692374611 1011.7711692374611 514.8652930476883 1.2036159641140536 896641.8473471666 784421.7325269757 6500.0 128.0 297367.0#297367.0#6500 297142.0#297142.0#128
299000 300000 0.0 317.31181835934984 273.7539028572573 755.449951171875 26.626999999920372 386.4270025686882 384.42843930445645 1660.3041763390745 1660.3041763390745 568.6539792536912 1.9985632642317506 992279.4971932257 896574.4921180536 6500.0 128.0 297367.0#297367.0#6500_299500.0#299500.0#6500 297142.0#297142.0#128_299147.0#299147.0#128
