ts te idle avg_span std_span max_span min_span c_bytes_all s_bytes_all avg_video_rate avg_audio_rate video_requests_sequence audio_requests_sequence
0 1000 1000.0 0.0 0.0 0.0 0.0 0.0 0.0 0.0 0.0 - -
1000 2000 1000.0 0.0 0.0 0.0 0.0 0.0 0.0 0.0 0.0 - -
2000 3000 1000.0 0.0 0.0 0.0 0.0 0.0 0.0 0.0 0.0 - -
3000 4000 1000.0 0.0 0.0 0.0 0.0 0.0 0.0 0.0 0.0 - -
4000 5000 1000.0 0.0 0.0 0.0 0.0 0.0 0.0 0.0 0.0 - -
5000 6000 1000.0 0.0 0.0 0.0 0.0 0.0 0.0 0.0 0.0 - -
6000 7000 1000.0 0.0 0.0 0.0 0.0 0.0 0.0 0.0 0.0 - -
7000 8000 1000.0 0.0 0.0 0.0 0.0 0.0 0.0 0.0 0.0 - -
8000 9000 1000.0 0.0 0.0 0.0 0.0 0.0 0.0 0.0 0.0 - -
9000 10000 1000.0 0.0 0.0 0.0 0.0 0.0 0.0 0.0 0.0 - -
10000 11000 1000.0 0.0 0.0 0.0 0.0 0.0 0.0 0.0 0.0 - -
11000 12000 553.531005859375 446.468994140625  446.468994140625 446.468994140625 3734.344592432168 22150.345645473986 0.0 0.0 - -
12000 13000 7.4448867187602445 496.2775566406199 79.07921505845783 552.1950058593648 440.360107421875 8596.423818931547 253838.16040435203 1500.0 128.0 12484.0#12484.0#1500 12479.0#12479.0#128_12643.0#12643.0#128
13000 14000 1.198187500005588 499.4009062499972 84.72268675969238 559.3088925781194 439.492919921875 6316.344173105088 338025.4286305985 1500.0 128.0 12484.0#12484.0#1500 12643.0#12643.0#128
14000 15000 29.835933593742084 485.08203320312896 90.78692014136954 549.2780800781329 420.885986328125 5677.297364432778 176440.3410917812 990.0 128.0 12484.0#12484.0#1500_14725.0#14725.0#480 14746.0#14746.0#128
15000 16000 140.68199218751397 429.659003906243 106.15795487020583 504.72401367186103 354.593994140625 6696.720420100114 197638.4961120179 480.0 128.0 14725.0#14725.0#480_15250.0#15250.0#480 15257.0#15257.0#128
16000 17000 0.0 532.4649674479346 157.42511187419652 643.8840058593778 352.368896484375 9633.445380874726 222769.90116690987 480.0 128.0 15250.0#15250.0#480_16491.0#16491.0#480_16956.0#16956.0#480 16559.0#16559.0#128_16967.0#16967.0#128
17000 18000 109.93497070315061 445.0325146484247 267.1217330856622 633.9161035155994 256.14892578125 6622.227329984365 284772.71398424346 480.0 128.0 16956.0#16956.0#480_17248.0#17248.0#480 16967.0#16967.0#128_17361.0#17361.0#128
18000 19000 5.152675781224389 497.4236621093878 342.7946366214247 739.8160742187756 255.03125 6801.631398137945 294143.5548308075 480.0 128.0 17248.0#17248.0#480_18270.0#18270.0#480_18725.0#18725.0#480 18365.0#18365.0#128_18798.0#18798.0#128
19000 20000 58.50728320312919 470.7463583984354 385.38082062271803 743.2517499999958 198.240966796875 5203.856149537361 173940.1558851247 480.0 0.0 18725.0#18725.0#480_19213.0#19213.0#480 -
20000 21000 7.803994140587747 496.0980029297061 426.3161354039818 797.549033203104 194.6469726563082 5459.40508097312 178061.1520008874 480.0 128.0 19213.0#19213.0#480_20720.0#20720.0#480 20657.0#20657.0#128_20836.0#20836.0#128
21000 22000 103.78808398440015 448.1059580077999 442.0408312467637 760.6760273437249 135.535888671875 5431.076262811241 182433.22201819316 480.0 128.0 20720.0#20720.0#480_21412.0#21412.0#480 20836.0#20836.0#128
22000 23000 10.319582031283062 494.84020898435847 510.956636192145 856.1411113280919 133.539306640625 5450.157611910467 206128.05842788937 480.0 128.0 21412.0#21412.0#480 22694.0#22694.0#128
23000 24000 156.54341210942948 421.72829394528526 584.475231195755 835.0146933593787 8.441894531191792 3264.3151047456677 104305.2428717881 1500.0 0.0 23153.0#23153.0#1500 -
24000 25000 4.667982421815395 497.6660087890923 697.5694616476708 990.9221054688096 4.409912109375 7449.934056356662 266080.7704805906 1500.0 128.0 23153.0#23153.0#1500_24836.0#24836.0#1500 24816.0#24816.0#128
25000 26000 24.681912109372206 975.3180878906278  975.3180878906278 975.3180878906278 5789.821255666751 338281.45644934225 1500.0 128.0 24836.0#24836.0#1500 24816.0#24816.0#128
26000 27000 486.3150000000023 513.6849999999977  513.6849999999977 513.6849999999977 2683.0 112843.0 1500.0 0.0 24836.0#24836.0#1500 -
27000 28000 1000.0 0.0 0.0 0.0 0.0 0.0 0.0 0.0 0.0 - -
28000 29000 465.215087890625 534.784912109375  534.784912109375 534.784912109375 4303.411564512852 129601.29320373488 1500.0 128.0 28599.0#28599.0#1500 28597.0#28597.0#128
29000 30000 7.446027343801688 496.27698632809916 51.48430110716414 532.681884765625 459.8720878905733 5675.433717150919 200402.64559643142 1500.0 128.0 28599.0#28599.0#1500 28597.0#28597.0#128_29067.0#29067.0#128
30000 31000 8.077980468748137 495.96100976562593 40.64576284082715 524.701904296875 467.22011523437686 5705.5685095487315 190482.95415554263 990.0 128.0 28599.0#28599.0#1500_30814.0#30814.0#480 30877.0#30877.0#128
31000 32000 20.9816250000149 489.50918749999255 40.02520206267948 517.811279296875 461.2070957031101 5275.956552073498 159608.67355954193 990.0 128.0 28599.0#28599.0#1500_30814.0#30814.0#480 30877.0#30877.0#128
32000 33000 3.6593671874143183 498.17031640629284 25.08757683431427 515.909912109375 480.4307207032107 4546.586069152132 154754.32719414006 480.0 128.0 30814.0#30814.0#480_32168.0#32168.0#480_32877.0#32877.0#480 32644.0#32644.0#128
33000 34000 19.236933593754657 490.3815332031227 13.323935738097216 499.802978515625 480.96008789062034 3431.7410888782806 110936.81548639206 480.0 128.0 32877.0#32877.0#480 32644.0#32644.0#128
34000 35000 54.38190820312593 472.80904589843703 9.281518136553581 479.3720703125 466.24602148437407 3090.994353297659 89257.07580750536 480.0 128.0 34649.0#34649.0#480 34646.0#34646.0#128
35000 36000 169.68598242185544 415.1570087890723 121.7170068062765 501.22392968751956 329.090087890625 2859.517220294807 93482.02706823725 480.0 128.0 34649.0#34649.0#480 34646.0#34646.0#128
36000 37000 508.535820312507 245.7320898437465 56.59283547985271 285.749267578125 205.71491210936802 2079.609922034327 55115.91525907606 480.0 128.0 34649.0#34649.0#480_36769.0#36769.0#480 36723.0#36723.0#128
37000 38000 197.5390214844956 401.2304892577522 182.15529336025386 530.0337324218126 272.4272460936918 4287.995232377627 102075.67957731092 480.0 128.0 36769.0#36769.0#480 36723.0#36723.0#128
38000 39000 91.1012539062649 454.44937304686755 342.8158056306578 696.8567539062351 212.0419921875 3484.2983904766397 74110.08717863387 480.0 128.0 36769.0#36769.0#480 38647.0#38647.0#128
39000 40000 186.7590566406143 406.62047167969286 387.79367335819103 680.8320078125107 132.408935546875 4892.685028004826 75896.43681012187 480.0 0.0 39146.0#39146.0#480 -
40000 41000 12.608837890613358 493.6955810546933 522.1566151280288 862.9160644531366 124.47509765625 3888.933322231225 126670.68916422589 480.0 128.0 39146.0#39146.0#480_40701.0#40701.0#480 40698.0#40698.0#128
41000 42000 160.9640976562514 839.0359023437486  839.0359023437486 839.0359023437486 2984.2690299664773 122204.37993910583 480.0 0.0 40701.0#40701.0#480 -
42000 43000 562.76708984375 437.23291015625  437.23291015625 437.23291015625 1415.749369153694 20511.24731460481 0.0 0.0 - -
43000 44000 73.96792968758382 463.0160351562081 63.337045944268674 507.8020898437244 418.2299804686918 2947.989273836567 82623.04439927581 480.0 128.0 43151.0#43151.0#480 43149.0#43149.0#128
44000 45000 163.8850976562244 418.0574511718878 142.02602920999735 518.4850195312756 317.6298828125 2737.273148044952 111399.11496747204 480.0 0.0 43151.0#43151.0#480 -
45000 46000 3.378960937494412 498.3105195312528 256.17148990184074 679.4511171875056 317.169921875 3672.7009808270377 109949.15310254657 480.0 128.0 45149.0#45149.0#480 45147.0#45147.0#128
46000 47000 170.5959199218778 414.7020400390611 147.99750316399175 519.3520781249972 310.052001953125 3787.6713890575916 70320.77786323024 480.0 0.0 45149.0#45149.0#480 -
47000 48000 163.45110937498976 418.2744453125051 203.12993250235388 561.9089980468852 274.639892578125 4192.694199842592 92534.13519200686 840.0 128.0 47167.0#47167.0#840 47160.0#47160.0#128
48000 49000 4.752642578096129 497.62367871095194 321.86429937646 725.2161074219039 270.03125 4506.298708534607 162396.1823503499 840.0 0.0 47167.0#47167.0#840 -
49000 50000 198.46625585935544 400.7668720703223 208.13387998165783 547.9397500000196 253.593994140625 4037.131404850748 121637.24223991 840.0 128.0 47167.0#47167.0#840_49074.0#49074.0#840 49142.0#49142.0#128
50000 51000 9.039025390637107 495.48048730468145 353.9953585717975 745.7930058593629 245.16796875 3990.0859313145647 177787.2918931112 840.0 128.0 49074.0#49074.0#840 49142.0#49142.0#128_50848.0#50848.0#128
51000 52000 177.80600781249814 411.09699609375093 394.2290507926956 689.8590312500019 132.3349609375 5081.8011013450705 171503.75910663488 840.0 128.0 49074.0#49074.0#840_51388.0#51388.0#840 50848.0#50848.0#128
52000 53000 8.253667968790978 495.8731660156045 521.4175324810576 864.5710390625172 127.17529296869179 6292.806042775894 247273.44236007973 840.0 128.0 49074.0#49074.0#840_51388.0#51388.0#840_52532.0#52532.0#840 52646.0#52646.0#128
53000 54000 547.3682929687784 452.6317070312216  452.6317070312216 452.6317070312216 2413.798450416684 110490.60921077793 840.0 128.0 52532.0#52532.0#840 52646.0#52646.0#128
54000 55000 466.4150390625 533.5849609375  533.5849609375 533.5849609375 3986.6037132217716 143058.5213543429 840.0 128.0 54581.0#54581.0#840 54578.0#54578.0#128
55000 56000 17.84102343750419 491.0794882812479 35.89478971784321 516.4609375 465.6980390624958 4224.514437076389 132402.71949201202 840.0 128.0 54581.0#54581.0#840 54578.0#54578.0#128
56000 57000 48.416042968805414 475.7919785155973 13.293488714421805 485.1918945311918 466.3920625000028 3411.7574797850784 99224.10775933097 840.0 128.0 54581.0#54581.0#840_56656.0#56656.0#840 56654.0#56654.0#128
57000 58000 113.27799999999115 443.3610000000044 29.40730597141137 464.15510546881706 422.5668945311918 3740.369874573063 135458.71855304018 840.0 128.0 56656.0#56656.0#840 56654.0#56654.0#128
58000 59000 51.825804687454365 474.0870976562728 114.11997446427263 554.7821054687956 393.39208984375 3791.211044030082 137422.49306796628 840.0 128.0 56656.0#56656.0#840_58658.0#58658.0#840 58654.0#58654.0#128
59000 60000 70.21201171877328 464.89399414061336 175.09931923980378 588.7079101562267 341.080078125 4353.924512857029 149657.44399229457 840.0 128.0 58658.0#58658.0#840 58654.0#58654.0#128
60000 61000 9.000998046889435 495.4995009765553 224.49568455849834 654.2419218749856 336.757080078125 3801.253476324864 145919.7088473214 840.0 128.0 58658.0#58658.0#840_60696.0#60696.0#840 60694.0#60694.0#128
61000 62000 66.59812304691877 466.7009384765406 206.07917406876808 612.4209199218894 320.9809570311918 5449.861710119485 196962.94793868024 840.0 128.0 60696.0#60696.0#840 60694.0#60694.0#128
62000 63000 2.850703124946449 498.5746484375268 254.47273215133475 678.5140429688036 318.63525390625 4944.0037546505955 190225.21830759908 840.0 128.0 60696.0#60696.0#840_62265.0#62265.0#840 62144.0#62144.0#128
63000 64000 578.3652539062314 421.6347460937686  421.6347460937686 421.6347460937686 2034.4999973616432 87337.12068741237 840.0 0.0 62265.0#62265.0#840 -
64000 65000 1000.0 0.0 0.0 0.0 0.0 0.0 0.0 0.0 0.0 - -
65000 66000 763.18505859375 236.81494140625  236.81494140625 236.81494140625 1959.4605699934186 73313.10706439285 0.0 0.0 - -
66000 67000 1.1290136718889698 499.4354931640555 372.4466692113387 762.795058593736 236.075927734375 8137.1766589041645 344550.3407228124 840.0 128.0 66048.0#66048.0#840_66535.0#66535.0#840 66045.0#66045.0#128_66233.0#66233.0#128
67000 68000 913.9609277343843 86.03907226561569  86.03907226561569 86.03907226561569 665.3627711024164 39508.552212794755 840.0 0.0 66535.0#66535.0#840 -
68000 69000 154.943115234375 845.056884765625  845.056884765625 845.056884765625 8079.440984853156 351536.67091810144 1500.0 128.0 68157.0#68157.0#1500 68152.0#68152.0#128
69000 70000 885.0978847655933 114.90211523440666  114.90211523440666 114.90211523440666 1098.5590151468443 47798.32908189858 1500.0 0.0 68157.0#68157.0#1500 -
70000 71000 147.064697265625 852.935302734375  852.935302734375 852.935302734375 7427.230077697823 411498.35646683106 1500.0 128.0 70149.0#70149.0#1500 70146.0#70146.0#128
71000 72000 943.0663027344272 56.933697265572846  56.933697265572846 56.933697265572846 495.769922302177 27467.643533168928 1500.0 0.0 70149.0#70149.0#1500 -
72000 73000 464.907958984375 535.092041015625  535.092041015625 535.092041015625 3655.698087097923 187599.56667300663 1500.0 128.0 72711.0#72711.0#1500 72709.0#72709.0#128
73000 74000 44.759078125003725 477.62046093749814 44.04073441478024 508.761962890625 446.4789589843713 6004.622786675658 261327.04813776113 1500.0 0.0 72711.0#72711.0#1500 -
74000 75000 4.846984374977183 497.5765078125114 10.396549571731713 504.927978515625 490.2250371093978 6402.525478223086 363330.0893281207 2300.0 128.0 74162.0#74162.0#2300 74154.0#74154.0#128
75000 76000 97.34102148440434 451.32948925779783 56.07564349313345 490.9809570311918 411.67802148440387 3281.781568323292 213946.46499016866 2300.0 0.0 74162.0#74162.0#2300 -
76000 77000 75.55587890627794 462.22206054686103 3.9131040678438214 464.98904296872206 459.455078125 3493.5579794741357 197084.85753980096 2300.0 128.0 76691.0#76691.0#2300 76690.0#76690.0#128
77000 78000 4.326072265626863 497.83696386718657 58.94577610735058 539.5179218749981 456.156005859375 7534.494698112693 473322.9843183365 2300.0 128.0 76691.0#76691.0#2300_77802.0#77802.0#2300 77644.0#77644.0#128
78000 79000 46.09000585938338 476.9549970703083 93.26879450883654 542.9059941406013 411.00400000001537 7225.319402093212 470326.98901280545 2300.0 0.0 77802.0#77802.0#2300 -
79000 80000 649.72412109375 350.27587890625  350.27587890625 350.27587890625 2973.0941860465036 171633.14646018867 2300.0 128.0 79651.0#79651.0#2300 79649.0#79649.0#128
80000 81000 16.903878906276077 491.54806054686196 221.88453670827982 648.4441210937221 334.65200000000186 7528.905813953496 462300.85353981133 2300.0 0.0 79651.0#79651.0#2300 -
81000 82000 652.738037109375 347.261962890625  347.261962890625 347.261962890625 2923.7622514210093 185808.14575478423 2300.0 128.0 81655.0#81655.0#2300 81652.0#81652.0#128
82000 83000 6.251970703131519 496.87401464843424 212.95513841382322 647.4560371093685 346.2919921875 6434.795287354372 375699.0181034741 2300.0 0.0 81655.0#81655.0#2300 -
83000 84000 1.9428750000079162 499.02856249999604 217.1290806387998 652.5620078124921 345.4951171875 4941.216361417505 230823.20989106625 3000.0 128.0 83656.0#83656.0#3000 83652.0#83652.0#128
84000 85000 6.0801289062947035 496.95993554685265 215.16827629676166 649.1068828125135 344.8129882811918 7905.928128216582 470196.6641237455 3000.0 0.0 83656.0#83656.0#3000 -
85000 86000 4.047667968727183 497.9761660156364 221.42744189272548 654.5490117187728 341.4033203125 6599.166825632981 449274.07396954834 3000.0 128.0 83656.0#83656.0#3000_85185.0#85185.0#3000 85646.0#85646.0#128
86000 87000 1.8781992188305594 499.0609003905847 223.21491392295493 656.8976796874776 341.2241210936918 7605.941629033823 473729.0403092254 3000.0 0.0 85185.0#85185.0#3000 -
87000 88000 108.95822460931959 445.5208876953402 260.25346681326135 629.5478789063054 261.493896484375 6770.492995793375 374509.53824014583 3000.0 128.0 85185.0#85185.0#3000_87124.0#87124.0#3000 87146.0#87146.0#128
88000 89000 7.753931640647352 496.1230341796763 333.6611606807412 732.0571035156026 260.18896484375 7283.206565507551 529556.5961620505 3000.0 0.0 87124.0#87124.0#3000 -
89000 90000 959.7709648437449 40.22903515625512  40.22903515625512 40.22903515625512 268.4899556227994 16538.71344595983 3000.0 0.0 87124.0#87124.0#3000 -
90000 91000 465.361083984375 534.638916015625  534.638916015625 534.638916015625 4455.737017907833 187596.91817537026 3000.0 128.0 90745.0#90745.0#3000 90743.0#90743.0#128
91000 92000 17.065623046888504 491.46718847655575 46.60979836288842 524.4252929686918 458.5090839844197 7380.922544236494 373338.30648390914 3000.0 128.0 90745.0#90745.0#3000 91146.0#91146.0#128
92000 93000 5.179294921865221 497.4103525390674 35.408577847031324 522.447998046875 472.3727070312598 7506.410303258504 480390.8632287498 3000.0 0.0 90745.0#90745.0#3000_92155.0#92155.0#3000 -
93000 94000 49.54602539062034 475.2269873046898 37.54027829717153 501.77197265625 448.68200195312966 7118.706275785778 470955.4652482596 3000.0 128.0 92155.0#92155.0#3000_93965.0#93965.0#3000 93145.0#93145.0#128
94000 95000 7.254994140646886 496.37250292967656 5.7353085755212625 500.427978515625 492.3170273437281 7756.391412781492 474287.2763102433 3000.0 128.0 93965.0#93965.0#3000 94773.0#94773.0#128
95000 96000 46.3869765624986 476.8065117187507 9.198765927136105 483.3110214843764 470.302001953125 8045.745541302398 519886.24604083213 3000.0 128.0 93965.0#93965.0#3000_95404.0#95404.0#3000 94773.0#94773.0#128
96000 97000 5.101033203129191 497.4494833984354 43.53163548620344 528.2309980468708 466.66796875 8158.2355896578765 546970.993716947 3000.0 128.0 95404.0#95404.0#3000_96896.0#96896.0#3000 96649.0#96649.0#128
97000 98000 2.571900390612427 498.7140498046938 48.64043502397841 533.1080312500126 464.320068359375 7831.083293543357 536885.7995935583 3000.0 128.0 95404.0#95404.0#3000_96896.0#96896.0#3000 96649.0#96649.0#128
98000 99000 403.55206835939316 298.2239658203034 331.31907662825876 532.5019316406106 63.945999999996275 4242.768021526268 300723.1312021304 3000.0 0.0 96896.0#96896.0#3000 -
99000 100000 1000.0 0.0 0.0 0.0 0.0 0.0 0.0 0.0 0.0 - -
100000 101000 465.342041015625 534.657958984375  534.657958984375 534.657958984375 3662.3120365198056 190368.52078317752 3000.0 128.0 100747.0#100747.0#3000 100746.0#100746.0#128_100879.0#100879.0#128
101000 102000 7.704003906168509 496.14799804691575 44.76828376343607 527.803955078125 464.4920410157065 7542.829515662416 420709.62786696653 3000.0 128.0 100747.0#100747.0#3000 100879.0#100879.0#128
102000 103000 3.200861328106839 498.3995693359466 40.61836935838431 527.12109375 469.67804492189316 7860.61126986329 497471.1460948064 3000.0 128.0 100747.0#100747.0#3000_102413.0#102413.0#3000 102579.0#102579.0#128
103000 104000 7.657062500016764 496.1714687499916 39.1179426303805 523.83203125 468.51090624998324 7674.606487761862 506212.78198115295 3000.0 0.0 102413.0#102413.0#3000_103864.0#103864.0#3000 -
104000 105000 7.517968749976717 496.24101562501164 35.95361768745547 521.6640625 470.8179687500233 8156.337223865716 483575.6277206128 3000.0 128.0 103864.0#103864.0#3000 104647.0#104647.0#128
105000 106000 74.67600585939363 462.6619970703032 32.66276068172603 485.758056640625 439.5659374999814 7441.637056817593 487635.90162785514 3000.0 0.0 103864.0#103864.0#3000_105327.0#105327.0#3000 -
106000 107000 5.222003906266764 497.3889980468666 19.424145939378413 511.12394335935824 483.654052734375 7598.881250334354 533849.2577195074 3000.0 128.0 105327.0#105327.0#3000_106749.0#106749.0#3000 106643.0#106643.0#128
107000 108000 11.201113281247672 494.39944335937616 23.881122845286644 511.2859472656273 477.512939453125 6804.147817159339 459713.43259397213 3000.0 0.0 106749.0#106749.0#3000 -
108000 109000 119.56101367191877 440.2194931640406 111.46911538676721 519.0400605468894 361.3989257811918 5642.30282270309 383352.1787262269 3000.0 128.0 106749.0#106749.0#3000_108694.0#108694.0#3000 108692.0#108692.0#128
109000 110000 4.8799316406366415 497.5600341796817 197.5883187042963 637.2760742187384 357.843994140625 7592.055117547563 474971.88344917214 3000.0 0.0 108694.0#108694.0#3000 -
110000 111000 7.0788925781380385 496.460553710931 201.1810039633903 638.717005859362 354.2041015625 8746.065498855467 537138.8597397279 3000.0 128.0 108694.0#108694.0#3000_110214.0#110214.0#3000 110648.0#110648.0#128
111000 112000 58.421193359361496 470.78940332031925 218.2958772622373 625.1478984375135 316.430908203125 7303.077437947786 426465.7965861823 3000.0 0.0 110214.0#110214.0#3000 -
112000 113000 0.9329804687295109 499.53350976563524 259.8017540193761 683.2410917968955 315.825927734375 6240.426614116452 373824.55533573066 3000.0 128.0 112152.0#112152.0#3000 112149.0#112149.0#128
113000 114000 113.80184374999953 443.09907812500023 268.33004461113904 632.8370722656255 253.361083984375 5320.789917639292 321170.97333392524 3000.0 0.0 112152.0#112152.0#3000 -
114000 115000 84.3431093749241 457.82844531253795 339.59435419388586 697.9579160157009 217.698974609375 3999.3237853675346 170383.749618018 3000.0 128.0 112152.0#112152.0#3000_114582.0#114582.0#3000 114579.0#114579.0#128
115000 116000 41.685894531256054 479.157052734372 376.3929009556929 745.307025390619 213.007080078125 6241.224611656868 437047.99296505074 3000.0 0.0 114582.0#114582.0#3000 -
116000 117000 2.3501738281338476 498.8249130859331 407.3939247938491 786.8959199218662 210.75390625 8168.102933156451 478862.78772537364 3000.0 128.0 114582.0#114582.0#3000_116618.0#116618.0#3000 116147.0#116147.0#128
117000 118000 7.409011718817055 496.2954941405915 413.27364888090995 788.5240937499912 204.0668945311918 7688.550303527829 562994.6172638417 3000.0 0.0 116618.0#116618.0#3000 -
118000 119000 4.998607421817724 497.50069628909114 416.8131561192887 792.2321054688073 202.769287109375 8711.823924306851 503903.68707174645 3000.0 128.0 116618.0#116618.0#3000_118185.0#118185.0#3000 118148.0#118148.0#128
119000 120000 302.4842871094006 697.5157128905994  697.5157128905994 697.5157128905994 4523.894375190441 320019.6217969535 3000.0 0.0 118185.0#118185.0#3000 -
120000 121000 149.9799804688082 850.0200195311918  850.0200195311918 850.0200195311918 7353.93481825853 420478.40970883146 3000.0 128.0 120152.0#120152.0#3000 120149.0#120149.0#128
121000 122000 4.656046874937601 497.6719765625312 496.53037622487784 848.77197265625 146.5719804688124 7373.758144458156 450685.711165689 3000.0 0.0 120152.0#120152.0#3000_121733.0#121733.0#3000 -
122000 123000 5.541707031254191 497.2291464843729 489.6263596279789 843.447265625 151.0110273437458 8804.196822792286 439606.00420110184 3000.0 128.0 121733.0#121733.0#3000 122148.0#122148.0#128
123000 124000 368.3762656250037 315.81186718749814 225.2900651654966 475.11599999998 156.5077343750163 3777.110214491028 178842.87492437765 3000.0 0.0 121733.0#121733.0#3000 -
124000 125000 488.527099609375 511.472900390625  511.472900390625 511.472900390625 3842.6230971628192 218234.26151830552 3000.0 0.0 124495.0#124495.0#3000 -
125000 126000 2.1877890625037253 498.90610546874814 16.345488640318457 510.464111328125 487.3480996093713 7795.033197421078 450280.17378658504 3000.0 128.0 124495.0#124495.0#3000 125485.0#125485.0#128_125770.0#125770.0#128
126000 127000 2.2041171874734573 498.89794140626327 15.656832926682094 509.968994140625 487.82688867190154 7552.730226052001 498939.3220637573 3000.0 128.0 124495.0#124495.0#3000_126189.0#126189.0#3000 125770.0#125770.0#128
127000 128000 5.442058593733236 497.2789707031334 10.436846371856035 504.658935546875 489.89900585939176 8063.51912882014 536411.4443365705 3000.0 128.0 126189.0#126189.0#3000_127643.0#127643.0#3000 127654.0#127654.0#128
128000 129000 3.58265624998603 498.208671875007 6.5090698382848124 502.811279296875 493.60606445313897 7823.792131598732 523239.38624872616 3000.0 0.0 127643.0#127643.0#3000 -
129000 130000 470.63834179687547 264.68082910156227 123.78626641305779 352.2109375 177.15072070312453 4433.779436156804 274831.0707191734 3000.0 128.0 127643.0#127643.0#3000_129648.0#129648.0#3000 129647.0#129647.0#128
130000 131000 6.221923828125 496.8890380859375 210.3996572687555 645.6640625 348.114013671875 8148.73527838492 459461.5794754854 3000.0 0.0 129648.0#129648.0#3000 -
131000 132000 3.4670937500195578 498.2664531249902 213.22597550275572 649.0399863281054 347.492919921875 6923.175940581668 419252.5798231099 3000.0 128.0 129648.0#129648.0#3000_131459.0#131459.0#3000 131647.0#131647.0#128
132000 133000 5.247919921879657 497.3760400390602 216.90647596631774 650.7520800781203 344.0 6453.210896991073 413309.38148313493 3000.0 0.0 131459.0#131459.0#3000 -
133000 134000 1.8840371093829162 499.05798144530854 221.03594918495037 655.3539999999921 342.761962890625 4661.483039573262 247715.0917546081 3000.0 128.0 133656.0#133656.0#3000 133654.0#133654.0#128
134000 135000 6.3568710937397555 496.8215644531301 218.67626894595088 651.4490371093852 342.194091796875 8002.509900431824 524629.221045676 3000.0 0.0 133656.0#133656.0#3000 -
135000 136000 5.844841796788387 497.0775791016058 227.04679600470524 657.6239082032116 336.53125 8285.57250310505 520796.0162569699 3000.0 128.0 133656.0#133656.0#3000_135324.0#135324.0#3000 135148.0#135148.0#128
136000 137000 5.317341796879191 497.3413291015604 230.0365732958834 660.0017499999958 334.680908203125 7364.431909737423 449194.3594745694 3000.0 0.0 135324.0#135324.0#3000_136997.0#136997.0#3000 -
137000 138000 6.461999999999534 496.76900000000023 234.17692518662201 662.3570917968755 331.180908203125 7171.182103317915 437798.7389060402 3000.0 128.0 136997.0#136997.0#3000 137149.0#137149.0#128
138000 139000 22.47798437497113 488.76100781251444 251.0781804220195 666.3000917969039 311.221923828125 6889.366777070642 439542.373532405 3000.0 0.0 136997.0#136997.0#3000 -
139000 140000 5.91981445311103 497.0400927734445 267.2905824510571 686.043076171889 308.037109375 5741.27458352398 303492.52540799073 3000.0 128.0 139152.0#139152.0#3000 139148.0#139148.0#128
140000 141000 391.27210937498603 608.727890625014  608.727890625014 608.727890625014 5407.579850070671 268933.4741668926 3000.0 0.0 139152.0#139152.0#3000 -
141000 142000 146.49072265625 853.50927734375  853.50927734375 853.50927734375 4884.792999807322 282998.43607699545 3000.0 128.0 141147.0#141147.0#3000 141146.0#141146.0#128
142000 143000 2.2931582031887956 498.8534208984056 499.84487158945035 852.297119140625 145.4097226561862 8582.982768253414 472231.54697354464 3000.0 0.0 141147.0#141147.0#3000 -
143000 144000 44.578076171921566 477.7109619140392 521.750166835582 846.6440429686918 108.77788085938664 6965.631028913527 518952.0533647625 3000.0 128.0 141147.0#141147.0#3000_143011.0#143011.0#3000 143152.0#143152.0#128
144000 145000 4.284115234448109 497.85794238277595 491.3939373746873 845.325927734375 150.3899570311769 8189.111910485988 469878.9588718738 3000.0 128.0 143011.0#143011.0#3000_144750.0#144750.0#3000 144747.0#144747.0#128
145000 146000 5.704822265601251 497.1475888671994 491.4894409841705 844.6831054686918 149.61207226570696 7140.861065399738 471826.2361637469 3000.0 0.0 144750.0#144750.0#3000 -
146000 147000 8.90699023444904 495.5465048827755 493.2375415299366 844.318115234375 146.77489453117596 8566.209881277704 417346.3954845181 3000.0 128.0 144750.0#144750.0#3000_146723.0#146723.0#3000 146649.0#146649.0#128
147000 148000 6.748222656256985 496.6258886718715 488.4538136187576 842.014892578125 151.23688476561802 7914.183160115765 483761.2490220988 3000.0 0.0 146723.0#146723.0#3000 -
148000 149000 8.021800781250931 495.98909960937453 481.29929063389267 836.319091796875 155.65910742187407 6662.460351326418 325861.18223128025 3000.0 128.0 146723.0#146723.0#3000_148703.0#148703.0#3000 148701.0#148701.0#128
149000 150000 2.4661679687560536 498.766916015622 475.99601187208407 835.346923828125 162.18690820311895 7176.334500105139 456458.7519935063 3000.0 0.0 148703.0#148703.0#3000 -
150000 151000 307.49691601557424 346.2515419922129 259.09306867749297 529.4580078125 163.04507617192576 5524.735674414364 307483.6292133805 3000.0 128.0 148703.0#148703.0#3000_150654.0#150654.0#3000 150652.0#150652.0#128
151000 152000 5.2571289062616415 497.3714355468692 39.10928885871493 525.02587890625 469.71699218748836 7376.410860790971 391835.5735096531 3000.0 0.0 150654.0#150654.0#3000 -
152000 153000 64.16496679687407 467.91751660156297 0.01075437598718129 467.92512109375093 467.909912109375 6454.5849575457605 378722.7201986818 3000.0 128.0 150654.0#150654.0#3000_152698.0#152698.0#3000 152696.0#152696.0#128
153000 154000 5.227947265666444 497.3860263671668 42.70509395023076 527.5830878905836 467.18896484375 6085.0643854752025 359297.0363741335 3000.0 0.0 152698.0#152698.0#3000 -
154000 155000 65.5660429688287 467.21697851558565 0.5968782252058554 467.6390351561713 466.794921875 6030.310946332445 321807.37540306285 3000.0 128.0 152698.0#152698.0#3000_154580.0#154580.0#3000 154579.0#154579.0#128
155000 156000 46.5428027343587 476.72859863282065 18.818203765302542 490.0350781250163 463.422119140625 6306.974221867844 359908.6146670468 3000.0 0.0 154580.0#154580.0#3000 -
156000 157000 118.38003906252561 440.8099804687372 127.17725636814052 530.7378808593494 350.882080078125 5583.561649958374 350957.1698452944 3000.0 128.0 154580.0#154580.0#3000_156649.0#156649.0#3000 156648.0#156648.0#128
157000 158000 1.7939785156049766 499.1030107421975 210.92841017508124 648.251919921895 349.9541015625 8038.285595197668 483602.6818424148 3000.0 0.0 156649.0#156649.0#3000 -
158000 159000 2.670060546894092 498.66496972655295 213.29583129982478 649.4878984374809 347.842041015625 8087.835820291209 452172.63135454815 3000.0 128.0 156649.0#156649.0#3000_158285.0#158285.0#3000 158645.0#158645.0#128
159000 160000 223.60793554689735 388.1960322265513 157.5263167055859 499.58395898441086 276.8081054686918 6129.016810789457 354173.02344130015 3000.0 0.0 158285.0#158285.0#3000 -
160000 161000 4.6251953124883585 497.6874023437558 314.06782977650056 719.7668945312616 275.60791015625 8378.640730136613 444194.9658165915 3000.0 128.0 158285.0#158285.0#3000_160204.0#160204.0#3000 160151.0#160151.0#128
161000 162000 3.683943359355908 498.15802832032205 314.89877830022317 720.8250898437691 275.490966796875 8502.433371387306 449758.8524970087 3000.0 0.0 160204.0#160204.0#3000 -
162000 163000 1.0210878905490972 499.48945605472545 317.7929884527468 724.2030332032009 274.77587890625 7609.1516523349255 374069.99618173344 3000.0 128.0 162150.0#162150.0#3000 162148.0#162148.0#128
163000 164000 0.7229824218666181 499.6385087890667 318.7561176071207 725.0331210937584 274.243896484375 7477.978626613294 446576.62375150406 3000.0 0.0 162150.0#162150.0#3000_163939.0#163939.0#3000 -
164000 165000 6.6097968749236315 496.6951015625382 323.56216633821737 725.4881035157014 267.902099609375 8473.261364416754 446058.9999397253 3000.0 128.0 163939.0#163939.0#3000 164149.0#164149.0#128
165000 166000 17.863130859390367 491.0684345703048 322.1231529389244 718.8439003906096 263.29296875 6858.172003569689 406991.2719029551 3000.0 0.0 163939.0#163939.0#3000 -
166000 167000 7.442958984349389 496.2785205078253 338.37677294043226 735.5470312500256 257.010009765625 7501.455623010397 375349.9141494474 3000.0 128.0 166150.0#166150.0#3000 166149.0#166149.0#128
167000 168000 311.74200976558495 688.257990234415  688.257990234415 688.257990234415 5552.5580401827065 346287.1097291916 3000.0 0.0 166150.0#166150.0#3000 -
168000 169000 146.592041015625 853.407958984375  853.407958984375 853.407958984375 8152.329677835339 449848.4066907032 3000.0 128.0 168148.0#168148.0#3000 168146.0#168146.0#128
169000 170000 1.7808925781282596 499.10955371093587 500.8557718835972 853.26806640625 144.95104101562174 8053.048106745899 506041.6630373884 3000.0 0.0 168148.0#168148.0#3000 -
170000 171000 360.32909960940015 319.8354501952999 300.7403156914043 532.490966796875 107.17993359372485 5753.552121760059 280286.4206100779 3000.0 128.0 168148.0#168148.0#3000_170608.0#170608.0#3000 170606.0#170606.0#128
171000 172000 23.419007812510245 488.2904960937449 31.985922766399305 510.907958984375 465.67303320311476 8782.283128860643 447072.4937164028 3000.0 128.0 170608.0#170608.0#3000 171651.0#171651.0#128
172000 173000 3.232873046887107 498.38356347655645 13.30000321190877 507.7880859375 488.9790410156129 9205.002213168003 505160.23340886855 3000.0 0.0 170608.0#170608.0#3000_172271.0#172271.0#3000 -
173000 174000 57.62283203122206 471.18858398438897 31.74438503360809 493.63525390625 448.74191406252794 9013.82553501289 511421.5522713807 3000.0 128.0 172271.0#172271.0#3000_173698.0#173698.0#3000 173653.0#173653.0#128
174000 175000 5.620367187540978 497.1898164062295 11.251383665402582 505.14574609376723 489.2338867186918 9261.423906252621 532442.0495702447 3000.0 0.0 173698.0#173698.0#3000 -
175000 176000 381.45180468750186 309.27409765624907 58.73933821599859 350.8090820311918 267.73911328130635 6038.133098446899 336276.4769739926 3000.0 128.0 173698.0#173698.0#3000_175650.0#175650.0#3000 175648.0#175648.0#128
176000 177000 2.816035156196449 498.5919824219018 210.49711232741532 647.4359179688036 349.748046875 8880.05375563482 467210.5167092 3000.0 0.0 175650.0#175650.0#3000 -
177000 178000 58.75500976562034 470.6224951171898 249.79884609707267 647.2569531250047 293.988037109375 6584.019629981787 346182.94083512865 3000.0 128.0 175650.0#175650.0#3000_177647.0#177647.0#3000 177646.0#177646.0#128
178000 179000 0.3197714844136499 499.8401142577932 291.1764589321269 705.7329628905864 293.947265625 8185.72742317819 524267.2287275193 3000.0 0.0 177647.0#177647.0#3000 -
179000 180000 679.2002656250261 320.7997343749739  320.7997343749739 320.7997343749739 2654.6014031228483 147041.01744909325 3000.0 0.0 177647.0#177647.0#3000 -
180000 181000 468.212890625 531.787109375  531.787109375 531.787109375 4364.929807170314 205154.3654039851 3000.0 128.0 180731.0#180731.0#3000 180729.0#180729.0#128
181000 182000 3.9051015625009313 498.04744921874953 45.12834474618323 529.9580078125 466.13689062499907 8654.946331993568 439047.92764918506 3000.0 128.0 180731.0#180731.0#3000_181995.0#181995.0#3000 181142.0#181142.0#128
182000 183000 2.82899414061103 498.5855029296945 42.82028054005113 528.864013671875 468.30699218751397 9136.143689331953 525592.9348417247 3000.0 0.0 180731.0#180731.0#3000_181995.0#181995.0#3000 -
183000 184000 2.418982421862893 498.79050878906855 39.65670137383902 526.83203125 470.7489863281371 8941.13022779405 530480.0342592038 3000.0 128.0 181995.0#181995.0#3000_183672.0#183672.0#3000 183142.0#183142.0#128
184000 185000 5.758070312498603 497.1209648437507 41.31482948689489 526.3349609375 467.9069687500014 8949.394193541884 493409.94026255055 3000.0 0.0 183672.0#183672.0#3000 -
185000 186000 7.162662109360099 496.41866894531995 38.76731296057689 523.831298828125 469.0060390625149 8902.983796574248 503536.49709189485 3000.0 128.0 183672.0#183672.0#3000_185191.0#185191.0#3000 185144.0#185144.0#128
186000 187000 5.192353515594732 497.40382324220263 35.023171505639795 522.1689453125 472.63870117190527 7703.262039692019 392098.65737690043 3000.0 0.0 185191.0#185191.0#3000 -
187000 188000 9.523996093834285 495.23800195308286 34.520878479836206 519.6479492186918 470.8280546874739 8124.705305956695 454503.1164899579 3000.0 128.0 187150.0#187150.0#3000 187147.0#187147.0#128
188000 189000 0.39296289067715406 499.8035185546614 27.87056820526289 519.510986328125 480.09605078119785 7765.349626653535 434713.9313457119 3000.0 0.0 187150.0#187150.0#3000 -
189000 190000 3.638058593729511 498.18097070313524 25.130514236366402 515.950927734375 480.4110136718955 7737.677156534889 423377.5991991733 3000.0 128.0 189151.0#189151.0#3000 189148.0#189148.0#128
190000 191000 2.5009726563002914 498.74951367184985 23.057962163671768 515.053955078125 482.4450722655747 8596.794309707893 473207.7992657748 3000.0 128.0 189151.0#189151.0#3000_190781.0#190781.0#3000 190755.0#190755.0#128
191000 192000 2.700076171895489 498.64996191405226 19.446733305432698 512.40087890625 484.8990449218545 7801.929164346903 413578.0970799257 3000.0 0.0 190781.0#190781.0#3000 -
192000 193000 64.69792773434892 467.65103613282554 0.42272970222103173 467.949951171875 467.3521210937761 5289.965431420047 304645.56489425217 3000.0 128.0 190781.0#190781.0#3000 192646.0#192646.0#128
193000 194000 2.736046875012107 498.63197656249395 43.5649509879216 529.4370488281129 467.826904296875 6841.053947695957 371420.8191086374 3000.0 0.0 193143.0#193143.0#3000 -
194000 195000 4.969626953126863 497.51518652343657 45.26319083799429 529.5210957031231 465.50927734375 7370.3821202240015 384860.1212588268 3000.0 0.0 193143.0#193143.0#3000 -
195000 196000 4.9023945312947035 497.54880273435265 48.498926660420885 531.8427226562053 463.2548828125 7138.03445740421 366514.13352757425 3000.0 128.0 195151.0#195151.0#3000 195148.0#195148.0#128
196000 197000 4.657781249959953 497.67110937502 52.279243808817974 534.63811718754 460.7041015625 9592.675152778447 521278.63366294577 3000.0 128.0 195151.0#195151.0#3000_196618.0#196618.0#3000 196649.0#196649.0#128
197000 198000 3.743783203070052 498.128108398465 57.667089503321165 538.904898437555 457.351318359375 8457.314732760213 465600.2603505843 3000.0 0.0 196618.0#196618.0#3000 -
198000 199000 129.7493320312351 435.12533398438245 120.54664150331458 520.3646816406399 349.885986328125 7743.3249891586665 436124.2512451145 3000.0 128.0 196618.0#196618.0#3000_198649.0#198649.0#3000 198649.0#198649.0#128
199000 200000 1.9448730468284339 499.0275634765858 212.67855746338984 649.4140136719216 348.64111328125 8170.312498700003 434610.9210463006 3000.0 0.0 198649.0#198649.0#3000 -
200000 201000 7.229078124975786 496.3854609375121 209.23208448517252 644.3348867187742 348.43603515625 7447.464487168298 355772.6942029442 3000.0 128.0 198649.0#198649.0#3000_200654.0#200654.0#3000 200650.0#200650.0#128
201000 202000 6.967769531300291 496.51611523434985 210.81518884489782 645.5849648436997 347.447265625 7609.448475690747 402466.17127407866 3000.0 0.0 200654.0#200654.0#3000 -
202000 203000 119.88723632809706 440.05638183595147 133.6804497624224 534.5827343750279 345.530029296875 5251.275839678627 254667.41782918762 3000.0 128.0 202656.0#202656.0#3000 202653.0#202653.0#128
203000 204000 5.720714843715541 497.13964257814223 215.16174384541694 649.2819707031595 344.997314453125 8633.779914525849 486469.3621509168 3000.0 0.0 202656.0#202656.0#3000 -
204000 205000 5.285023437463678 497.35748828126816 219.18075372657972 652.3416855469113 342.373291015625 8683.480679427072 438459.5087994721 3000.0 128.0 202656.0#202656.0#3000_204198.0#204198.0#3000 204651.0#204651.0#128
205000 206000 134.10619921877515 432.9469003906124 260.74959751389406 617.3247089843499 248.569091796875 6917.121583262868 363981.6341440617 3000.0 0.0 204198.0#204198.0#3000 -
206000 207000 3.3017871093470603 498.34910644532647 354.7721623272689 749.2109082031529 247.4873046875 7084.075583287782 398686.6818370718 3000.0 128.0 204198.0#204198.0#3000_206741.0#206741.0#3000 206647.0#206647.0#128
207000 208000 1.0283105468843132 499.48584472655784 356.4056480451801 751.5026953124907 247.468994140625 9673.977876622255 557664.2010091416 3000.0 0.0 206741.0#206741.0#3000 -
208000 209000 2.554052734398283 498.72297363280086 357.84274590317665 751.7560058593517 245.68994140625 10441.111242139526 558687.5313183219 3000.0 128.0 206741.0#206741.0#3000_208248.0#208248.0#3000 208143.0#208143.0#128
209000 210000 7.0100332031724975 496.49498339841375 355.0582201658359 747.5590585937025 245.430908203125 7786.373600549588 482150.81881763495 3000.0 0.0 208248.0#208248.0#3000 -
210000 211000 5.412990234326571 497.2935048828367 358.29466447620973 750.6460917969234 243.94091796875 6505.35882396575 330222.2089729544 3000.0 128.0 210151.0#210151.0#3000 210148.0#210148.0#128
211000 212000 1.6369980468880385 499.181500976556 362.65891924324205 755.620082031237 242.742919921875 7305.509134325484 426146.85694011406 3000.0 0.0 210151.0#210151.0#3000 -
212000 213000 4.3669199218275025 497.81654003908625 366.37541448034824 756.8830800781725 238.75 7097.88311432857 364093.9328066269 3000.0 128.0 212146.0#212146.0#3000 212145.0#212145.0#128
213000 214000 391.90500000002794 608.0949999999721  608.0949999999721 608.0949999999721 5170.830665588087 280461.3745372493 3000.0 0.0 212146.0#212146.0#3000 -
214000 215000 145.181884765625 854.818115234375  854.818115234375 854.818115234375 8239.912200975952 476705.97623227246 3000.0 128.0 214148.0#214148.0#3000 214144.0#214144.0#128
215000 216000 2.2590624999720603 498.87046875001397 502.44686295920394 854.154052734375 143.58688476565294 7853.045492863126 375431.84196668 3000.0 0.0 214148.0#214148.0#3000_215770.0#215770.0#3000 -
216000 217000 5.727978515671566 497.1360107421642 499.6983098983579 850.47607421875 143.79594726557843 8863.516348028048 552923.1973224763 3000.0 128.0 215770.0#215770.0#3000 216143.0#216143.0#128
217000 218000 5.7370410156436265 497.1314794921782 496.746125276205 848.384033203125 145.87892578123137 7852.118470267845 435887.0021217187 3000.0 128.0 215770.0#215770.0#3000_217642.0#217642.0#3000 217651.0#217651.0#128
218000 219000 3.8850625000195578 498.0574687499902 490.9619186094993 845.219970703125 150.89496679685544 9199.836683005115 512670.20323786826 3000.0 0.0 217642.0#217642.0#3000 -
219000 220000 793.3959707031026 103.30201464844868 71.0430390217919 153.53702929685824 53.067000000039116 2059.5708048599154 89186.77911898422 3000.0 0.0 217642.0#217642.0#3000 -
220000 221000 466.208740234375 533.791259765625  533.791259765625 533.791259765625 4720.177580184549 233038.14160923124 3000.0 128.0 220580.0#220580.0#3000 220577.0#220577.0#128
221000 222000 5.530177734326571 497.2349111328367 44.475844009925325 528.68408203125 465.78574023442343 9517.468901725984 511869.4878408654 3000.0 128.0 220580.0#220580.0#3000_221914.0#221914.0#3000 221648.0#221648.0#128
222000 223000 5.085136718698777 497.4574316406506 38.83644507802358 524.9189453125 469.9959179688012 9513.512260626023 558877.0774196305 3000.0 128.0 220580.0#220580.0#3000_221914.0#221914.0#3000 221648.0#221648.0#128
223000 224000 7.960855468758382 496.0195722656208 32.87695465049723 519.26708984375 472.7720546874916 8944.839131845501 491349.318417892 3000.0 128.0 221914.0#221914.0#3000_223599.0#223599.0#3000 223648.0#223648.0#128
224000 225000 1.9408164062770084 499.0295917968615 28.1084585376009 518.9052734375 479.153910156223 9058.38245007758 467511.9612246358 3000.0 0.0 223599.0#223599.0#3000 -
225000 226000 139.18515234370716 430.4074238281464 31.914129330984423 452.97412109375 407.84072656254284 8015.231025672979 471950.13542501786 3000.0 128.0 223599.0#223599.0#3000_225359.0#225359.0#3000 225649.0#225649.0#128
226000 227000 0.6750410156091675 499.6624794921954 66.86458208579532 546.9428789062658 452.382080078125 8463.612160963727 529237.4127839314 3000.0 0.0 225359.0#225359.0#3000 -
227000 228000 644.9901640624739 177.50491796876304 237.9541570291803 345.763916015625 9.245919921901077 3513.6321127906645 190157.17006075158 3000.0 128.0 227658.0#227658.0#3000 227653.0#227653.0#128
228000 229000 8.533902343711816 495.7330488281441 222.90697720615742 653.3520839844132 338.114013671875 8670.852897455097 450821.54059418064 3000.0 0.0 227658.0#227658.0#3000 -
229000 230000 56.57803515624255 471.7109824218787 260.61552343907806 655.9939863281325 287.427978515625 8114.640257523057 358959.52462479775 3000.0 128.0 227658.0#227658.0#3000_229655.0#229655.0#3000 229653.0#229653.0#128
230000 231000 3.289660156238824 498.3551699218806 299.8187221550279 710.3590214843862 286.351318359375 11768.532318111276 530320.4600273788 3000.0 0.0 229655.0#229655.0#3000 -
231000 232000 885.2973183593713 114.70268164062873  114.70268164062873 114.70268164062873 825.1189030235599 47448.76997168723 3000.0 0.0 229655.0#229655.0#3000 -
232000 233000 465.87890625 534.12109375  534.12109375 534.12109375 4640.950147777526 226305.4963705898 3000.0 128.0 232591.0#232591.0#3000 232587.0#232587.0#128
233000 234000 2.802132812445052 498.5989335937775 50.00804444893826 533.9599609375 463.23790625005495 8569.044494625296 494928.5276156019 3000.0 128.0 232591.0#232591.0#3000 233147.0#233147.0#128
234000 235000 3.778677734429948 498.110661132785 45.685634659212006 530.415283203125 465.80603906244505 9037.243167879114 553212.7086797724 3000.0 0.0 232591.0#232591.0#3000_234095.0#234095.0#3000 -
235000 236000 6.686394531279802 496.6568027343601 42.07863186884816 526.410888671875 466.9027167968452 8910.300347759032 519281.51850181835 3000.0 128.0 234095.0#234095.0#3000_235624.0#235624.0#3000 235142.0#235142.0#128
236000 237000 1.136978515656665 499.43151074217167 37.9029025419679 526.23291015625 472.63011132809334 9423.640615821636 521201.46219736635 3000.0 0.0 235624.0#235624.0#3000 -
237000 238000 6.7818007812602445 496.6090996093699 34.72319940763317 521.162109375 472.05608984373976 8577.79730411669 514341.77236195584 3000.0 128.0 235624.0#235624.0#3000_237194.0#237194.0#3000 237144.0#237144.0#128
238000 239000 2.2690527343656868 498.86547363281716 29.546574242647523 519.758056640625 477.9728906250093 5902.350841240845 338673.2632486272 3000.0 0.0 237194.0#237194.0#3000 -
239000 240000 2.1550859374692664 498.92245703126537 27.64435894541739 518.469970703125 479.37494335940573 7354.132003274982 387655.8864229693 3000.0 128.0 239156.0#239156.0#3000 239152.0#239152.0#128
240000 241000 6.713691406301223 496.6431542968494 26.400715559112456 515.311279296875 477.9750292968238 7310.176243217911 381569.8904939229 3000.0 0.0 239156.0#239156.0#3000 -
241000 242000 7.857363281305879 496.07131835934706 25.728218340305244 514.263916015625 477.8787207030691 7357.018674814632 407219.89807261777 3000.0 128.0 241144.0#241144.0#3000 241144.0#241144.0#128
242000 243000 2.0336503905709833 498.9831748047145 19.041099843070832 512.447265625 485.519083984429 9424.542137742596 500643.8051383169 3000.0 128.0 241144.0#241144.0#3000_242623.0#242623.0#3000 242649.0#242649.0#128
243000 244000 5.272296875016764 497.3638515624916 19.875523133755173 511.41796875 483.30973437498324 8329.880579728462 460282.33621960075 3000.0 0.0 242623.0#242623.0#3000 -
244000 245000 8.798083984409459 495.60095800779527 19.20633081051847 509.181884765625 482.02003124996554 8449.504712211472 461649.3474101571 3000.0 128.0 242623.0#242623.0#3000_244573.0#244573.0#3000 244649.0#244649.0#128
245000 246000 48.53990820317995 475.73004589841 7.100668240890992 480.7509765625 470.70911523432005 7491.6283784125135 393685.146043209 3000.0 0.0 244573.0#244573.0#3000 -
246000 247000 67.33994921878912 466.33002539060544 0.49780041179180656 466.6820234374609 465.97802734375 6060.585151739127 339379.3470956299 3000.0 128.0 244573.0#244573.0#3000_246695.0#246695.0#3000 246694.0#246694.0#128
247000 248000 53.92406640620902 473.0379667968955 38.47085982367187 500.240972656291 445.8349609375 7171.950190450882 391195.7213388197 3000.0 0.0 246695.0#246695.0#3000 -
248000 249000 5.897982421913184 497.0510087890434 72.6524361528719 548.4240390624618 445.677978515625 8496.867261181458 503488.49074201373 3000.0 128.0 246695.0#246695.0#3000_248582.0#248582.0#3000 248592.0#248592.0#128
249000 250000 18.772076171822846 490.6139619140886 84.62520960402436 550.4530214844272 430.77490234375 7373.752491979312 398964.23392346856 3000.0 0.0 248582.0#248582.0#3000 -
250000 251000 126.11364843754563 436.9431757812272 134.78575571718812 532.2510976562044 341.63525390625 6280.169690997958 317314.97925915173 3000.0 128.0 248582.0#248582.0#3000_250661.0#250661.0#3000 250657.0#250657.0#128
251000 252000 7.185291015659459 496.40735449217027 227.01011484034558 656.9277460937155 335.886962890625 8824.680200306244 442132.68323974713 3000.0 0.0 250661.0#250661.0#3000 -
252000 253000 5.40301562496461 497.2984921875177 232.74779609060795 661.8760371094104 332.720947265625 8400.739289243442 432482.35350567265 3000.0 128.0 250661.0#250661.0#3000_252377.0#252377.0#3000 252651.0#252651.0#128
253000 254000 7.639009765582159 496.1804951172089 237.54482644806586 664.1500527344178 328.2109375 7661.4719480050335 521891.0500467732 3000.0 0.0 252377.0#252377.0#3000 -
254000 255000 4.528982421848923 497.73550878907554 241.20339140964148 668.2920625000261 327.178955078125 7745.960902798518 428941.8615388795 3000.0 128.0 252377.0#252377.0#3000_254231.0#254231.0#3000 254641.0#254641.0#128
255000 256000 7.4906445312080905 496.25467773439595 243.04867632457456 668.1160449219169 324.393310546875 8078.22601988379 440234.3471518776 3000.0 0.0 254231.0#254231.0#3000 -
256000 257000 4.0083789062919095 497.99581054685405 247.58054025795505 673.0616894530831 322.929931640625 8959.367845440764 486104.4569098245 3000.0 128.0 254231.0#254231.0#3000_256078.0#256078.0#3000 256149.0#256149.0#128
257000 258000 499.0339316406753 500.9660683593247  500.9660683593247 500.9660683593247 4128.019359350771 246914.4164716161 3000.0 0.0 256078.0#256078.0#3000 -
258000 259000 465.761962890625 534.238037109375  534.238037109375 534.238037109375 5497.162702013128 220644.97736472692 3000.0 128.0 258694.0#258694.0#3000 258690.0#258690.0#128
259000 260000 5.6450273437658325 497.1774863281171 47.13930671344275 530.510009765625 463.84496289060917 10480.279324412455 431176.53862350585 3000.0 0.0 258694.0#258694.0#3000 -
260000 261000 19.735091796843335 490.13245410157833 33.8470291955206 514.06591796875 466.19899023440666 9165.316640710616 493511.10834593535 3000.0 128.0 258694.0#258694.0#3000_260172.0#260172.0#3000 260142.0#260142.0#128
261000 262000 94.66288281255402 452.668558593723 24.370468359186532 469.901082031196 435.43603515625 7353.094171052591 454529.49007460166 3000.0 0.0 260172.0#260172.0#3000_261928.0#261928.0#3000 -
262000 263000 2.8010390625568107 498.5994804687216 90.97421504999056 562.9279648436932 434.27099609375 7768.733113051843 451452.0491807775 3000.0 128.0 260172.0#260172.0#3000_261928.0#261928.0#3000 262154.0#262154.0#128
263000 264000 33.63773046876304 483.1811347656185 97.20436993304021 551.915003906237 414.447265625 4394.432847098557 253999.51292337835 3000.0 0.0 261928.0#261928.0#3000 -
264000 265000 122.35200195317157 438.8239990234142 134.95661177425958 534.2527343749534 343.395263671875 3438.1540005572874 151965.36732077238 3000.0 128.0 264693.0#264693.0#3000 264691.0#264691.0#128
265000 266000 3.2661874999757856 498.3669062500121 221.45004721263754 654.9557363281492 341.778076171875 8511.222447121963 471428.60488019005 3000.0 128.0 264693.0#264693.0#3000 265653.0#265653.0#128
266000 267000 2.609017578070052 498.695491210965 222.57661332722228 656.08092382818 341.31005859375 8642.358985415192 535748.2700012217 3000.0 0.0 264693.0#264693.0#3000_266210.0#266210.0#3000 -
267000 268000 2.6047968750353903 498.6976015624823 223.23974828645785 656.5519414062146 340.84326171875 8979.716442377392 512808.07099199714 3000.0 128.0 266210.0#266210.0#3000_267690.0#267690.0#3000 267649.0#267649.0#128
268000 269000 9.867314453120343 495.0663427734398 220.39867196055076 650.9117382812547 339.220947265625 7751.181974045511 433882.4099944482 3000.0 0.0 267690.0#267690.0#3000 -
269000 270000 59.46964062494226 470.26517968752887 258.4134078593958 652.9910527344327 287.539306640625 6467.847656398273 357361.5397161833 3000.0 128.0 267690.0#267690.0#3000_269652.0#269652.0#3000 269651.0#269651.0#128
270000 271000 2.208410156192258 498.89579492190387 299.4977619676628 710.6726933594327 287.118896484375 7903.889524636074 520036.8152081976 3000.0 0.0 269652.0#269652.0#3000 -
271000 272000 512.901896484429 487.098103515571  487.098103515571 487.098103515571 3712.610171109114 238565.24537406402 3000.0 0.0 269652.0#269652.0#3000 -
272000 273000 465.842041015625 534.157958984375  534.157958984375 534.157958984375 4312.692784852234 220291.898712244 3000.0 128.0 272703.0#272703.0#3000 272699.0#272699.0#128
273000 274000 2.2196523437742144 498.8901738281129 46.8799532043616 532.039306640625 465.7410410156008 8551.621713655171 418802.7049107192 3000.0 128.0 272703.0#272703.0#3000 273651.0#273651.0#128
274000 275000 32.90327734372113 483.54836132813944 26.844132277848793 502.530029296875 464.56669335940387 8239.947356675406 493555.46523977944 3000.0 128.0 272703.0#272703.0#3000_274292.0#274292.0#3000 273651.0#273651.0#128
275000 276000 4.9211074218619615 497.539446289069 3.8968309444115437 500.294921875 494.78397070313804 9009.282519899436 561880.3394969817 3000.0 128.0 274292.0#274292.0#3000_275634.0#275634.0#3000 275649.0#275649.0#128
276000 277000 7.315876953070983 496.3420615234645 4.449139345418796 499.488078125054 493.196044921875 9235.647057506088 497556.1235780957 3000.0 0.0 275634.0#275634.0#3000 -
277000 278000 133.9391582030803 433.03042089845985 44.30514125139628 464.35888671875 401.7019550781697 7035.6774264100695 406881.3412526824 3000.0 128.0 275634.0#275634.0#3000_277344.0#277344.0#3000 277648.0#277648.0#128
278000 279000 1.311968749971129 499.34401562501444 51.12820102728812 535.4971132812789 463.19091796875 7926.404217116918 468052.8810404334 3000.0 0.0 277344.0#277344.0#3000 -
279000 280000 597.4798574218294 201.26007128908532 205.91230791686786 346.862060546875 55.658082031295635 3873.832574209301 218153.99101680287 3000.0 128.0 277344.0#277344.0#3000_279653.0#279653.0#3000 279652.0#279652.0#128
280000 281000 7.139060546876863 496.43046972656157 213.97824734853512 647.7359394531231 345.125 9320.721675167642 509523.9740306947 3000.0 0.0 279653.0#279653.0#3000 -
281000 282000 2.9139023437164724 498.54304882814176 219.82952972258812 653.9860000000335 343.10009765625 8762.27664316415 455500.34204464173 3000.0 128.0 279653.0#279653.0#3000_281071.0#281071.0#3000 281142.0#281142.0#128
282000 283000 373.2490976562258 626.7509023437742  626.7509023437742 626.7509023437742 5843.896031343587 313707.9386769248 3000.0 0.0 281071.0#281071.0#3000 -
283000 284000 146.4560546875 853.5439453125  853.5439453125 853.5439453125 7020.451044434431 429609.9456009329 3000.0 128.0 283147.0#283147.0#3000 283145.0#283145.0#128
284000 285000 6.263033203082159 496.8684833984589 495.74044265661894 847.409912109375 146.32705468754284 8552.35476677908 441070.84085938986 3000.0 0.0 283147.0#283147.0#3000_284820.0#284820.0#3000 -
285000 286000 4.146800781250931 497.92659960937453 489.37094216249574 843.964111328125 151.88908789062407 10029.803235518813 531349.1355050635 3000.0 128.0 284820.0#284820.0#3000 285145.0#285145.0#128
286000 287000 6.4890644531697035 496.75546777341515 489.3073978459072 842.748046875 150.7628886718303 5443.202883510263 197057.990790357 3000.0 0.0 284820.0#284820.0#3000 -
287000 288000 49.713955078157596 475.1430224609212 456.33287350814703 797.819091796875 152.4669531249674 5115.800862515578 360120.1640048427 3000.0 128.0 287151.0#287151.0#3000 287146.0#287146.0#128
288000 289000 5.956177734420635 497.0219111327897 419.22947257311637 793.4619140625 200.58190820307937 8321.363016954423 421129.7525867685 3000.0 0.0 287151.0#287151.0#3000_288899.0#288899.0#3000 -
289000 290000 8.03402929683216 495.9829853515839 418.71172401602445 792.056884765625 199.90908593754284 8568.310709393327 545281.1953598404 3000.0 128.0 288899.0#288899.0#3000 289143.0#289143.0#128
290000 291000 6.632937500020489 496.68353124998976 417.422691832121 791.845947265625 201.5211152343545 8208.13059805111 416724.4259875672 3000.0 128.0 288899.0#288899.0#3000_290660.0#290660.0#3000 290655.0#290655.0#128
291000 292000 1.3929707030765712 499.3035146484617 413.0528368345322 791.3759765625 207.23105273442343 7840.892097951655 514058.27204595786 3000.0 0.0 290660.0#290660.0#3000 -
292000 293000 3.8218652344075963 498.0890673827962 413.6575291422103 790.589111328125 205.5890234374674 8326.13497530308 421328.0784074388 3000.0 128.0 290660.0#290660.0#3000_292520.0#292520.0#3000 292646.0#292646.0#128
293000 294000 3.6380000000353903 498.1809999999823 411.4061964446016 789.089111328125 207.2728886718396 8064.750707333059 497146.14938791504 3000.0 128.0 292520.0#292520.0#3000 292646.0#292646.0#128
294000 295000 7.624853515648283 496.18757324217586 409.1343659367356 785.4892578125 206.88588867185172 5604.987931357711 270125.4099279203 3000.0 128.0 292520.0#292520.0#3000_294703.0#294703.0#3000 294696.0#294696.0#128
295000 296000 4.445945312501863 497.77702734374907 400.8139826924953 781.1953125 214.35874218749814 7091.401365858281 381365.20549904316 3000.0 0.0 294703.0#294703.0#3000 -
296000 297000 276.4762675780803 361.76186621095985 244.91941432142204 534.946044921875 188.5776875000447 6241.670302999686 323857.77884533507 3000.0 128.0 294703.0#294703.0#3000_296575.0#296575.0#3000 296573.0#296573.0#128
297000 298000 2.3620742188068107 498.8189628905966 50.064585370153566 534.219970703125 463.4179550780682 7311.524998902682 376710.6033307691 3000.0 0.0 296575.0#296575.0#3000 -
298000 299000 56.80890820315108 471.59554589842446 8.58217848143441 477.6640625 465.5270292968489 6440.326871373985 348462.7572152466 3000.0 128.0 296575.0#296575.0#3000_298696.0#298696.0#3000 298694.0#298694.0#128
