ts te idle avg_span std_span max_span min_span c_ack_cnt c_ack_cnt_p c_bytes_all c_bytes_uniq s_ack_cnt s_ack_cnt_p s_bytes_all s_bytes_uniq avg_video_rate avg_audio_rate video_requests_sequence audio_requests_sequence
0 2000 2000.0 0.0 0.0 0.0 0.0 0.0 0.0 0.0 0.0 0.0 0.0 0.0 0.0 0.0 0.0 - -
2000 4000 2000.0 0.0 0.0 0.0 0.0 0.0 0.0 0.0 0.0 0.0 0.0 0.0 0.0 0.0 0.0 - -
4000 6000 1846.447998046875 153.552001953125  153.552001953125 153.552001953125 6.2298903830744194 5.1396595660363955 945.2301183719662 945.2301183719662 9.033341055457907 1.2459780766148838 13767.434757556159 13767.434757556159 0.0 0.0 - -
6000 8000 0.0 655.517800048829 292.58697975371905 946.5030000000042 119.360107421875 124.0068329031795 105.16038602699517 17083.50331097172 15735.154157870507 195.68890038846558 31.00910450851889 264557.489413838 257480.89286081685 288.0 128.0 6109.0#6109.0#288_6110.0#6110.0#288_6831.0#6831.0#288_7253.0#7253.0#288_7921.0#7921.0#288 6106.0#6106.0#128_6107.0#6107.0#128_6848.0#6848.0#128_7489.0#7489.0#128_7967.0#7967.0#128
8000 10000 331.6521445312501 564.5284072265634 288.85546551633945 764.1898925781243 91.86573242188024 121.46789361486168 114.86045440298575 5542.755108863699 5222.104261964909 199.64011275196322 11.92901580467763 344844.1575395469 325785.37835058226 2344.0 128.0 7921.0#7921.0#288_8339.0#8339.0#288_9222.0#9222.0#4400_9225.0#9225.0#4400 7967.0#7967.0#128_8479.0#8479.0#128_9395.0#9395.0#128
10000 12000 0.0 593.5886635742181 314.5329707869005 996.525999999998 78.14612109374866 110.64648595858998 106.59921424657324 2591.4482138931803 1771.4482138931805 166.977271338015 5.407290227303625 311535.1297096393 211296.3158137125 4400.0 128.0 9225.0#9225.0#4400 9395.0#9395.0#128
12000 14000 36.0149062499986 396.3433035714282 344.30125352735206 984.4380000000019 0.0 138.72147412116186 137.86327498316652 629.6161377023761 629.6161377023761 209.31163898264418 1.3077868931057248 379892.0721807644 316409.74809543835 4400.0 128.0 9225.0#9225.0#4400_13520.0#13520.0#4400 13988.0#13988.0#128
14000 16000 0.0 534.4243061523424 388.2157155027717 987.5420000000013 2.1669921875 193.90679331102268 188.37564624482945 3295.4269661475273 3295.4269661475273 314.27478540157574 6.057818970065717 497297.84645035345 359092.5115580905 3029.3333333333335 128.0 9225.0#9225.0#4400_13520.0#13520.0#4400_15851.0#15851.0#288 13988.0#13988.0#128_15996.0#15996.0#128
16000 18000 0.0 628.9895344238284 370.4564426940599 992.9729999999981 26.3950390625032 127.81905005246675 112.18964394795843 13751.499476449633 13751.499476449633 203.1550162540628 23.925869673967032 298900.81276655453 281063.1281371373 288.0 128.0 15851.0#15851.0#288_16939.0#16939.0#288_17733.0#17733.0#288 15996.0#15996.0#128_17130.0#17130.0#128_17779.0#17779.0#128
18000 20000 0.0 598.3306115722644 318.4959222216085 970.6379999999917 0.0 97.90245612089893 90.88948516089393 5857.703532827962 5857.703532827962 151.53976503892073 14.853579383218607 228571.43540266826 205546.79040343664 288.0 128.0 17733.0#17733.0#288_18185.0#18185.0#288_18695.0#18695.0#288_19254.0#19254.0#288 18308.0#18308.0#128_18989.0#18989.0#128_19521.0#19521.0#128
20000 22000 0.0 627.5641904296875 321.0881281501554 995.625 175.58388085937622 101.79122994287951 95.51433201983868 5259.792932433915 5259.792932433915 157.53212088986726 13.787908472063608 257582.61090986783 253463.78915401825 288.0 128.0 19254.0#19254.0#288_20539.0#20539.0#288_21029.0#21029.0#288_21571.0#21571.0#288 20631.0#20631.0#128_21113.0#21113.0#128_21692.0#21692.0#128
22000 24000 0.0 508.4611087239561 358.1858494408287 992.013916015625 237.89204882812191 101.39892756192927 96.3005165886122 3424.696080147074 3424.696080147074 125.71755203736524 9.472489554813981 190961.75957335965 190961.75957335965 656.0 128.0 21571.0#21571.0#288_23005.0#23005.0#840_23007.0#23007.0#840 23003.0#23003.0#128
24000 26000 6.9160234375158325 583.4678769531223 418.48449436940007 986.2379999999903 1.5690839843664435 108.55833070193339 105.55675148410823 2502.3281221909515 2502.3281221909515 122.5732858002861 5.651656415829375 203027.4014190018 203027.4014190018 840.0 128.0 23007.0#23007.0#840_24997.0#24997.0#840 24993.0#24993.0#128
26000 28000 0.0 731.828395703125 259.0356224326051 996.8389999999999 347.9166992187529 103.64572299221213 99.98534462819707 3042.51025849235 3042.51025849235 137.55701672230964 6.531056671112343 235660.50380314136 235659.50380314136 840.0 128.0 24997.0#24997.0#840_27000.0#27000.0#840 26995.0#26995.0#128
28000 30000 6.190800781252619 553.2419636718739 315.724949360517 996.6299999999974 239.86299609374691 105.05685240053049 101.84481128915763 2674.873711325737 2674.873711325737 128.53387497764348 5.692864824096493 268611.99210595555 268611.99210595555 840.0 128.0 27000.0#27000.0#840_28435.0#28435.0#840 28449.0#28449.0#128
30000 32000 434.47542382813117 394.6055804687494 383.1662869289528 981.9939999999988 0.0 122.84805993525937 120.72047941064729 1785.6160301819127 1785.6160301819127 164.4653183614231 4.127580524612089 252056.35396775283 208502.35396775283 840.0 128.0 30500.0#30500.0#840 30496.0#30496.0#128
32000 34000 616.9592324218829 473.4584731445284 343.5871843863705 984.4789999999994 253.6949999999997 82.46469133429112 78.73663815473026 3105.2841390355097 3105.2841390355097 124.0085849751694 7.092079769341282 222640.19248405762 222640.19248405762 840.0 128.0 32628.0#32628.0#840 32625.0#32625.0#128
34000 36000 8.408140625004307 584.4517695312443 324.4361967345911 994.9609999999957 213.85399999999208 84.01408497419987 80.74371027905768 2725.41099696801 2725.41099696801 106.47490770921247 6.405562042713271 199606.58595776287 199606.58595776287 840.0 128.0 34499.0#34499.0#840 34496.0#34496.0#128
36000 38000 6.572207031247672 762.4826432291666 251.59305319793367 999.5650000000023 498.5350292968724 89.88735984223374 87.07704370900389 2335.4749505014415 2335.4749505014415 113.13399533148389 4.311102195878326 199523.13657332765 195359.13657332765 840.0 128.0 36203.0#36203.0#840 36200.0#36200.0#128
38000 40000 55.08866210937413 464.9300242187499 408.3233052139004 998.648000000001 5.530029296875 96.94578879619438 93.96178974221147 2503.7396576197975 2503.7396576197975 133.97589470282023 4.989571169468056 238747.37582153492 238747.37582153492 840.0 128.0 38221.0#38221.0#840_39994.0#39994.0#840 38219.0#38219.0#128_39991.0#39991.0#128
40000 42000 15.465109374999884 491.9947796875 467.4756610472186 997.617919921875 0.0 75.64159075542909 72.43665803222748 2673.137915373865 2673.137915373865 108.37640248784035 4.201684822599064 201248.68618303872 201248.68618303872 840.0 128.0 39994.0#39994.0#840 39991.0#39991.0#128
42000 44000 4.6608828125026776 519.3534234374995 452.4025152996884 999.2769999999946 2.3240800781277358 78.03210339806762 75.03035441916839 2502.4691422753476 2502.4691422753476 116.02388719765662 6.0 224128.9758619111 224128.9758619111 840.0 128.0 42001.0#42001.0#840 42001.0#42001.0#128_43999.0#43999.0#128
44000 46000 17.64115429688536 430.1321409505205 455.3694405366741 995.2079999999987 0.3798828125 79.02280738493313 76.02184912688844 2501.805319779595 2501.805319779595 111.02701078712803 6.000766044122629 223274.93043956766 223274.93043956766 840.0 128.0 44002.0#44002.0#840_45998.0#45998.0#840 43999.0#43999.0#128_45995.0#45995.0#128
46000 48000 10.652787109371275 522.4856070312496 325.5781793935743 991.4241171875037 251.28800000000047 93.2974448323775 89.54274864373642 3128.393623329428 3128.393623329428 126.55042575852264 8.509392377282174 236021.34377771692 236020.96623811155 840.0 128.0 45998.0#45998.0#840_47710.0#47710.0#840 45995.0#45995.0#128_47724.0#47724.0#128
48000 50000 0.0 602.0031882812502 290.89291223895384 995.5369999999966 262.927978515625 93.8619879854968 90.09775453548038 3130.2493879778963 2714.9705940480862 143.68831703605755 7.303116992337436 255385.22247674636 255384.09357879814 840.0 128.0 47710.0#47710.0#840_49497.0#49497.0#840 49495.0#49495.0#128
50000 52000 801.3350957031216 366.68641015625036 275.80912505074446 672.4670214843791 10.218017578125 62.68482648662158 60.671758972633356 1671.7459594241357 1258.3582030415641 99.2964146783532 4.2411676138714 187117.66095790872 186834.02293652957 840.0 128.0 49497.0#49497.0#840_51488.0#51488.0#840 51989.0#51989.0#128
52000 54000 0.0 725.2518618861587 288.26568797437125 988.9799999999959 309.36900000000605 144.85298699663923 137.841262622191 5840.454638022281 4189.121188334662 221.50266851548164 11.121975169007367 337664.6725392629 266035.8169981957 840.0 128.0 51488.0#51488.0#840_53468.0#53468.0#840 51989.0#51989.0#128_53476.0#53476.0#128
54000 56000 696.068357421871 550.1358173828121 164.51523429519204 788.323000000004 409.9270566406194 79.98247717409721 77.93252933071594 1702.4083237348245 1702.4083237348245 102.98332324915407 5.011686588452059 217139.7148408849 217139.7148408849 840.0 128.0 53468.0#53468.0#840_55500.0#55500.0#840 55496.0#55496.0#128
56000 58000 6.569386718751048 575.2507402343733 237.52028538152592 995.898000000001 417.0000898437429 89.50811054257714 86.06337122812992 2874.7334738976024 2874.7334738976024 121.76817610146475 5.967221260665861 245895.68506379792 245895.68506379792 840.0 128.0 55500.0#55500.0#840_57499.0#57499.0#840 57497.0#57497.0#128
58000 60000 689.6176582031185 440.2218507812504 82.85497400487321 499.92308398438036 312.97000000000116 86.34001493896635 83.79140863837323 2121.6502146777334 2121.6502146777334 116.06825107347667 6.019469969414812 212832.55299824208 212148.9760796795 840.0 128.0 57499.0#57499.0#840_59507.0#59507.0#840 59501.0#59501.0#128
60000 62000 1.1629863281268626 597.00269628906 278.8631131701473 995.9349999999977 291.979248046875 108.9187698917624 105.50616789933926 2859.0422573825335 2859.0422573825335 146.21637735209856 6.158424617744412 272599.58521058044 263333.73444777046 840.0 128.0 59507.0#59507.0#840_60991.0#60991.0#840 61494.0#61494.0#128
62000 64000 0.0 559.7459397786466 226.69411866938952 983.6760000000068 307.84500000000116 79.74462763388226 76.60676657443483 2605.4246793413718 2605.4246793413718 85.6667792574811 5.9086122028310974 149011.13931463024 142740.56699600277 840.0 128.0 60991.0#60991.0#840_63497.0#63497.0#840 61494.0#61494.0#128_63495.0#63495.0#128
64000 66000 14.95258007812663 528.2634640625008 277.9172238704231 997.1729999999952 274.2820000000065 123.33910063922289 120.47696169867032 2396.5753206586282 2396.5753206586282 168.2660727118551 6.758167164270754 293352.96251155407 277228.7017630908 840.0 128.0 63497.0#63497.0#840_64990.0#64990.0#840 65002.0#65002.0#128
66000 68000 0.0 573.9914130859361 317.11160012157006 938.2989999999991 278.0500000000029 96.77103785885683 93.77103785885683 2501.0 2501.0 133.41805636979095 5.740414048136793 219742.14415836422 205103.40937970733 840.0 128.0 64990.0#64990.0#840_67002.0#67002.0#840 66999.0#66999.0#128
68000 70000 55.02483984375431 703.81664609375 288.05368949422166 960.6779999999999 258.95204296875454 119.37068275754658 115.72184588025542 3033.0462393787466 3033.0462393787466 131.96654489133567 6.945197349543737 234882.31852414578 231042.31405126594 840.0 128.0 67002.0#67002.0#840_69000.0#69000.0#840 68996.0#68996.0#128
70000 72000 0.0 648.5633503906225 337.86272099126643 994.0550000000076 259.9099042968737 79.1162858426906 75.96834265389549 2622.3134148119975 2622.3134148119975 113.97825001187593 5.907948734492017 213211.52497767235 213211.52497767235 840.0 128.0 69000.0#69000.0#840_71002.0#71002.0#840 70997.0#70997.0#128
72000 74000 43.404683593747905 606.8120664062474 358.2683230461051 990.4489999999932 183.99106054687581 81.39854228154606 79.19532234763233 1847.6403458092557 1847.6403458092557 89.19727452993884 5.406439867827453 186310.06070517044 186310.06070517044 840.0 128.0 71002.0#71002.0#840_73003.0#73003.0#840 72999.0#72999.0#128
74000 76000 0.0 599.2394023437519 311.21430799039564 970.9809999999998 318.7980000000098 95.92006407879748 92.92006407879748 2501.0 2501.0 124.57528375617386 5.7516968592122035 235252.34840850078 235252.34840850078 840.0 128.0 73003.0#73003.0#840_75000.0#75000.0#840 74997.0#74997.0#128
76000 78000 12.387191406232887 663.9340493164127 311.21169749884393 994.8340000000026 244.46511914064467 97.92967694037088 94.11576871015836 3168.4047487742682 3168.4047487742682 126.11526611987892 7.062211371000319 249260.09451197757 249260.09451197757 840.0 128.0 75000.0#75000.0#840_76494.0#76494.0#840 76490.0#76490.0#128
78000 80000 337.3739335937571 502.0375551757825 354.73028066306296 995.2810000000027 167.49692187500477 77.88609507094907 74.70574009801578 2659.330841438331 2659.330841438331 112.17307262248899 6.677486574506199 224059.098823321 224059.098823321 840.0 128.0 78498.0#78498.0#840 78495.0#78495.0#128
80000 82000 12.626728515620925 559.2950034179739 306.3598994911903 996.0200000000041 280.4520000000048 90.37591914648901 87.43947459121095 2447.7518492792206 2447.7518492792206 129.11331751198293 4.904666832917097 261764.4756607995 254824.4756607995 840.0 128.0 80204.0#80204.0#840 80487.0#80487.0#128
82000 84000 4.711878906251513 570.434434082028 311.25952253201666 997.9389999999985 251.90699999999197 88.51646201975754 85.36178012631069 2629.385971560887 2629.385971560887 110.28934177998494 5.689328014234912 215479.47364809798 215479.47364809798 840.0 128.0 82496.0#82496.0#840 82493.0#82493.0#128
84000 86000 12.049025390631869 540.9094707031218 430.3891916430486 995.3769999999786 0.0 87.02560611503895 83.60498693545301 2850.1139190563417 2850.1139190563417 131.78430660479643 4.4206191795859535 233487.055637587 233487.055637587 840.0 128.0 84244.0#84244.0#840 84241.0#84241.0#128
86000 88000 7.6610039062506985 462.4702593749971 413.2824926581285 998.0679999999993 3.4951171875 94.03036314198836 91.7441498222944 1916.482798528071 1916.482798528071 140.23441397976762 4.289734990277654 234491.8272978543 221994.9392190841 840.0 128.0 86207.0#86207.0#840_87995.0#87995.0#840 86204.0#86204.0#128_87991.0#87991.0#128
88000 90000 20.325117187472642 525.9313542968827 426.29179451090846 990.710000000021 150.80800000000454 81.12049113897635 77.91271329012699 2676.5298713628813 2676.5298713628813 97.12738289672866 5.204256178265663 177748.15463398385 176365.04271275405 840.0 128.0 87995.0#87995.0#840_89993.0#89993.0#840 87991.0#87991.0#128
90000 92000 21.969005859384197 925.9277338867178 79.6307187315672 995.9369999999908 820.033935546875 119.52213956480553 115.61771165184443 3260.6238748002907 3260.6238748002907 146.80885582592222 5.904427912961107 240688.90442791296 219359.0 840.0 128.0 89993.0#89993.0#840_91997.0#91997.0#840 90223.0#90223.0#128_91994.0#91994.0#128
92000 94000 15.714195312495576 411.31186914062226 369.5218440845107 996.8610000000044 6.7392578125 101.36880880677919 99.53758628218739 1518.3293365757072 1518.3293365757072 139.2805636608653 6.566872962144701 261143.10449301972 261143.00892093268 840.0 128.0 91997.0#91997.0#840_93992.0#93992.0#840 91994.0#91994.0#128_93990.0#93990.0#128
94000 96000 27.608257812506054 625.0007124023432 417.33973216163815 994.4109999999928 247.45610742188 68.10905162841529 64.84470206596819 2723.0467886240026 2723.0467886240026 83.9105805132125 4.528699124894192 170171.99107906732 170171.99107906732 840.0 128.0 93992.0#93992.0#840_96000.0#96000.0#840 93990.0#93990.0#128_95995.0#95995.0#128
96000 98000 5.8680214843770955 601.6945980468765 315.0658318514422 995.9539999999979 257.72900000000664 139.11806122473945 135.61579081657138 2923.4094132693435 2923.4094132693435 197.19979591878982 9.004540816336132 306250.13885272725 300698.13885272725 840.0 128.0 96000.0#96000.0#840_97498.0#97498.0#840 95995.0#95995.0#128_97497.0#97497.0#128
98000 100000 40.26473242188513 448.4008374999976 357.1125027404099 980.7829999999958 9.992919921875 63.977289337095975 61.46799557893467 2089.3044864473363 2089.3044864473363 88.59880529616733 3.9877546821808827 153734.96196123626 148985.59952625833 840.0 128.0 97498.0#97498.0#840_99493.0#99493.0#840 99989.0#99989.0#128
100000 102000 0.0 713.620127604166 232.66601510511197 969.7779999999912 477.583984375 96.150114336098 91.6294825939962 3766.6090366413496 3766.6090366413496 129.97410058739126 9.239127045259306 241269.48565501726 227098.8480899952 840.0 128.0 99493.0#99493.0#840_101494.0#101494.0#840 99989.0#99989.0#128_101489.0#101489.0#128
102000 104000 666.0691113281209 433.30565312500113 264.7946837423773 775.3950000000041 51.06804101562011 88.09175109255784 86.06627466326084 1683.0975375227513 1683.0975375227513 128.85145962628997 4.883922131680073 222912.71862064916 222912.71862064916 840.0 128.0 101494.0#101494.0#840_103500.0#103500.0#840 103498.0#103498.0#128
104000 106000 16.959406250010943 582.187321874997 232.79462652841977 997.4419999999955 450.3930859374959 101.14080240053336 97.62212040012535 2935.655735530714 2935.655735530714 133.11674839279158 6.193343901868365 236592.58892230474 236592.58892230474 840.0 128.0 103500.0#103500.0#840_105502.0#105502.0#840 105500.0#105500.0#128
106000 108000 14.669001953137922 564.0108199218724 240.54182817928447 978.3019999999815 348.64107031250023 77.46202300514685 74.52019915942165 2453.497269993094 2453.497269993094 103.98703255936647 5.748084287811205 214567.2220142553 214566.7118060066 840.0 128.0 105502.0#105502.0#840_107492.0#107492.0#840 107490.0#107490.0#128
108000 110000 6.267603515618248 593.0586940104162 285.15959410164 999.8770000000077 233.615966796875 109.89019941957648 106.90837760343786 2496.4265205954116 2496.4265205954116 159.37362308712105 6.324540727204463 313414.23925440415 296561.38877210673 840.0 128.0 107492.0#107492.0#840_108927.0#108927.0#840 109489.0#109489.0#128
110000 112000 1116.2669785156322 383.320773437497 119.9252951701571 504.68798828125 254.5219999999972 66.43274395841901 63.840318127929244 2147.252656573238 2147.252656573238 84.03330952206389 5.803538068639132 146246.19891336482 127560.11816156078 840.0 128.0 108927.0#108927.0#840_111495.0#111495.0#840 109489.0#109489.0#128_111494.0#111494.0#128
112000 114000 17.655888671870343 597.9778246093774 225.44669589936487 987.8390000000072 422.3140117187577 125.29974306025026 121.89216889074004 2854.747343426762 2854.747343426762 174.47067595875617 6.815148339020442 301003.5118816859 289769.9533240361 840.0 128.0 111495.0#111495.0#840_113030.0#113030.0#840 112956.0#112956.0#128
114000 116000 0.0 608.929241210928 283.82656326954555 948.6169999999984 326.1829999999609 83.99804498922705 80.99804498922705 2501.0 2501.0 120.73560828672888 5.769643941178598 220335.22128969128 220335.22128969128 840.0 128.0 113030.0#113030.0#840_114993.0#114993.0#840 114990.0#114990.0#128
116000 118000 249.51728125000955 665.9026410156221 273.54536263182484 962.3569999999891 218.48696289063082 69.15237744632901 65.4305909587015 3092.8649198545545 3092.8649198545545 102.215257925321 6.360407248010444 196497.2476629543 196496.52587646665 840.0 128.0 114993.0#114993.0#840_116992.0#116992.0#840 116991.0#116991.0#128
118000 120000 23.581251953117317 610.2394680989577 312.48025439674524 997.948000000004 276.4090195312456 130.11018030217951 127.83196678980701 1909.1350801454457 1909.1350801454457 173.1722155452985 5.663579354677538 292336.2348982622 270772.78153265046 840.0 128.0 116992.0#116992.0#840_118538.0#118538.0#840 118986.0#118986.0#128
120000 122000 0.0 636.3526132812491 453.36782383039457 996.5899999999965 110.53095898436732 76.24945731224926 72.32078132114141 3262.5143127084375 3262.5143127084375 108.20004328502192 6.1350454472412705 179541.23007344743 175017.4052255467 840.0 128.0 118538.0#118538.0#840_120995.0#120995.0#840 118986.0#118986.0#128_120993.0#120993.0#128
122000 124000 779.2979726562626 476.1093988281209 378.8922342810309 880.81201171875 69.85088281249045 64.24534566648 62.38796557724582 1559.6507363858502 1559.6507363858502 93.66325925395662 5.643436169576211 173631.25703556498 162371.54568037024 840.0 128.0 120995.0#120995.0#840_123121.0#123121.0#840 123118.0#123118.0#128
124000 126000 183.1478710937663 544.8355738281214 424.24691555019865 967.6820000000007 89.12298828124767 101.66878034502466 98.4548364253667 2680.8349509057125 2680.8349509057125 138.5124132469133 5.05268336893948 262607.64924947865 258293.44538995007 840.0 128.0 123121.0#123121.0#840_125060.0#125060.0#840 123118.0#123118.0#128_124840.0#124840.0#128
126000 128000 6.142208984383615 663.6009770507735 258.9462558764776 995.7969999999914 368.18401953123976 108.56932891211297 104.83781879511214 3100.8382959406727 3100.8382959406727 150.21075267803042 7.106714587377278 262816.5849166262 260760.81355433443 840.0 128.0 125060.0#125060.0#840_126558.0#126558.0#840 126473.0#126473.0#128
128000 130000 204.0838320312323 518.7262695312529 339.6005837134487 998.3420000000042 222.9411113281385 83.66310364358053 80.35101700593891 2767.34701041255 2767.34701041255 118.07863230016176 6.312086637641618 210467.0941036606 210106.7806806757 840.0 128.0 128492.0#128492.0#840 128491.0#128491.0#128
130000 132000 9.375978515628958 549.6757705078126 426.3951638886348 994.551999999996 0.0 75.22432166911277 71.74753230578543 2896.7351715617015 2896.7351715617015 99.1674248837394 3.7165963043424566 206674.5058454788 206674.5058454788 840.0 128.0 130252.0#130252.0#840 130249.0#130249.0#128
132000 134000 15.070945312501863 568.9150136718745 368.5556445856946 998.945000000007 234.47795117186615 69.75459696073987 66.73912187219344 2513.8443234935457 2513.8443234935457 96.56538431451104 5.00773754427322 219989.1459489546 219989.1459489546 840.0 128.0 132237.0#132237.0#840 132234.0#132234.0#128
134000 136000 10.006220703129657 561.5406948242162 381.4379739727041 997.0080000000016 227.1058964843687 98.56563474812843 96.2133009631656 1954.555091604363 1954.555091604363 137.76165232305868 5.12026438822095 223145.7629002362 218981.7629002362 840.0 128.0 134229.0#134229.0#840 134226.0#134226.0#128
136000 138000 153.83588476563455 557.3718085937508 390.09995778272133 995.30799999999 96.40811718750047 100.16596221406998 97.2701128711764 2431.2773478601925 2431.2773478601925 143.04166705217222 4.895849342893585 242807.79543739132 242807.79543739132 840.0 128.0 136260.0#136260.0#840_138000.0#138000.0#840 136258.0#136258.0#128_137995.0#137995.0#128
138000 140000 18.24892578125582 499.1131765624974 462.06609368816186 993.685999999987 0.0 93.07013795634873 89.85418229072138 2682.4027591269746 2682.4027591269746 122.07013795634873 4.215955665627351 211899.20456260868 199407.20456260868 840.0 128.0 138000.0#138000.0#840 137995.0#137995.0#128_139996.0#139996.0#128
140000 142000 23.659943359380122 516.7168113281252 447.8306762333107 990.6380000000063 0.758056640625 95.03662975718895 92.03586663724751 2501.641783870748 2501.641783870748 124.06410207508065 6.001526239882873 196245.46267231126 193469.46267231126 840.0 128.0 140003.0#140003.0#840_141998.0#141998.0#840 139996.0#139996.0#128_141995.0#141995.0#128
142000 144000 12.380033203138737 504.850193359371 458.86202821562983 993.6389999999956 1.3740234375 89.05185974029636 86.0512402118396 2501.521023432145 2501.521023432145 115.07831070993477 6.001239056913543 224297.2681745002 224287.67259461666 840.0 128.0 141998.0#141998.0#840_143998.0#143998.0#840 141995.0#141995.0#128_143994.0#143994.0#128
144000 146000 10.233132812514668 523.4375734374975 449.5370738698156 995.7909999999974 1.587890625 103.98904887812927 100.98881614370218 2501.1957296531878 2501.1957296531878 134.9932793723101 6.000465468854192 239039.79369402083 232109.38927390438 840.0 128.0 143998.0#143998.0#840_145997.0#145997.0#840 143994.0#143994.0#128_145994.0#145994.0#128
146000 148000 782.5708906250075 462.50277734374686 350.93989252482527 981.3931093749998 236.03599999999278 73.92246162438542 71.92407700721071 1659.6414630439194 1659.6414630439194 101.86430784267448 5.996769234349392 207428.4754591677 207428.4754591677 840.0 128.0 145997.0#145997.0#840 145994.0#145994.0#128
148000 150000 1722.9370000000054 277.06299999999464  277.06299999999464 277.06299999999464 2.0 1.0 820.0 820.0 3.0 2.0 2916.0 2916.0 0.0 0.0 - -
150000 152000 169.53800195312942 659.375851562497 272.6367784885502 996.5139999999956 265.5540000000037 126.59166124578636 121.12987699590343 4553.281070986236 4553.281070986236 175.17596263406568 9.110259777608707 312712.66309567326 307298.66309567326 840.0 128.0 150187.0#150187.0#840_151355.0#151355.0#840 150183.0#150183.0#128_150490.0#150490.0#128
152000 154000 498.04137695310055 387.6072271205402 196.02208340841304 648.9610000000102 85.40700000000652 89.44516052504815 84.99696462951425 3722.8359300861825 3722.8359300861825 125.59893357299097 9.70970051322493 205175.5918395318 205174.5918395318 472.0 128.0 151355.0#151355.0#840_152350.0#152350.0#288_153501.0#153501.0#288 152483.0#152483.0#128_153495.0#153495.0#128
154000 156000 1166.6600410156243 356.548025781248 129.26535159286053 490.306884765625 201.18108203125303 46.46822428529941 42.7415911050934 3106.3980492472 3106.3980492472 69.00484560640623 7.4532663604120195 113121.41026176201 113121.41026176201 416.0 128.0 153501.0#153501.0#288_155508.0#155508.0#480_155512.0#155512.0#480 155503.0#155503.0#128
156000 158000 1080.1809257812274 453.2895249023495 58.244545693241086 505.0329589844041 392.21890820312547 57.08210292495963 53.78325683496955 2745.966986619207 2745.966986619207 72.19972491385545 6.597692179980152 113032.02421717359 112016.16948004639 480.0 128.0 155512.0#155512.0#480_157498.0#157498.0#480 157494.0#157494.0#128
158000 160000 655.6586386719136 443.61922607421 244.0812018981994 752.6050000000105 183.57888281249325 72.06872058185812 68.79885908671373 2727.9343189897345 2727.9343189897345 91.7030073894198 6.5397229902887934 158645.56513495577 147626.21760690835 480.0 128.0 157498.0#157498.0#480_158988.0#158988.0#480 159495.0#159495.0#128
160000 162000 667.7739902343601 528.421374348943 403.6300424571699 992.6311035155959 260.2719999999972 71.29414191717376 68.50057368392828 2339.649414177784 2339.649414177784 112.22754654748759 5.587136466490971 220263.33335766225 213243.53562283688 840.0 128.0 161005.0#161005.0#840 160999.0#160999.0#128
162000 164000 6.535019531205762 775.0303750000021 433.80012424246337 998.6959999999963 1.103896484390134 94.3511982001703 90.42298135275726 3262.161142854641 3262.161142854641 121.23854268902157 5.8675823114509615 233993.0811622903 232647.93246431008 840.0 128.0 161005.0#161005.0#840_162996.0#162996.0#840 162993.0#162993.0#128
164000 166000 14.982974609360099 606.311011067708 446.4924942513463 995.0910000000149 30.86300195311196 96.16321648649856 93.19989115016533 2470.9267757932466 2470.9267757932466 97.03320359423199 6.792436726451608 164409.90399316803 161591.05269114824 840.0 128.0 162996.0#162996.0#840_164998.0#164998.0#840 164995.0#164995.0#128
166000 168000 111.22702539063175 486.0952171223956 469.329697348783 995.4290000000037 2.53125 57.413818021167 54.51722137717098 2416.2599237524146 2416.2599237524146 90.03982466923075 5.911191050014462 158188.2805709592 158188.2805709592 840.0 128.0 164998.0#164998.0#840_166996.0#166996.0#840 166993.0#166993.0#128
168000 170000 0.0 628.7607222656254 349.48659876281886 996.46875 199.49890234370832 99.66125628534354 97.44828425708863 1855.5863874933534 1855.5863874933534 116.28998799494585 5.431011624077394 223128.91227272034 223127.91227272034 840.0 128.0 166996.0#166996.0#840_168999.0#168999.0#840 168995.0#168995.0#128
170000 172000 0.0 766.7754970703245 387.99296748181655 994.20100000003 186.64604101562873 84.50584323538303 80.57927833471473 3260.783218548005 3260.783218548005 122.41498528901238 5.926564900668299 201678.23409410342 201678.23409410342 840.0 128.0 168999.0#168999.0#840_170989.0#170989.0#840 170987.0#170987.0#128
172000 174000 234.3052675781655 625.0775131836053 393.15692345021955 994.5579999999609 72.85305273439735 90.95465629131212 88.88122119198042 1741.2167814519948 1741.2167814519948 118.0734350993317 6.073435099331701 221153.0 212938.0 840.0 128.0 170989.0#170989.0#840_172491.0#172491.0#840 172489.0#172489.0#128
174000 176000 83.17181835934753 727.1607031250023 255.1149861476644 999.9919999999984 494.537109375 69.70011411118931 65.71045500390692 3322.4170590443837 3322.4170590443837 97.73113678934213 7.484488660923585 205271.3389032912 202523.0452214753 840.0 128.0 174495.0#174495.0#840 174491.0#174491.0#128
176000 178000 10.045605468738358 760.4017304687586 246.5875938488472 996.9500000000116 504.8718906250142 91.23925688950996 88.44753235388525 2320.3175281394306 2320.3175281394306 112.17578142519332 4.296894981983505 207953.96166659734 205149.25534841325 840.0 128.0 174495.0#174495.0#840_176213.0#176213.0#840 176209.0#176209.0#128
178000 180000 172.58811523433542 522.8749399414155 332.84968326185293 991.4150000000373 218.05669921875233 77.75588401255335 74.4963703017397 2724.2102164044018 2724.2102164044018 109.2678881218568 6.259513710813652 216484.92739821048 216484.92739821048 840.0 128.0 178495.0#178495.0#840 178492.0#178492.0#128
180000 182000 23.144087890628725 555.0764580078103 429.458584711865 990.0709999999963 0.0 73.71969756634 70.95944472163055 2293.9983591245496 2293.9983591245496 93.22864425889837 3.7602528447094596 169193.32371012654 169193.32371012654 840.0 128.0 180215.0#180215.0#840 180212.0#180212.0#128
182000 184000 238.76990625000326 405.20180156250717 373.68591774503693 991.7870000000403 5.7119140625 77.17515153821071 74.44658665244745 2289.0232715012944 2289.0232715012944 105.01847248038395 6.25827996995673 207429.9906007287 207376.94342451752 840.0 128.0 182499.0#182499.0#840_183993.0#183993.0#840 182495.0#182495.0#128_183992.0#183992.0#128
184000 186000 63.76687109374325 661.2855356445361 361.49683676505197 985.3390859375068 268.2410000000091 85.222990854978 81.76516627431937 2886.554423926547 2886.554423926547 100.49085457829007 5.928109496465157 185486.70391587474 167716.50489725688 840.0 128.0 183993.0#183993.0#840_185988.0#185988.0#840 183992.0#183992.0#128
186000 188000 74.75923242181307 685.1847906250216 392.99970330776546 978.6620000000112 11.99795703124255 98.1380076986861 94.34212245575752 3169.530373075537 3169.530373075537 137.8165068922762 6.795885242928586 249500.34944702717 233312.49653290148 840.0 128.0 185988.0#185988.0#840_187989.0#187989.0#840 186473.0#186473.0#128_187987.0#187987.0#128
188000 190000 782.2668124999618 194.5570597098184 322.6869098922944 885.1160000000382 0.0 64.32232502335728 63.09121845804578 1014.1565587568498 1014.1565587568498 89.61277764454647 3.245638038403663 172866.17202093868 172646.62000606378 840.0 128.0 187989.0#187989.0#840_189998.0#189998.0#840 187987.0#187987.0#128_189994.0#189994.0#128
190000 192000 11.802234375005355 517.9704945312463 452.87636432185656 996.0968789062463 0.23388671875 104.73818486734592 100.75247934937339 3328.9915195124245 3328.9915195124245 134.675475148001 5.971411035945075 250028.76142894579 234781.4125527754 840.0 128.0 189998.0#189998.0#840_191999.0#191999.0#840 189994.0#189994.0#128_191995.0#191995.0#128
192000 194000 14.575806640583323 574.3302210937603 301.23029249266045 986.6671132812917 287.48499999998603 123.38056048271129 119.88275796386905 2919.6519183463215 2919.6519183463215 168.3001370825575 8.995605037684475 336944.188773246 336944.188773246 840.0 128.0 191999.0#191999.0#840_193501.0#193501.0#840 191995.0#191995.0#128_193497.0#193497.0#128
194000 196000 1220.6169453124749 350.8302607421938 279.50909771167966 638.7460000000137 4.186035156279104 47.775368492076026 46.263552617456035 1250.4272951708879 1250.4272951708879 52.85972250013909 3.023631749239988 98778.06043981783 98777.06043981783 840.0 128.0 193501.0#193501.0#840_196000.0#196000.0#840 195995.0#195995.0#128
196000 198000 15.64567773437011 591.0787984375086 288.06428899597256 990.5240000000049 271.13000000000466 116.7083573944621 112.19830598509314 3769.963090663833 3769.963090663833 163.09430773525114 9.020102818737945 311503.6749170333 311503.6749170333 840.0 128.0 196000.0#196000.0#840_197498.0#197498.0#840 195995.0#195995.0#128_197493.0#197493.0#128
198000 200000 2.700929687503958 622.740181640623 227.9131866979892 996.676999999996 462.6139726562542 78.75916571143279 75.27650544132732 2896.4218336199406 2896.4218336199406 105.47640354372885 5.964887543902305 182012.97746614867 182011.47768264683 840.0 128.0 197498.0#197498.0#840_199498.0#199498.0#840 199495.0#199495.0#128
200000 202000 7.764080078166444 583.5493756510356 267.6489598563058 989.9989999999816 250.912109375 76.38645936027834 72.88284731173896 2924.403424997022 2924.403424997022 96.90259490184951 6.272607163614128 156446.66821534946 153237.50098691927 840.0 128.0 199498.0#199498.0#840_201494.0#201494.0#840 201493.0#201493.0#128
202000 204000 61.50085351563757 549.4781673177155 334.1790100639006 954.3490000000165 107.0759277344041 105.52655363865976 102.79495585930695 2280.9101790693057 2280.9101790693057 124.17464818796557 5.670564444672524 212573.79952566963 207480.46653760163 840.0 128.0 201494.0#201494.0#840_203497.0#203497.0#840 203493.0#203493.0#128
204000 206000 30.329945312492782 642.2765141601485 269.5376860224394 952.5629999999946 343.24507226559217 91.42333158225017 89.14836768430479 1896.2379529018274 1896.2379529018274 127.60472636796337 6.07760883969712 250178.19756482064 250177.6848240308 840.0 128.0 203497.0#203497.0#840_205489.0#205489.0#840 205488.0#205488.0#128
206000 208000 0.0 754.7860068359441 199.45150756889186 955.3550000000105 484.4467500000028 120.62770892759451 117.14044971743346 2910.7849957454437 2910.7849957454437 132.57951856972332 6.735216958744167 245133.19518227852 232697.70792306837 840.0 128.0 205489.0#205489.0#840_206988.0#206988.0#840 206987.0#206987.0#128
208000 210000 8.339914062496973 603.8786806640637 444.74932088619755 990.747000000003 202.70000000001164 89.40088184836438 86.40088184836438 2501.0 2501.0 117.9904037720334 6.239301461577935 217160.70882389531 217160.70882389531 840.0 128.0 206988.0#206988.0#840_209000.0#209000.0#840 208996.0#208996.0#128
210000 212000 13.272999999986496 739.2096666666912 440.2469490119225 999.2680000000109 230.90200000006007 66.0 63.0 2501.0 2501.0 103.0 6.0 199953.0 199953.0 840.0 128.0 209000.0#209000.0#840_210998.0#210998.0#840 210993.0#210993.0#128
212000 214000 17.8701171875 964.760225585931 38.00858162799974 998.8489999999874 910.322998046875 74.44693297535414 70.51840431588101 3262.3935007679647 3262.3935007679647 99.50979644360014 5.890184545530615 173695.7340940174 173695.7340940174 840.0 128.0 210998.0#210998.0#840_212993.0#212993.0#840 212990.0#212990.0#128
214000 216000 0.0 612.8151767578141 450.33377429134885 984.1329999999725 19.04009570312337 100.60432005556973 97.60318233908123 2501.9329275205564 2501.9329275205564 118.3824228127276 5.736876812181057 201781.79642844794 201781.79642844794 840.0 128.0 212993.0#212993.0#840_214994.0#214994.0#840 214991.0#214991.0#128
216000 218000 0.0 527.995817057313 479.7877324730246 995.4340000000666 0.39990234375 85.92451889152115 82.94791538276218 2481.823281123587 2481.823281123587 130.94073008466918 7.185478411729498 227983.98439515533 227983.98439515533 840.0 128.0 214994.0#214994.0#840_216993.0#216993.0#840 216991.0#216991.0#128
218000 220000 433.0269023437577 564.740283691397 370.665204937085 998.8870976562321 93.02803710935405 83.02422807755498 80.93049796227557 1757.8502905878918 1757.8502905878918 103.16705065900305 5.18746023055883 175187.48508237937 175187.48508237937 840.0 128.0 216993.0#216993.0#840_218502.0#218502.0#840 218498.0#218498.0#128
220000 222000 71.5400390625 934.7616269531233 72.52607118585074 998.7000000000116 855.9528808593459 76.03880201555441 72.13686191477669 3240.5908826377304 3240.5908826377304 113.84268221710984 6.80388020155544 171740.9640677811 168964.9640677811 840.0 128.0 220997.0#220997.0#840 220994.0#220994.0#128
222000 224000 235.74205664062174 550.7182622070322 347.2848775266825 932.8779296875 93.06011914063129 97.19572176252237 95.09766186330009 1761.4091173622696 1761.4091173622696 117.5784145301976 5.150784122675327 236362.9860988138 236362.9860988138 840.0 128.0 220997.0#220997.0#840_222496.0#222496.0#840 222493.0#222493.0#128
224000 226000 33.9639316406101 661.3710170898412 433.1809187106595 995.7870000000112 44.301070312503725 92.04304543982498 88.11468835514336 3262.2528094389327 3262.2528094389327 107.78482955527593 6.045335675769233 209481.96501784987 206705.96501784987 840.0 128.0 222496.0#222496.0#840_224503.0#224503.0#840 224499.0#224499.0#128
226000 228000 37.589007812552154 559.7327690429593 416.87715581694204 994.7139999999781 71.45700195312384 90.161352517762 87.2097925458541 2461.279176964473 2461.279176964473 116.67399075400616 5.879917056589519 201030.08481555525 198254.08481555525 840.0 128.0 226188.0#226188.0#840 226186.0#226186.0#128
228000 230000 119.33491992187919 446.79040664062484 419.4874307753932 990.2129999999597 3.3291015625 69.22686137785956 66.31075656720104 2448.1297209292675 2448.1297209292675 109.07011885523191 4.919443654968728 195379.80551942872 195353.06137650405 840.0 128.0 228241.0#228241.0#840_229996.0#229996.0#840 228239.0#228239.0#128_229993.0#229993.0#128
230000 232000 877.649101562507 355.90177851562623 364.64199014373884 993.7528984374949 128.59799999999814 67.33421688647668 65.13023875372474 1832.3382926673269 1832.3382926673269 89.04996408817857 5.200639288441751 158173.19448057128 148939.93862349598 840.0 128.0 229996.0#229996.0#840 229993.0#229993.0#128
232000 234000 87.43915625003865 565.9932060546707 422.60357612915965 999.2209999999905 4.741943359345896 96.19848975226031 92.41558537388889 3158.6444475638086 3158.6444475638086 132.8059492537526 5.78767411018833 223965.12368021757 217025.11891048576 840.0 128.0 232243.0#232243.0#840_233994.0#233994.0#840 232239.0#232239.0#128_233991.0#233991.0#128
234000 236000 21.65797265616129 411.881024414072 456.8842891800431 989.4320566406532 0.0 75.41964677267349 72.19258120709436 2691.7402752986 2691.7402752986 94.09134570179644 4.23226577771276 187418.6253708663 187403.79185839475 840.0 128.0 233994.0#233994.0#840_235989.0#235989.0#840 233991.0#233991.0#128_235988.0#235988.0#128
236000 238000 26.139898437540978 540.0482203124906 436.05803671890015 993.3159999999916 2.924072265595896 88.52000228037119 85.5270331008046 2495.0870800154958 2495.0870800154958 111.29374807306421 5.985938359133164 183114.4826788998 181740.32096110316 840.0 128.0 235989.0#235989.0#840_237996.0#237996.0#840 235988.0#235988.0#128_237993.0#237993.0#128
238000 240000 18.62198828131659 518.0776023437386 447.0382122802023 991.9549277343904 4.361083984375 76.04172702632687 73.04027917834078 2502.2176401563006 2502.2176401563006 91.15114074863754 6.002895695972176 188322.59051587433 188322.59051587433 840.0 128.0 237996.0#237996.0#840_239995.0#239995.0#840 237993.0#237993.0#128_239991.0#239991.0#128
240000 242000 778.7740839843755 469.14522900391603 354.22377825860866 989.7379160156124 231.4880000000121 86.82013416836816 84.82452113987138 1657.3105569657957 1657.3105569657957 111.65781622274919 5.991226056993569 189887.17775414203 180844.17775414203 840.0 128.0 239995.0#239995.0#840 239991.0#239991.0#128
242000 244000 30.727853515651077 820.2271819661449 298.68734462012185 996.7469999999739 215.384033203125 106.5034984684793 102.3632378419759 3459.038014196656 3459.038014196656 175.63069008348907 8.280521253006771 310154.0233709987 230085.82269278806 840.0 128.0 242026.0#242026.0#840_243784.0#243784.0#840 242025.0#242025.0#128_243537.0#243537.0#128
244000 246000 31.65892968751723 391.91843576389107 294.4460894822457 767.7099667968578 20.755886718747206 114.62120681980753 109.04162661999939 5146.07862341739 5146.07862341739 169.3222477605604 11.159160399616232 285826.0969196211 280657.29759783176 840.0 128.0 242026.0#242026.0#840_243784.0#243784.0#840_245401.0#245401.0#840 243537.0#243537.0#128_245491.0#245491.0#128
246000 248000 442.65273242187686 489.8778238281258 104.29791511132142 651.1579999999958 391.60996679688105 78.45110163354825 75.4650484257862 2488.287779493159 2488.287779493159 103.4480144906253 5.972106415524143 183938.82920791843 183938.82920791843 840.0 128.0 245401.0#245401.0#840_247498.0#247498.0#840 247496.0#247496.0#128
248000 250000 11.581951171858236 524.7749576822971 237.46136160252905 988.5839999999735 332.1657519531436 72.8110304937171 68.48930684447832 2772.694084499196 2772.694084499196 102.52550057594935 6.703253970791158 191109.4930075164 191108.96310418023 840.0 128.0 247498.0#247498.0#840_249501.0#249501.0#840 249497.0#249497.0#128
250000 252000 4.087988281273283 589.0031874999986 303.3304224465145 996.265000000014 226.8291015625 91.68794511803519 88.17050986327453 2935.844907613477 2935.844907613477 107.9066664374999 6.294949648847902 192299.50122633687 185359.03112967307 840.0 128.0 249501.0#249501.0#840_251506.0#251506.0#840 251502.0#251502.0#128
252000 254000 15.589070312504191 558.6550019531162 293.2738965284419 938.2949999999837 198.985107421875 93.31266946468773 91.13701380199088 1814.5415221913925 1814.5415221913925 126.00129096592549 5.25194941071563 243281.09887036958 243280.87834647263 840.0 128.0 251506.0#251506.0#840_253499.0#253499.0#840 253494.0#253494.0#128
254000 256000 0.0 631.7464410156244 151.5452094316865 764.907958984375 439.541259765625 102.15834650442707 98.29869941216506 3212.21029380519 3212.21029380519 134.82202885911659 7.254522334783619 253277.26176504476 253276.48228894174 840.0 128.0 253499.0#253499.0#840_255227.0#255227.0#840 255233.0#255233.0#128
256000 258000 19.131927734357305 623.1141953125189 397.26949315422286 986.5690000000177 203.11204101564363 84.45420149729784 82.03455719032972 2029.3047747835394 2029.3047747835394 139.34356082683388 6.083536566714545 263817.69563219405 263817.69563219405 840.0 128.0 255227.0#255227.0#840_256993.0#256993.0#840 256991.0#256991.0#128
258000 260000 7.530960937496275 940.3922680664109 68.45525805470824 995.8410000000149 840.76611328125 80.10210317739167 76.20417878925946 3237.297998268412 3237.297998268412 109.77820566793616 6.737666781141195 187221.45925267844 177832.76919909922 840.0 128.0 256993.0#256993.0#840_258999.0#258999.0#840 258995.0#258995.0#128
260000 262000 15.560378906258848 598.1177845052056 432.33030720813395 996.2779999999912 29.03104101563804 75.62579478198319 72.62938120102865 2498.0591363827266 2498.0591363827266 92.4237108211758 5.860926724726685 160797.24872892833 159127.93878250755 840.0 128.0 258999.0#258999.0#840_260995.0#260995.0#840 260992.0#260992.0#128
262000 264000 42.09290039062034 605.2584671874996 445.5228660171373 996.6849999999977 95.01911718747579 75.97755567470412 73.05682883892244 2435.9960053409704 2435.9960053409704 121.24327792549332 6.031536103868969 230364.46618380415 230364.46618380415 840.0 128.0 260995.0#260995.0#840_263000.0#263000.0#840 262996.0#262996.0#128
264000 266000 0.0 766.9024721679889 393.42829676095886 986.1940000000177 177.95888476562686 85.65036695728898 83.46543176215741 1832.6468600078915 1832.6468600078915 97.63454928734893 5.343577353176127 184511.8181951045 184511.8181951045 840.0 128.0 263000.0#263000.0#840_264997.0#264997.0#840 264993.0#264993.0#128
266000 268000 19.524917968781665 617.2890083007806 463.69674041178206 999.3219999999856 12.98999609373277 68.17801912806074 64.1750765437626 3333.4423449674614 3333.4423449674614 94.43644051168559 7.029235621385169 179936.26685371593 179935.26685371593 840.0 128.0 264997.0#264997.0#840_266501.0#266501.0#840 266496.0#266496.0#128
268000 270000 14.58211523439968 594.3644711914094 267.88196249897254 989.0380000000005 392.04000000003725 85.61363768596628 83.06442220638283 2121.327267415442 2121.327267415442 119.42266093622881 6.101373543465032 206310.44400161877 192556.44400161877 840.0 128.0 268493.0#268493.0#840 268491.0#268491.0#128
270000 272000 104.55425585940247 617.762833984365 263.67687713879883 999.1140000000014 409.22407812497113 76.20043619562979 72.7658191637701 2867.253717082362 2867.253717082362 96.51486768522588 5.8824589679781045 186071.6603554647 186070.6603554647 840.0 128.0 270500.0#270500.0#840 270496.0#270496.0#128
272000 274000 21.182298828091007 589.7276752929756 275.1274109935816 994.7310000000289 380.0929999999935 78.80437482203168 76.29747194644466 2097.159844421834 2097.159844421834 115.01523675648261 5.5069028755870155 199900.70924047157 199900.70924047157 840.0 128.0 272498.0#272498.0#840 272495.0#272495.0#128
274000 276000 0.0 623.3478850911391 263.3006429232627 983.5069999999832 271.5769999999902 115.22442086775047 111.45188616696745 3134.032229546793 3134.032229546793 149.61284651370866 7.244963858050392 272843.37740839366 263396.11119572155 840.0 128.0 272498.0#272498.0#840_274316.0#274316.0#840 274323.0#274323.0#128
276000 278000 537.857171874959 321.762638997403 354.2907436436056 925.6930000000284 0.0 84.10810360654068 82.36155804451128 1463.5142714784583 1463.5142714784583 116.88782968940943 3.2868746389027614 198555.94352460455 198362.45833587856 840.0 128.0 274316.0#274316.0#840_276096.0#276096.0#840_277986.0#277986.0#840 276119.0#276119.0#128
278000 280000 636.1590644531534 640.153724121119 403.35716973206723 987.0768964844174 216.35700000007637 74.51518710265242 71.52794533679314 2490.2703250876493 2490.2703250876493 120.03037420530482 4.974483531718548 203211.6062552154 184399.3576566135 840.0 128.0 277986.0#277986.0#840 278239.0#278239.0#128
280000 282000 83.0669589843601 553.638758300789 432.00269684514876 989.8410000000149 9.52392578125 84.79530643459869 80.99139621926919 3176.294123735588 3176.294123735588 111.80346157638816 5.81345307414263 209922.34082384242 209922.34082384242 840.0 128.0 280207.0#280207.0#840_281989.0#281989.0#840 280203.0#280203.0#128_281989.0#281989.0#128
282000 284000 11.998642578080762 432.3622083333321 456.75425918554765 999.094000000041 0.415283203125 82.22397471197712 79.02746577194628 2666.058385922461 2666.058385922461 110.2267176095566 5.187385236578058 180323.34291769273 180323.34291769273 840.0 128.0 281989.0#281989.0#840_283999.0#283999.0#840 281989.0#281989.0#128_283994.0#283994.0#128
284000 286000 19.900339843763504 516.5287320312578 450.6434878312481 990.3467167968629 0.241943359375 94.99259800264008 91.99277472638377 2500.851375331554 2500.851375331554 127.99066993308722 5.999646552512614 218028.34911207928 218028.34911207928 840.0 128.0 283999.0#283999.0#840_285999.0#285999.0#840 283994.0#283994.0#128_285994.0#285994.0#128
286000 288000 12.818943359423429 628.7192641601432 421.3768944631811 997.7440566406003 256.2060000000056 86.9881208507841 83.98836328240075 2500.7961150103965 2500.7961150103965 122.97915088096802 5.999515136766698 218031.96714638555 218031.96714638555 840.0 128.0 285999.0#285999.0#840_287999.0#287999.0#840 285994.0#285994.0#128_287994.0#287994.0#128
288000 290000 11.546025390562136 509.3415949219023 456.5389006173768 998.7220000000088 1.073974609375 83.0461975855315 80.04512322307728 2501.903538824 2501.903538824 114.08057718406657 6.002148724908442 183771.31533963644 183771.31533963644 840.0 128.0 287999.0#287999.0#840_289998.0#289998.0#840 287994.0#287994.0#128_289993.0#289993.0#128
290000 292000 5.48697656247532 590.4554281250108 309.07898356102436 998.5650253906497 268.6140000000014 122.10515690991326 118.60294095724912 2923.3636161905447 2923.3636161905447 171.68593834052095 9.004431905328287 288651.8505073605 288651.8505073605 840.0 128.0 289998.0#289998.0#840_291499.0#291499.0#840 289993.0#289993.0#128_291495.0#291495.0#128
292000 294000 9.523007812502328 567.5754128906294 244.57850537782315 993.5839999999735 365.4760000000242 67.26009515514055 63.71455647056527 2948.4028103897263 2948.4028103897263 93.49599858370128 6.176336734681911 168006.85423257967 168006.85423257967 840.0 128.0 291499.0#291499.0#840_293496.0#293496.0#840 293494.0#293494.0#128
294000 296000 19.091986328130588 573.1457722656196 235.96248296700196 990.0339999999851 406.2029277343536 93.09738284917881 90.10678102549596 2493.2783548973593 2493.2783548973593 125.54647851620265 5.963849249262594 219543.2466240154 219543.2466240154 840.0 128.0 293496.0#293496.0#840_295499.0#295499.0#840 295496.0#295496.0#128
296000 298000 20.114201171847526 575.0743925781338 236.77210316470902 994.9980000000214 417.75008007814176 82.20640227499922 79.2176690409415 2491.7274436988578 2491.7274436988578 107.15259497528015 5.958152767515379 181803.91689347618 181803.39259784276 840.0 128.0 295499.0#295499.0#840_297503.0#297503.0#840 297498.0#297498.0#128
298000 300000 15.545818359358236 588.5843811848899 299.21165525062213 993.3769999999786 228.468017578125 71.45190483868528 67.95895124442762 2915.64071038685 2915.64071038685 86.87491931029209 6.245498686492202 149937.9638123449 149198.69683742107 840.0 128.0 297503.0#297503.0#840_299500.0#299500.0#840 299496.0#299496.0#128
