ts te idle avg_span std_span max_span min_span c_bytes_all s_bytes_all avg_video_rate avg_audio_rate video_requests_sequence audio_requests_sequence
0 3000 3000.0 0.0 0.0 0.0 0.0 0.0 0.0 0.0 0.0 0 0
3000 6000 3000.0 0.0 0.0 0.0 0.0 0.0 0.0 0.0 0.0 0 0
6000 9000 471.98099999997066 842.6730000000098 136.35320694061915 999.9319999999716 757.3800000000047 56028.0 8194687.0    
9000 12000 2200.564000000013 399.7179999999935 9.847169034788056 406.6809999999823 392.75500000000466 13933.0 2388193.0    
12000 15000 2551.5449999999837 224.22750000000815 220.80894166790998 380.3630000000121 68.09200000000419 12528.0 1842430.0    
15000 18000 2378.244000000006 621.755999999994  621.755999999994 621.755999999994 17948.0 3579901.0    
18000 21000 2316.1540898436797 341.92295507816016 173.5099254966473 464.6130000000121 219.2329101563082 16997.06254648187 3123870.3533490635    
21000 24000 2259.129910156189 370.4350449219055 112.26303747918834 449.8170000000391 291.0530898437719 18719.93745351813 3276130.6466509365    
24000 27000 2728.116099609353 135.94195019532344 114.24151534758099 216.722900390625 55.161000000021886 7739.473944807958 1266702.59452655    
27000 30000 2192.463900390605 403.7680498046975 127.47303830611092 493.9050996094011 313.63099999999395 24899.526055192044 4434373.40547345    
30000 33000 2363.8439140624832 318.0780429687584 140.59398053634408 417.49300000001676 218.6630859375 17442.71680102751 3334924.3183424715    
33000 36000 1758.3990859375335 620.8004570312332 245.94382007893657 794.7089999999735 446.891914062493 26726.28319897249 5084416.6816575285    
36000 39000 1921.9876875001355 539.0061562499322 450.86661906276385 857.8169999998645 220.1953125 14347.573732546854 2718458.1256577624    
39000 42000 2204.0833125000354 397.9583437499823 39.895892672130124 426.1689999999362 369.7476875000284 18382.426267453146 3333916.8743422376    
42000 45000 1949.0279140625498 525.4860429687251 432.14542012800956 831.0589999999502 219.9130859375 15034.710150910261 2706975.51136511    
45000 48000 2102.301085937477 448.8494570312614 4.363495179694408 451.93491406249814 445.7640000000247 17300.28984908974 3089470.48863489    
48000 51000 1082.2323652344057 667.5113294270705 58.4548180244043 713.9379882811918 601.8670000000275 23090.672903870895 3429151.248303448    
51000 54000 2383.738988281286 308.1305058593571 194.08029705264232 445.36599999998 170.89501171873417 13092.327096129105 2331129.751696552    
54000 57000 2300.664105468779 349.66794726561056 183.99067325603227 479.76900000002934 219.5668945311918 17890.75563777797 3254082.034956491    
57000 60000 2223.3338945312425 388.3330527343787 195.3919138404586 526.4959999999846 250.17010546877282 17361.244362222034 3202441.9650435094    
60000 63000 2717.4129707031534 141.2935146484233 107.10760618270898 217.030029296875 65.5569999999716 7449.329676844155 1256150.1845667288    
63000 66000 2467.426029296883 266.28698535155854 293.2612030726201 473.6539707031334 58.9199999999837 15369.670323155846 2737346.8154332717    
66000 69000 2044.8079082031036 477.5960458984482 363.6677810811885 734.7480000000214 220.444091796875 27370.355781673905 5461994.313161267    
69000 72000 2734.182091796829 132.90895410158555 104.01251417529109 206.45690820319578 59.36099999997532 5558.644218326097 1081085.686838733    
72000 75000 2307.42703320313 346.28648339843494 181.7908129601819 474.8319999999949 217.740966796875 13868.635482001795 2663302.530175342    
75000 78000 1856.942966796807 571.5285166015965 224.01352612202902 729.929999999993 413.12703320319997 24405.364517998205 5096338.469824658    
78000 81000 2407.9039999999804 296.0480000000098 338.9120375820211 535.695000000007 56.40100000001257 18232.0 3979446.0    
81000 84000 2356.3369999999995 643.6630000000005  643.6630000000005 643.6630000000005 20902.0 4039043.0    
84000 87000 2719.4389023437398 140.28054882813012 106.69470415984632 215.72509765625 64.83600000001024 5096.29122050434 746180.8302864791    
87000 90000 2284.4610976562253 357.76945117188734 35.57093757417127 382.9219023437472 332.6170000000275 16863.70877949566 3280106.169713521    
90000 93000 2167.6047304688254 416.1976347655873 280.9283838306014 614.8439999999828 217.5512695311918 21653.732619209513 4640059.0709653655    
93000 96000 2224.380269531219 387.8098652343906 181.89492476622294 516.4290000000037 259.1907304687775 17276.267380790487 3519390.9290346345    
96000 99000 2716.453730468813 141.77313476559357 105.75225235447205 216.5512695311918 66.99499999999534 6718.462011547765 1299993.5559365302    
99000 102000 2048.7262695312966 475.6368652343517 29.299867172626985 496.3549999999814 454.91873046872206 23753.537988452237 5164987.44406347    
102000 105000 2727.1170664062374 136.4414667968813 111.95687681564635 215.6069335936918 57.27600000007078 8301.87485449007 1667625.2161535642    
105000 108000 2190.697933593823 404.65103320308845 85.29965827176122 464.966999999946 344.3350664062309 21127.125145509926 4635167.783846436    
108000 111000 2210.2340859375545 394.88295703122276 256.7448761615364 576.4289999999455 213.3369140625 13375.368634366336 2834035.1645566532    
111000 114000 2654.9549140625168 172.52254296874162 142.94381790418655 273.59908593748696 71.44599999999627 6333.631365633664 1147197.8354433468    
114000 117000 2048.0277460937505 475.98612695312477 366.77752207619307 735.3369999999995 216.63525390625 21179.386567838286 4603506.739514763    
117000 120000 2504.5462539062137 247.72687304689316 260.38340735175586 431.84574609377887 63.60800000000745 7467.613432161713 1402456.2604852375    
120000 123000 2279.4710000000196 720.5289999999804  720.5289999999804 720.5289999999804 18320.0 4101682.0    
123000 126000 2417.63400000002 582.36599999998  582.36599999998 582.36599999998 19695.0 4323304.0    
126000 129000 2382.367919921875 308.8160400390625 129.30714623823636 400.25 217.382080078125 13127.992499141954 2573010.453125597    
129000 132000 1590.373080078105 704.8134599609475 371.9530727703316 967.8240000000224 441.8029199218727 22459.007500858046 4958856.546874402    
132000 135000 2040.4809042968554 479.7595478515723 375.4191859155905 745.2210000000196 214.298095703125 13453.701456785353 2791093.8247618442    
135000 138000 2683.9950957031688 158.0024521484156 136.05646941612574 254.20890429685824 61.79599999997299 5901.298543214648 984190.1752381556    
138000 141000 2558.347000000009 220.82649999999558 217.5166524947344 374.63400000002 67.01899999997113 11547.0 2235142.0    
141000 144000 2216.7320000000764 783.2679999999236  783.2679999999236 783.2679999999236 26685.0 6132801.0    
144000 147000 2440.8109999999288 279.5945000000356 306.7521140668142 496.5009999999893 62.688000000081956 10350.0 2102546.0    
147000 150000 2297.795999999973 702.204000000027  702.204000000027 702.204000000027 16647.0 3767859.0    
150000 153000 2527.873000000138 236.06349999993108 253.7869877287897 415.5179999998654 56.60899999999674 9341.0 1827617.0    
153000 156000 2253.3300000001327 746.6699999998673  746.6699999998673 746.6699999998673 19421.0 4195906.0    
156000 159000 2407.881091796793 296.0594541016035 112.43499286638011 375.56300000008196 216.555908203125 14600.917680583778 3094596.3791809855    
159000 162000 2156.659908203117 421.67004589844146 335.8134307566521 659.1259999999893 184.21409179689363 13284.082319416222 2779436.620819015    
162000 165000 2341.8811191405985 329.05944042970077 156.598073327079 439.79100000002654 218.327880859375 15215.61132859085 3467054.024034079    
165000 168000 2369.736880859302 315.13155957034905 257.6321501597696 497.304999999993 132.9581191407051 12326.38867140915 2658455.975965921    
168000 171000 2243.359972656239 378.3200136718806 226.05070490189712 538.1620000000112 218.47802734375 13766.593445076322 2895687.8566845455    
171000 174000 2344.649027343723 327.6754863281385 53.58952096074185 365.5690000000177 289.7819726562593 15129.406554923678 3207988.143315454    
174000 177000 2315.216074218857 342.39196289057145 183.48436270356046 472.1349999999511 212.6489257811918 14348.788254773379 2961949.1683969456    
177000 180000 1691.2059257812798 654.3970371093601 147.07108693841914 758.3919999999925 550.4020742187276 23329.21174522662 5147389.831603054    
180000 183000 2477.3829999999143 261.30850000004284 274.43450573956864 455.3630000000703 67.25400000001537 10228.0 1989985.0    
183000 186000 2328.381000000052 671.6189999999478  671.6189999999478 671.6189999999478 19034.0 3781803.0    
186000 189000 2736.470740234363 131.76462988281855 114.58895889364999 212.791259765625 50.73800000001211 5947.854057549731 1066858.206217418    
189000 192000 1229.6612578124623 643.2999134114749 66.91877263984823 720.4880000000121 601.6039999999921 28546.14594245027 5125958.7937825825    
192000 195000 1924.9109999999637 358.3630000000121 549.5920154232547 992.320000000007 16.379000000015367 10255.0 2018524.0    
195000 198000 2465.582000000053 534.4179999999469  534.4179999999469 534.4179999999469 19160.0 4339582.0    
198000 201000 2062.0569023437565 468.97154882812174 353.3715950971076 718.8429999999935 219.10009765625 14570.023269505007 3131725.0889573693    
201000 204000 2477.301097656251 261.34945117187453 117.41161453548067 344.3719999999739 178.32690234377515 12917.976730494993 2682111.9110426307    
204000 207000 2712.5670839843806 143.7164580078097 106.30990963157436 218.888916015625 68.54399999999441 7283.081102572506 1276049.8493370195    
207000 210000 2111.6679160156054 444.1660419921973 51.24550203201394 480.40208398434334 407.9300000000512 23911.918897427495 5014259.150662981    
210000 213000 2288.6199999999953 355.6900000000023 405.14390134870024 642.1700000000419 69.20999999996275 10349.0 2058333.0    
213000 216000 2504.7569999999832 495.24300000001676  495.24300000001676 495.24300000001676 9703.0 1902416.0    
216000 219000 2093.9009179687127 453.0495410156436 330.2053737804483 686.5400000000373 219.55908203125 21995.24624912699 5011355.757000951    
219000 222000 1847.8480820312398 576.0759589843801 450.38465121376726 894.545999999973 257.60591796878725 24676.75375087301 5306612.242999049    
222000 225000 2723.1280097656418 138.43599511717912 112.15278544510812 217.739990234375 59.131999999983236 6981.817136547019 1374889.7524556944    
225000 228000 2265.651990234386 367.1740048828069 367.03791000521426 626.7090000000317 107.63900976558216 20337.18286345298 4618424.247544305    
228000 231000 2724.619914062554 137.690042968723 115.04350563895375 219.0380859375 56.34199999994598 6921.463333692838 1316515.449219904    
231000 234000 2340.6460859375075 329.6769570312463 358.72523035791124 583.3340000000317 76.01991406246088 20832.53666630716 4688835.550780096    
234000 237000 2537.3679999999003 231.31600000004983 246.4733822910642 405.59900000004563 57.03300000005402 9728.0 1965609.0    
237000 240000 2346.582999999984 653.4170000000158  653.4170000000158 653.4170000000158 17923.0 3903908.0    
240000 243000 2385.7430000000168 307.1284999999916 180.4939556453227 434.75699999998324 179.5 11330.933962059251 2390923.7746155616    
243000 246000 2472.195000000065 263.9024999999674 283.4642593352517 464.341999999946 63.462999999988824 8069.066037940748 1545827.2253844386    
246000 249000 2229.572021484375 385.2139892578125 237.462028663376 553.125 217.302978515625 16533.377591298424 3580865.569929381    
249000 252000 2581.72997851565 209.13501074217493 175.9083529775392 333.5209999999497 84.74902148440015 11513.622408701576 2486192.4300706196    
252000 255000 2287.8279999999795 356.08600000001024 403.00561044232694 641.0540000000037 71.11800000001676 18584.0 4114012.0    
255000 258000 2369.9139999999898 630.0860000000102  630.0860000000102 630.0860000000102 18220.0 3626027.0    
258000 261000 2726.7607441406 136.61962792970007 117.12181262171511 219.437255859375 53.802000000025146 7700.016792116994 1532462.6359974397    
261000 264000 2585.5192558593117 207.24037207034416 207.22382526787965 353.7697441406781 60.711000000010245 12098.983207883004 2468414.3640025603    
264000 267000 2223.45006445318 388.27496777341 241.64106012364417 559.140999999945 217.408935546875 21023.879376734094 4540269.31716354    
267000 270000 1999.6309355468256 500.1845322265872 229.42428511462043 662.4120000000112 337.9570644531632 16413.120623265906 3566835.68283646    
270000 273000 2458.228013671818 270.8859931640909 71.41779456735699 321.3860000000568 220.385986328125 14533.499281430431 3298201.283371851    
273000 276000 2426.0279863281175 286.9860068359412 35.96768386434623 312.4189999999944 261.55301367188804 13855.500718569569 2836513.716628149    
276000 279000 2730.7987519531744 134.60062402341282 110.13700631293536 212.479248046875 56.72199999995064 7814.007497420399 1550597.7924320304    
279000 282000 2058.8492480468703 470.5753759765648 224.73497391262612 629.4869999999646 311.66375195316505 29160.992502579604 6291735.207567969    
282000 285000 2478.6940000000177 260.65299999999115 277.94953354877845 457.1929999999702 64.11300000001211 10590.0 2139810.0    
285000 288000 2426.4039999999804 573.5960000000196  573.5960000000196 573.5960000000196 17828.0 4107744.0    
288000 291000 2532.564000000013 233.71799999999348 245.99396389345068 407.6620000000112 59.773999999975786 9966.0 2028138.0    
291000 294000 2424.621000000043 575.3789999999572  575.3789999999572 575.3789999999572 18127.0 3936313.0    
294000 297000 2716.0929257812677 141.95353710936615 109.6334233696622 219.47607421875 64.4309999999823 7498.989527031701 1399708.5916938453    
297000 300000 2260.8250742187956 369.5874628906022 388.2264240893435 644.1049999999814 95.06992578122299 20424.010472968297 4624603.408306154    
300000 303000 3000.0 0.0 0.0 0.0 0.0 0.0 0.0 0.0 0.0 0 0
