ts te idle avg_span std_span max_span min_span c_bytes_all s_bytes_all avg_video_rate avg_audio_rate video_requests_sequence audio_requests_sequence
0 3000 3000.0 0.0 0.0 0.0 0.0 0.0 0.0 0.0 0.0 - -
3000 6000 3000.0 0.0 0.0 0.0 0.0 0.0 0.0 0.0 0.0 - -
6000 9000 1059.9579999999842 970.0210000000079 1.3519881656365813 970.9770000000135 969.0650000000023 57481.0 8226624.0 4400.0 128.0 7026.0#7026.0#4400_7437.0#7437.0#4400_7545.0#7545.0#4400_7659.0#7659.0#4400_7780.0#7780.0#4400_7928.0#7928.0#4400_8045.0#8045.0#4400 7024.0#7024.0#128_7265.0#7265.0#128_7446.0#7446.0#128_7626.0#7626.0#128_7726.0#7726.0#128_7900.0#7900.0#128_8028.0#8028.0#128
9000 12000 1382.4761621094076 621.5489999999796 21.145883452818847 643.5119999999879 601.3279999999795 24680.0 3150617.0 6200.0 128.0 9514.0#9514.0#4400_11102.0#11102.0#8000 9512.0#9512.0#128_11100.0#11100.0#128
12000 15000 2431.5389160156483 284.23054199217586 72.11705412049726 335.2249999999767 233.236083984375 17010.058969699643 3292248.602289396 8000.0 128.0 12769.0#12769.0#8000_14769.0#14769.0#8000 12766.0#12766.0#128_14766.0#14766.0#128
15000 18000 2011.9400839844602 494.0299580077699 540.2437823480154 876.0399999999208 112.01991601561895 12620.941030300355 2426754.397710604 8000.0 128.0 16269.0#16269.0#8000 16267.0#16267.0#128
18000 21000 1940.0128828124725 529.9935585937637 292.3908582050375 736.7451171875 323.2420000000275 20078.40300023088 3777522.762246251 8000.0 128.0 18769.0#18769.0#8000_20263.0#20263.0#8000 18767.0#18767.0#128_20262.0#20262.0#128
21000 24000 2080.410117187479 459.7949414062605 518.1057067208365 826.1510000000126 93.43888281250838 14357.59699976912 3176884.237753749 8000.0 128.0 22289.0#22289.0#8000 22285.0#22285.0#128
24000 27000 1929.9670000000042 535.0164999999979 420.0193067044884 832.015000000014 238.01799999998184 20934.0 4073242.0 8000.0 128.0 24269.0#24269.0#8000_25767.0#25767.0#8000 24267.0#24267.0#128_25765.0#25765.0#128
27000 30000 1831.5840957031469 389.47196809895104 402.87742475371795 846.6379999999772 86.32600000000093 22556.178081073063 4202268.313624078 8000.0 128.0 28264.0#28264.0#8000_29766.0#29766.0#8000 28263.0#28263.0#128_29764.0#29764.0#128
30000 33000 991.7927949219593 669.4024016926802 531.1687950798478 996.1599999999162 56.510095703124534 13544.360729693744 2430270.944579196 8000.0 128.0 29766.0#29766.0#8000_31764.0#31764.0#8000 31762.0#31762.0#128
33000 36000 96.15217968751676 725.9619550781208 458.54289059260725 996.8969999999972 40.33989062497858 22284.02231123235 4007446.755499327 8000.0 128.0 33763.0#33763.0#8000_35765.0#35765.0#8000 33760.0#33760.0#128_35762.0#35762.0#128
36000 39000 1999.1029296874767 500.44853515626164 629.9776450966465 945.9100000000326 54.98707031249069 10572.438878000841 1956357.9862973974 8000.0 128.0 35765.0#35765.0#8000_37767.0#37767.0#8000 37765.0#37765.0#128
39000 42000 1566.5180000000983 716.7409999999509 330.29523434644994 950.2949999999255 483.18699999997625 21105.0 3967075.0 8000.0 128.0 39770.0#39770.0#8000_41267.0#41267.0#8000 39767.0#39767.0#128_41262.0#41262.0#128
42000 45000 2673.972000000009 326.02799999999115  326.02799999999115 326.02799999999115 10936.0 2006256.0 8000.0 128.0 43088.0#43088.0#8000 43087.0#43087.0#128
45000 48000 2001.6159999999218 499.1920000000391 18.817525660993695 512.4980000000796 485.8859999999986 23060.0 4461443.0 8000.0 128.0 45258.0#45258.0#8000_47270.0#47270.0#8000 45099.0#45099.0#128_47265.0#47265.0#128
48000 51000 2730.911000000022 269.0889999999781  269.0889999999781 269.0889999999781 9184.0 1631224.0 8000.0 128.0 49099.0#49099.0#8000 49096.0#49096.0#128
51000 54000 2083.479999999923 458.2600000000384 219.9936475492493 613.8190000000759 302.70100000000093 19311.0 3670178.0 8000.0 128.0 51262.0#51262.0#8000_53091.0#53091.0#8000 51260.0#51260.0#128_53091.0#53091.0#128
54000 57000 2220.132912109373 389.93354394531343 222.87080289378875 547.5270000000019 232.340087890625 18844.1946466747 3493476.6930299792 8000.0 128.0 55091.0#55091.0#8000_56770.0#56770.0#8000 54761.0#54761.0#128_56767.0#56767.0#128
57000 60000 2556.3720878906315 221.81395605468424 177.06101437075517 347.01500000001397 96.61291210935451 14497.805353325299 2677959.3069700208 8000.0 128.0 56770.0#56770.0#8000_58762.0#58762.0#8000 58761.0#58761.0#128
60000 63000 1924.1969062500284 537.9015468749858 275.90535413567864 732.99609375 342.8069999999716 20805.649945032743 3917502.073352517 8000.0 128.0 60767.0#60767.0#8000_62272.0#62272.0#8000 60764.0#60764.0#128_62266.0#62266.0#128
63000 66000 2496.5070937499986 251.7464531250007 226.18443370977127 411.6830000000191 91.8099062499823 12121.350054967257 2294007.926647483 8000.0 128.0 64768.0#64768.0#8000 64766.0#64766.0#128
66000 69000 1193.9600000000792 903.0199999999604 117.53528916889049 986.1300000000047 819.9099999999162 18337.0 3833965.0 8000.0 128.0 66273.0#66273.0#8000_68265.0#68265.0#8000 66271.0#66271.0#128_68262.0#68262.0#128
69000 72000 2129.165000000212 435.41749999989406 543.0615434851366 819.4199999998673 51.41499999992084 9444.0 1887848.0 8000.0 128.0 70283.0#70283.0#8000 70281.0#70281.0#128
72000 75000 1423.8460624999716 788.0769687500142 72.64253803905031 839.4430000000284 736.7109375 17724.818274801128 3812180.759272054 8000.0 128.0 72264.0#72264.0#8000_74269.0#74269.0#8000 72261.0#72261.0#128_74262.0#74262.0#128
75000 78000 1818.8858847655938 393.7047050781354 391.7309129947221 840.7490000000107 110.46106250002049 15668.53605703187 3518414.2290838347 8000.0 128.0 76265.0#76265.0#8000_77771.0#77771.0#8000 76263.0#76263.0#128_77769.0#77769.0#128
78000 81000 907.6527324220515 697.4490891926495 488.8375914045956 999.9579999998678 133.48594726558076 13218.461266969593 2744408.3830027906 8000.0 128.0 77771.0#77771.0#8000_79769.0#79769.0#8000 79768.0#79768.0#128
81000 84000 88.96332031249767 727.7591699218756 461.7465469619888 999.9560000000056 40.53767968749162 18737.18440119741 4122812.6286413213 8000.0 128.0 81780.0#81780.0#8000_83767.0#83767.0#8000 81776.0#81776.0#128_83765.0#83765.0#128
84000 87000 1044.4030097656068 977.7984951171966 31.372213466256056 999.9820000000182 955.614990234375 9881.6397786647 1881029.7732636386 8000.0 128.0 85770.0#85770.0#8000 85768.0#85768.0#128
87000 90000 1542.5679902344127 485.8106699218624 449.9091258710241 940.2200000000303 40.54100976558402 18280.3602213353 4033656.226736361 8000.0 128.0 87770.0#87770.0#8000_89265.0#89265.0#8000 87768.0#87768.0#128_89262.0#89262.0#128
90000 93000 2424.232000000018 575.7679999999818  575.7679999999818 575.7679999999818 9324.0 2024612.0 8000.0 128.0 91262.0#91262.0#8000 91260.0#91260.0#128
93000 96000 2080.5090000000782 459.7454999999609 11.89848580706028 468.1589999999851 451.33199999993667 17788.0 3800861.0 8000.0 128.0 93272.0#93272.0#8000_95269.0#95269.0#8000 93269.0#93269.0#128_95266.0#95266.0#128
96000 99000 2456.058005859377 271.97099707031157 55.68749158876784 311.34799999999814 232.593994140625 16498.825816627854 3423490.0386724 8000.0 128.0 97106.0#97106.0#8000_98769.0#98769.0#8000 97101.0#97101.0#128_98767.0#98767.0#128
99000 102000 2254.1659941406106 372.9170029296947 362.3526232351801 629.1390000000247 116.69500585936476 13352.174183372144 2808126.9613276 8000.0 128.0 98769.0#98769.0#8000_101273.0#101273.0#8000 101270.0#101270.0#128
102000 105000 2464.0540156250354 267.9729921874823 42.26944021428787 297.8619999999646 238.083984375 15196.070471152732 3273189.749363346 8000.0 128.0 103100.0#103100.0#8000_104763.0#104763.0#8000 103098.0#103098.0#128_104761.0#104761.0#128
105000 108000 2561.0399843750056 219.4800078124972 154.4603942338664 328.70000000001164 110.26001562498277 12482.929528847268 2665483.250636654 8000.0 128.0 104763.0#104763.0#8000_106761.0#106761.0#8000 106759.0#106759.0#128
108000 111000 1717.8066835937207 641.0966582031397 133.576230233029 735.54931640625 546.6440000000293 19008.188068165502 3988372.2941776165 8000.0 128.0 108764.0#108764.0#8000_110265.0#110265.0#8000 108761.0#108761.0#128_110264.0#110264.0#128
111000 114000 2589.6103164063534 205.1948417968233 163.5158384553003 320.8179999999702 89.57168359367643 10421.8119318345 2240737.7058223835 8000.0 128.0 112769.0#112769.0#8000 112767.0#112767.0#128
114000 117000 1406.8706874999916 796.5646562500042 81.83961077688663 854.4340000000084 738.6953125 17444.35264455546 3703634.74714815 8000.0 128.0 114268.0#114268.0#8000_116262.0#116262.0#8000 114267.0#114267.0#128_116260.0#116260.0#128
117000 120000 2065.433312500012 467.28334374999395 523.602185837816 837.5260000000126 97.04068749997532 10955.647355444538 2290609.25285185 8000.0 128.0 118268.0#118268.0#8000 118264.0#118264.0#128
120000 123000 2169.636000000057 830.3639999999432  830.3639999999432 830.3639999999432 9119.0 1996345.0 8000.0 128.0 120265.0#120265.0#8000 120263.0#120263.0#128
123000 126000 1244.4160761718522 877.7919619140739 111.44704592114627 956.596923828125 798.9870000000228 29663.49864843507 6123007.74793948 8000.0 128.0 123597.0#123597.0#8000_123896.0#123896.0#8000_125766.0#125766.0#8000 123595.0#123595.0#128_124259.0#124259.0#128_125764.0#125764.0#128
126000 129000 1977.5219238281716 511.2390380859142 687.6400776387653 997.4739999999292 25.004076171899214 9621.50135156493 2001218.2520605205 8000.0 128.0 125766.0#125766.0#8000_127780.0#127780.0#8000 127774.0#127774.0#128
129000 132000 89.12391601566924 970.292027994777 48.893111863317465 999.9899999999907 913.861083984375 16384.8282062123 3206692.845264542 8000.0 128.0 129771.0#129771.0#8000_131770.0#131770.0#8000 129770.0#129770.0#128_131764.0#131764.0#128
132000 135000 1059.8610839843168 646.7129720052277 490.4225780182306 996.4060000000172 86.11991601565387 12192.1717937877 2748615.154735458 8000.0 128.0 131770.0#131770.0#8000_133773.0#133773.0#8000 131764.0#131764.0#128_133771.0#133771.0#128
135000 138000 1538.070000000007 730.9649999999965 357.2077184384495 983.5489999999991 478.38099999999395 19792.0 4114418.0 8000.0 128.0 135777.0#135777.0#8000_137270.0#137270.0#8000 135774.0#135774.0#128_137266.0#137266.0#128
138000 141000 2586.2569999999832 413.74300000001676  413.74300000001676 413.74300000001676 9017.0 1871813.0 8000.0 128.0 139254.0#139254.0#8000 139254.0#139254.0#128
141000 144000 2033.5389999999898 483.2305000000051 67.29323104519136 530.814000000013 435.6469999999972 19579.0 4122195.0 8000.0 128.0 141270.0#141270.0#8000_143133.0#143133.0#8000 141267.0#141267.0#128_143131.0#143131.0#128
144000 147000 2538.2700000000186 461.7299999999814  461.7299999999814 461.7299999999814 9572.0 2059281.0 8000.0 128.0 145264.0#145264.0#8000 145262.0#145262.0#128
147000 150000 2274.3240000000224 362.8379999999888 83.43718596646538 421.83699999999953 303.8389999999781 18588.0 3841173.0 8000.0 128.0 147126.0#147126.0#8000_149108.0#149108.0#8000 147121.0#147121.0#128_149105.0#149105.0#128
150000 153000 2428.9267089844216 285.5366455077892 77.30565728762689 340.19999999995343 230.873291015625 16298.217677161516 3381685.9427412017 8000.0 128.0 150761.0#150761.0#8000_152771.0#152771.0#8000 150761.0#150761.0#128_152768.0#152768.0#128
153000 156000 2570.3202910156688 214.8398544921656 166.6341614063748 332.6679999999469 97.01170898438431 12259.782322838484 2564645.0572587983 8000.0 128.0 152771.0#152771.0#8000_154772.0#154772.0#8000 154768.0#154768.0#128
156000 159000 2415.7838847655803 292.10805761720985 84.2021940207177 351.6480000000447 232.568115234375 16174.048055333524 3450811.5778813316 8000.0 128.0 156767.0#156767.0#8000_158769.0#158769.0#8000 156764.0#156764.0#128_158766.0#158766.0#128
159000 162000 2549.02511523437 225.48744238281506 159.9059160873384 338.5580000000191 112.41688476561103 11941.951944666476 2539785.4221186684 8000.0 128.0 158769.0#158769.0#8000_160766.0#160766.0#8000 160763.0#160763.0#128
162000 165000 1438.041923828132 780.979038085934 63.216706589985435 825.679999999993 736.278076171875 18021.46210913027 3976004.115712835 8000.0 128.0 162263.0#162263.0#8000_164265.0#164265.0#8000 162261.0#162261.0#128_164262.0#164262.0#128
165000 168000 2088.0920761720045 455.9539619139978 514.5178179105742 819.7729999998701 92.13492382812547 11181.537890869731 2138187.884287165 8000.0 128.0 166268.0#166268.0#8000 166266.0#166266.0#128
168000 171000 1423.2249707031297 788.3875146484352 71.9233455323674 839.2449999999953 737.530029296875 17271.16680423758 3619711.303896563 8000.0 128.0 168266.0#168266.0#8000_170262.0#170262.0#8000 168262.0#168262.0#128_170261.0#170261.0#128
171000 174000 1856.1780292968615 381.2739902343795 374.7478323258933 803.9650000000256 89.7089707031264 11614.833195762421 2275354.6961034364 8000.0 128.0 171768.0#171768.0#8000 171765.0#171765.0#128_173760.0#173760.0#128
174000 177000 1885.9160000000848 557.0419999999576 398.71912913483203 838.9789999999921 275.10499999992317 16917.0 3932203.0 8000.0 128.0 174261.0#174261.0#8000_175766.0#175766.0#8000 175765.0#175765.0#128
177000 180000 1062.6999179688282 968.6500410155859 12.679780795411027 977.61599999998 959.6840820311918 18401.38707932303 3976411.1863243263 8000.0 128.0 177769.0#177769.0#8000_179769.0#179769.0#8000 177767.0#177767.0#128_179767.0#179767.0#128
180000 183000 1027.9730820311815 657.3423059896062 535.5212223596697 987.0410000000265 39.43991796881892 9647.612920676971 2058584.8136756737 8000.0 128.0 179769.0#179769.0#8000_181764.0#181764.0#8000 181764.0#181764.0#128
183000 186000 1512.146999999939 743.9265000000305 354.22867756923614 994.4039999999804 493.44900000008056 20059.0 4052502.0 8000.0 128.0 183770.0#183770.0#8000_185270.0#185270.0#8000 183767.0#183767.0#128_185267.0#185267.0#128
186000 189000 2472.2110000000102 527.7889999999898  527.7889999999898 527.7889999999898 9364.0 2093629.0 8000.0 128.0 187265.0#187265.0#8000 187262.0#187262.0#128
189000 192000 2252.195000000007 373.9024999999965 115.66640594614498 455.6909999999916 292.1140000000014 19244.0 4180468.0 8000.0 128.0 189261.0#189261.0#8000_191106.0#191106.0#8000 189260.0#189260.0#128_191103.0#191103.0#128
192000 195000 2385.2660000000033 614.7339999999967  614.7339999999967 614.7339999999967 9875.0 1898373.0 8000.0 128.0 193261.0#193261.0#8000 193260.0#193260.0#128
195000 198000 2329.612999999954 335.19350000002305 56.22276727892259 374.94900000002235 295.43800000002375 18522.0 3884822.0 8000.0 128.0 195103.0#195103.0#8000_196772.0#196772.0#8000 195101.0#195101.0#128_196769.0#196769.0#128
198000 201000 2301.0429160156054 349.4785419921973 160.3257966464246 462.84600000001956 236.111083984375 16138.332367844112 3395420.559946308 8000.0 128.0 199094.0#199094.0#8000_200764.0#200764.0#8000 199091.0#199091.0#128_200763.0#200763.0#128
201000 204000 2577.266083984403 211.36695800779853 153.2626257809871 319.7399999999907 102.99391601560637 12481.667632155888 2579344.4400536926 8000.0 128.0 202770.0#202770.0#8000 202767.0#202767.0#128
204000 207000 2178.0549804687034 410.9725097656483 248.48084463221235 586.6750000000466 235.27001953125 17282.25692162771 3290666.5913582835 8000.0 128.0 205098.0#205098.0#8000_206766.0#206766.0#8000 205097.0#205097.0#128_206764.0#206764.0#128
207000 210000 2031.87701953121 484.061490234395 516.0331076918194 848.9520000000484 119.17098046874162 12681.74307837229 2705378.408641717 8000.0 128.0 208268.0#208268.0#8000 208266.0#208266.0#128
210000 213000 1419.6321074218722 790.1839462890639 71.30330956002732 840.6030000000028 739.764892578125 17610.411987315005 3637347.2916615815 8000.0 128.0 210264.0#210264.0#8000_212261.0#212261.0#8000 210263.0#210263.0#128_212259.0#212259.0#128
213000 216000 2053.2218925780617 473.38905371096916 516.2105017244361 838.4050000000279 108.37310742191039 10823.588012684993 2287117.7083384185 8000.0 128.0 214261.0#214261.0#8000 214260.0#214260.0#128
216000 219000 1423.3081015625503 788.3459492187249 72.72600426053332 839.7709999999497 736.9208984375 17303.825259404235 3730423.3237314583 8000.0 128.0 216263.0#216263.0#8000_218264.0#218264.0#8000 216262.0#216262.0#128_218262.0#218262.0#128
219000 222000 1801.4017929687398 399.53273567708675 407.38200624282774 863.9379999999655 102.4771015625447 18340.459744172113 3963172.1957244333 8000.0 128.0 220261.0#220261.0#8000_221770.0#221770.0#8000 220260.0#220260.0#128_221766.0#221766.0#128
222000 225000 1951.2411054687109 524.3794472656446 649.8502983712265 983.89300000004 64.86589453124907 11487.714996423654 2526243.480544109 8000.0 128.0 221770.0#221770.0#8000_223766.0#223766.0#8000 223763.0#223763.0#128
225000 228000 160.704000000027 946.431999999991 90.98587706343142 999.966999999946 841.3769999999786 14427.0 2125117.0 8000.0 128.0 225767.0#225767.0#8000_227764.0#227764.0#8000 225764.0#225764.0#128_227761.0#227761.0#128
228000 231000 1617.9590000000317 691.0204999999842 375.19722205856937 956.3249999999534 425.7160000000149 16245.0 3878088.0 8000.0 128.0 227764.0#227764.0#8000_229769.0#229769.0#8000 227761.0#227761.0#128_229764.0#229764.0#128
231000 234000 1971.7290000000503 514.1354999999749 41.867085407296685 543.7399999999907 484.530999999959 19000.0 3902671.0 8000.0 128.0 231265.0#231265.0#8000_233152.0#233152.0#8000 231262.0#231262.0#128_233149.0#233149.0#128
234000 237000 2514.7879999999423 485.21200000005774  485.21200000005774 485.21200000005774 9695.0 2078500.0 8000.0 128.0 235263.0#235263.0#8000 235261.0#235261.0#128
237000 240000 2124.35699999996 437.82150000002 25.64039899264557 455.95200000004843 419.6909999999916 19525.0 3933597.0 8000.0 128.0 237264.0#237264.0#8000_239100.0#239100.0#8000 237261.0#237261.0#128_239099.0#239099.0#128
240000 243000 2477.7780000000494 522.2219999999506  522.2219999999506 522.2219999999506 10678.0 2204077.0 8000.0 128.0 241101.0#241101.0#8000 241098.0#241098.0#128
243000 246000 1842.390000000014 578.804999999993 152.9825521096931 686.9799999999814 470.63000000000466 19545.0 3749139.0 8000.0 128.0 243264.0#243264.0#8000_244768.0#244768.0#8000 243263.0#243263.0#128_244767.0#244767.0#128
246000 249000 2448.06292187504 275.96853906248 67.37095754836508 323.60699999995995 228.330078125 15072.352122947399 3191696.5274740844 8000.0 128.0 246771.0#246771.0#8000_248775.0#248775.0#8000 246769.0#246769.0#128_248771.0#248771.0#128
249000 252000 2528.623078124947 235.68846093752654 175.20485216480742 359.57700000004843 111.79992187500466 13406.647877052601 2793182.4725259156 8000.0 128.0 248775.0#248775.0#8000_250768.0#250768.0#8000 250763.0#250763.0#128
252000 255000 2424.850894531235 287.57455273438245 73.0320351036324 339.2160000000149 235.93310546875 16174.405910337962 3503058.8784599546 8000.0 128.0 252765.0#252765.0#8000_254766.0#254766.0#8000 252764.0#252764.0#128_254763.0#254763.0#128
255000 258000 2075.320105468738 462.33994726563105 526.5358254797326 834.6570000000065 90.02289453125559 12042.594089662038 2596102.1215400454 8000.0 128.0 256267.0#256267.0#8000 256263.0#256263.0#128
258000 261000 1586.4799472655868 706.7600263672066 44.044304475354835 737.904052734375 675.6160000000382 18132.273104473603 3778873.849003101 8000.0 128.0 259236.0#259236.0#8000_260265.0#260265.0#8000 259234.0#259234.0#128_260261.0#260261.0#128
261000 264000 2014.5390527343843 492.73047363280784 479.345602934863 831.6790000000037 153.78194726561196 10902.726895526399 2322479.150996899 8000.0 128.0 262272.0#262272.0#8000 262269.0#262269.0#128
264000 267000 1464.60699999996 767.69650000002 114.65524324905314 848.7700000000186 686.6230000000214 17601.0 3801515.0 8000.0 128.0 264266.0#264266.0#8000_266261.0#266261.0#8000 264264.0#264264.0#128_265763.0#265763.0#128
267000 270000 1865.2599843749776 378.24667187500745 412.61903911186647 843.3040000000037 56.02000000001863 17955.614031055324 3901010.9919010093 8000.0 128.0 268272.0#268272.0#8000_269766.0#269766.0#8000 268269.0#268269.0#128_269763.0#269763.0#128
270000 273000 1175.7529980468098 608.0823339843968 506.63350043239666 932.468017578125 24.275984375039116 11243.790865989811 2119672.9608762623 8000.0 128.0 269766.0#269766.0#8000_271771.0#271771.0#8000 271766.0#271766.0#128
273000 276000 63.91800585936289 734.0204985351593 446.54888792300005 999.2639999999665 66.99398242193274 18008.091645358596 3899408.3035943075 8000.0 128.0 273768.0#273768.0#8000_275774.0#275774.0#8000 273767.0#273767.0#128_275771.0#275771.0#128
276000 279000 2014.4140117188217 492.79299414058914 659.4605203430307 959.1019999999553 26.48398828122299 10139.503457596269 2269385.7436284204 8000.0 128.0 275774.0#275774.0#8000_277767.0#277767.0#8000 277765.0#277765.0#128
279000 282000 1548.8349999999627 725.5825000000186 374.21292941916295 990.1909999999916 460.97400000004563 18727.0 3990382.0 8000.0 128.0 279763.0#279763.0#8000_281261.0#281261.0#8000 279761.0#279761.0#128_281260.0#281260.0#128
282000 285000 2007.8499999999767 496.07500000001164 701.5559929542495 992.1500000000233 0.0 9314.0 1836245.0 8000.0 128.0 283759.0#283759.0#8000 283093.0#283093.0#128
285000 288000 2068.072999999975 465.9635000000126 5.69574512249386 469.9910000000382 461.93599999998696 18683.0 3929838.0 8000.0 128.0 285273.0#285273.0#8000_287267.0#287267.0#8000 285263.0#285263.0#128_287263.0#287263.0#128
288000 291000 2705.7219999999506 294.27800000004936  294.27800000004936 294.27800000004936 8715.0 1796492.0 8000.0 128.0 289089.0#289089.0#8000 289088.0#289088.0#128
291000 294000 2071.0109999999404 464.4945000000298 205.17056809520244 609.5720000000438 319.41700000001583 19861.0 4103605.0 8000.0 128.0 291134.0#291134.0#8000_293091.0#293091.0#8000 291128.0#291128.0#128_293088.0#293088.0#128
294000 297000 2645.0439999999944 354.9560000000056  354.9560000000056 354.9560000000056 9851.0 2182967.0 8000.0 128.0 294773.0#294773.0#8000 294771.0#294771.0#128
297000 300000 2391.152000000002 304.42399999999907 13.857878697692641 314.22299999999814 294.625 19480.0 4173635.0 8000.0 128.0 297098.0#297098.0#8000_298768.0#298768.0#8000 297095.0#297095.0#128_298766.0#298766.0#128
