ts te idle avg_span std_span max_span min_span c_bytes_all s_bytes_all avg_video_rate avg_audio_rate video_requests_sequence audio_requests_sequence
0 3000 3000.0 0.0 0.0 0.0 0.0 0.0 0.0 0.0 0.0 0 0
3000 6000 3000.0 0.0 0.0 0.0 0.0 0.0 0.0 0.0 0.0 0 0
6000 9000 1831.828999999998 584.085500000001 583.1940959581972 996.4660000000003 171.70500000000175 10778.0 1072839.0    
9000 12000 243.41589648437002 918.8613678385433 136.49055438279183 997.9910000000018 761.2561035156286 27073.07614294115 7153026.525151094    
12000 15000 1754.235103515617 415.2549654947943 283.1428244013334 722.5650000000023 164.95489648437797 13164.923857058848 3782693.474848905    
15000 18000 479.3390781249982 840.2203072916673 273.81591705657576 998.3340000000026 524.044921875 10134.014724385004 3080246.256372135    
18000 21000 2079.3749218750017 460.3125390624991 145.9800184129032 563.5360000000001 357.0890781249982 9281.985275614996 2787410.743627865    
21000 24000 1940.8730000000069 529.5634999999966 216.03172825421794 682.3210000000036 376.8059999999896 13424.0 4017044.0    
24000 27000 2251.5570000000007 748.4429999999993  748.4429999999993 748.4429999999993 7097.0 2012204.0    
27000 30000 652.6219589843749 782.4593470052083 278.7502528716584 967.3669999999984 461.842041015625 17040.665109220008 4932800.805891638    
30000 33000 1562.8970410156253 718.5514794921874 309.7276484045368 937.5619999999981 499.54095898437663 10809.33489077999 3102295.1941083623    
33000 36000 2028.048999999999 485.97550000000047 146.87809926772906 589.8340000000026 382.11699999999837 13181.0 3837538.0    
36000 39000 1460.1960488281184 769.9019755859408 324.31738814503774 999.2290000000066 540.574951171875 11355.068832766407 3156874.915226728    
39000 42000 1713.60395117187 428.79868294271 322.9400542668958 735.9400000000023 92.09300000000076 10562.931167233593 2997909.084773272    
42000 45000 1085.2280292968935 638.2573235677022 246.10634488241362 922.4049999999916 492.52199999998993 11408.106779106738 3041830.025258746    
45000 48000 1940.0849492187408 353.3050169270864 278.90313382534606 542.072021484375 32.95200000000477 9503.158239123195 2657188.1620102758    
48000 51000 2320.6660214843723 226.44465950520922 201.8512218517937 457.60197851562407 85.00800000000163 7818.734981770067 2272105.8127309782    
51000 54000 2148.797999999995 425.6010000000024 521.7443953527386 794.5299999999988 56.67200000000594 13900.0 4037468.0    
54000 57000 2534.9949999999953 465.00500000000466  465.00500000000466 465.00500000000466 6774.0 1976393.0    
57000 60000 1785.5630000000092 607.2184999999954 266.9066469470202 795.9499999999971 418.4869999999937 14171.0 4053907.0    
60000 63000 2292.092000000004 707.9079999999958  707.9079999999958 707.9079999999958 7032.0 2012495.0    
63000 66000 1722.1428828125063 638.9285585937469 137.61491757010197 736.2369999999937 541.6201171875 12469.968286816234 3522963.4621807113    
66000 69000 1326.6180332031217 557.7939889322928 434.52687021309055 999.9499999999971 131.32088281250617 14579.722834290496 4088236.854915754    
69000 72000 1442.5740292968694 519.1419902343769 54.06872531821377 557.8540000000066 457.36591601562395 14428.433961156814 4119206.0997629915    
72000 75000 2266.6520546874963 366.67397265625186 462.72223099700506 693.8680000000022 39.47994531250151 7240.874917736454 2056787.5831405437    
75000 78000 2408.78272656248 295.60863671875995 348.6695974051147 542.1552734375 49.06200000001991 9905.636515870548 2922277.325201713    
78000 81000 2681.5832734375 159.20836328125006 96.04258520514945 227.12072656249802 91.2960000000021 4234.3634841294515 1225560.6747982872    
81000 84000 1532.4130703124974 733.7934648437513 273.0005429057308 926.8340000000026 540.7529296875 19839.5566246084 5706351.984509936    
84000 87000 2298.6539296874835 350.67303515625827 387.6981131247667 624.81700000001 76.52907031250652 7941.443375391598 2299789.015490064    
87000 90000 575.3641132812481 808.211962239584 256.4168903360166 993.0770000000048 515.4838867187646 14337.86509344329 4026145.468421791    
90000 93000 107.98877343752247 723.0028066406194 298.757866473481 988.3319999999949 453.89111328123545 10018.637334433028 2836115.705992005    
93000 96000 603.7091132812347 798.7636289062551 226.69955174938232 975.0580000000045 543.0368867187644 10858.49757212368 3192593.8255862044    
96000 99000 1063.0381152344053 645.6539615885316 231.17814670398835 911.0779999999795 488.3269999999902 11071.687162714657 3022875.793669651    
99000 102000 508.9918847656518 622.752028808587 458.4017268262752 999.9219999999914 48.54099999999744 9924.312837285343 2910427.206330349    
102000 105000 2474.922000000006 525.0779999999941  525.0779999999941 525.0779999999941 6851.0 1956058.0    
105000 108000 1893.8819999999832 553.0590000000084 75.27575949797847 606.2869999999966 499.83100000002014 14415.0 4122883.0    
108000 111000 2102.6097050781245 448.69514746093773 404.77316885404514 734.9130000000005 162.477294921875 8880.50350715566 2436433.222083888    
111000 114000 1342.0092382812581 552.6635872395806 9.437286921768385 559.9679999999935 542.008056640625 12402.60427318447 3375000.4738520966    
114000 117000 709.1050566406338 763.6316477864553 272.4128021471643 979.9370000000054 457.6969433593622 13791.892219659872 4159048.3040640154    
117000 120000 2431.597000000009 284.2014999999956 319.60872956241025 510.19899999999325 58.203999999997905 6822.0 1949250.0    
120000 123000 1975.8479999999981 512.0760000000009 660.371265590816 979.0290000000095 45.12299999999232 13954.0 3975810.0    
123000 126000 1851.2350488281227 574.3824755859387 46.92717606014517 607.5650000000023 541.199951171875 13280.071105646315 3766808.0664202506    
126000 129000 2333.15695117187 333.42152441406506 383.9455126287666 604.9120000000112 61.931048828118946 8544.928894353685 2431809.93357975    
129000 132000 2338.640039062506 330.6799804687471 299.50212061801955 542.4599609375 118.89999999999418 10038.386156560802 2929431.8625779455    
132000 135000 2239.291960937524 380.354019531238 319.7282029870739 606.435999999987 154.27203906248906 10060.613843439198 2895702.1374220545    
135000 138000 677.259103515622 774.2469654947927 335.46805306107603 999.8520000000135 388.743896484375 15488.412961369222 4100887.6573606096    
138000 141000 869.2298964843794 710.2567011718735 211.7610207226216 953.5689999999886 567.5750000000116 13416.587038630778 3891240.3426393904    
141000 144000 1057.9930039062456 647.3356653645848 309.4243558740535 996.0450000000128 405.5659999999916 7565.563575189688 1996011.4510898022    
144000 147000 1653.5899960937386 673.2050019531307 421.76373637151653 971.4370000000054 374.97300390625605 6688.436424810312 1998161.5489101978    
147000 150000 1763.9058847656124 618.0470576171938 107.80400416313957 694.2760000000126 541.818115234375 13653.733826480715 3855197.970834979    
150000 153000 2500.791115234373 249.60444238281343 268.8145025256625 439.6849999999977 59.52388476562919 7440.266173519284 2175534.029165021    
153000 156000 1991.3189999999886 504.3405000000057 572.68931761689 909.2930000000051 99.38800000000629 13920.0 4062664.0    
156000 159000 2050.56700000001 949.43299999999  949.43299999999 949.43299999999 14468.0 4141191.0    
159000 162000 1980.6480000000447 509.67599999997765 31.029259772057383 531.6169999999984 487.7349999999569 13122.0 3748007.0    
162000 165000 2393.277000000002 606.7229999999981  606.7229999999981 606.7229999999981 7454.0 2109352.0    
165000 168000 2344.212007812457 327.8939960937714 301.6135635636951 541.1669921875 114.62100000004284 5401.74401261122 1345331.012832611    
168000 171000 802.5849921874469 732.4716692708511 264.29009120977383 983.68299999999 456.80300781250116 15669.25598738878 4502433.987167389    
171000 174000 1869.8279999998922 565.0860000000539 50.69248514324466 600.9310000000405 529.2410000000673 14339.0 4105107.0    
174000 177000 2390.4310000000405 609.5689999999595  609.5689999999595 609.5689999999595 7024.0 1982819.0    
177000 180000 2566.6290000000154 216.68549999999232 227.74565919134835 377.7259999999951 55.64499999998952 7022.0 2020102.0    
180000 183000 2551.357000000018 448.64299999998184  448.64299999998184 448.64299999998184 6646.0 1940504.0    
183000 186000 494.5787363280542 835.1404212239819 278.64665762600583 998.0130000000063 513.3952636719332 14109.277531298025 3989897.509974389    
186000 189000 1045.483263671893 651.5055787760357 301.48980668837294 997.6030000000028 445.9217363281059 13911.722468701975 4058388.490025611    
189000 192000 2054.5196874999965 472.74015625000175 95.74955021133705 540.4453125 405.0350000000035 13631.315428837985 3944065.0999992318    
192000 195000 2266.0663125000137 366.96684374999313 494.8575880757723 716.8839999999909 17.049687499995343 7145.684571162014 1996806.900000768    
195000 198000 1576.9340234374977 711.5329882812512 242.7596740490952 883.1900000000023 539.8759765625 12258.062122949937 3515482.6926642843    
198000 201000 2213.3759765625 393.31201171875 197.93614204405486 533.2740000000049 253.3500234374951 9030.937877050063 2574355.3073357157    
201000 204000 1880.1529218750075 559.9235390624963 25.41124115277841 577.8919999999925 541.955078125 12658.557141014677 3579172.9011935918    
204000 207000 1318.9378281249956 560.3540572916681 430.1911317480985 999.880999999994 140.14992187501048 13628.242633991515 3649469.710810696    
207000 210000 1291.2473281249986 569.5842239583338 128.09715567774234 709.2950000000128 457.6627499999886 15443.347557785688 4463449.825539765    
210000 213000 2177.566921874997 411.2165390625014 466.5751619350819 741.1350000000093 81.29807812499348 8087.852667208121 2255132.562455947    
213000 216000 1774.5210332030838 612.7394833984581 100.5838417816268 683.8630000000412 541.615966796875 11927.270435201372 3365831.9398218016    
216000 219000 1948.880966796889 525.5595166015555 344.99666795597756 769.5089999999909 281.6100332031201 9525.729564798628 2586505.0601781984    
219000 222000 1762.13092382811 618.934538085945 109.82282164470513 696.5909999999567 541.2780761719332 12181.167045524133 3392064.0632175547    
222000 225000 2125.5880761718727 437.20596191406366 254.64759054323466 617.2690000000002 257.1429238281271 10416.832954475867 3032674.9367824458    
225000 228000 1951.991732421855 524.0041337890725 25.095408870603098 541.749267578125 506.25900000002 12271.232737831277 3429844.464658208    
228000 231000 2264.9592675780877 367.5203662109561 370.2052373897754 629.2950000000419 105.74573242187034 8109.767262168723 2302113.535341792    
231000 234000 2356.490048828069 321.75497558596544 308.7510704106386 540.0749511719332 103.43499999999767 7625.402951547833 2178836.4997647805    
234000 237000 553.4699511719227 815.5100162760258 308.77538373913126 997.9109999999928 458.99904882808914 14223.597048452168 3850720.5002352195    
237000 240000 479.90409179686685 840.0319694010444 276.3498644390453 999.9459999999963 520.930908203125 12169.058622384186 3238676.053613438    
240000 243000 2051.9449082030624 474.0275458984688 234.8647453541949 640.1020000000717 307.9530917968659 9369.941377615814 2622148.946386562    
243000 246000 1820.677699218737 589.6611503906315 69.68940324216906 638.939000000013 540.38330078125 16213.275367492826 4626180.997861857    
246000 249000 1338.5344160156092 553.8218613281302 436.9689909051459 998.460000000021 124.94869921874488 8624.589009702288 2343709.528074128    
249000 252000 1112.0859394530999 629.3046868489668 227.65311643568242 888.015000000014 459.6051152343862 12928.943612756602 3690398.8937790412    
252000 255000 1785.5279453124967 607.2360273437516 388.8266665960995 882.1780000000144 332.2940546874888 10356.192010048284 2826832.5802849745    
255000 258000 2430.594999999972 284.70250000001397 254.92260121947805 464.96000000002095 104.44500000000698 7091.0 2027181.0    
258000 261000 1893.4619999999995 553.2690000000002 631.3501890773465 999.7010000000009 106.83699999999953 13523.0 3818018.0    
261000 264000 2151.0500000000466 424.4749999999767 439.35938427669765 735.1489999999758 113.80099999997765 7659.0 2154880.0    
264000 267000 1903.4060000000172 548.2969999999914 232.24215121291132 712.5169999999925 384.0769999999902 14058.0 3929064.0    
267000 270000 528.4380917968228 823.8539694010591 275.1243225605467 985.1930000000284 506.180908203125 11577.656427286121 3289858.6875659255    
270000 273000 1866.5759082031436 566.7120458984282 349.05612655475693 813.5320000000065 319.89209179684985 9458.343572713879 2772040.3124340745    
273000 276000 1836.5079316405463 581.7460341797268 57.878055916359315 622.6720000000787 540.820068359375 11659.535445649319 3266755.987146519    
276000 279000 2025.6451367186964 324.7849544271012 238.98949637118366 599.579000000027 165.429931640625 9903.863870496443 2799829.4152456583    
279000 282000 1403.7720195312868 532.075993489571 36.03731523456042 562.5280683593592 492.28999999997905 12674.318503620616 3503157.5766030173    
282000 285000 727.2826386718662 568.1793403320335 305.79786342056724 997.6620000000112 280.9459999999963 10272.945221180475 2857693.8223524205    
285000 288000 52.4763554687961 736.880911132801 294.2002683265279 995.0769999999902 457.64472656248836 10466.208742918112 2885513.425277957    
288000 291000 618.5089179687202 793.8303606770933 263.62159833155437 979.4029999999912 492.07408203126397 13850.128216135032 4013688.7733744266    
291000 294000 2439.6869999999763 280.1565000000119 306.13834538081477 496.62900000001537 63.68400000000838 6995.0 1956925.0    
294000 297000 2564.058000000019 435.9419999999809  435.9419999999809 435.9419999999809 6394.0 1826296.0    
297000 300000 2098.380999999994 450.809500000003 68.70037353970486 499.3879999999772 402.23100000002887 13606.0 3892415.0    
