ts te idle avg_span std_span max_span min_span c_ack_cnt c_ack_cnt_p c_bytes_all s_ack_cnt s_ack_cnt_p s_bytes_all avg_video_rate avg_audio_rate video_requests_sequence audio_requests_sequence
0 3000 3000.0 0.0 0.0 0.0 0.0 0.0 0.0 0.0 0.0 0.0 0.0 0.0 0.0 0 0
3000 6000 3000.0 0.0 0.0 0.0 0.0 0.0 0.0 0.0 0.0 0.0 0.0 0.0 0.0 0 0
6000 9000 1211.6897070312516 379.1447350260417 353.77918408311945 998.3849999999984 94.9541015625 371.7272648546063 357.86455271930527 13019.117277447667 444.5917247994198 17.767447948811444 720790.115199056 2300.0 128.0 "29154.0-29255.794=2300 29161.0-30299.196=2300 30584.0-31698.681=2300" "29151.0:29194.388=128 29152.0:29279.28=128 30637.0:30800.796=128"
9000 12000 6.411029296876222 655.9939547991079 348.80389746138303 998.8600000000042 59.37109375 676.8666022388651 669.729314374166 5961.882722552333 932.807241849057 7.232552051188555 1494432.1484343722 2300.0 128.0 "30584.0-31698.681=2300 31635.0-32680.479=2300 32673.0-34894.032=2300" "30637.0:30800.796=128 31716.0:31821.385=128 32703.0:32812.314=128"
12000 15000 0.0 696.6315490451395 303.75471557746954 999.7750000000015 175.70900000000256 872.5658210239319 863.6420616730029 6643.805373482281 1219.916806176699 8.923759350929075 2088668.9728868532 2300.0 128.0 "32673.0-34894.032=2300 33824.0-34922.631=2300 34968.0-36359.976=2300 35809.0-36889.034=2300 36676.0-37813.524=2300" "33911.0:34088.611=128 34979.0:35064.99=128 35910.0:36357.358=128"
15000 18000 7.496314453121158 642.1931844308035 330.98571189039683 949.3910000000033 76.21396484375146 776.216270574041 768.2913967091978 6630.885888197972 1263.308582475341 7.924873864843219 2079266.629999095 2300.0 128.0 "35809.0-36889.034=2300 36676.0-37813.524=2300 37562.0-38637.78=2300 38486.0-39436.461=2300 39258.0-40306.246=2300" "36904.0:37013.448=128 37846.0:37943.415=128 38662.0:38755.844=128 39410.0:39537.898=128"
18000 21000 402.3590566406274 465.89116493055514 259.4097669918224 810.8099999999977 27.83600000000297 640.050506611263 631.9487334883459 6765.807504846918 970.6057665940169 8.101773122917239 1589578.788919892 3140.0 128.0 "39258.0-40306.246=2300 40186.0-40999.635=2300 40836.0-42106.058=2300 42425.0-42454.884=4400 42427.0-44231.645=4400" "40336.0:40474.268=128 40912.0:41046.073=128 42423.0:42511.929=128"
21000 24000 0.8277968749971478 688.0720262276778 285.0060470542517 999.1889999999985 198.26806640625 805.5692008994706 799.757033317892 4853.132208961587 1040.3067796664461 5.8121675815786595 1750220.0771340646 4400.0 128.0 "42427.0-44231.645=4400 44260.0-46232.898=4400" 44266.0:44363.026=128
24000 27000 265.8372031250037 576.4697025669635 289.51560765896784 999.6140000000014 107.32100000000355 801.8745636328556 797.6371375531238 3542.3690245112416 1196.1062991890703 4.23742607973181 1934876.8564457532 4400.0 128.0 "44260.0-46232.898=4400 46105.0-47979.049=4400 47896.0-49750.542=4400" "46252.0:46404.433=128 47918.0:48026.56=128"
27000 30000 5.985009765616269 716.3315192057283 218.76341213527954 998.9780000000028 558.5460878906233 876.1935113526212 871.3914984730111 4004.8787415948655 1286.078242986429 4.802012879610151 2084008.9902605268 4400.0 128.0 "47896.0-49750.542=4400 49741.0-51694.555=4400 51565.0-53314.392=4400" "49783.0:49875.855=128 51210.0:51459.729=128"
30000 33000 4.458921874997031 635.2106125000006 363.6562234883571 999.9470000000001 178.73500000000058 668.0516671071705 663.8536799867807 3501.1212584051345 1082.5008465485282 4.19798712038985 1777218.718870184 4400.0 128.0 "51565.0-53314.392=4400 53356.0-55114.346=4400" 53252.0:53355.413=128
33000 36000 259.57412500001374 497.5484873046856 366.149814717799 999.4029999999912 176.48599999999715 627.6058153992554 621.6058153992554 5004.0 992.5985753992878 6.0 1611182.3126460973 4400.0 128.0 "53356.0-55114.346=4400 55314.0-57176.489=4400 57205.0-58997.51=4400" "55311.0:55414.847=128 57202.0:57309.989=128"
36000 39000 1.6217617187357973 784.0942163085947 184.81181815076854 999.8770000000004 549.02587890625 723.9478152288721 720.3906808157168 2958.8502187873546 1111.3330769015674 3.5571344131553104 1838792.525504195 4400.0 128.0 "57205.0-58997.51=4400 59183.0-61099.842=4400" 59182.0:59280.074=128
39000 42000 46.1860605468828 528.8401998697906 394.4515985156132 992.7289999999994 103.66100000000006 675.0121970333762 670.03440920949 4155.55430480151 1054.673607089754 4.977787823886096 1753023.9898386726 4400.0 128.0 "59183.0-61099.842=4400 61190.0-63030.515=4400 63198.0-64893.794=4400" "61187.0:61309.997=128 63195.0:63299.652=128"
42000 45000 3.228152343755937 611.3527695312484 391.6459683259936 998.7839999999997 59.99199999999837 663.4727354471354 658.894346718173 3817.6435781943346 1035.9721713340057 4.02173324596052 1680187.1364127407 4400.0 128.0 "63198.0-64893.794=4400 65177.0-66968.737=4400" 65176.0:65262.853=128
45000 48000 5.424830078118248 613.8366790364598 348.4275111536388 998.9820000000036 87.08000000000175 548.2733669870273 543.0639992054707 3868.0141401390347 852.6134512544171 5.766023264558514 1398078.9238263045 4400.0 128.0 "65177.0-66968.737=4400 67179.0-69790.924=4400" "67175.0:67285.083=128 69210.0:69302.658=128"
48000 51000 0.23907617187069263 590.9225661272316 328.75193610724654 999.9140000000043 159.4820000000036 447.1200496853368 438.8408627610513 6559.467608991428 716.7640665613237 7.677321252439559 1187984.7121631708 2080.0 128.0 "67179.0-69790.924=4400 69785.0-69822.809=1500 69788.0-70622.149=1500 70620.0-71331.329=1500 71555.0-72418.678=1500" "69918.0:70008.069=128 70646.0:70719.941=128 71913.0:72073.317=128"
51000 54000 48.471847656255704 597.7878509114574 350.8184882300597 998.0399999999936 96.94700000000012 264.8416943264687 258.7359804876053 5105.444125068146 438.29535479862915 6.7075795107093645 725811.5877790712 1500.0 128.0 "73195.0-74206.138=1500 75195.0-76050.121=1500" "73411.0:73508.902=128 75192.0:75288.611=128 75410.0:75575.72=128"
54000 57000 1740.798953125006 374.0804829101544 380.552223522977 900.5099999999948 2.243000000002212 193.61091759770284 191.3184971084122 1907.0260240181929 295.5274063760076 2.292420489290635 488818.5136799515 1500.0  "75195.0-76050.121=1500 75945.0-76658.077=1500" 
57000 60000 401.14212695312744 496.216515625 417.69216215489587 998.8509999999951 107.346000000005 488.5218625690725 479.97319106069574 7654.981410053276 764.6898592166957 9.548671508376811 1189772.368936661 3000.0 128.0 "79191.0-79216.467=3000 79193.0-80454.465=3000 81185.0-82453.663=3000" "79188.0:79279.032=128 81183.0:81315.596=128"
60000 63000 32.07012695312733 601.0564843749986 328.6349690699334 999.476999999999 156.89999999999418 494.5250397171913 489.4606387799476 3773.8479065787083 749.6121115438816 4.527154360959376 1182152.9452032417 3000.0 128.0 "81185.0-82453.663=3000 83195.0-84248.598=3000" 83193.0:83351.08=128
63000 66000 4.648953124997206 521.4748716517871 367.7657103509768 999.3300000000017 80.19500000000698 453.55069417642846 448.609466637296 3736.8912705300286 732.0696229576521 5.478474115416796 1183303.4953792985 3000.0 128.0 "85199.0-86309.278=3000 87179.0-88337.433=3000" "85196.0:85364.209=128 87177.0:87299.583=128"
66000 69000 26.936148437525844 648.201964843749 276.9706164005002 999.6999999999825 349.64794921876455 570.0135094350469 564.6595854681422 4469.725058819357 875.5211845765677 5.353923966904869 1402466.8376341886 3000.0 128.0 "87179.0-88337.433=3000 89188.0-90385.781=3000 90379.0-91649.886=3000" "89186.0:89303.684=128 89411.0:89754.954=128"
69000 72000 2.1379433593829162 572.7068916015614 313.84274024822616 998.7119999999995 124.75800000000163 691.4434254553757 684.3976054967047 6388.623134458514 1077.5126293419219 8.045819958670984 1775769.0623091124 3933.3333333333335 128.0 "90379.0-91649.886=3000 91643.0-93560.818=4400 93557.0-95250.238=4400" "91236.0:91513.778=128 93254.0:94175.383=128"
72000 75000 1484.1513203124923 455.48782942708203 449.5321818925907 998.3270000000048 0.0 393.94546864688505 391.8995125572139 1693.9312195601171 607.5945923632811 1.0459560896711633 978963.290537498 4400.0 128.0 93557.0-95250.238=4400 93254.0:94175.383=128
75000 78000 364.43585546874965 543.9066868489657 435.90654353294354 999.9660000000149 30.206000000005588 684.4067866746879 678.5964010704063 4844.344678805128 1064.7750129212131 5.810385604281625 1746641.2057692404 3700.0 128.0 "97119.0-99041.944=4400 98923.0-100002.834=3000" "97118.0:97212.053=128 97411.0:97567.516=128"
78000 81000 1968.620117187529 444.8208007812427 363.83437983298194 766.6040039062354 75.40399999998044 290.6174618272592 287.8382063106497 2318.038263618297 451.869285551096 2.779255516609507 750149.5741682614 3000.0 128.0 "98923.0-100002.834=3000 101985.0-103053.771=3000" 102414.0:102799.934=128
81000 84000 3.8040136718773283 463.01499921874927 395.2121228311751 999.5469999999914 52.58299999999872 780.8860264034342 773.6987202041297 6009.388791185614 1200.8466117954113 7.187306199304614 1910369.0070241862 3000.0 128.0 "101985.0-103053.771=3000 102983.0-104732.725=3000 104423.0-105660.62=3000 105624.0-106872.784=3000" "102414.0:102799.934=128 103091.0:103198.121=128 104762.0:105176.771=128 105687.0:113688.545=128"
84000 87000 1.6972050781187136 676.2240831473173 320.683545253649 999.6860000000015 232.4429375000036 648.6959771966818 644.8985552315376 3153.211080369785 851.6485411249222 3.7974219651442835 1426256.9677058659 3000.0 128.0 "105624.0-106872.784=3000 107181.0-108496.516=3000" 105687.0:113688.545=128
87000 90000 2.2783124999987194 743.1564257812528 313.63120045441434 998.9170000000013 271.0458984375 426.0700000488102 423.07384287527344 2491.4004643954036 683.1031400140184 2.9961571735367256 1101252.7098030453 3000.0 128.0 "109182.0-110523.99=3000 111185.0-112446.005=3000" 105687.0:113688.545=128
90000 93000 0.0 681.0025224609362 324.3906747627589 998.8029999999999 58.080000000001746 451.6840442796823 445.7310342010993 4132.0994641243105 722.4655022173915 5.953010078582999 1154122.077109238 3000.0 128.0 "111185.0-112446.005=3000 113183.0-114548.66=3000" "105687.0:113688.545=128 113790.0:114122.679=128 114145.0:114954.235=128"
93000 96000 578.1172773437429 445.2640005580428 351.0818341729434 997.2519999999931 19.670994140644325 534.2138994524935 526.1748840082507 6727.186026094917 853.5620752764942 8.039015444242686 1420379.5367325973 3000.0 128.0 "115186.0-116557.271=3000 117187.0-118157.387=3000" "114145.0:114954.235=128 114962.0:115057.036=128 115065.0:115164.155=128 115177.0:115275.77=128 115284.0:115386.688=128 117185.0:117282.403=128"
96000 99000 974.5917773437395 462.70536992187556 338.28606227707127 999.6390000000101 147.00999999999476 461.9429890507632 455.5055410324656 5869.331231406545 814.5684028465449 7.437448018297559 1285278.0395022405 5333.333333333333 128.0 "117187.0-118157.387=3000 119200.0-119262.355=6500 119202.0-121913.568=6500" 119198.0:119301.01=128
99000 102000 30.425207031265018 603.576412667406 322.36106067310504 999.8329999999987 155.68299999999 767.937666381205 762.5418115663302 4495.668156873728 1223.9158557283063 4.970911004379176 1976242.7206633193 4166.666666666667 128.0 "119202.0-121913.568=6500 121822.0-123056.419=3000 123194.0-124289.854=3000" "121913.0:122071.532=128 123412.0:123805.351=128"
102000 105000 73.17790429689921 561.9804422432998 408.6777804110173 998.3139999999985 70.25607812500675 562.6686372010898 558.2729932919526 3667.2757840561417 685.9308052987626 4.820587719632716 1171824.796681614 3000.0 128.0 "123194.0-124289.854=3000 125177.0-126308.158=3000" "123412.0:123805.351=128 125175.0:126967.716=128"
105000 108000 5.481050781236263 640.3704011718801 368.5749912434209 996.5329999999958 104.01299999999173 675.0806018094961 670.3262021400742 3964.7025063413375 918.1135792225874 4.754399669421846 1492924.4244350805 4400.0 128.0 "127205.0-129079.947=4400 129189.0-130925.105=4400" "125175.0:126967.716=128 127201.0:127310.337=128 129187.0:129270.463=128"
108000 111000 6.119837890626513 633.0630324218743 360.2318673734915 999.8090000000084 171.43499999999767 639.7459869408804 635.7340360478812 3341.7899676038887 1004.663509611513 4.011950892999306 1646511.6191546826 4400.0 128.0 "129189.0-130925.105=4400 131187.0-132827.465=4400" 131184.0:131342.242=128
111000 114000 30.654396484373137 700.9116484374972 309.2161439147352 999.0270000000019 321.8429999999935 699.1966605974387 693.9703802649765 4364.80072423469 1118.0308221387843 5.2262803324621885 1885889.4846178782 4400.0 128.0 "131187.0-132827.465=4400 133198.0-135106.155=4400 134949.0-136578.546=4400" "133195.0:133292.047=128 133415.0:133517.861=128"
114000 117000 2113.484306640632 443.257846679684 321.7069322098663 670.7390000000014 215.77669335936662 211.8532621360778 211.637391754973 181.76286089021457 348.50685625295483 0.2158703811047679 566448.8366327506 4400.0  134949.0-136578.546=4400 
117000 120000 1893.6508867187367 427.72927278645994 447.03555436190226 998.6300000000047 25.08300000001327 308.82902480952635 303.57442618829134 4363.658262993207 496.1977837933681 5.25459862123497 811633.2927152296 3000.0 128.0 "140676.0-141931.258=3000 141704.0-142891.901=3000" 140917.0:141509.422=128
120000 123000 0.0 751.072334716795 329.9734483234644 999.9949999999953 197.5339218750014 876.6606958191936 869.9152944404286 5644.341737006793 1268.0432764058132 6.74540137876503 2006608.1591555942 3000.0 128.0 "140676.0-141931.258=3000 141704.0-142891.901=3000 142909.0-144371.148=3000 144129.0-145406.596=3000" "141912.0:142160.502=128 142921.0:143029.414=128 144396.0:146030.176=128"
123000 126000 0.0 594.3754761718795 357.77538398083425 999.4910000000091 144.52799999999115 923.9375519623206 916.5768081613558 6147.746280412404 1420.0643114931686 7.360743800964851 2266350.506458163 3000.0 128.0 "144129.0-145406.596=3000 145377.0-146521.051=3000 146451.0-147597.524=3000 147373.0-148743.097=3000" "144396.0:146030.176=128 146043.0:146516.491=128 146557.0:146997.237=128 147413.0:147683.249=128"
126000 129000 3.1763164062576834 774.0344731445293 222.25729747347464 997.9709999999905 534.91796875 421.0100243962005 416.28667974883507 3940.0471317016563 697.7852421072733 4.181300423200246 1140110.7663724439 3000.0 128.0 "147373.0-148743.097=3000 149198.0-150766.112=3000" 149197.0:149298.157=128
129000 132000 5.527966796886176 555.0833229166698 374.07359871352287 997.234999999986 136.35000000000582 620.9478496959646 616.484856970829 3722.8489359440114 1042.6617866586657 5.005036949300548 1736425.5045826593 3933.3333333333335 128.0 "149198.0-150766.112=3000 151187.0-153196.093=4400 153227.0-154956.305=4400" "151185.0:151307.373=128 153225.0:153335.517=128"
132000 135000 30.426962890604045 613.525806250004 378.72378799096265 998.5430000000051 100.46199999999953 593.1412202137312 588.59083502704 3794.25473087209 898.734022224215 4.001652006612767 1607253.9421025745 4400.0 128.0 "153227.0-154956.305=4400 155191.0-156954.633=4400" 155188.0:155289.29=128
135000 138000 31.04502929688897 528.3418948567656 401.9190574190019 999.8319999999949 66.60399999999208 660.6130011081467 656.179770628278 3697.9496603712387 1032.687227086748 4.981963659947006 1726386.5705482813 4400.0 128.0 "155191.0-156954.633=4400 157180.0-158985.193=4400 159203.0-160940.978=4400" "157179.0:157269.564=128 159199.0:159296.773=128"
138000 141000 6.769220703106839 623.4369558593783 374.8932341239111 998.2820000000065 123.9539999999979 647.7866162896316 643.242304858273 3789.410125947453 1042.9527977229764 4.006807295666664 1681063.2317963154 4400.0 128.0 "159203.0-160940.978=4400 161202.0-163004.016=4400" 161201.0:161307.525=128
141000 144000 25.22817382813082 524.3913138020822 404.93656791704126 998.4759999999951 73.42499999998836 591.8794428967367 587.4174863435712 3721.8675170219344 962.1147586451793 4.999460688857549 1639487.784263102 4400.0 128.0 "161202.0-163004.016=4400 163192.0-164973.341=4400 165197.0-167240.087=4400" "163188.0:163287.178=128 165193.0:165295.791=128"
144000 147000 5.7692792968591675 648.833606250002 334.83607868173914 999.2760000000126 253.71199999999953 678.2289705331299 673.6839517074287 3789.9220474374038 1062.2365048977092 4.004027000575787 1749604.1918022092 4400.0 128.0 "165197.0-167240.087=4400 167258.0-168886.164=4400" 167238.0:167345.382=128
147000 150000 24.134900390636176 539.2123251953113 386.7095688186079 999.0929999999935 120.20000000001164 624.3287962551431 619.8712663678073 3718.2239689396883 1007.1012699060334 4.998521712461139 1655927.312299278 4400.0 128.0 "167258.0-168886.164=4400 169184.0-170922.054=4400 171194.0-172961.188=4400" "169183.0:169294.137=128 171190.0:171290.497=128"
150000 153000 5.451871093770023 625.9936257812485 370.6753193320252 998.6749999999884 135.4200000000128 606.7319598040629 602.1861260048511 3790.567890894764 974.7593716409754 4.003160130812627 1657451.3270795154 4400.0 128.0 "171194.0-172961.188=4400 173191.0-175019.135=4400" 173189.0:173307.78=128
153000 156000 3.5090156249934807 536.6161630859375 394.236382851975 999.6549999999988 67.66599999999744 699.6521340456326 695.2202858851458 3696.6403191714116 1054.0914328237704 4.974521828885918 1777523.2589242053 4400.0 128.0 "173191.0-175019.135=4400 175193.0-177190.565=4400 177217.0-178571.667=4400" "175190.0:175283.596=128 177175.0:177270.691=128"
156000 159000 4.380935546912951 621.7594437499938 382.42797113510227 999.2399999999616 92.01600000000326 618.5733203925874 614.5369480280377 3362.4470379904933 898.9083125850975 4.036372364549713 1521999.544132608 4400.0 128.0 "177217.0-178571.667=4400 179188.0-181000.596=4400" 179185.0:179277.846=128
159000 162000 604.1710664062994 511.42354453125154 448.7251674954617 998.9709999999905 22.739999999990687 627.6793917779924 624.2329596398272 2868.074353295451 899.6619020090063 3.4464321381651843 1475910.6077678208 4400.0 128.0 "179188.0-181000.596=4400 181196.0-183145.839=4400" 181194.0:181298.194=128
162000 165000 3000.0 0.0 0.0 0.0 0.0 0.0 0.0 0.0 0.0 0.0 0.0 0.0 0.0 0 0
165000 168000 342.8530273437209 839.0278050781344 219.99467944913093 999.2360000000335 549.4320000000007 537.8034734115452 530.8034734115452 5824.0 844.0660618796977 7.0 1365292.7990358092 3000.0 128.0 "187612.0-188735.088=3000 188549.0-189978.698=3000" "187916.0:188199.093=128 188767.0:188874.801=128"
168000 171000 1.8340449219103903 617.5748706054728 395.313477037149 999.2369999999937 125.69800000000396 873.9865608850083 867.0349780075959 5825.329617026443 1332.1646601928537 6.548808647128632 2188149.623471211 3000.0 128.0 "188549.0-189978.698=3000 189869.0-191032.671=3000 191051.0-192173.7=3000 192107.0-193187.028=3000" "189913.0:190049.171=128 191058.0:191184.863=128 192201.0:193123.513=128"
171000 174000 1.4718613280856516 518.3638851996608 372.4815396869885 999.7110000000102 42.43600000004517 858.161172070008 850.8181959322501 6132.68907374692 1249.0750693723364 7.745750368041634 2120688.7037600316 3000.0 128.0 "192107.0-193187.028=3000 193105.0-194370.334=3000 194373.0-195477.531=3000 195438.0-196770.777=3000" "192201.0:193123.513=128 193207.0:193370.791=128 194404.0:194566.893=128 195493.0:195600.012=128"
174000 177000 2.3122988280956633 770.9260253906323 193.77125040338933 998.4090000000142 542.56005859375 454.65441216982856 449.85341369157146 4005.294028771366 701.255402025776 4.253219731543427 1225945.3134365825 3000.0 128.0 "195438.0-196770.777=3000 197190.0-198445.708=3000" 197187.0:197276.943=128
177000 180000 7.249093749996973 530.6756510416648 406.007968720103 999.8630000000121 69.26499999998487 481.21226942293356 476.75937698251846 3714.4821247506025 770.5222366159097 5.000671187128745 1289399.30639723 4400.0 128.0 "199185.0-200663.703=4400 201185.0-202998.068=4400" "199180.0:199286.996=128 201183.0:201289.811=128"
180000 183000 27.45611132812337 615.8213878906332 380.7897303484092 999.8450000000594 106.83600000001024 656.9968436712016 653.0103284130762 3332.6458473416246 1018.1334124772859 3.451550066157563 1707881.9015279934 4400.0 128.0 "201185.0-202998.068=4400 203201.0-205147.213=4400" 203200.0:203308.735=128
183000 186000 2.2650253906322177 541.0765660807277 398.47984751827954 999.1609999999928 45.288000000000466 722.026728470884 717.0104360581571 4175.718211516099 1062.121757286846 5.55125760469484 1737688.5522496416 4400.0 128.0 "203201.0-205147.213=4400 205195.0-207063.362=4400 207182.0-208754.558=4400" "205192.0:205279.857=128 207181.0:207270.592=128"
186000 189000 23.44619335938478 612.5293394531182 385.11998382106646 997.2520000000368 88.50499999997555 545.7514838782804 541.7492259554961 3333.723829379801 941.1410521516843 4.002257922784254 1568625.6332503927 4400.0 128.0 "207182.0-208754.558=4400 209188.0-211061.551=4400" 209186.0:209275.242=128
189000 192000 36.30005078125396 530.8914993489694 405.15274234541226 998.9419999999809 48.67300000003888 674.5879915344663 669.5897373533135 4172.707362135161 1036.6043518461204 4.998254181152756 1731768.2933366047 4400.0 128.0 "209188.0-211061.551=4400 211207.0-213029.986=4400 213181.0-214956.062=4400" "211205.0:211310.545=128 213179.0:213271.716=128"
192000 195000 27.305175781220896 621.7699906249997 368.77930350562553 999.9860000000044 136.34800000002724 584.6469778826553 581.1987475912872 2879.409905331983 958.7272317375761 3.4482302913681506 1578581.280939787 4400.0 128.0 "213181.0-214956.062=4400 215188.0-217155.709=4400" 215187.0:215283.362=128
195000 198000 3.7408222655940335 539.1493919270966 386.745643394748 998.9739999999874 70.16000000000349 714.9999836041738 709.4553113450785 4620.614042158316 1071.9220047654405 5.544672259095387 1820218.9632682703 4400.0 128.0 "215188.0-217155.709=4400 217202.0-219034.652=4400 219189.0-220976.62=4400" "217200.0:217306.869=128 219187.0:219280.963=128"
198000 201000 5.857408203097293 613.2833183593873 393.3558531496356 999.7880000000005 72.274000000034 631.5793972655484 628.1240695246438 2885.385957841684 987.5465815725156 3.4553277409046133 1638452.098708806 4400.0 128.0 "219189.0-220976.62=4400 221189.0-223197.932=4400" 221187.0:221284.019=128
201000 204000 7.854904296866152 547.9455371093742 379.5013665874174 996.8710000000137 115.51799999998184 606.1427699358275 600.6042344950481 4615.446841136229 995.2808103097682 5.538535440779369 1679676.788175535 4400.0 128.0 "221189.0-223197.932=4400 223216.0-224955.881=4400 225194.0-227041.799=4400" "223188.0:223288.119=128 225190.0:225291.05=128"
204000 207000 6.903169921890367 615.1681660156231 384.56956106410433 998.8239999999932 82.74400000000605 687.2736438116597 683.2532141423242 3348.904549158015 1068.5699356905536 4.020429669335562 1731642.5885294059 4400.0 128.0 "225194.0-227041.799=4400 227178.0-228877.966=4400" 227177.0:227283.345=128
207000 210000 23.03172851560521 575.9453613281318 350.61529115922434 997.8459999999905 137.55400000000373 582.263362808357 576.2694393302452 5009.180800992637 1002.2791307792573 5.993923478111768 1624679.8452266033 4400.0 128.0 "227178.0-228877.966=4400 229191.0-230986.918=4400 231181.0-233031.895=4400" "229188.0:229282.593=128 231179.0:231282.546=128 231410.0:231506.767=128"
210000 213000 4.226753906259546 581.2048791852804 426.38074689088273 999.7229999999981 7.790000000066357 781.2302464631996 776.7831350514264 3720.4678087131197 1177.1371593862023 4.447111411773301 1943597.9997964122 3466.6666666666665 128.0 "231181.0-233031.895=4400 232960.0-233970.006=3000 233882.0-235214.663=3000" 233914.0:234015.896=128
213000 216000 4.057869140582625 547.3129697265782 389.150805997377 999.7539999999863 61.29099999999744 532.9797445753857 527.4318215761023 4623.351165396551 862.8012676507357 5.547922999283314 1475985.0466572347 3466.6666666666665 128.0 "233882.0-235214.663=3000 235294.0-236559.601=3000 237185.0-238826.208=4400" "235331.0:235422.485=128 237183.0:237276.462=128"
216000 219000 23.44987109376234 624.4494386718783 364.3546579299847 998.7670000000217 146.73099999999977 588.2766569368817 583.7334150601664 3788.315681682283 959.5089354112267 3.997659438715983 1575358.3842844595 4400.0 128.0 "237185.0-238826.208=4400 239188.0-240900.49=4400" 239187.0:239292.853=128
219000 222000 36.15233789055492 525.3901344401287 404.31831027953 998.4560000000347 69.51800000004005 606.8674285239837 602.4383513569127 3694.3769531857524 990.9847494057312 4.974659605070281 1645530.0334639787 4400.0 128.0 "239188.0-240900.49=4400 241190.0-242902.304=4400 243213.0-245039.22=4400" "241187.0:241284.588=128 243211.0:243332.347=128"
222000 225000 7.467185546876863 616.7173628906254 381.3242272488861 998.9370000000054 91.05400000000373 610.8956769970356 606.8740383561296 3350.298360595455 1026.1412014749367 4.0216386409060805 1674067.5367710013 4400.0 128.0 "243213.0-245039.22=4400 245199.0-246947.263=4400" 245195.0:245318.614=128
225000 228000 24.95277148441528 523.4303668619783 411.0715618001624 999.4579999999842 63.638999999995576 646.7464457329186 641.761287746406 4161.424399691028 1074.4264452974412 4.985157986512547 1730064.024930858 4400.0 128.0 "245199.0-246947.263=4400 247207.0-248993.115=4400 249207.0-250949.081=4400" "247205.0:247309.277=128 249206.0:249290.705=128"
228000 231000 5.156208984320983 613.1221582031343 390.320225869814 998.1719999999914 70.76699999999255 609.9899546099987 605.4415425827133 3792.857518601066 973.0399078027581 4.010686678398623 1615013.6134481125 4400.0 128.0 "249207.0-250949.081=4400 251197.0-253044.136=4400" 251196.0:251297.04=128
231000 234000 6.125806640571682 523.6500322265687 413.35216004252004 999.0860000000393 73.50399999998626 585.7963486004749 581.3290504844078 3726.370422101688 939.5760373226556 5.005023464953816 1689974.5549034926 4400.0 128.0 "251197.0-253044.136=4400 253195.0-254936.38=4400 255191.0-257030.831=4400" "253193.0:253299.17=128 255189.0:255291.863=128"
234000 237000 6.046136718709022 613.7573726562666 391.8129897634018 997.7620000000461 74.83300000004238 649.2061908981831 644.653854954855 3795.925847196291 988.2602772844414 4.004793564743761 1747786.3449931687 4400.0 128.0 "255191.0-257030.831=4400 257189.0-258945.13=4400" 257188.0:257287.676=128
237000 240000 32.02396289061289 535.5091884765667 393.38149076250687 998.2939999999944 109.09500000000116 593.7712233088043 589.34182833128 3694.6915881615173 932.7295988110463 4.976937356108743 1700088.026465512 4400.0 128.0 "257189.0-258945.13=4400 259183.0-261009.035=4400 261210.0-262644.883=4400" "259182.0:259303.661=128 261208.0:261317.862=128"
240000 243000 4.9904433593619615 621.8815988281276 383.36095631907324 999.0410000000265 92.33500000002095 571.1907552914784 567.7152350261715 2902.3880633883687 858.8400109681738 3.475520265306851 1427263.7491178946 4400.0 128.0 "261210.0-262644.883=4400 263182.0-265275.763=4400" 263181.0:263277.906=128
243000 246000 20.410343750030734 551.1393369140666 374.5626745793609 999.6599999999744 123.11599999997998 708.7914619337034 703.2498204416643 4618.062136296989 1089.555083490824 5.5416414920391786 1748473.2281550062 4400.0 128.0 "263182.0-265275.763=4400 265299.0-267123.266=4400 267192.0-268908.181=4400" "265238.0:265340.958=128 267189.0:267314.045=128"
246000 249000 5.450208984257188 617.9321582031553 381.31426892172993 998.8180000000284 95.11100000003353 615.1189775928584 611.1044004767758 3344.037122362827 986.7039537515923 4.014577116082547 1660504.8799589183 4400.0 128.0 "267192.0-268908.181=4400 269177.0-271025.114=4400" 269176.0:269296.346=128
249000 252000 33.76511718746042 529.2828444010617 396.8805330960972 999.1790000000037 96.04100000002654 634.6451522600299 629.6593478712737 4162.284104711482 1033.8665033113866 4.985804388756298 1692285.8049490876 4400.0 128.0 "269177.0-271025.114=4400 271208.0-273018.397=4400 273191.0-274726.517=4400" "271204.0:271301.81=128 273189.0:273299.29=128"
252000 255000 8.09583984373603 621.9954320312478 374.22499681773763 998.3620000000228 118.07299999997485 573.1570470624131 569.6990700592911 2887.616636628703 895.9829252581287 3.457977003121975 1495374.9844397146 4400.0 128.0 "273191.0-274726.517=4400 275183.0-277181.214=4400" 275180.0:275288.449=128
255000 258000 28.06083203124581 459.2273869628916 363.6176589797941 999.4330000000191 0.0 724.2383624879099 718.6321088471856 4673.253058208433 1114.6129524308926 5.606253640724325 1835807.7699277108 3933.3333333333335 128.0 "275183.0-277181.214=4400 277219.0-279004.856=4400 279184.0-280292.631=3000" "277217.0:277318.863=128 279417.0:279939.939=128"
258000 261000 35.3613925781101 617.7176129557289 310.25420093247624 997.0769999999902 205.31707031250698 521.3206100531656 516.9522831404497 3642.623381700447 773.3216144519665 4.368326912715965 1228096.2968074903 3000.0 128.0 "279184.0-280292.631=3000 281215.0-282276.752=3000" "279417.0:279939.939=128 281415.0:281952.041=128"
261000 264000 1.056941406277474 712.6243437499922 356.4419533708208 999.1049999999814 115.61499999999069 686.2794629556927 679.8171139304827 5402.018265314638 1138.4328330667156 6.46234902520997 1842998.4471265462 3000.0 128.0 "283182.0-284390.939=3000 284322.0-285375.104=3000 285297.0-286602.636=3000" "283416.0:283710.531=128 284417.0:284540.48=128 285391.0:285493.141=128"
264000 267000 2.7572949219029397 626.7139339843649 403.6066188854837 999.420999999973 23.46799999999348 521.8838782664262 517.2222881314378 3887.8766570965336 796.3360293538924 4.112330278169049 1306974.3782443558 3700.0 128.0 "285297.0-286602.636=3000 287184.0-288785.783=4400" 287182.0:287324.27=128
267000 270000 3.1760292968829162 532.8814951171904 403.5220130863852 999.1269999999786 85.42700000002515 587.4047078682427 582.9510798269006 3715.137047373716 947.4188936885752 5.002887898161414 1610440.1253156438 4400.0 128.0 "287184.0-288785.783=4400 289183.0-290892.976=4400 291182.0-292974.91=4400" "289182.0:289298.621=128 291180.0:291277.237=128"
270000 273000 32.18493359372951 615.0770000000018 377.34867490046423 998.765000000014 107.96299999998882 694.9272291141267 690.3828699486737 3789.192334266161 1081.3508862131612 3.9961057052361024 1737686.6219605461 4400.0 128.0 "291182.0-292974.91=4400 293187.0-295019.416=4400" 293184.0:293296.765=128
273000 276000 3.611937500012573 524.0350104166719 415.4113095112625 999.005999999994 73.78900000004796 692.9172828228927 688.4633967642104 3715.3301444555354 1040.5029360291028 5.002139518898929 1750933.930055111 4400.0 128.0 "293187.0-295019.416=4400 295183.0-296810.98=4400 297183.0-298887.485=4400" "295181.0:295288.73=128 297182.0:297285.658=128"
276000 279000 8.04111523431493 621.5669769531348 378.30146326375217 998.7119999999995 115.87599999998929 642.6926968932154 638.6833433139149 3339.5612894858787 986.575196504243 4.009353579300519 1619745.702016688 4400.0 128.0 "297183.0-298887.485=4400 299180.0-300957.489=4400" 299178.0:299279.978=128
279000 282000 47.53772265621228 530.6943691406341 393.0908748030534 999.0630000000237 97.59000000002561 642.7894861501744 637.8088971158076 4157.97039122203 1006.3116214355756 4.980589034366831 1646861.877536105 4400.0 128.0 "299180.0-300957.489=4400 301190.0-302916.723=4400 303194.0-305088.73=4400" "301188.0:301286.501=128 303192.0:303286.478=128"
282000 285000 9.906210937420838 620.7351578125148 375.7022146938218 999.8939999999711 113.58199999999488 658.0779425126093 654.0634475664004 3343.9984728499717 1042.286934809514 4.01449494620878 1746784.8430595254 4400.0 128.0 "303194.0-305088.73=4400 305183.0-307048.686=4400" 305180.0:305276.482=128
285000 288000 22.177705078036524 523.5521800130373 410.2094631173464 999.5279999999912 69.4770000000135 571.2400676041274 566.2468615662432 4168.485755756335 938.4109291308391 4.993206037884221 1586905.0897673932 4400.0 128.0 "305183.0-307048.686=4400 307191.0-308856.224=4400 309185.0-311086.747=4400" "307189.0:307285.162=128 309182.0:309278.175=128"
288000 291000 6.747058593726251 611.0419882812537 395.74194938031513 998.5050000000047 61.95699999999488 626.487183687492 623.0352202643681 2882.55320227032 1024.3070693475909 3.451963423123895 1664907.219154115 4400.0 128.0 "309185.0-311086.747=4400 311181.0-313263.277=4400" 311179.0:311277.921=128
291000 294000 1.3418398437206633 555.4041894531401 376.8606985797599 999.6900000000023 79.14399999997113 618.1119578581126 612.5501731365354 4635.022735568087 1009.8605077080434 5.561784721577301 1691335.7297347598 4400.0 128.0 "311181.0-313263.277=4400 313287.0-314838.389=4400 315172.0-316999.583=4400" "313246.0:313346.964=128 315171.0:315275.258=128"
294000 297000 8.059328124974854 616.9845773437643 379.94402623168753 999.164999999979 121.7620000000461 655.720512943421 651.2102791089212 3760.752665975999 1049.3821785647146 3.9742245564613055 1765796.035516546 4400.0 128.0 "315172.0-316999.583=4400 317201.0-318803.238=4400" 317200.0:317295.324=128
297000 300000 2.832912109384779 534.7748987630379 400.3097289890231 999.0270000000019 67.47600000008242 600.3227935578107 595.8591859731008 3723.221808998636 951.2203825927569 4.999616862748475 1598072.1114738043 4400.0 128.0 "317201.0-318803.238=4400 319191.0-321144.107=4400 321198.0-322225.72=4400" "319189.0:319279.047=128 321196.0:321283.525=128"
