ts te idle avg_span std_span max_span min_span c_bytes_all s_bytes_all avg_video_rate avg_audio_rate video_requests_sequence audio_requests_sequence
0 8000 8000.0 0.0 0.0 0.0 0.0 0.0 0.0 0.0 0.0 - -
8000 16000 3866.699999999895 826.660000000021 373.627002602206 998.51800000004 158.375 32939.78464687837 823522.0949925015 288.0 128.0 12285.0#12285.0#288_13056.0#13056.0#288_13595.0#13595.0#288_14465.0#14465.0#288_15052.0#15052.0#288_15633.0#15633.0#288 12272.0#12272.0#128_12864.0#12864.0#128_13695.0#13695.0#128_14368.0#14368.0#128_15135.0#15135.0#128_15770.0#15770.0#128
16000 24000 797.7339453124441 900.2832568359445 140.75072262955632 999.5769999999902 685.3130000000237 49209.03707890189 1765939.28177892 495.0 128.0 15633.0#15633.0#288_16354.0#16354.0#288_17167.0#17167.0#288_17758.0#17758.0#288_18451.0#18451.0#288_20401.0#20401.0#840_21837.0#21837.0#840_23870.0#23870.0#840 15770.0#15770.0#128_16364.0#16364.0#128_16674.0#16674.0#128_17286.0#17286.0#128_18449.0#18449.0#128_20393.0#20393.0#128_21854.0#21854.0#128_23868.0#23868.0#128
24000 32000 1676.696111328085 790.4129860839894 288.5321577656741 999.0690000000177 300.3519453125191 48744.62803498943 1639567.3490201358 840.0 128.0 23870.0#23870.0#840_25873.0#25873.0#840_27867.0#27867.0#840_30544.0#30544.0#840_31825.0#31825.0#840 23868.0#23868.0#128_25868.0#25868.0#128_27866.0#27866.0#128_30543.0#30543.0#128_31866.0#31866.0#128
32000 40000 1697.3150273438077 787.835621582024 261.9862070590223 999.9569999999367 300.6530566406436 43232.71261579017 1116784.49453475 840.0 128.0 31825.0#31825.0#840_33348.0#33348.0#840_36470.0#36470.0#840_37562.0#37562.0#840_39374.0#39374.0#840 31866.0#31866.0#128_33365.0#33365.0#128_36468.0#36468.0#128_37364.0#37364.0#128_39371.0#39371.0#128
40000 48000 1744.0509160155198 893.7070119977828 231.16283360054192 998.1030000000028 371.6660839844262 37928.83762344013 941571.7796736928 840.0 128.0 39374.0#39374.0#840_40985.0#40985.0#840_42871.0#42871.0#840_44887.0#44887.0#840 41001.0#41001.0#128_42868.0#42868.0#128_44883.0#44883.0#128
48000 56000 280.4111113281688 964.9486110839789 88.85317447578616 999.539999999979 745.160888671875 52484.76109797337 1316020.0033825962 840.0 128.0 48461.0#48461.0#840_49739.0#49739.0#840_50963.0#50963.0#840_52727.0#52727.0#840_54382.0#54382.0#840 48457.0#48457.0#128_48861.0#48861.0#128_50870.0#50870.0#128_52683.0#52683.0#128_54378.0#54378.0#128
56000 64000 168.7237988281413 870.1418001302065 264.8673921884923 998.9739999999874 241.2831113281427 42075.073172840646 1060563.0289300242 840.0 128.0 56888.0#56888.0#840_58471.0#58471.0#840_60383.0#60383.0#840_62365.0#62365.0#840 56883.0#56883.0#128_58468.0#58468.0#128_60381.0#60381.0#128_62363.0#62363.0#128
64000 72000 727.2649882813566 808.0816679687382 332.4049786323738 998.7609999999986 118.0791015625 42844.24661625551 1154932.957402565 840.0 128.0 64356.0#64356.0#840_66376.0#66376.0#840_68427.0#68427.0#840_69980.0#69980.0#840_71886.0#71886.0#840 64352.0#64352.0#128_66373.0#66373.0#128_68421.0#68421.0#128_69873.0#69873.0#128_71880.0#71880.0#128
72000 80000 400.9898339844658 844.3344628906149 311.8613602191284 999.755999999994 65.749267578125 41362.89407745502 997936.1215406095 840.0 128.0 71886.0#71886.0#840_73891.0#73891.0#840_75885.0#75885.0#840_77882.0#77882.0#840_79882.0#79882.0#840 71880.0#71880.0#128_73886.0#73886.0#128_75884.0#75884.0#128_77877.0#77877.0#128_79875.0#79875.0#128
80000 88000 1493.5672949217842 813.304088134777 253.04261216955905 999.1770000000251 330.5030000000261 44993.414984760166 1234988.285169217 840.0 128.0 79882.0#79882.0#840_82460.0#82460.0#840_84091.0#84091.0#840_85512.0#85512.0#840_87378.0#87378.0#840 79875.0#79875.0#128_82456.0#82456.0#128_83364.0#83364.0#128_85370.0#85370.0#128_87375.0#87375.0#128
88000 96000 2402.345986328204 799.6648590959709 272.66707144211193 999.8829999999725 375.72802734375 37570.53555588398 897368.7221803751 840.0 128.0 87378.0#87378.0#840_90584.0#90584.0#840_91861.0#91861.0#840_94497.0#94497.0#840_95645.0#95645.0#840 90579.0#90579.0#128_91367.0#91367.0#128_94495.0#94495.0#128_95364.0#95364.0#128
96000 104000 1470.219994140556 816.2225007324305 284.55019576656804 998.6660000000265 243.06601367192343 42412.75522363947 1059824.875703401 840.0 128.0 94497.0#94497.0#840_95645.0#95645.0#840_96912.0#96912.0#840_100881.0#100881.0#840_102229.0#102229.0#840_103545.0#103545.0#840 95364.0#95364.0#128_96867.0#96867.0#128_100875.0#100875.0#128_101363.0#101363.0#128_102542.0#102542.0#128
104000 112000 271.7926796874963 858.6897022569449 275.91162826640124 999.2829999999958 250.0020078124944 44896.15846848215 1127675.2171144655 840.0 128.0 103545.0#103545.0#840_104604.0#104604.0#840_106190.0#106190.0#840_108383.0#108383.0#840_110536.0#110536.0#840 104368.0#104368.0#128_106334.0#106334.0#128_108380.0#108380.0#128_110529.0#110529.0#128
112000 120000 971.7492929690052 780.9167452256661 328.24865654672567 999.2469999999157 111.27001953119179 41675.957500658966 1062178.2833691107 840.0 128.0 112384.0#112384.0#840_113903.0#113903.0#840_115877.0#115877.0#840_117880.0#117880.0#840_119887.0#119887.0#840 112380.0#112380.0#128_113919.0#113919.0#128_115873.0#115873.0#128_117878.0#117878.0#128_119882.0#119882.0#128
120000 128000 4336.428125000093 732.7143749999814 367.487020995266 999.2999999999884 122.92999999993481 25340.6932593034 647081.6803434953 840.0 128.0 119887.0#119887.0#840_121527.0#121527.0#840_127351.0#127351.0#840 119882.0#119882.0#128_121552.0#121552.0#128_127336.0#127336.0#128_127684.0#127684.0#128
128000 136000 85.30689062527381 879.4103454860807 241.18176727626766 999.5810000000056 336.95110546873184 55058.78751774497 1435184.8536699857 840.0 128.0 127351.0#127351.0#840_128870.0#128870.0#840_130159.0#130159.0#840_131503.0#131503.0#840_133026.0#133026.0#840_134640.0#134640.0#840_135986.0#135986.0#840 127684.0#127684.0#128_128892.0#128892.0#128_130379.0#130379.0#128_131874.0#131874.0#128_134585.0#134585.0#128_135368.0#135368.0#128
136000 144000 432.2377285156399 840.8624746093733 239.82667591540852 998.5480000000098 391.84299609373556 44184.98513653073 1019866.3826685908 720.0 128.0 134640.0#134640.0#840_135986.0#135986.0#840_138554.0#138554.0#480_139228.0#139228.0#480_141466.0#141466.0#840_143106.0#143106.0#840 135368.0#135368.0#128_138549.0#138549.0#128_139373.0#139373.0#128_141461.0#141461.0#128_142805.0#142805.0#128
144000 152000 508.7463925780612 832.361511935771 323.3674606000973 999.9629999999888 76.1298828125 42759.71684441368 1124052.2087650448 840.0 128.0 143106.0#143106.0#840_144581.0#144581.0#840_146871.0#146871.0#840_148873.0#148873.0#840_150475.0#150475.0#840 144571.0#144571.0#128_146868.0#146868.0#128_148871.0#148871.0#128_150471.0#150471.0#128
152000 160000 635.4918046875391 920.5635244140576 118.64819429970524 996.8910000000033 713.830078125 42215.84482503541 1041539.7472276904 840.0 128.0 150475.0#150475.0#840_152398.0#152398.0#840_154388.0#154388.0#840_156465.0#156465.0#840_158033.0#158033.0#840 152394.0#152394.0#128_154384.0#154384.0#128_156462.0#156462.0#128_158051.0#158051.0#128
160000 168000 758.86398046877 804.5706688368033 347.5101766945307 999.7540000000154 118.47509765625 45607.92210916281 1061623.633471679 840.0 128.0 160376.0#160376.0#840_162383.0#162383.0#840_163949.0#163949.0#840_165880.0#165880.0#840_167880.0#167880.0#840 160371.0#160371.0#128_162379.0#162379.0#128_163871.0#163871.0#128_165877.0#165877.0#128_167877.0#167877.0#128
168000 176000 665.2848164060852 916.8393979492394 119.86414527274839 999.9820000000764 720.085000000021 44005.778297647776 1090874.595591872 840.0 128.0 167880.0#167880.0#840_170485.0#170485.0#840_171835.0#171835.0#840_173880.0#173880.0#840 167877.0#167877.0#128_170481.0#170481.0#128_171877.0#171877.0#128_173879.0#173879.0#128
176000 184000 1866.433281250007 766.6958398437491 331.26141590979023 998.5989999999874 238.84671875002095 41869.47531221196 1031524.4034692784 840.0 128.0 176509.0#176509.0#840_177779.0#177779.0#840_179188.0#179188.0#840_181382.0#181382.0#840 176506.0#176506.0#128_177370.0#177370.0#128_179370.0#179370.0#128_181377.0#181377.0#128
184000 192000 542.1090859374381 932.2363642578202 178.49340234741447 999.9670000000042 490.7119140625 48402.51995826982 1219947.0674495494 840.0 128.0 184386.0#184386.0#840_186388.0#186388.0#840_188594.0#188594.0#840_189993.0#189993.0#840_191480.0#191480.0#840 184380.0#184380.0#128_186384.0#186384.0#128_188592.0#188592.0#128_189369.0#189369.0#128_190939.0#190939.0#128
192000 200000 499.89994531252887 833.3444505208302 311.9952229047486 999.829000000027 121.16796875 43333.78344058546 1112659.9583744607 840.0 128.0 191480.0#191480.0#840_192872.0#192872.0#840_194773.0#194773.0#840_196558.0#196558.0#840_198874.0#198874.0#840 192868.0#192868.0#128_194769.0#194769.0#128_196553.0#196553.0#128_198871.0#198871.0#128
200000 208000 460.9908515624702 942.3761435546912 99.09220667257763 999.7179999999935 719.9951171875 48148.28117469516 1108393.2160639507 840.0 128.0 198874.0#198874.0#840_200508.0#200508.0#840_202380.0#202380.0#840_204492.0#204492.0#840_205221.0#205221.0#840_206380.0#206380.0#840 200506.0#200506.0#128_202376.0#202376.0#128_204486.0#204486.0#128_205366.0#205366.0#128_206377.0#206377.0#128
208000 216000 175.7707968748873 869.3588003472347 268.0298933047599 999.8320000000531 239.4028828125447 45806.16994179027 1135500.6255412688 840.0 128.0 208375.0#208375.0#840_209877.0#209877.0#840_212383.0#212383.0#840_213881.0#213881.0#840_215875.0#215875.0#840 208370.0#208370.0#128_209874.0#209874.0#128_212378.0#212378.0#128_213875.0#213875.0#128_215870.0#215870.0#128
216000 224000 2292.1923203123733 815.4010970982324 291.16443293108296 997.810999999987 381.04767968750093 39181.24548465929 967966.1325707701 840.0 128.0 215875.0#215875.0#840_218491.0#218491.0#840_219681.0#219681.0#840_221880.0#221880.0#840 215870.0#215870.0#128_218488.0#218488.0#128_219877.0#219877.0#128_221876.0#221876.0#128
224000 232000 2084.2780000000494 845.1031428571358 260.5063124145095 999.1659999999683 454.90300000004936 43239.0 1082750.0 840.0 128.0 224472.0#224472.0#840_225768.0#225768.0#840_227221.0#227221.0#840_229385.0#229385.0#840 224469.0#224469.0#128_225372.0#225372.0#128_227401.0#227401.0#128_229381.0#229381.0#128
232000 240000 1856.2410000000382 877.6798571428517 315.3608617147381 998.4880000000121 162.5230000000447 41217.0 1017989.0 840.0 128.0 232402.0#232402.0#840_233759.0#233759.0#840_234994.0#234994.0#840_236876.0#236876.0#840 232398.0#232398.0#128_233366.0#233366.0#128_235240.0#235240.0#128_236870.0#236870.0#128
240000 248000 295.56897460937034 963.0538781738287 93.52938226890262 999.4109999999637 731.676025390625 44482.80684613113 1025819.8096451911 619.2 128.0 240523.0#240523.0#840_241917.0#241917.0#840_243763.0#243763.0#840_245831.0#245831.0#288_246510.0#246510.0#288 240519.0#240519.0#128_241364.0#241364.0#128_242798.0#242798.0#128_246358.0#246358.0#128_246737.0#246737.0#128
248000 256000 2011.7060429687845 748.5367446289019 387.0227348042928 999.3519999999553 42.304000000003725 35511.07403432728 800311.2524187665 840.0 128.0 248363.0#248363.0#840_250412.0#250412.0#840_254392.0#254392.0#840_255756.0#255756.0#840 248357.0#248357.0#128_250408.0#250408.0#128_254389.0#254389.0#128_254867.0#254867.0#128
256000 264000 90.94809179683216 878.7835453559076 259.5096762303867 999.2469999999739 233.09801757812966 47764.10619737212 1158792.7630315346 840.0 128.0 255756.0#255756.0#840_257116.0#257116.0#840_258561.0#258561.0#840_259867.0#259867.0#840_262381.0#262381.0#840 256365.0#256365.0#128_258477.0#258477.0#128_259879.0#259879.0#128_262375.0#262375.0#128
264000 272000 729.5088476563105 807.83235026041 358.8824554383621 995.3869999999879 83.64404296875 46862.698404960014 1199780.5173840534 840.0 128.0 264350.0#264350.0#840_265797.0#265797.0#840_267876.0#267876.0#840_269875.0#269875.0#840_271382.0#271382.0#840 264344.0#264344.0#128_265950.0#265950.0#128_267874.0#267874.0#128_269872.0#269872.0#128_271376.0#271376.0#128
272000 280000 1797.4720410156297 886.075422712053 168.85886097535487 999.140999999945 579.310999999987 42762.782256785904 1032572.1189927942 840.0 128.0 271382.0#271382.0#840_273373.0#273373.0#840_276344.0#276344.0#840_278326.0#278326.0#840_279548.0#279548.0#840 271376.0#271376.0#128_273368.0#273368.0#128_276341.0#276341.0#128_278322.0#278322.0#128_279360.0#279360.0#128
280000 288000 1222.4200683593517 847.197491455081 255.36807605782042 999.9200000000419 275.21499804686755 46744.869880954815 1130690.0043372684 840.0 128.0 279548.0#279548.0#840_282340.0#282340.0#840_283587.0#283587.0#840_284968.0#284968.0#840_286875.0#286875.0#840 279360.0#279360.0#128_282338.0#282338.0#128_283367.0#283367.0#128_284877.0#284877.0#128_286872.0#286872.0#128
288000 296000 106.89767773426138 877.0113691406376 256.93987919432834 999.5620000000345 258.9400664062705 42969.85864190419 1023810.7329078706 840.0 128.0 286875.0#286875.0#840_288873.0#288873.0#840_290876.0#290876.0#840_292435.0#292435.0#840_294378.0#294378.0#840 288869.0#288869.0#128_290869.0#290869.0#128_292431.0#292431.0#128_294374.0#294374.0#128
