ts te idle avg_span std_span max_span min_span c_bytes_all s_bytes_all avg_video_rate avg_audio_rate video_requests_sequence audio_requests_sequence
0 4000 4000.0 0.0 0.0 0.0 0.0 0.0 0.0 0.0 0.0 - -
4000 8000 2041.9670195312356 979.0164902343822 19.320292393049566 992.6780000000144 965.35498046875 25061.633290044832 764576.5920715064 570.0 128.0 6287.0#6287.0#840_6977.0#6977.0#480_7469.0#7469.0#480_7887.0#7887.0#480 6281.0#6281.0#128_6705.0#6705.0#128_7065.0#7065.0#128_7481.0#7481.0#128_7946.0#7946.0#128
8000 12000 91.56500781245995 781.686998437508 421.8682779514833 999.9519999999902 28.882019531272817 28695.94107918991 1207193.310099215 820.0 128.0 7887.0#7887.0#480_8394.0#8394.0#480_9424.0#9424.0#480_9883.0#9883.0#480_10509.0#10509.0#1500_11697.0#11697.0#1500 7946.0#7946.0#128_8426.0#8426.0#128_9427.0#9427.0#128_9905.0#9905.0#128_11207.0#11207.0#128
12000 16000 901.1120253907284 619.7775949218543 430.22600082490356 999.2579999999725 60.800027343735565 22931.40426481556 1041199.3737750422 1875.0 128.0 10509.0#10509.0#1500_11697.0#11697.0#1500_12839.0#12839.0#1500_15224.0#15224.0#3000 12737.0#12737.0#128_15217.0#15217.0#128
16000 20000 21.28886523435358 795.7422269531293 334.2404598710784 999.564000000013 228.4950527343899 28770.643129241667 1442592.9638003604 3000.0 128.0 15224.0#15224.0#3000_17298.0#17298.0#3000_19633.0#19633.0#3000 16708.0#16708.0#128_18708.0#18708.0#128
20000 24000 16.18609960930189 796.7627800781396 328.3375137698727 999.6520000000019 242.21591796877328 28099.052534159116 1413116.6760768841 3000.0 128.0 19633.0#19633.0#3000_22288.0#22288.0#3000 20685.0#20685.0#128_22412.0#22412.0#128
24000 28000 21.399101562506985 795.7201796874986 323.2843471829115 996.9099999999744 251.0150175781455 31016.43637084673 1285560.4463772364 1875.0 128.0 22288.0#22288.0#3000_24411.0#24411.0#1500_25432.0#25432.0#1500_26845.0#26845.0#1500 24583.0#24583.0#128_26475.0#26475.0#128
28000 32000 41.11677343753399 791.7766453124932 320.6634034592091 995.5709999999963 254.56011914060218 25695.53804470312 1236294.2135285675 2300.0 128.0 28229.0#28229.0#2300_30230.0#30230.0#2300 28221.0#28221.0#128_30226.0#30226.0#128
32000 36000 22.95020703127375 795.4099585937453 318.7348926870431 998.8950000000186 267.91889257810544 27042.211391093886 1341040.0544519038 2300.0 128.0 32214.0#32214.0#2300_33938.0#33938.0#2300_35854.0#35854.0#2300 32211.0#32211.0#128_34214.0#34214.0#128
36000 40000 733.0749003906967 816.7312749023258 357.6034791901634 998.6130000000121 280.3360996093834 23473.13989590518 1132040.3698192842 2300.0 128.0 35854.0#35854.0#2300_37661.0#37661.0#2300 36207.0#36207.0#128_37705.0#37705.0#128
40000 44000 224.98989648447605 943.752525878881 111.08120711614451 999.560999999987 777.131103515625 27694.165454634858 1424307.31212299 2300.0 128.0 40210.0#40210.0#2300_42009.0#42009.0#2300_43574.0#43574.0#2300 40209.0#40209.0#128_41708.0#41708.0#128_43709.0#43709.0#128
44000 48000 27.624193359341007 794.4751613281318 336.4499528305595 998.6049999999814 217.92189648438944 28385.72743878634 1397284.6587801625 2300.0 128.0 43574.0#43574.0#2300_45396.0#45396.0#2300_47246.0#47246.0#2300 45708.0#45708.0#128_47709.0#47709.0#128
48000 52000 845.7839218751178 630.8432156249764 373.1562163481393 998.545999999973 227.30508984375047 24017.613362967335 1136983.21212404 2300.0 128.0 47246.0#47246.0#2300_49718.0#49718.0#2300_51488.0#51488.0#2300 47709.0#47709.0#128_49714.0#49714.0#128_51709.0#51709.0#128
52000 56000 21.73292773438152 795.6534144531237 315.6468606460303 998.6489999999758 275.112060546875 26327.39354616661 1328723.148377098 2300.0 128.0 51488.0#51488.0#2300_53122.0#53122.0#2300_55214.0#55214.0#2300 53209.0#53209.0#128_55209.0#55209.0#128
56000 60000 733.1339707031148 816.7165073242213 123.56156538509748 998.0420000000158 724.7259394531138 23744.471538609585 1134334.8066365467 2300.0 128.0 55214.0#55214.0#2300_57084.0#57084.0#2300_59214.0#59214.0#2300 57206.0#57206.0#128_59211.0#59211.0#128
60000 64000 26.06315625004936 794.7873687499902 342.46215433294407 999.1460000000079 206.71791015617782 29068.934341007956 1449564.9271060242 2300.0 128.0 59214.0#59214.0#2300_60841.0#60841.0#2300_62666.0#62666.0#2300 61207.0#61207.0#128_62705.0#62705.0#128
64000 68000 17.98198242188664 796.4036035156226 335.98145976220576 999.5869999999995 223.3240664062323 27121.091429263997 1310459.3755941032 2300.0 128.0 62666.0#62666.0#2300_64544.0#64544.0#2300_66711.0#66711.0#2300 64710.0#64710.0#128_66709.0#66709.0#128
68000 72000 27.009066406288184 794.5981867187423 332.79603420854795 998.0339999999851 228.3690488281427 26440.355727256076 1256360.0582676888 2300.0 128.0 66711.0#66711.0#2300_68716.0#68716.0#2300_70463.0#70463.0#2300 68711.0#68711.0#128_70707.0#70707.0#128
72000 76000 202.10556835931493 759.5788863281371 374.1270286293589 998.6140000000014 140.07411523442715 25778.814662666933 1165106.2230287218 2300.0 128.0 70463.0#70463.0#2300_72376.0#72376.0#2300_74352.0#74352.0#2300 72374.0#72374.0#128_74349.0#74349.0#128
76000 80000 20.986324218742084 795.8027351562516 298.66784563045405 999.7660000000033 328.99168359377654 26049.64335504912 1232925.2881142762 2300.0 128.0 74352.0#74352.0#2300_76217.0#76217.0#2300_78214.0#78214.0#2300 76213.0#76213.0#128_78212.0#78212.0#128
80000 84000 28.701699218770955 794.2596601562458 301.42837697853946 999.8470000000088 328.61400781251723 24708.76360733221 1203855.9634307823 2300.0 128.0 80220.0#80220.0#2300_81828.0#81828.0#2300 80217.0#80217.0#128_82211.0#82211.0#128
84000 88000 33.704320312594064 793.2591359374812 296.30517970627864 999.6519999999437 342.68370703130495 29165.01996409521 1332190.666702193 2300.0 128.0 84366.0#84366.0#2300_85911.0#85911.0#2300_87935.0#87935.0#2300 84363.0#84363.0#128_86210.0#86210.0#128_87705.0#87705.0#128
88000 92000 506.0767148437444 698.7846570312511 347.35301350706266 999.4459999999963 288.7392578125 25703.470688011734 1221019.3693050854 2300.0 128.0 85911.0#85911.0#2300_87935.0#87935.0#2300_89592.0#89592.0#2300_91712.0#91712.0#2300 87705.0#87705.0#128_89706.0#89706.0#128_91710.0#91710.0#128
92000 96000 37.789291015593335 792.4421417968813 323.5458221701683 999.0210000000079 258.490966796875 27838.777942354187 1310838.8029350836 2300.0 128.0 91712.0#91712.0#2300_93712.0#93712.0#2300_95464.0#95464.0#2300 93710.0#93710.0#128_95708.0#95708.0#128
96000 100000 21.620058593689464 795.6759882812621 327.1629925536057 998.9930000000168 245.055908203125 27221.542062840155 1304248.3287080636 2300.0 128.0 95464.0#95464.0#2300_97344.0#97344.0#2300_99217.0#99217.0#2300 97206.0#97206.0#128_99214.0#99214.0#128
100000 104000 20.01301171875093 795.9973976562499 334.8088963171823 999.7669999999925 227.743896484375 30032.47034497508 1391430.5447993106 2300.0 128.0 99217.0#99217.0#2300_101297.0#101297.0#2300_103106.0#103106.0#2300 101211.0#101211.0#128_103208.0#103208.0#128
104000 108000 520.3359316406422 869.9160170898394 150.97463663084105 998.2710000000079 706.1281035155989 26022.716238586683 1222203.5226129452 2300.0 128.0 103106.0#103106.0#2300_105216.0#105216.0#2300_106791.0#106791.0#2300 105214.0#105214.0#128_107209.0#107209.0#128
108000 112000 47.34667382814223 790.5306652343716 335.4037463296439 996.5139999999665 221.65803515625885 26477.567047527813 1201588.4284623747 2300.0 128.0 106791.0#106791.0#2300_109217.0#109217.0#2300_110843.0#110843.0#2300 109215.0#109215.0#128_111210.0#111210.0#128
112000 116000 19.274339843716007 796.1451320312568 323.95474106429475 997.1350000000093 251.4337089844048 29237.109243875406 1442452.3611634602 2300.0 128.0 110843.0#110843.0#2300_112811.0#112811.0#2300_114631.0#114631.0#2300 112707.0#112707.0#128_114709.0#114709.0#128
116000 120000 116.99190625001211 776.6016187499976 334.6379337791686 999.7810000000172 235.66904882807285 24316.294539614002 1123807.6931107808 2300.0 128.0 114631.0#114631.0#2300_116356.0#116356.0#2300_118722.0#118722.0#2300 116354.0#116354.0#128_118718.0#118718.0#128
120000 124000 16.689982421929017 796.6620035156142 297.43599132926744 998.8680000000168 336.0669550781022 26725.369695741312 1254824.8697233894 2300.0 128.0 118722.0#118722.0#2300_120386.0#120386.0#2300_122360.0#122360.0#2300 120707.0#120707.0#128_122356.0#122356.0#128
124000 128000 28.703970703063533 794.2592058593873 293.4685269132988 999.3939999999711 344.87693750002654 27589.013901272345 1275188.6912250083 2300.0 128.0 122360.0#122360.0#2300_124706.0#124706.0#2300_126218.0#126218.0#2300 124521.0#124521.0#128_126215.0#126215.0#128
128000 132000 28.685988281213213 794.2628023437574 296.15460424420536 999.9430000000284 348.7919082031003 27991.748644992855 1328279.5427075608 2300.0 128.0 128362.0#128362.0#2300_130062.0#130062.0#2300_131791.0#131791.0#2300 128360.0#128360.0#128_130213.0#130213.0#128
132000 136000 33.050085937429685 793.3899828125141 292.0262997190954 998.9280000000144 368.5848964843899 26127.51101577879 1190915.1494309446 2300.0 128.0 131791.0#131791.0#2300_133645.0#133645.0#2300 132206.0#132206.0#128_133708.0#133708.0#128
136000 140000 19.245917968743015 796.1508164062514 283.8435305140942 999.8869999999879 393.03598242189037 26733.064986397836 1320842.7049015826 2300.0 128.0 136220.0#136220.0#2300_137869.0#137869.0#2300_139548.0#139548.0#2300 136216.0#136216.0#128_137705.0#137705.0#128_139707.0#139707.0#128
140000 144000 653.5680839843699 669.286383203126 321.52057628297825 993.0109999999986 286.166015625 24668.743740596983 1147234.5642930325 2300.0 128.0 139548.0#139548.0#2300_141372.0#141372.0#2300_143716.0#143716.0#2300 141711.0#141711.0#128_143713.0#143713.0#128
144000 148000 35.47490234381985 792.905019531236 321.09433317756105 999.7629999999772 262.1411132811918 29051.37505669092 1441291.5982254453 2300.0 128.0 143716.0#143716.0#2300_145553.0#145553.0#2300_147509.0#147509.0#2300 145709.0#145709.0#128_147213.0#147213.0#128
148000 152000 20.03100976557471 795.9937980468851 323.78414990992866 998.8360000000102 255.381103515625 27599.04200758314 1325914.867646551 2300.0 128.0 147509.0#147509.0#2300_149217.0#149217.0#2300_150958.0#150958.0#2300 149215.0#149215.0#128_151209.0#151209.0#128
152000 156000 684.7611093749874 828.8097226562531 219.49599884097117 998.789999999979 538.3478964844253 25038.174863846547 1131865.9506433043 2300.0 128.0 150958.0#150958.0#2300_153217.0#153217.0#2300_154951.0#154951.0#2300 153213.0#153213.0#128_155213.0#155213.0#128
156000 160000 21.084949218668044 795.7830101562664 335.89794613583575 996.9729999999981 219.90900585940108 28587.749766579334 1354787.3558195792 2300.0 128.0 154951.0#154951.0#2300_156756.0#156756.0#2300_158717.0#158717.0#2300 157207.0#157207.0#128_158713.0#158713.0#128
160000 164000 47.06809765624348 790.5863804687513 332.7494299424974 996.0200000000186 226.0749550780747 25489.444987207185 1209376.9251431667 2300.0 128.0 158717.0#158717.0#2300_161221.0#161221.0#2300_162851.0#162851.0#2300 161218.0#161218.0#128_162708.0#162708.0#128
164000 168000 22.450037109374534 795.5099925781251 326.7097493789565 999.8649999999907 247.07205273438012 26625.733050097246 1205534.3605659672 2300.0 128.0 162851.0#162851.0#2300_164716.0#164716.0#2300_166578.0#166578.0#2300 164713.0#164713.0#128_166471.0#166471.0#128
168000 172000 335.72760546882637 732.8544789062347 301.05330946399755 998.3059999999823 262.56708984368015 28032.705453447677 1296434.9060588684 2300.0 128.0 168211.0#168211.0#2300_170360.0#170360.0#2300 168209.0#168209.0#128_170353.0#170353.0#128
172000 176000 32.09236914070789 793.5815261718584 308.1880849366716 996.3609999999171 298.09569531248417 26241.683635257243 1134223.6122424786 2300.0 128.0 170360.0#170360.0#2300_172291.0#172291.0#2300_174215.0#174215.0#2300_175800.0#175800.0#2300 172209.0#172209.0#128_174212.0#174212.0#128_175211.0#175211.0#128_175917.0#175917.0#128
176000 180000 23.33666210930096 795.3326675781398 304.7083324374287 998.9720000000088 309.0940644532093 28559.446763614687 1283150.9567634992 2300.0 128.0 175800.0#175800.0#2300_176470.0#176470.0#2300_178063.0#178063.0#2300 175917.0#175917.0#128_178205.0#178205.0#128
180000 184000 23.702283203194384 795.2595433593611 302.288966684721 999.8939999999711 320.7857265624916 27178.042629582334 1364563.5992108178 2300.0 128.0 180220.0#180220.0#2300_182103.0#182103.0#2300_183720.0#183720.0#2300 180214.0#180214.0#128_182206.0#182206.0#128_183709.0#183709.0#128
184000 188000 20.30805664055515 795.938388671889 297.71625371502375 999.8150000000023 336.8500097657088 27446.981041736937 1300686.83328541 2300.0 128.0 183720.0#183720.0#2300_185713.0#185713.0#2300_187578.0#187578.0#2300 185711.0#185711.0#128_187704.0#187704.0#128
188000 192000 27.098941406526137 794.5802117186947 292.71147593757377 996.2289999999339 348.13406640623 28534.871311660347 1357498.4751250362 2300.0 128.0 187578.0#187578.0#2300_189716.0#189716.0#2300_191380.0#191380.0#2300 187704.0#187704.0#128_189713.0#189713.0#128_191709.0#191709.0#128
192000 196000 875.8449121093727 624.8310175781255 347.2406321758359 997.8399999999674 284.007080078125 22837.671002879306 1063592.9473398754 2300.0 128.0 191380.0#191380.0#2300_193164.0#193164.0#2300_195718.0#195718.0#2300 191709.0#191709.0#128_193208.0#193208.0#128_195715.0#195715.0#128
196000 200000 18.7817714845296 796.2436457030941 318.48165011651696 999.5829999999842 271.09130859375 30504.236594177357 1439568.9785268956 2300.0 128.0 195718.0#195718.0#2300_197341.0#197341.0#2300_199092.0#199092.0#2300 197208.0#197208.0#128_199210.0#199210.0#128
200000 204000 18.872332031372935 796.2255335937255 322.3044442325737 999.2989999999991 259.3759765625 26719.749506178545 1269382.6829396032 2300.0 128.0 199092.0#199092.0#2300_201217.0#201217.0#2300_202995.0#202995.0#2300 201215.0#201215.0#128_203209.0#203209.0#128
204000 208000 53.40668750007171 789.3186624999856 338.24080042528703 999.0799999999581 221.0712890625 26868.921017656154 1258614.1686473938 2300.0 128.0 202995.0#202995.0#2300_205216.0#205216.0#2300_206887.0#206887.0#2300 205214.0#205214.0#128_206705.0#206705.0#128
208000 212000 17.275246093748137 796.5449507812503 339.1965885878287 997.655999999959 213.89404296875 27144.752066745503 1292065.507925134 2300.0 128.0 206887.0#206887.0#2300_208581.0#208581.0#2300_210715.0#210715.0#2300 208707.0#208707.0#128_210712.0#210712.0#128
212000 216000 14.122769531211816 797.1754460937576 344.332074176813 999.9549999999581 203.6552734375 25861.588370425015 1208965.6206297213 2300.0 128.0 210715.0#210715.0#2300_212576.0#212576.0#2300_214717.0#214717.0#2300 212708.0#212708.0#128_214713.0#214713.0#128
216000 220000 21.13839453132823 795.7723210937344 351.5864768639076 999.6459999999497 186.90087890625 29441.438156726963 1339761.2810984373 2300.0 128.0 214717.0#214717.0#2300_216365.0#216365.0#2300_218204.0#218204.0#2300 216423.0#216423.0#128_218217.0#218217.0#128
220000 224000 1558.4338789061876 813.8553736979375 180.54024436781015 997.5219999999972 636.6130000000121 13748.998197506156 612999.1584995675 2300.0 128.0 220720.0#220720.0#2300 220716.0#220716.0#128
224000 228000 307.97304492187686 923.0067387695308 151.13601256988852 999.1820000000298 696.303955078125 30020.6101046799 1341767.9336134947 2033.3333333333333 128.0 224368.0#224368.0#2300_226089.0#226089.0#2300_227778.0#227778.0#1500 224366.0#224366.0#128_224561.0#224561.0#128_226109.0#226109.0#128_227902.0#227902.0#128
228000 232000 120.1408417968778 775.9718316406245 294.1040897940247 993.7870000000112 302.6250449218787 29363.868592950974 1301328.6131180907 1700.0 128.0 227778.0#227778.0#1500_229157.0#229157.0#1500_230188.0#230188.0#1500_231717.0#231717.0#2300 227902.0#227902.0#128_230208.0#230208.0#128_231709.0#231709.0#128
232000 236000 24.748117187526077 795.0503765624948 301.2223716551862 997.3029999999562 319.3028867187677 27585.937534678065 1237894.263032524 2300.0 128.0 231717.0#231717.0#2300_233553.0#233553.0#2300_235708.0#235708.0#2300 233712.0#233712.0#128_235707.0#235707.0#128
236000 240000 45.562900390592404 790.8874199218815 296.6021299730745 995.8580000000075 330.9230039062677 25027.043629426702 1220735.7223099824 2300.0 128.0 235708.0#235708.0#2300_237713.0#237713.0#2300_239444.0#239444.0#2300 237711.0#237711.0#128_239706.0#239706.0#128
240000 244000 24.919996093725786 795.0160007812549 296.1199706593716 998.7569999999832 343.1119042969076 27484.88330499794 1241882.0110112356 2300.0 128.0 239444.0#239444.0#2300_241290.0#241290.0#2300_243771.0#243771.0#2300 239706.0#239706.0#128_241705.0#241705.0#128_243463.0#243463.0#128
244000 248000 21.827105468837544 795.6345789062325 292.8439276611905 998.280999999959 358.75290039065294 28777.377112422015 1362949.5811477923 2300.0 128.0 243771.0#243771.0#2300_245316.0#245316.0#2300_247055.0#247055.0#2300 245209.0#245209.0#128_247207.0#247207.0#128
248000 252000 17.394873046898283 796.5210253906204 289.3369918469395 999.2560000000522 372.1450058593182 23789.946966291634 1110624.3843584943 2300.0 128.0 247055.0#247055.0#2300_249219.0#249219.0#2300_251218.0#251218.0#2300 249214.0#249214.0#128_251215.0#251215.0#128
252000 256000 23.041236328193918 795.3917527343613 286.3840562287085 998.969000000041 383.01987890619785 29936.817779406665 1442941.8535761458 2300.0 128.0 251218.0#251218.0#2300_252982.0#252982.0#2300_254718.0#254718.0#2300 253212.0#253212.0#128_254705.0#254705.0#128
256000 260000 26.12878710939549 794.774242578121 284.85031393922895 996.5840000000317 390.52811523433775 27015.92386706669 1246195.3746395493 2300.0 128.0 254718.0#254718.0#2300_256712.0#256712.0#2300_258463.0#258463.0#2300 256708.0#256708.0#128_258451.0#258451.0#128
260000 264000 359.9701835938031 728.0059632812394 369.62468409109624 1000.0 290.5869140625 26880.9580080143 1237804.714086972 2300.0 128.0 258463.0#258463.0#2300_260708.0#260708.0#2300_262460.0#262460.0#2300 260706.0#260706.0#128_262706.0#262706.0#128
264000 268000 22.29286132811103 795.5414277343777 313.75949810693936 998.890000000014 280.904052734375 26039.122633606225 1264402.738730799 2300.0 128.0 262460.0#262460.0#2300_264365.0#264365.0#2300_266117.0#266117.0#2300 264361.0#264361.0#128_266208.0#266208.0#128
268000 272000 10.686953124939464 797.8626093750121 317.3345657446394 999.8719999999739 273.277099609375 26396.99146418894 1260183.975123453 2300.0 128.0 268358.0#268358.0#2300_270210.0#270210.0#2300_271953.0#271953.0#2300 268356.0#268356.0#128_270208.0#270208.0#128
272000 276000 31.24379296868574 793.7512414062628 318.04261408380523 997.5520000000251 264.539306640625 25920.00019340561 1201548.4610047399 2300.0 128.0 271953.0#271953.0#2300_274221.0#274221.0#2300_275957.0#275957.0#2300 272212.0#272212.0#128_274214.0#274214.0#128
276000 280000 33.00641601555981 793.398716796888 329.2873723185168 999.079000000027 241.462890625 27169.820515524883 1233225.2745608427 2300.0 128.0 275957.0#275957.0#2300_278218.0#278218.0#2300_279948.0#279948.0#2300 276207.0#276207.0#128_278214.0#278214.0#128_279705.0#279705.0#128
280000 284000 31.74858007801231 793.6502839843976 336.6457324088324 999.5010000000475 222.393310546875 29832.21914576395 1404458.5454063052 2300.0 128.0 278218.0#278218.0#2300_279948.0#279948.0#2300_281597.0#281597.0#2300_283385.0#283385.0#2300 281706.0#281706.0#128_283705.0#283705.0#128
284000 288000 16.23001367179677 796.7539972656407 339.9779083579497 999.6750000000466 214.029296875 24964.66014684393 1205797.5531346072 2300.0 128.0 283385.0#283385.0#2300_285711.0#285711.0#2300_287458.0#287458.0#2300 283705.0#283705.0#128_285709.0#285709.0#128_287711.0#287711.0#128
288000 292000 15.194240234442987 796.9611519531114 340.33960309008006 998.0929999999935 210.508056640625 27811.085414892725 1190304.5075718001 2300.0 128.0 287458.0#287458.0#2300_289710.0#289710.0#2300_291110.0#291110.0#2300_291599.0#291599.0#2300 287711.0#287711.0#128_289707.0#289707.0#128_290707.0#290707.0#128_291202.0#291202.0#128
292000 296000 18.496783203212544 796.3006433593575 346.50825925621393 999.9159999999683 197.9052734375 24969.33428467571 1244923.3653301278 2300.0 128.0 291599.0#291599.0#2300_293209.0#293209.0#2300_295057.0#295057.0#2300 293208.0#293208.0#128_295206.0#295206.0#128
