ts te idle avg_span std_span max_span min_span c_ack_cnt c_ack_cnt_p c_bytes_all c_bytes_uniq s_ack_cnt s_ack_cnt_p s_bytes_all s_bytes_uniq avg_video_rate avg_audio_rate video_requests_sequence audio_requests_sequence
0 2000 2000.0 0.0 0.0 0.0 0.0 0.0 0.0 0.0 0.0 0.0 0.0 0.0 0.0 0.0 0.0 - -
2000 4000 2000.0 0.0 0.0 0.0 0.0 0.0 0.0 0.0 0.0 0.0 0.0 0.0 0.0 0.0 0.0 - -
4000 6000 2000.0 0.0 0.0 0.0 0.0 0.0 0.0 0.0 0.0 0.0 0.0 0.0 0.0 0.0 0.0 - -
6000 8000 1445.0720820312454 241.31497812500092 53.137939031887996 336.3620000000046 216.659912109375 204.10405967467943 197.1801386824392 6295.201840954833 6295.201840954833 233.34401413581034 11.462939072426048 323319.63508657337 323319.3592757124 4400.0 128.0 7782.0#7782.0#4400_7783.0#7783.0#4400 7781.0#7781.0#128_7781.0#7781.0#128
8000 10000 124.5550468750007 440.06943446180594 375.7860329865382 978.494999999999 14.260009765628638 1822.8251044322406 1807.7166246977802 13390.972126833332 13390.972126833332 2709.9079908791596 26.42147557432648 4127706.396261021 4127705.672071882 3800.0 128.0 7782.0#7782.0#4400_7783.0#7783.0#4400_8546.0#8546.0#4400_8856.0#8856.0#4400_9119.0#9119.0#4400_9694.0#9694.0#2300_9695.0#9695.0#2300 8552.0#8552.0#128_8882.0#8882.0#128_9139.0#9139.0#128_9705.0#9705.0#128
10000 12000 108.15192773437593 688.1072398437507 287.32225299878115 985.6949902343767 255.16809179687698 799.0708358930798 791.1032366197805 6660.826032211832 6660.826032211832 2333.74799498503 17.115585353247475 3342459.9686524053 3342459.9686524053 3350.0 128.0 9695.0#9695.0#2300_10072.0#10072.0#2300_10482.0#10482.0#4400_11095.0#11095.0#4400 10080.0#10080.0#128_10497.0#10497.0#128_11103.0#11103.0#128
12000 14000 132.8899199218722 589.9282500000008 465.7148031090667 981.4780000000028 0.0 288.0 284.0 3332.0 3332.0 1136.0 7.0 1824046.0 1824046.0 8000.0 128.0 12917.0#12917.0#8000_12918.0#12918.0#8000 12915.0#12915.0#128
14000 16000 995.5107441406217 454.2947011718764 258.83359260346884 737.4510000000082 229.881103515625 356.3936117963798 353.77659146976526 2194.1268710900426 2194.1268710900426 1165.7127540826814 5.925530489921764 2092362.6851552948 2092362.6851552948 8000.0 128.0 14413.0#14413.0#8000 14411.0#14411.0#128
16000 18000 953.5049863281238 243.97155000000058 215.7505889185561 515.2518964843766 0.0 477.69642972275153 473.9305886236131 3141.218843803761 3141.218843803761 1482.916898107613 6.297542128659186 2511047.769762099 2511047.769762099 8000.0 128.0 16416.0#16416.0#8000_17924.0#17924.0#8000 16414.0#16414.0#128_17918.0#17918.0#128
18000 20000 1578.002636718753 169.82285449218762 63.570390181234416 228.561279296875 80.0419921875 416.6043690192503 413.68881705744974 2431.5729527340127 2431.5729527340127 1211.9957987265645 4.859362294348694 1844367.3076532183 1844367.3076532183 8000.0 128.0 17924.0#17924.0#8000_19919.0#19919.0#8000 17918.0#17918.0#128_19918.0#19918.0#128
20000 22000 1197.0169765625033 342.9254360351533 174.48764454351837 586.166015625 215.77172070311644 768.083960005282 763.4931881210036 3831.1051079926447 3831.1051079926447 2335.7677355247033 8.695935630734116 3487622.5643200222 3487622.5643200222 8000.0 128.0 19919.0#19919.0#8000_21414.0#21414.0#8000 19918.0#19918.0#128_21413.0#21413.0#128
22000 24000 1380.302074218751 346.0939752604172 282.52895087872025 585.31494140625 34.38298437499907 400.6776107335762 397.72222992619663 2464.966070125014 2464.966070125014 1473.819323469369 5.910761614759071 2123286.55651425 2123286.55651425 8000.0 128.0 23416.0#23416.0#8000 23414.0#23414.0#128
24000 26000 960.3130039062453 442.10935286458454 488.9848894203707 989.7790000000023 49.322058593752445 336.54401872276003 333.38858480197143 2631.0101542545244 2631.0101542545244 1218.7874900890688 5.310867841577168 1891158.1165951155 1891158.1165951155 8000.0 128.0 24914.0#24914.0#8000 24913.0#24913.0#128
26000 28000 153.05102539063228 674.623666666664 459.36732004609706 979.125 146.23799999999756 399.0 396.0 2502.0 2502.0 1263.0 6.0 1892889.0 1892889.0 8000.0 128.0 26918.0#26918.0#8000 26916.0#26916.0#128
28000 30000 894.7259863281288 460.49663085937453 208.54577366468325 637.3150000000023 230.51489257811772 348.254677618096 345.7528065708576 2098.552969207876 2098.552969207876 1384.0261946613377 6.003742094476809 2066022.2520363273 2066022.2520363273 8000.0 128.0 28412.0#28412.0#8000 28411.0#28411.0#128
30000 32000 1065.7222324218747 403.0016640625011 248.77200915912266 688.107107421878 230.056884765625 480.0977251286852 476.8506976479626 2710.0284031116435 2710.0284031116435 1601.7314473372535 6.244422118791615 2401103.234015586 2401103.234015586 8000.0 128.0 30412.0#30412.0#8000_31923.0#31923.0#8000 30411.0#30411.0#128
32000 34000 1078.3206113281267 335.1535462239578 317.1850020523133 691.5241152343733 83.78125 366.08111751455215 362.5502838213893 2941.83565838327 2941.83565838327 1245.3279950762487 5.76473775050049 1857732.117402213 1857732.117402213 8000.0 128.0 31923.0#31923.0#8000_33915.0#33915.0#8000 32422.0#32422.0#128_33914.0#33914.0#128
34000 36000 1047.3412558593773 432.3898579101551 191.8739625982753 587.468994140625 190.94072656249773 642.5158406739974 638.013488347757 3758.482086225845 3758.482086225845 2291.479963517858 8.551267130959824 3562038.3407487758 3562038.3407487758 8000.0 128.0 33915.0#33915.0#8000_35413.0#35413.0#8000 33914.0#33914.0#128_35412.0#35412.0#128
36000 38000 1350.3001054687484 277.80523339843785 282.9976533216475 584.910888671875 11.504039062499942 315.1194141668765 312.0049681473289 2597.2212536082675 2597.2212536082675 1274.3997050764215 6.228892039095121 1963014.9535583819 1963014.9535583819 8000.0 128.0 35413.0#35413.0#8000_37417.0#37417.0#8000 37414.0#37414.0#128
38000 40000 985.4535234374998 426.38637044270826 494.42025169296846 981.0360000000001 31.911111328125116 382.9312248977926 379.8277554647046 2587.8796294630993 2587.8796294630993 1271.0346943308807 5.206938866176142 1974276.102238717 1974276.102238717 8000.0 128.0 38918.0#38918.0#8000 38917.0#38917.0#128
40000 42000 189.15290820312657 630.6606666666654 506.6596265041562 961.7779999999984 47.400000000001455 412.0 409.0 2502.0 2502.0 1100.0 6.0 2018256.0 2018256.0 8000.0 128.0 40915.0#40915.0#8000 40912.0#40912.0#128
42000 44000 145.13128515626158 651.5659999999916 507.5769659233962 975.0859999999884 66.5619999999908 410.0 407.0 2502.0 2502.0 1255.0 6.0 1914807.0 1914807.0 8000.0 128.0 42915.0#42915.0#8000 42913.0#42913.0#128
44000 46000 166.12195117188094 646.3599999999957 505.13631276814584 981.2029999999941 65.3289999999979 410.0 407.0 2502.0 2502.0 1227.0 6.0 1881945.0 1881945.0 8000.0 128.0 44919.0#44919.0#8000 44917.0#44917.0#128
46000 48000 1115.2920996093744 395.82763346353994 226.3380293937782 653.8600000000006 230.847900390625 422.26935424804685 419.76751098632815 2098.5299072265625 2098.5299072265625 1319.5239624023438 6.0036865234375 2084530.6918518066 2084530.6918518066 8000.0 128.0 46414.0#46414.0#8000 46410.0#46410.0#128
48000 50000 867.5128906250029 468.842382812499 229.68997561513902 689.152099609375 230.800048828125 382.23947823277024 379.2405185416874 2501.136543598728 2501.136543598728 1156.7360745076755 5.997919382165611 1907071.2765547247 1907071.2765547247 8000.0 128.0 48414.0#48414.0#8000 48413.0#48413.0#128
50000 52000 901.4249218750047 458.76299153645715 230.17426759784166 690.9199511718762 230.6240234375 459.2194409148273 456.22253087861367 2499.435330057324 2499.435330057324 1319.2148059691478 5.993820072427286 2034156.8296589723 2034156.8296589723 8000.0 128.0 50412.0#50412.0#8000 50412.0#50412.0#128
52000 54000 96.34271093750431 545.8850595703116 285.23651277207387 860.9550000000017 229.59326171875 409.795495324891 405.72592407733794 2559.7441354690736 2559.7441354690736 1349.6162100779366 5.855500376822052 1987440.2875998537 1987440.2875998537 8000.0 128.0 52415.0#52415.0#8000 52413.0#52413.0#128
54000 56000 0.0 609.059657226564 294.01038756800136 937.1330000000016 229.212890625 368.83588828248304 364.5312411184476 3596.8571461493743 3596.8571461493743 1211.0642267492349 7.456970746053085 1912681.5786880166 1912681.5786880166 8000.0 128.0 54417.0#54417.0#8000_55930.0#55930.0#8000 54415.0#54415.0#128_55928.0#55928.0#128
56000 58000 1286.4587988281128 169.01162500000208 102.4931963825985 296.54610937500547 51.919999999998254 369.72335381763645 367.2898708840769 2021.8722581871812 2021.8722581871812 1356.5298905713073 4.736950372533936 2231891.1909796065 2231891.1909796065 8000.0 128.0 55930.0#55930.0#8000_57920.0#57920.0#8000 55928.0#55928.0#128_57917.0#57917.0#128
58000 60000 1394.19792382812 169.96244726562583 146.9949807547596 379.3020761718799 0.0 319.82599983670184 316.87165094144467 2464.6041663865594 2464.6041663865594 1228.760067367041 4.952130981350264 2154520.590948858 2154520.590948858 8000.0 128.0 57920.0#57920.0#8000_59932.0#59932.0#8000 57917.0#57917.0#128_59927.0#59927.0#128
60000 62000 1522.099978515631 206.47173925780953 46.6534005103799 247.24474804686906 141.033935546875 311.1925626426938 307.89479692608523 2749.8681596032975 2749.8681596032975 1144.6618525659244 5.476757525670852 2088365.8363521886 2088365.8363521886 8000.0 128.0 59932.0#59932.0#8000_61858.0#61858.0#8000 59927.0#59927.0#128_61855.0#61855.0#128
62000 64000 1400.5988183593727 202.50300390625125 128.29109326167475 372.0310644531273 81.610107421875 286.70197467922964 284.0044528365689 2249.6900107438123 2249.6900107438123 1097.6827817028882 4.49406948630005 1766932.9420587465 1766932.9420587465 8000.0 128.0 61858.0#61858.0#8000_63918.0#63918.0#8000 61855.0#61855.0#128_63915.0#63915.0#128
64000 66000 1373.1790214843786 224.4457358398431 131.72322778721554 397.1578925781214 79.05908203125 293.1844369241079 290.1839153439469 2502.3241384325634 2502.3241384325634 1282.660268632763 4.996250157697565 2019661.0108318143 2019661.0108318143 8000.0 128.0 63918.0#63918.0#8000_65920.0#65920.0#8000 63915.0#63915.0#128_65919.0#65919.0#128
66000 68000 1005.7661875000049 425.1289316406219 172.02672807136636 583.44189453125 190.12791406249744 660.4840126050946 655.8451854722488 3872.2897905536483 3872.2897905536483 2287.4938544707024 8.82474337893487 3472658.416364749 3472658.416364749 8000.0 128.0 65920.0#65920.0#8000_67419.0#67419.0#8000 65919.0#65919.0#128_67416.0#67416.0#128
68000 70000 1389.960781250018 368.84840624999197 294.0691935117589 577.5161132812354 32.52310546874651 345.90264342788004 342.9012694401828 2503.1404097887194 2503.1404097887194 1259.5968338345476 6.002747975394504 1982267.4399801749 1982267.4399801749 8000.0 128.0 69425.0#69425.0#8000 69421.0#69421.0#128
70000 72000 1382.826017578118 365.12399414062384 293.64523978981896 585.423095703125 31.7508867187571 336.1016364650768 333.14704498263075 2464.3109304302425 2464.3109304302425 1323.5887332964853 5.909182964892151 1982383.5706885692 1982383.5706885692 8000.0 128.0 71415.0#71415.0#8000 71414.0#71414.0#128
72000 74000 1372.424208984361 310.3333085937532 261.2576694556194 569.822021484375 47.34190429687442 282.1327376020071 279.23084461785044 2420.3234348060214 2420.3234348060214 1126.5361762618195 5.803785968313313 1677412.0512424815 1677412.0512424815 8000.0 128.0 73429.0#73429.0#8000 73418.0#73418.0#128
74000 76000 1333.6711289062514 403.4946236979158 280.43893629180565 585.764892578125 80.5639785156236 329.0756036062206 325.9329886923281 2620.618120574836 2620.618120574836 1540.388117419184 6.285229827785139 2255504.9246176523 2255504.9246176523 8000.0 128.0 75414.0#75414.0#8000 75413.0#75413.0#128
76000 78000 1384.9679570312437 328.2436809895832 277.3513307359063 582.533935546875 32.498107421881286 303.8419891731161 300.89465944874405 2458.2836712287854 2458.2836712287854 1182.8158791935234 5.894659448744061 1711455.923831909 1711455.923831909 8000.0 128.0 77421.0#77421.0#8000 77416.0#77416.0#128
78000 80000 997.1845390624949 427.3776881510421 468.8750321488587 952.2360000000044 49.8980644531257 346.47339221721666 343.31559481147775 2632.97184676327 2632.97184676327 1393.1302649774748 5.31559481147776 2033473.4377498755 2033473.4377498755 8000.0 128.0 78921.0#78921.0#8000 78920.0#78920.0#128
80000 82000 1415.1059570312354 331.89003320313714 268.7755254051666 584.8940429687646 0.0 378.66002788656783 374.78461106569875 3482.951701660737 3482.951701660737 1273.3443804367364 7.750833641738213 2139545.294683108 2139545.294683108 8000.0 128.0 81415.0#81415.0#8000 81414.0#81414.0#128
82000 84000 834.723824218745 386.57296679687715 398.03693974993564 962.2229999999981 61.77795703125594 326.33997211343217 322.21538893430125 3658.048298339263 3658.048298339263 1235.6556195632636 7.249166358261786 1832661.7053168914 1832661.7053168914 8000.0 128.0 82920.0#82920.0#8000 82919.0#82919.0#128
84000 86000 65.85791015623545 722.8140865885458 221.06745733922997 882.835000000021 470.5659999999916 402.82750412748095 399.885002751654 2454.851128178124 2454.851128178124 1412.5625343956744 6.827504127480942 2036830.919150043 2036830.919150043 8000.0 128.0 84918.0#84918.0#8000 84916.0#84916.0#128
86000 88000 997.2212714843918 510.8229350585898 427.9872549340402 950.8680000000022 49.722740234356024 272.17249587251905 268.114997248346 2549.148871821876 2549.148871821876 1122.4374656043256 6.172495872519059 1851029.080849957 1851029.080849957 8000.0 128.0 86919.0#86919.0#8000 86917.0#86917.0#128
88000 90000 46.447021484375 662.7119850260351 347.8256568212651 892.7599999999802 262.5720000000001 382.1254878409485 379.1983638542028 2442.241669131482 2442.241669131482 1260.3967277084057 6.781371960237131 1867518.3707579207 1867518.3707579207 8000.0 128.0 88920.0#88920.0#8000 88916.0#88916.0#128
90000 92000 955.9399902343721 436.8443483072915 477.6398409922924 975.6589999999997 65.46204492187826 377.8745121590515 374.8016361457972 2561.758330868518 2561.758330868518 1189.6032722915943 5.218628039762869 1854128.6292420793 1854128.6292420793 8000.0 128.0 90916.0#90916.0#8000 90912.0#90912.0#128
92000 94000 1140.8280761718925 377.86330794270424 218.68144667065158 629.0749999999825 230.096923828125 341.98977633326024 339.49148027771685 2095.5857261009987 2095.5857261009987 1393.4880723888036 5.996592111086745 2171429.5028021154 2171429.5028021154 8000.0 128.0 92417.0#92417.0#8000 92416.0#92416.0#128
94000 96000 798.2271875000151 492.9447265624961 238.1995319836089 693.4380761718785 229.631103515625 345.82463099085777 342.50851972228315 2756.2282796757754 2756.2282796757754 1260.1407422594325 6.632222537149291 1956373.4971978848 1956373.4971978848 8000.0 128.0 94416.0#94416.0#8000 94413.0#94413.0#128
96000 98000 1766.2848496094084 116.8575751952958 91.2559183814645 181.38525390623545 52.32989648435614 2.1350075234438424 1.2996098983745732 685.0260525568006 685.0260525568006 2.970405148513111 1.670795250138538 1896.7806466776897 1896.7806466776897 0.0 0.0 - -
98000 100000 1758.2462773437437 120.87686132812814 32.70243738232698 144.0009765625 97.75274609375629 2.1726036544172396 1.2613993526149765 747.1875274778558 747.1875274778558 3.083807956219503 1.8224086036045262 2659.805356960806 2659.805356960806 0.0 0.0 - -
100000 102000 1343.4068671874993 235.14245468750306 191.99677637573555 543.912109375 85.22607421876455 851.3425720376244 846.4960864454396 4320.131692236163 4320.131692236163 1714.8620488997615 7.817737106429869 2908957.401959574 2621696.4770684056 8000.0 128.0 101471.0#101471.0#8000_101698.0#101698.0#8000_101866.0#101866.0#8000 101913.0#101913.0#128
102000 104000 834.3442089843738 293.1770903320303 176.95549975485068 507.4999042968848 8.794999999983702 1338.0376119231837 1328.082814159337 9091.318794181438 9091.318794181438 3349.9664537036792 17.21931698552226 5457238.992960883 5176066.9178520525 8000.0 128.0 101698.0#101698.0#8000_101866.0#101866.0#8000_102473.0#102473.0#8000_103900.0#103900.0#8000 101913.0#101913.0#128_102078.0#102078.0#128_102297.0#102297.0#128_102483.0#102483.0#128_103897.0#103897.0#128
104000 106000 1442.2111210937437 244.65566471354396 76.54918191717408 327.2979121093813 176.17811523437558 378.5345025814896 376.14650232911487 1994.2661725070877 1994.2661725070877 1257.8631301264143 4.091415505061817 1883250.144445044 1883250.144445044 8000.0 128.0 103900.0#103900.0#8000_105916.0#105916.0#8000 103897.0#103897.0#128
106000 108000 270.3090859375079 461.1290327148454 363.9111604962795 843.1779999999999 80.4541015625 347.21923938789723 342.847602595702 2809.389644168511 2809.389644168511 1180.9928083752952 6.512917965229043 1833395.6877060435 1833395.6877060435 8000.0 128.0 105916.0#105916.0#8000_107918.0#107918.0#8000 106411.0#106411.0#128_107915.0#107915.0#128
108000 110000 1351.6511894531286 298.93860481770145 104.58628392455793 419.1888984374964 229.159912109375 312.4081274604698 309.64203314784623 2305.9260013935364 2305.9260013935364 1103.2888187124572 4.568629882099899 1717642.87337004 1717642.87337004 8000.0 128.0 107918.0#107918.0#8000 107915.0#107915.0#128
110000 112000 1258.177037109388 273.43253222655767 177.2128138415302 502.93599999998696 75.01708984375 423.6819739284338 420.3285942985121 2797.134127381883 2797.134127381883 1389.8858114093332 5.606279217670364 2249274.9286374976 2249274.9286374976 8000.0 128.0 110009.0#110009.0#8000_111924.0#111924.0#8000 110008.0#110008.0#128_111919.0#111919.0#128
112000 114000 1353.2061035156366 229.8454702148374 139.84455783002954 417.15791015623836 81.158935546875 328.2435033541656 325.2601003396257 2488.006704282372 2488.006704282372 1217.702372750216 4.966029614069626 1941733.2666232698 1941733.2666232698 8000.0 128.0 111924.0#111924.0#8000_113918.0#113918.0#8000 111919.0#111919.0#128_113915.0#113915.0#128
114000 116000 1247.0200410156394 262.0877465820304 181.9262550231153 523.2880644531106 103.864013671875 388.16413320156 385.00179743033493 2637.6411387377093 2637.6411387377093 1282.061361113062 5.281105682710692 2121611.082422178 2121611.082422178 8000.0 128.0 113918.0#113918.0#8000_115895.0#115895.0#8000 113915.0#113915.0#128_115893.0#115893.0#128
116000 118000 1378.8049394531117 214.6763642578153 133.55715315768427 391.96898632813827 77.123291015625 309.70634124492074 306.7910750399023 2432.4078917139504 2432.4078917139504 1040.6772604149826 4.903605205386342 1543834.576096357 1543834.576096357 8000.0 128.0 115895.0#115895.0#8000_117922.0#117922.0#8000 115893.0#115893.0#128_117920.0#117920.0#128
118000 120000 823.056779296865 351.33114111328905 383.26680142395 916.8960000000079 65.6279296875 409.0844512541388 405.23022694466556 3209.6351446648014 3209.6351446648014 1511.3024286573743 5.224210122626932 2308113.254863374 2308112.254863374 8000.0 128.0 117922.0#117922.0#8000_119933.0#119933.0#8000 117920.0#117920.0#128_119932.0#119932.0#128
120000 122000 1416.0819746093766 184.49998486327968 135.4766839111417 353.36407031249837 51.24499999999534 379.1086304298582 376.9022019310354 1843.6206026536827 1843.6206026536827 1333.432084641705 4.821515607848872 2033061.9807312845 2033061.9807312845 8000.0 128.0 119933.0#119933.0#8000_121896.0#121896.0#8000 119932.0#119932.0#128_121895.0#121895.0#128
122000 124000 1532.7199140625016 313.3045654296875 217.75426937560277 467.28008593749837 159.32904492187663 282.3468946942788 280.70995608749456 1368.4945002674347 1368.4945002674347 873.2823934427503 2.865218603365183 1599984.2241808155 1599984.2241808155 8000.0 128.0 121896.0#121896.0#8000 121895.0#121895.0#128
124000 126000 520.5510878906352 736.1633040364541 260.26264462953156 999.9139999999898 479.534912109375 829.0086117970731 823.0961800111595 4932.1940644491215 4932.1940644491215 2538.565313599726 10.824863571827127 3880052.556330831 3880052.556330831 8000.0 128.0 124707.0#124707.0#8000_125107.0#125107.0#8000 124706.0#124706.0#128_125151.0#125151.0#128
126000 128000 989.9909804687486 428.526029296879 476.23660990046267 961.9320000000007 46.0220878906257 442.99138820292694 439.9038199888405 2573.8059355508785 2573.8059355508785 1244.4346864002741 5.175136428172874 2000557.4436691694 2000556.4436691694 8000.0 128.0 126923.0#126923.0#8000 126921.0#126921.0#128
128000 130000 207.58665234374348 654.2856666666727 437.2575621499667 923.6570000000065 149.77100000000792 410.0 407.0 2502.0 2502.0 1235.0 6.0 1893674.0 1893674.0 8000.0 128.0 128915.0#128915.0#8000 128913.0#128913.0#128
130000 132000 131.52813281249837 641.6520000000019 525.5385198184783 962.8830000000016 35.16800000000512 350.0 347.0 2502.0 2502.0 1187.0 6.0 1980473.0 1980473.0 8000.0 128.0 130921.0#130921.0#8000 130916.0#130916.0#128
132000 134000 151.51086328126257 633.2290000000017 520.688776171522 974.4739999999874 33.91000000000349 405.0 402.0 2502.0 2502.0 1335.0 6.0 1990320.0 1990320.0 8000.0 128.0 132918.0#132918.0#8000 132913.0#132913.0#128
134000 136000 158.78141406251234 665.6440000000002 462.8055031122657 967.7429999999877 132.83400000000256 437.0 434.0 2502.0 2502.0 1226.0 6.0 1919743.0 1919743.0 8000.0 128.0 134922.0#134922.0#8000 134919.0#134919.0#128
136000 138000 153.7431503906264 481.067008300779 474.70209943028897 895.2609999999986 56.28599999999278 407.4001029133269 404.29100732635754 2593.640293054301 2593.640293054301 1345.8364852612046 6.327286760908217 2038997.6585502226 2038997.6585502226 8000.0 128.0 136914.0#136914.0#8000 136912.0#136912.0#128
138000 140000 849.4898476562521 472.4240208333358 228.7946891099967 685.0199667968845 230.298095703125 360.2687117742704 357.5434000174411 2274.573728860603 2274.573728860603 1231.6667367701914 6.341527926689109 1981077.307671638 1981077.307671638 8000.0 128.0 138417.0#138417.0#8000 138416.0#138416.0#128
140000 142000 996.3961855468806 425.89730143228854 473.4215186786688 956.1669999999867 45.70390429688268 371.3311853124027 368.16559265620134 2637.7859780850963 2637.7859780850963 1148.496777968604 5.331185312402674 1895269.0337781394 1895269.0337781394 8000.0 128.0 140922.0#140922.0#8000 140920.0#140920.0#128
142000 144000 1095.8040019531327 394.33997526041156 225.0300012082256 650.8729999999923 230.27392578125 349.27944202896225 346.77663802620395 2099.327322289397 2099.327322289397 1114.0336480330998 6.00560800551662 1877087.4710914027 1877087.4710914027 8000.0 128.0 142418.0#142418.0#8000 142415.0#142415.0#128
144000 146000 728.9698750000098 513.0197311197893 247.43513623418733 685.6850742187526 229.547119140625 347.72306095889064 344.72461346772246 2500.7114176695436 2500.7114176695436 1282.4701064486794 5.99689498233625 2221586.6017095014 2221586.6017095014 8000.0 128.0 144417.0#144417.0#8000 144415.0#144415.0#128
146000 148000 47.582826171885245 444.6211964843736 314.3569108641579 715.4519999999902 2.138999999995576 267.5047090435498 263.5051592006536 2501.626369603746 2501.626369603746 1111.504258886446 5.999099685792158 1653671.2374720727 1653671.2374720727 8000.0 128.0 146417.0#146417.0#8000 146414.0#146414.0#128
148000 150000 919.5872421874956 449.2176393229165 228.71956626347975 685.3968984374951 228.77001953125 291.6932772672234 288.6987939089387 2497.4211873763215 2497.4211873763215 950.1830453206153 5.9889667165694505 1599695.5428424005 1599695.5428424005 8000.0 128.0 148417.0#148417.0#8000 148415.0#148415.0#128
150000 152000 891.6251640625123 462.6866341145748 232.30103690118509 695.0219804687367 230.419921875 344.5950021777613 341.58633109231306 2509.1970009219863 2509.1970009219863 1161.108388568102 6.0173421708963515 1898860.2943616274 1898860.2943616274 8000.0 128.0 150414.0#150414.0#8000 150414.0#150414.0#128
152000 154000 867.3030019531143 377.3707656250044 255.73927633547729 684.025078125007 113.26708984375 528.7050107150767 524.6883357619273 3349.2497908084715 3349.2497908084715 1706.2734444298947 7.415100360047545 2726421.9009326827 2726421.9009326827 8000.0 128.0 152420.0#152420.0#8000_153886.0#153886.0#8000 152416.0#152416.0#128_153885.0#153885.0#128
154000 156000 1484.258123046864 186.78073046875215 87.84779356526613 285.37591015626094 89.012939453125 370.39190276072844 367.64713453716627 2290.7951571296985 2290.7951571296985 1484.3768050109638 4.629626087533855 2304461.1091658934 2304461.1091658934 8000.0 128.0 153886.0#153886.0#8000_155898.0#155898.0#8000 153885.0#153885.0#128_155910.0#155910.0#128
156000 158000 1517.9566660156124 191.9363354492234 73.38138254525433 251.41003320313757 86.720947265625 237.3415550139111 234.33921520125577 2501.9819125545564 2501.9819125545564 913.1624370240332 4.935927617779729 1403861.2403018696 1403861.2403018696 8000.0 128.0 155898.0#155898.0#8000_157912.0#157912.0#8000 155910.0#155910.0#128_157910.0#157910.0#128
158000 160000 1356.8248437500151 228.69352636718395 137.77508642843773 411.91905273438897 80.53125 283.1958604705056 280.2120294381167 2488.3335654818816 2488.3335654818816 1195.8815117301265 4.96548857354627 1943302.6234710566 1943302.6234710566 8000.0 128.0 157912.0#157912.0#8000_159918.0#159918.0#8000 157910.0#157910.0#128_159916.0#159916.0#128
160000 162000 1325.499271484412 239.66039550780988 147.935793223338 444.4477499999921 94.23095703125 305.2295698593861 302.08390560423766 2623.5878028336383 2623.5878028336383 1300.7602966157456 5.247099343573922 2022126.6902486421 2022126.6902486421 8000.0 128.0 159918.0#159918.0#8000_161905.0#161905.0#8000 159916.0#159916.0#128_161897.0#161897.0#128
162000 164000 1059.7929003905738 381.42378027345694 178.2034733859248 587.0080566406541 157.68902148440247 681.8161384238351 677.3182667373287 3754.7062408225925 3754.7062408225925 2248.8299854758357 8.589057944339977 3469617.2825488388 3469617.2825488388 8000.0 128.0 161905.0#161905.0#8000_163415.0#163415.0#8000 161897.0#161897.0#128_163412.0#163412.0#128
164000 166000 1382.9697499999602 335.59112695313524 251.74131138299 584.5393066406541 32.49094335938571 349.74745788262743 345.7533689856104 3674.043109487543 3674.043109487543 1213.5939773754078 7.98817779403405 2014101.1540400484 2014101.1540400484 8000.0 128.0 165416.0#165416.0#8000 165414.0#165414.0#128
166000 168000 1269.3670019531273 293.5332656249986 182.02779718051445 543.3070000000007 129.05374218750512 359.27809840805776 355.3335980455357 3481.649025894866 3481.649025894866 1276.156875095071 7.889000725044166 1988459.2390541784 1988459.2390541784 8000.0 128.0 167415.0#167415.0#8000 167411.0#167411.0#128
168000 170000 1370.380857421842 369.9117141927127 285.3126202596849 583.6860351562791 45.93310742187896 946.3821702451249 943.3173874981173 2554.106630051354 2554.106630051354 1185.3961918673888 6.129565494015186 2008761.0700560708 2008761.0700560708 8000.0 128.0 169416.0#169416.0#8000 169415.0#169415.0#128
170000 172000 1386.9010488281492 344.9403170572962 283.25212139422575 581.885986328125 31.212964843725786 447.7237063197005 444.76881969386164 2464.5558994462986 2464.5558994462986 1347.729354070283 5.909773251677827 1899180.4332592278 1899180.4332592278 8000.0 128.0 171419.0#171419.0#8000 171417.0#171417.0#128
172000 174000 1369.67707421878 399.3433085937383 306.0836166104704 584.2849121093459 46.03801367187407 351.4544795784625 348.50169983943385 2462.807183393795 2462.807183393795 1199.1164754905617 5.905559478057338 1943542.1648495842 1943542.1648495842 8000.0 128.0 173416.0#173416.0#8000 173414.0#173414.0#128
174000 176000 981.2618828124832 440.43769596356043 460.5542296687877 953.4960000000428 62.71208789062803 426.93855884619654 423.7447029615769 2662.9003842343113 2662.9003842343113 1339.4231985577458 5.387711769239305 1969396.9445949032 1969396.9445949032 8000.0 128.0 174917.0#174917.0#8000 174914.0#174914.0#128
176000 178000 1415.8391113280668 388.77596028647775 336.69133398158965 584.1608886719332 0.0 316.71862948120383 313.606076127857 2584.8186754193225 1943.9486006160655 1043.2538987651672 5.443557834982396 1583091.4903981832 1583089.9409425731 8000.0 128.0 177417.0#177417.0#8000 177415.0#177415.0#128
178000 180000 874.8983125000086 387.88627978515433 376.5126668560259 948.6749999999884 163.27911132812733 478.2813705187961 474.393923872143 3239.1813245806775 3060.0513993839345 1465.7461012348328 6.556442165017603 2350066.509601817 2350066.0590574266 8000.0 128.0 177417.0#177417.0#8000_178916.0#178916.0#8000 178913.0#178913.0#128
180000 182000 1769.623046875 116.89534505208333 115.22640900814278 230.376953125 0.0 81.69825185023662 80.32949490604373 1139.0770751566772 1139.0770751566772 303.4007595587692 2.1785025611469977 464166.2649717574 464166.2649717574 8000.0 128.0 181879.0#181879.0#8000 181879.0#181879.0#128
182000 184000 645.2990703124669 450.9277412109441 368.9226592594294 993.4960000000137 181.7380468749907 604.3017481497634 599.6705050939563 3864.922924843323 3864.922924843323 2140.599240441231 7.821497438853003 3560716.7350282427 3560716.7350282427 8000.0 128.0 181879.0#181879.0#8000_182915.0#182915.0#8000 181879.0#181879.0#128_182913.0#182913.0#128
184000 186000 172.517154296831 618.0403333333574 530.6344596747667 957.4660000000149 6.552000000025146 287.0 284.0 2502.0 2502.0 1125.0 6.0 1679913.0 1679913.0 8000.0 128.0 184916.0#184916.0#8000 184914.0#184914.0#128
186000 188000 148.75532617187127 627.0006666666692 537.971657477763 963.0540000000037 6.519999999960419 456.0 453.0 2502.0 2502.0 1233.0 6.0 2018459.0 2018459.0 8000.0 128.0 186917.0#186917.0#8000 186916.0#186916.0#128
188000 190000 156.58491406249232 643.472333333329 503.18156973634996 973.7520000000077 64.35399999999208 294.0 291.0 2502.0 2502.0 1357.0 6.0 1995680.0 1995680.0 8000.0 128.0 188913.0#188913.0#8000 188912.0#188912.0#128
190000 192000 526.716998046817 576.5503274739798 319.21158500790494 858.8559999999998 230.1569824219332 370.2827128621851 367.77959735150085 2099.585873867968 2099.585873867968 1248.7858283728694 6.006231021368598 2044618.0877402395 2044617.0877402395 8000.0 128.0 190412.0#190412.0#8000 190411.0#190411.0#128
192000 194000 804.2662304687838 488.10103450519574 233.0727927418587 684.7700175780919 230.6630859375 313.10950235016077 310.03150738699543 2566.7358194272215 2566.7358194272215 1157.187497313326 5.865434689405841 1952929.2475551332 1952929.2475551332 8000.0 128.0 192415.0#192415.0#8000 192412.0#192412.0#128
194000 196000 759.1733320312633 346.338717773433 283.0316239650114 591.2919999999867 0.0 328.2670373492858 325.01852154231955 2699.971856973783 2699.971856973783 1151.515553156252 5.787586850857201 1997693.536434363 1997693.536434363 8000.0 128.0 194418.0#194418.0#8000 194417.0#194417.0#128
196000 198000 1722.6478417968028 121.87837239586709 95.79227910527109 229.9431152344041 47.409042968793074 36.9394302415871 35.89579104687102 860.4785910744772 860.4785910744772 136.00768572675847 2.087278389432148 206821.8041928755 206821.8041928755 8000.0 0.0 197911.0#197911.0#8000 -
198000 200000 1068.8078554687672 287.8664843749866 281.7166135647428 701.5610410156369 96.305908203125 348.08761528828245 344.9384845262243 2632.024321144668 2632.024321144668 1285.8200748008296 5.879046125668206 1996574.8092215995 1996574.2060407603 8000.0 128.0 197911.0#197911.0#8000_199903.0#199903.0#8000 198409.0#198409.0#128_199901.0#199901.0#128
200000 202000 1342.737792968721 266.2775478515832 142.6750814205021 427.194091796875 89.7150878906541 405.7753181303498 402.6817083693588 2580.1847412891407 2580.1847412891407 1267.2396843253675 5.160774627593494 2055379.4242811732 2055378.0274620124 8000.0 128.0 199903.0#199903.0#8000_201910.0#201910.0#8000 199901.0#199901.0#128_201909.0#201909.0#128
202000 204000 1106.8781660156383 363.22168359375064 145.91988682926348 581.0859375 276.05100000000675 675.1507566190746 670.4125506130098 3953.8689720835655 3953.8689720835655 2090.449275013214 8.922072304966509 3249135.193363547 3249135.193363547 8000.0 128.0 201910.0#201910.0#8000_203418.0#203418.0#8000 203416.0#203416.0#128
204000 206000 984.1709785155836 493.1296875000019 462.1664198567785 968.7330000000075 45.68806250000489 422.3876271590743 419.24183916372033 2623.1498241391755 2623.1498241391755 1370.994401291383 5.2915759907080036 2313181.8972110692 2313180.8972110692 8000.0 128.0 204916.0#204916.0#8000 204914.0#204914.0#128
206000 208000 146.94108984374907 655.4196666666734 567.8197277326126 998.5579999999609 0.0 462.0 459.0 2502.0 2502.0 1351.0 5.0 2015718.0 2015718.0 8000.0 128.0 206915.0#206915.0#8000 206913.0#206913.0#128
208000 210000 972.9093437500123 432.33341927083285 208.67443297613792 647.0180000000109 230.2392578125 289.18423141437205 286.71293764942914 2073.1738249026166 2073.1738249026166 1160.3624658267292 5.942587529885824 1976859.593704231 1976859.593704231 8000.0 128.0 208421.0#208421.0#8000 208420.0#208420.0#128
210000 212000 902.2784023437416 376.0509433593834 290.6930692839596 746.812742187496 77.8701171875 445.24659156524956 441.58983014205774 3049.644548683549 3049.644548683549 1351.870616763884 6.85501889541394 2209757.093252663 2209757.093252663 8000.0 128.0 210417.0#210417.0#8000_211921.0#211921.0#8000 210417.0#210417.0#128_211919.0#211919.0#128
212000 214000 504.17621679682634 373.90677031252415 343.65280310171795 974.6260000000184 103.15698242193321 267.1716075103337 263.1181197102377 2545.252573402905 2545.252573402905 1118.234275577097 5.032635838611296 1803126.89992081 1803126.89992081 8000.0 128.0 211921.0#211921.0#8000_213896.0#213896.0#8000 211919.0#211919.0#128_213894.0#213894.0#128
214000 216000 981.9700371093932 330.36623583982873 309.557915648068 787.2360175781068 101.7028808593459 349.93207212630324 346.8194363394433 2595.944044734871 2595.944044734871 1278.865891466793 5.187967915335068 2059957.9281508964 2059957.9281508964 8000.0 128.0 213896.0#213896.0#8000_215898.0#215898.0#8000 213894.0#213894.0#128_215897.0#215897.0#128
216000 218000 1210.7299863281369 268.1100151367136 200.25107471476286 559.2031191406131 109.1669921875 474.60690000717113 472.0552162619206 2130.0348016887615 2130.0348016887615 1263.114738745113 4.333246164994558 2056792.4978476495 2056792.157578953 8000.0 128.0 215898.0#215898.0#8000_217890.0#217890.0#8000 215897.0#215897.0#128_217888.0#217888.0#128
218000 220000 863.12196484374 540.5375351562543 64.74284094425956 585.72802734375 446.06610546875163 605.3248717468471 600.3101638698905 4184.223636344548 4184.223636344548 2152.8788563879584 9.369684450355102 3629719.68297545 3629719.0232441463 8000.0 128.0 217890.0#217890.0#8000_219416.0#219416.0#8000 217888.0#217888.0#128_219413.0#219413.0#128
220000 222000 1371.977121093747 297.3149780273452 201.49968383710691 484.33600000001024 43.89397265625303 409.9133817016384 405.75658107196807 3786.1819458244263 3786.1819458244263 1230.3977253223193 7.64114425035125 1852946.0053994034 1852946.0053994034 8000.0 128.0 221417.0#221417.0#8000 221415.0#221415.0#128
222000 224000 1303.534843750007 388.477052083336 246.5014632921348 584.673095703125 111.79206054686802 395.4232112271138 391.5494124996249 3380.2155206177918 3380.2155206177918 1316.5885611041924 7.420054463967347 1936232.6726746627 1936232.6726746627 8000.0 128.0 223417.0#223417.0#8000 223414.0#223414.0#128
224000 226000 1017.8581562499458 416.4516347656415 474.78686294172917 947.7330000000366 33.645904296892695 471.1971327009709 468.0883024554281 2592.329103800531 2592.329103800531 1460.6868688059135 5.217660491085615 2134398.626074234 2134398.626074234 8000.0 128.0 224916.0#224916.0#8000 224915.0#224915.0#128
226000 228000 161.83482617186382 649.03866666666 485.34812795387364 950.2869999999821 89.1469999999972 903.0 900.0 2502.0 2502.0 1084.0 6.0 1883674.0 1883674.0 8000.0 128.0 226916.0#226916.0#8000 226914.0#226914.0#128
228000 230000 166.97801171874744 628.3873333333273 519.061732857798 949.3340000000026 29.54199999998673 439.0 436.0 2502.0 2502.0 1256.0 6.0 1903725.0 1903725.0 8000.0 128.0 228915.0#228915.0#8000 228913.0#228913.0#128
230000 232000 154.23495703123626 649.9046666666885 488.38541170918137 951.3710000000428 86.42600000000675 423.0 420.0 2502.0 2502.0 1377.0 6.0 2046042.0 2046042.0 8000.0 128.0 230922.0#230922.0#8000 230918.0#230918.0#128
232000 234000 154.72134179688874 631.9960000000041 520.1439753750956 955.6289999999863 32.005999999993946 382.0 379.0 2502.0 2502.0 1415.0 6.0 2019747.0 2019747.0 8000.0 128.0 232920.0#232920.0#8000 232917.0#232917.0#128
234000 236000 154.20602929685265 668.1320000000027 460.0060289528647 956.4489999999932 137.63100000002305 421.0 418.0 2502.0 2502.0 1337.0 6.0 1999892.0 1999892.0 8000.0 128.0 234917.0#234917.0#8000 234916.0#234916.0#128
236000 238000 748.7551015624485 560.8126263020871 299.9524874937027 814.8379999999888 229.9008789062791 308.73874970728485 306.2462499024283 2091.2673378358163 2091.2673378358163 1091.2312495121414 5.984999609713157 1641670.572215676 1641670.572215676 8000.0 128.0 236414.0#236414.0#8000 236412.0#236412.0#128
238000 240000 342.54287890624255 589.374707031248 433.0140435381703 953.75 110.66699999998673 337.26125029271515 333.7537500975717 2912.7326621641837 2912.7326621641837 1050.7687504878586 6.015000390286843 1661437.427784324 1661437.427784324 8000.0 128.0 238412.0#238412.0#8000 238912.0#238912.0#128
240000 242000 896.3651562500163 490.5843216145683 259.85509215569397 749.7689999999711 230.06396484375 341.2552033609024 338.77745760082036 2078.528980868089 2078.528980868089 1235.4495677611076 5.95549152016407 1771010.1297328211 1771010.1297328211 8000.0 128.0 240411.0#240411.0#8000 240410.0#240410.0#128
242000 244000 1091.5751015624846 613.9065175781434 168.50710634988727 733.0590351562714 494.75400000001537 370.7447966390976 368.22254239917964 2105.471019131911 2105.471019131911 1386.5504322388924 5.04450847983593 2069220.8702671789 2069220.8702671789 8000.0 128.0 242412.0#242412.0#8000 242411.0#242411.0#128
244000 246000 1113.5769199218485 379.342030598976 158.17648819928797 545.6660000000265 230.819091796875 303.4715342963518 299.9756008254444 2913.6247808531466 2913.6247808531466 1246.9674677672592 5.991866941814811 2011212.688796597 2011212.688796597 8000.0 128.0 244196.0#244196.0#8000 244195.0#244195.0#128
246000 248000 902.4191816406092 367.2189541015832 268.5474167619294 700.0279082031338 85.10400390630821 533.6229820180134 529.7482542144706 3230.3129110994537 3230.3129110994537 1549.1446906183933 7.159493059816371 2324040.072067031 2324040.072067031 8000.0 128.0 246413.0#246413.0#8000_247914.0#247914.0#8000 246412.0#246412.0#128_247913.0#247913.0#128
248000 250000 1409.2280390625237 202.3127607421775 127.15586137824366 361.08299609372625 58.135986328125 367.66703874711004 364.9427810463435 2271.7467610660133 2271.7467610660133 1123.1107289662282 4.528589444057747 1763494.6565822575 1763494.6565822575 8000.0 128.0 247914.0#247914.0#8000_249941.0#249941.0#8000 247913.0#247913.0#128_249939.0#249939.0#128
250000 252000 1053.6300117187784 318.7948300781136 270.29575351510846 715.5460136718466 108.029296875 430.85010901192237 427.538375133725 2763.2614275137043 2763.2614275137043 1429.642906498081 5.572697009377784 2302680.8052556757 2302680.8052556757 8000.0 128.0 249941.0#249941.0#8000_251891.0#251891.0#8000 249939.0#249939.0#128_251890.0#251890.0#128
252000 254000 1499.1012753905961 193.16293164063245 77.43223843032804 270.57670312502887 90.8759765625 335.99349902102483 333.3647855238708 2191.809779170435 2191.809779170435 1074.415513500729 4.3588026012565075 1661930.8486817097 1661930.8486817097 8000.0 128.0 251891.0#251891.0#8000_253908.0#253908.0#8000 251890.0#251890.0#128_253904.0#253904.0#128
254000 256000 1082.7118691406213 318.03401855469565 258.9161924041951 687.1780234375037 83.68896484375 430.6352018269244 427.42683428200894 2675.380705223385 2675.380705223385 1335.2429798927396 5.330703106688764 2051311.8669815795 2051311.8669815795 8000.0 128.0 253908.0#253908.0#8000_255916.0#255916.0#8000 253904.0#253904.0#128_255914.0#255914.0#128
256000 258000 946.8909863281297 312.24517656249225 207.53638855514288 590.177978515625 86.238037109375 582.6335497244379 579.2466642845566 2829.5025565541246 2628.3642775818344 1809.795342985646 6.079636175607793 3003153.743958468 3003153.2719240333 8000.0 128.0 255916.0#255916.0#8000_257409.0#257409.0#8000 255914.0#255914.0#128_257913.0#257913.0#128
258000 260000 1491.0739863281487 229.9359976562555 69.80586697301213 278.13402148435125 109.574951171875 205.84051012626892 202.74415973582165 2585.4428778052197 1946.58115677751 595.1667185234232 5.1393715359923045 919372.4929120484 919371.5307563345 8000.0 128.0 257409.0#257409.0#8000_259890.0#259890.0#8000 257913.0#257913.0#128_259888.0#259888.0#128
260000 262000 746.0418417968904 565.5147915038979 88.9920124450213 665.2960488281096 450.6140000000014 734.2575750372635 729.0779993258649 4321.3509135993645 4321.3509135993645 2372.298741931239 9.651930999809236 3658734.54881808 3658732.983008229 8000.0 128.0 259890.0#259890.0#8000_261412.0#261412.0#8000 259888.0#259888.0#128_261411.0#261411.0#128
262000 264000 1389.0591718750075 348.4772760416575 286.4697511753868 582.0859375 28.85489062499255 375.4869822254153 372.533620204923 2463.2904770086093 2463.2904770086093 1330.3236599952513 5.906724040984601 1955201.7374443442 1955201.7374443442 8000.0 128.0 263420.0#263420.0#8000 263417.0#263417.0#128
264000 266000 1368.725029296882 385.3366569010347 297.39803000258735 587.430908203125 43.844062499993015 466.6032517714341 463.56735547289634 2531.793927786358 2531.793927786358 1240.8492868834173 6.071792597075561 2006734.1232858705 2006734.1232858705 8000.0 128.0 265414.0#265414.0#8000 265412.0#265412.0#128
266000 268000 1386.4788007812458 397.7717148437514 316.5206545038201 581.235107421875 32.28609179687919 322.73147904118457 319.8239990915514 2424.5797469357635 2424.5797469357635 1161.2975592187163 5.814959899266407 1785107.6807383297 1785107.6807383297 8000.0 128.0 267419.0#267419.0#8000 267418.0#267418.0#128
268000 270000 1366.9141777344048 233.4834916992113 259.99766342443047 587.77001953125 32.05105468747206 467.41169996006766 464.31540034960943 2582.4568712565165 2582.4568712565165 1391.9589749064626 6.192599220916599 2085787.9115771982 2085787.9115771982 8000.0 128.0 267419.0#267419.0#8000_269412.0#269412.0#8000 269411.0#269411.0#128
270000 272000 1381.553042968677 401.7800891927327 321.043596275922 587.3759765625 31.07098046882311 396.4827889904663 393.5686126029622 2430.292089113852 2430.292089113852 1119.3145301254008 5.828352775008155 1903494.0394888823 1903494.0394888823 8000.0 128.0 271412.0#271412.0#8000 271412.0#271412.0#128
272000 274000 982.5599765625084 331.9174282226595 443.15669954536463 973.789999999979 29.522689453151543 378.3117982021147 375.12555790595104 2657.154175014055 2657.154175014055 1342.4708981870133 5.37248059232736 2066740.7834119275 2066740.7834119275 8000.0 128.0 271412.0#271412.0#8000_272915.0#272915.0#8000 272914.0#272914.0#128
274000 276000 185.5329042968806 621.546666666652 516.6732403118422 957.6689999999944 26.615999999979977 450.0 447.0 2502.0 2502.0 1309.0 6.0 1991663.0 1991663.0 8000.0 128.0 274919.0#274919.0#8000 274915.0#274915.0#128
276000 278000 1770.297119140625 114.8514404296875 162.42446471374967 229.702880859375 0.0 2.3544378515404976 1.5696252343603316 643.546346087736 643.546346087736 3.1392504687206633 1.5696252343603316 2287.7287790801834 2287.7287790801834 0.0 0.0 - -
278000 280000 964.476943359361 432.77103971354273 476.4643907409279 970.4550000000163 62.98211914062267 366.6455621484595 363.43037476563967 2678.453653912264 2678.453653912264 1163.8607495312792 5.430374765639669 1847471.27122092 1847471.27122092 8000.0 128.0 278917.0#278917.0#8000 278915.0#278915.0#128
280000 282000 1128.3590312500019 305.37085351561836 238.88261148593133 641.1109999999753 77.8701171875 412.57151115653403 409.7447709655799 2369.892635766051 2369.892635766051 1462.437359575477 6.310871839518683 2410957.710781535 2410957.2266498865 8000.0 128.0 280413.0#280413.0#8000_281921.0#281921.0#8000 280411.0#280411.0#128_281918.0#281918.0#128
282000 284000 1297.251224609383 313.3406386718707 174.02874229985167 472.3588828124921 108.278076171875 529.5114140330991 525.7166826653366 3164.5864471280806 3164.5864471280806 1548.7475663355694 6.315405880200837 2488082.9165598303 2488081.400691479 8000.0 128.0 281921.0#281921.0#8000_283891.0#283891.0#8000 281918.0#281918.0#128_283891.0#283891.0#128
284000 286000 1246.112124999985 333.2682456054754 212.5758520763037 583.199951171875 143.21610742190387 556.8703604688675 552.5790582227089 3581.1231751521595 3581.1231751521595 2009.5502942596415 8.19926989003058 3113647.889825361 3113647.889825361 8000.0 128.0 283891.0#283891.0#8000_285416.0#285416.0#8000 283891.0#283891.0#128_285415.0#285415.0#128
286000 288000 1395.9889355468913 393.51231445313897 317.7599848095355 577.416015625 26.595048828108702 211.96336264716112 208.85448322233958 2581.8442973945494 1961.7555919549754 958.4496278476638 5.461553111302126 1470614.9945015258 1470613.485259773 8000.0 128.0 287423.0#287423.0#8000 287422.0#287422.0#128
288000 290000 920.78082812496 390.3015263671987 335.5131344594124 887.4160000000265 186.15398437500698 457.08335169433826 453.10500492403486 3314.5534445591593 3114.642149998733 1613.8151519816481 6.712899278947774 2403331.4883317472 2403330.9975735005 8000.0 128.0 287423.0#287423.0#8000_288921.0#288921.0#8000 288918.0#288918.0#128
290000 292000 170.4969414062216 626.0990000000262 531.818305472831 976.4430000000284 14.149000000033993 248.0 245.0 2502.0 2502.0 1195.0 6.0 1911982.0 1911982.0 8000.0 128.0 290914.0#290914.0#8000 290911.0#290911.0#128
292000 294000 908.01171875 453.2394205729167 206.6984238786483 637.25 229.59326171875 433.63228686546813 431.12026078678923 2106.9816453035046 2106.9816453035046 1288.9123520621654 6.0240521573578425 2078855.737660891 2078855.737660891 8000.0 128.0 292414.0#292414.0#8000 292413.0#292413.0#128
294000 296000 831.2510332031525 472.35692187499563 221.96862866022403 667.2097382812644 230.72802734375 430.6286531848988 427.4393708078836 2659.8056813782423 2659.8056813782423 1616.4693533544294 6.027910526183216 2568690.356402664 2568690.356402664 8000.0 128.0 294418.0#294418.0#8000_295896.0#295896.0#8000 294416.0#294416.0#128
296000 298000 1085.4001914062537 253.96375390625326 140.12746545734768 427.26497265626676 86.428955078125 216.59463776984938 213.2905694176437 2754.952829645497 2754.952829645497 850.1103870839091 5.509327768744526 1501235.1876054765 1501235.1876054765 8000.0 128.0 295896.0#295896.0#8000_297913.0#297913.0#8000 296412.0#296412.0#128_297909.0#297909.0#128
