ts te idle avg_span std_span max_span min_span c_ack_cnt c_ack_cnt_p c_bytes_all c_bytes_uniq s_ack_cnt s_ack_cnt_p s_bytes_all s_bytes_uniq avg_video_rate avg_audio_rate video_requests_sequence audio_requests_sequence
0 2000 2000.0 0.0 0.0 0.0 0.0 0.0 0.0 0.0 0.0 0.0 0.0 0.0 0.0 0.0 0.0 - -
2000 4000 2000.0 0.0 0.0 0.0 0.0 0.0 0.0 0.0 0.0 0.0 0.0 0.0 0.0 0.0 0.0 - -
4000 6000 1886.987060546875 113.012939453125  113.012939453125 113.012939453125 4.308171711009096 3.3290417766888467 859.0886043725865 859.0886043725865 6.658083553377693 1.3707819080483488 8151.060877229209 8151.060877229209 0.0 0.0 - -
6000 8000 0.0 595.129832682292 248.2842198091667 861.9609999999993 322.16100000000006 1275.9981953563163 1257.7176924517325 16668.522245984466 16668.522245984466 2423.6087417379367 30.148483769759373 3706677.8468730114 3706677.8468730114 4400.0 128.0 6157.0#6157.0#4400_6158.0#6158.0#4400_6995.0#6995.0#4400_7377.0#7377.0#4400_7760.0#7760.0#4400 6154.0#6154.0#128_6156.0#6156.0#128_7005.0#7005.0#128_7382.0#7382.0#128_7773.0#7773.0#128
8000 10000 0.0 550.2338685825895 365.1455458666639 998.0200000000004 0.0 1514.8692423391435 1505.805541330215 7585.049578735257 7585.049578735257 3055.1821719854 17.352957401913116 4623412.730794598 4623412.730794598 4400.0 128.0 7760.0#7760.0#4400_8130.0#8130.0#4400_8895.0#8895.0#4400_9148.0#9148.0#4400_9493.0#9493.0#4400 8138.0#8138.0#128_8998.0#8998.0#128_9277.0#9277.0#128_9537.0#9537.0#128
10000 12000 939.0819453124968 329.69774609375054 117.0235059958033 480.59300000000076 217.82898437499898 407.8243905935312 404.14772444136366 2246.339570907691 2246.339570907691 894.5510027232856 6.1277769202791585 1340150.3614551614 1340150.3614551614 4400.0 128.0 9493.0#9493.0#4400_10269.0#10269.0#4400 10266.0#10266.0#128
12000 14000 1305.6122089843775 413.5729999999991 161.73803321111475 589.3269999999975 270.9959999999992 477.0 473.0 3332.0 3332.0 1149.0 7.0 1912559.0 1912559.0 8000.0 128.0 12243.0#12243.0#8000_12246.0#12246.0#8000 12240.0#12240.0#128
14000 16000 1407.3791972656254 425.47599999999875 32.558024632954584 448.4979999999996 402.4539999999979 394.0 391.0 2502.0 2502.0 1311.0 5.0 1894613.0 1894613.0 8000.0 128.0 14287.0#14287.0#8000 14284.0#14284.0#128
16000 18000 1157.6763867187474 558.2489999999998 211.4192707205322 707.7450000000026 408.752999999997 444.0 441.0 2502.0 2502.0 1418.0 5.0 2142091.0 2142091.0 8000.0 128.0 16278.0#16278.0#8000 16275.0#16275.0#128
18000 20000 1360.1089999999967 469.6980000000003 59.139582751322244 511.51600000000326 427.8799999999974 387.0 384.0 2502.0 2502.0 1332.0 5.0 1932051.0 1932049.0 8000.0 128.0 18270.0#18270.0#8000 18268.0#18268.0#128
20000 22000 1436.1969609374937 436.6045000000049 8.968235305787047 442.94600000000355 430.2630000000063 490.0 487.0 2502.0 2502.0 1272.0 5.0 1903247.0 1903247.0 8000.0 128.0 20276.0#20276.0#8000 20275.0#20275.0#128
22000 24000 1427.9739843749994 478.6915000000008 74.00791703932795 531.023000000001 426.3600000000006 396.0 393.0 2502.0 2502.0 1422.0 5.0 2103270.0 2103270.0 8000.0 128.0 22288.0#22288.0#8000 22284.0#22284.0#128
24000 26000 1410.1579218749976 429.6045000000013 38.0529514295557 456.51200000000244 402.6970000000001 405.0 402.0 2502.0 2502.0 1258.0 5.0 1895769.0 1895769.0 8000.0 128.0 24275.0#24275.0#8000 24272.0#24272.0#128
26000 28000 1342.2477812500001 465.8954999999987 91.08596001854677 530.3029999999999 401.48799999999756 383.0 380.0 2502.0 2502.0 1243.0 5.0 1835197.0 1835197.0 8000.0 128.0 26269.0#26269.0#8000 26269.0#26269.0#128
28000 30000 993.5389902343813 612.8046666666609 221.75337853194276 862.0369999999893 437.32600000000093 1193.0 1188.0 4184.0 4184.0 2719.0 8.0 4069962.0 4069962.0 8000.0 128.0 28292.0#28292.0#8000_28710.0#28710.0#8000 28287.0#28287.0#128_28709.0#28709.0#128
30000 32000 1523.924076171883 409.19749999999476 94.53098425647947 476.04099999999016 342.35399999999936 455.0 452.0 2502.0 2502.0 1246.0 5.0 1957610.0 1957610.0 8000.0 128.0 30278.0#30278.0#8000 30277.0#30277.0#128
32000 34000 1239.8677890624967 515.1115000000027 152.0696772551985 622.6410000000033 407.58200000000215 457.0 454.0 2502.0 2502.0 1341.0 5.0 2039868.0 2039868.0 8000.0 128.0 32279.0#32279.0#8000 32278.0#32278.0#128
34000 36000 1416.200072265623 439.5400000000009 21.473418731074638 454.724000000002 424.35599999999977 400.0 397.0 2502.0 2502.0 1250.0 5.0 1835212.0 1835212.0 8000.0 128.0 34271.0#34271.0#8000 34269.0#34269.0#128
36000 38000 1420.3900078125007 435.5084999999999 0.7912524881468823 436.0679999999993 434.9490000000005 406.0 403.0 2502.0 2502.0 1351.0 5.0 1981229.0 1981229.0 8000.0 128.0 36286.0#36286.0#8000 36281.0#36281.0#128
38000 40000 1272.4789492187483 523.4965000000011 84.2128821054127 583.0440000000017 463.9490000000005 465.0 462.0 2502.0 2502.0 1272.0 5.0 1919615.0 1919615.0 8000.0 128.0 38287.0#38287.0#8000 38283.0#38283.0#128
40000 42000 1425.1332050781275 427.01099999999497 78.22863741622342 482.3269999999902 371.6949999999997 468.0 465.0 2502.0 2502.0 1342.0 5.0 2032876.0 2032876.0 8000.0 128.0 40234.0#40234.0#8000 40233.0#40233.0#128
42000 44000 1366.0310195312486 454.78700000000026 97.33607685745461 523.6140000000014 385.9599999999991 395.0 392.0 2502.0 2502.0 1335.0 5.0 1933069.0 1933069.0 8000.0 128.0 42252.0#42252.0#8000 42252.0#42252.0#128
44000 46000 1122.3282832031255 569.5345000000016 237.8389013859983 737.7119999999995 401.3570000000036 178.0 175.0 2502.0 2502.0 1177.0 5.0 1929068.0 1929068.0 8000.0 128.0 44283.0#44283.0#8000 44280.0#44280.0#128
46000 48000 1378.0180195312569 457.79499999999825 44.66369272685984 489.37699999999313 426.2130000000034 353.0 350.0 2502.0 2502.0 1341.0 5.0 2102713.0 2102713.0 8000.0 128.0 46276.0#46276.0#8000 46273.0#46273.0#128
48000 50000 1436.0379882812558 420.6154999999999 27.528374098381548 440.0810000000056 401.1499999999942 236.0 233.0 2502.0 2502.0 1032.0 5.0 1900860.0 1900860.0 8000.0 128.0 48307.0#48307.0#8000 48306.0#48306.0#128
50000 52000 1313.5750097656273 482.54099999999744 91.77397491663996 547.4349999999977 417.6469999999972 421.0 418.0 2502.0 2502.0 1258.0 5.0 1959038.0 1959038.0 8000.0 128.0 50282.0#50282.0#8000 50280.0#50280.0#128
52000 54000 1374.4649726562493 449.5904999999984 27.17623492134579 468.8070000000007 430.37399999999616 412.0 409.0 2502.0 2502.0 1357.0 5.0 2031010.0 2031010.0 8000.0 128.0 52301.0#52301.0#8000 52298.0#52298.0#128
54000 56000 1425.3481367187487 450.2330000000002 16.53357075770229 461.92399999999907 438.5420000000013 366.0 363.0 2502.0 2502.0 1139.0 5.0 1933165.0 1933165.0 8000.0 128.0 54281.0#54281.0#8000 54280.0#54280.0#128
56000 58000 1333.522388671874 498.76350000000093 35.4437274069757 523.8260000000009 473.70100000000093 431.0 428.0 2502.0 2502.0 1153.0 5.0 1908829.0 1908829.0 8000.0 128.0 56287.0#56287.0#8000 56284.0#56284.0#128
58000 60000 1455.5509296874952 422.51200000000244 27.131687194124535 441.6970000000001 403.3270000000048 427.0 424.0 2502.0 2502.0 1252.0 5.0 2035253.0 2035253.0 8000.0 128.0 58283.0#58283.0#8000 58283.0#58283.0#128
60000 62000 1419.460009765622 422.2185000000027 31.404733472838466 444.4250000000029 400.01200000000244 333.0 330.0 2502.0 2502.0 1142.0 5.0 2058701.0 2058701.0 8000.0 128.0 60279.0#60279.0#8000 60276.0#60276.0#128
62000 64000 1474.4030292968819 392.825499999999 14.21496762218485 402.87699999999313 382.7740000000049 391.0 388.0 2502.0 2502.0 1201.0 5.0 1807443.0 1807443.0 8000.0 128.0 62266.0#62266.0#8000 62262.0#62262.0#128
64000 66000 1365.4669589843688 458.0185000000056 76.25793081706404 511.94100000000617 404.096000000005 349.0 346.0 2502.0 2502.0 1284.0 5.0 1992043.0 1992043.0 8000.0 128.0 64268.0#64268.0#8000 64266.0#64266.0#128
66000 68000 1377.6370058593748 475.36099999999715 14.895911452480172 485.89400000000023 464.82799999999406 450.0 447.0 2502.0 2502.0 1434.0 5.0 2201630.0 2201630.0 8000.0 128.0 66279.0#66279.0#8000 66278.0#66278.0#128
68000 70000 1480.6758613281127 383.06700000001 110.75413513725223 461.38200000001234 304.7520000000077 267.0 264.0 2502.0 2502.0 1150.0 5.0 1888449.0 1888449.0 8000.0 128.0 68200.0#68200.0#8000 68199.0#68199.0#128
70000 72000 1642.695000000007 313.28050000000076 62.260044976683375 357.304999999993 269.2560000000085 351.0 348.0 2502.0 2502.0 1154.0 5.0 1864777.0 1864777.0 8000.0 128.0 70193.0#70193.0#8000 70191.0#70191.0#128
72000 74000 1042.5720136718592 565.038999999997 315.6310165124184 891.5420000000013 258.16900000000896 1534.0 1527.0 6353.0 6353.0 2616.0 12.0 3913085.0 3331623.0 8000.0 128.0 72196.0#72196.0#8000_72209.0#72209.0#8000 72193.0#72193.0#128_72206.0#72206.0#128
74000 76000 1739.3619999999792 260.63800000002084  260.63800000002084 260.63800000002084 2.0 1.0 820.0 820.0 3.0 2.0 2911.0 2911.0 0.0 0.0 - -
76000 78000 1119.5630273437564 603.007749999997 241.57971855458945 818.7709999999934 381.1600000000035 822.0 817.0 4184.0 4184.0 2479.0 9.0 3933023.0 3673083.0 8000.0 128.0 76206.0#76206.0#8000_76218.0#76218.0#8000 76204.0#76204.0#128_76217.0#76217.0#128
78000 80000 1460.2023593750055 402.7135000000053 108.40300508978844 479.36599999999453 326.06100000001607 318.0 315.0 2502.0 2502.0 1156.0 5.0 1971111.0 1971111.0 8000.0 128.0 78203.0#78203.0#8000 78202.0#78202.0#128
80000 82000 1454.5420722656272 433.0219999999972 82.00317341420474 491.0069999999978 375.0369999999966 303.0 300.0 2502.0 2502.0 1245.0 5.0 1894457.0 1894457.0 8000.0 128.0 80198.0#80198.0#8000 80198.0#80198.0#128
82000 84000 1341.8921210937697 462.2804999999935 199.4769442930706 603.3319999999949 321.2289999999921 435.0 432.0 2502.0 2502.0 1260.0 5.0 2044421.0 2044421.0 8000.0 128.0 82198.0#82198.0#8000 82196.0#82196.0#128
84000 86000 1379.42886914064 441.5514999999941 168.34161850387022 560.5869999999995 322.5159999999887 407.0 404.0 2502.0 2502.0 1242.0 5.0 1997800.0 1997800.0 8000.0 128.0 84202.0#84202.0#8000 84200.0#84200.0#128
86000 88000 1177.9470332031196 540.6600000000035 309.04384714470797 759.1870000000054 322.13300000000163 348.0 345.0 2502.0 2502.0 1225.0 5.0 1915319.0 1915319.0 8000.0 128.0 86206.0#86206.0#8000 86204.0#86204.0#128
88000 90000 1025.6291191406199 618.1869999999981 58.30943939019446 659.4179999999906 576.9560000000056 330.0 327.0 2502.0 2502.0 1041.0 6.0 1973453.0 1973453.0 8000.0 128.0 88458.0#88458.0#8000 88456.0#88456.0#128
90000 92000 1324.5028710937331 472.4330000000118 215.3239143662475 624.6900000000169 320.17600000000675 415.0 412.0 2502.0 2502.0 1153.0 5.0 1944891.0 1944891.0 8000.0 128.0 90194.0#90194.0#8000 90191.0#90191.0#128
92000 94000 1314.6540878906235 505.887999999999 156.33848089322444 616.4360000000015 395.3399999999965 422.0 419.0 2502.0 2502.0 1240.0 5.0 1945024.0 1945024.0 8000.0 128.0 92210.0#92210.0#8000 92209.0#92209.0#128
94000 96000 1443.6939765624993 409.34449999999924 124.22098378494879 497.1820000000007 321.5069999999978 401.0 398.0 2502.0 2502.0 1295.0 5.0 2011060.0 2011060.0 8000.0 128.0 94203.0#94203.0#8000 94201.0#94201.0#128
96000 98000 1384.7530585937347 441.400999999998 170.27979819111926 561.8070000000153 320.9949999999808 435.0 432.0 2502.0 2502.0 1332.0 5.0 2020822.0 2020822.0 8000.0 128.0 96196.0#96196.0#8000 96195.0#96195.0#128
98000 100000 812.266656250009 766.1459999999934 205.85999720684288 911.7109999999957 620.580999999991 388.0 385.0 2502.0 2502.0 1219.0 6.0 1896037.0 1896037.0 8000.0 128.0 98713.0#98713.0#8000 98711.0#98711.0#128
100000 102000 1097.3560624999955 506.77350000000297 242.66561227437833 678.3640000000014 335.18300000000454 410.0 407.0 2502.0 2502.0 1268.0 5.0 2031737.0 2031737.0 8000.0 128.0 100205.0#100205.0#8000 100710.0#100710.0#128
102000 104000 1371.9099062500027 461.25650000000314 164.17251692197846 577.3439999999973 345.16900000000896 281.0 278.0 2502.0 2502.0 1176.0 5.0 1910061.0 1910061.0 8000.0 128.0 102195.0#102195.0#8000 102193.0#102193.0#128
104000 106000 1418.719166015624 420.77449999999953 137.78187763454432 518.2010000000009 323.34799999999814 348.0 345.0 2502.0 2502.0 1227.0 5.0 2015433.0 2015433.0 8000.0 128.0 104205.0#104205.0#8000 104204.0#104204.0#128
106000 108000 1357.0040917968581 505.5635000000111 124.09936141857023 593.3150000000023 417.8120000000199 333.0 330.0 2502.0 2502.0 1173.0 5.0 1973047.0 1973047.0 8000.0 128.0 106192.0#106192.0#8000 106191.0#106191.0#128
108000 110000 1227.3449160156306 591.6579999999958 178.56001859878737 717.9189999999944 465.3969999999972 403.0 400.0 2502.0 2502.0 1295.0 5.0 1962797.0 1962797.0 8000.0 128.0 108197.0#108197.0#8000 108195.0#108195.0#128
110000 112000 1420.2447128906206 451.1915000000008 117.08910478990433 533.9860000000044 368.3969999999972 341.0 338.0 2502.0 2502.0 1206.0 5.0 1892242.0 1892242.0 8000.0 128.0 110187.0#110187.0#8000 110183.0#110183.0#128
112000 114000 1449.311941406253 408.49099999999453 124.82131744217757 496.752999999997 320.2289999999921 365.0 362.0 2502.0 2502.0 1280.0 5.0 1932270.0 1932270.0 8000.0 128.0 112197.0#112197.0#8000 112196.0#112196.0#128
114000 116000 1412.3520371093764 444.2274999999936 133.51378110330742 538.6359999999986 349.8189999999886 350.0 347.0 2502.0 2502.0 1329.0 5.0 2033678.0 2033678.0 8000.0 128.0 114191.0#114191.0#8000 114190.0#114190.0#128
116000 118000 1450.5508749999863 402.94950000000244 115.14738956877693 484.37100000001374 321.52799999999115 360.0 357.0 2502.0 2502.0 1204.0 5.0 1943686.0 1943686.0 8000.0 128.0 116207.0#116207.0#8000 116205.0#116205.0#128
118000 120000 1440.562009765621 413.3555000000051 124.05127815746032 501.07300000000396 325.6380000000063 353.0 350.0 2502.0 2502.0 1194.0 5.0 1880847.0 1880847.0 8000.0 128.0 118200.0#118200.0#8000 118199.0#118199.0#128
120000 122000 1170.0719980468857 307.2664999999979 218.76551818251974 594.2259999999951 94.39999999999418 348.0 343.0 2502.0 2502.0 1316.0 5.0 2033553.0 2033553.0 8000.0 128.0 120189.0#120189.0#8000 120187.0#120187.0#128
122000 124000 1383.77587890625 454.6317138671875 228.52617387632083 616.22412109375 293.039306640625 287.6874679158353 283.45478513313293 3526.730541074353 3526.730541074353 950.3208271873958 6.111388481235831 1641379.3513404622 1641379.3513404622 8000.0 128.0 123570.0#123570.0#8000_123988.0#123988.0#8000 123706.0#123706.0#128
124000 126000 173.1710136718757 499.64257304687635 328.93534118452675 999.9949999999953 169.1158789062465 938.577552651187 933.3363442597758 4382.599133439926 4382.599133439926 2857.7895065783873 9.362502692877758 4335083.641763281 4335083.641763281 8000.0 128.0 123570.0#123570.0#8000_123988.0#123988.0#8000_124870.0#124870.0#8000 124069.0#124069.0#128_124966.0#124966.0#128
126000 128000 825.6679414062528 404.5665690104167 516.2733653666708 990.1469999999972 15.029999999998836 530.7349794329776 529.2088706070913 1278.6703254857207 1278.6703254857207 1267.889666234217 3.5261088258864106 1955107.0068962565 1955107.0068962565 8000.0 128.0 126183.0#126183.0#8000 126183.0#126183.0#128
128000 130000 1470.559957031248 398.94800000000396 110.2704740989147 476.9210000000021 320.9750000000058 406.0 403.0 2502.0 2502.0 1388.0 5.0 2111261.0 2111261.0 8000.0 128.0 128195.0#128195.0#8000 128194.0#128194.0#128
130000 132000 1509.7146152343776 381.75 85.08757319373602 441.91599999999744 321.58400000000256 306.0 303.0 2502.0 2502.0 1050.0 5.0 1653113.0 1653113.0 8000.0 128.0 130190.0#130190.0#8000 130185.0#130185.0#128
132000 134000 1677.5320000000065 289.23649999999907 46.9964379979936 322.4679999999935 256.00500000000466 17.0 14.0 2502.0 2502.0 38.0 5.0 50842.0 50842.0 8000.0 128.0 132191.0#132191.0#8000 132188.0#132188.0#128
134000 136000 1451.08740234375 409.6805000000022 106.34108171586057 484.875 334.4860000000044 316.0 313.0 2502.0 2502.0 731.0 5.0 1239630.0 1239630.0 8000.0 128.0 134206.0#134206.0#8000 134205.0#134205.0#128
136000 138000 1489.0910566406383 378.51849999999104 126.95890124169496 468.29199999998673 288.74499999999534 298.0 295.0 2502.0 2502.0 1127.0 5.0 1857244.0 1857244.0 8000.0 128.0 136185.0#136185.0#8000 136184.0#136184.0#128
138000 140000 1516.4382890624984 385.68399999999383 79.30061129651996 441.75800000000163 329.60999999998603 327.0 324.0 2502.0 2502.0 1216.0 5.0 1830697.0 1830697.0 8000.0 128.0 138184.0#138184.0#8000 138184.0#138184.0#128
140000 142000 1378.703162109363 449.7795000000042 180.43031603503897 577.3630000000121 322.1959999999963 391.0 388.0 2502.0 2502.0 1260.0 5.0 2013153.0 2013153.0 8000.0 128.0 140185.0#140185.0#8000 140184.0#140184.0#128
142000 144000 1395.7326113281306 459.8009999999922 129.744194852798 551.5439999999944 368.05799999999 454.0 451.0 2502.0 2502.0 1462.0 5.0 2146529.0 2146529.0 8000.0 128.0 142194.0#142194.0#8000 142193.0#142193.0#128
144000 146000 1319.8516425781127 519.8295000000071 158.64294189311528 632.0070000000123 407.65200000000186 332.0 329.0 2502.0 2502.0 1125.0 5.0 1901774.0 1901774.0 8000.0 128.0 144190.0#144190.0#8000 144187.0#144187.0#128
146000 148000 1412.7171738281322 439.9514999999956 138.53565346328327 537.9109999999928 341.99199999999837 373.0 370.0 2502.0 2502.0 1122.0 5.0 1863336.0 1863336.0 8000.0 128.0 146191.0#146191.0#8000 146190.0#146190.0#128
148000 150000 1193.8947929687565 537.2404999999999 304.90797958153615 752.8429999999935 321.6380000000063 403.0 400.0 2502.0 2502.0 1111.0 5.0 1859673.0 1859672.0 8000.0 128.0 148195.0#148195.0#8000 148194.0#148194.0#128
150000 152000 1181.949605468748 716.7685000000056 73.04766603047136 768.4210000000021 665.1160000000091 368.0 365.0 2502.0 2502.0 1333.0 5.0 2138242.0 2138241.0 8000.0 128.0 150192.0#150192.0#8000 150189.0#150189.0#128
152000 154000 1191.450058593764 712.344499999992 47.04452125911379 745.609999999986 679.0789999999979 423.0 420.0 2502.0 2502.0 1194.0 5.0 2040973.0 2040971.0 8000.0 128.0 152204.0#152204.0#8000 152202.0#152202.0#128
154000 156000 1329.4621738281276 463.15750000000116 202.77489032051741 606.5409999999974 319.7740000000049 309.0 306.0 2502.0 2502.0 1119.0 5.0 1898962.0 1898962.0 8000.0 128.0 154207.0#154207.0#8000 154206.0#154206.0#128
156000 158000 1357.2081972656306 447.4744999999966 180.2337403498548 574.9189999999944 320.02999999999884 297.0 294.0 2502.0 2502.0 1046.0 5.0 1943166.0 1943166.0 8000.0 128.0 156211.0#156211.0#8000 156210.0#156210.0#128
158000 160000 1424.5539941406169 420.63550000000396 141.2862988421088 520.5400000000081 320.73099999999977 348.0 345.0 2502.0 2502.0 1215.0 5.0 1974869.0 1974869.0 8000.0 128.0 158197.0#158197.0#8000 158195.0#158195.0#128
160000 162000 1439.2097128906462 408.1979999999894 123.84692429768407 495.7709999999788 320.625 337.0 334.0 2502.0 2502.0 1216.0 5.0 1937973.0 1937973.0 8000.0 128.0 160206.0#160206.0#8000 160204.0#160204.0#128
162000 164000 1742.6949999999779 257.3050000000221  257.3050000000221 257.3050000000221 2.0 1.0 820.0 820.0 3.0 2.0 2917.0 2917.0 0.0 0.0 - -
164000 166000 1100.8580410156574 816.6694999999891 25.193507506906368 834.4839999999967 798.8549999999814 700.0 695.0 4184.0 4184.0 2427.0 9.0 3955863.0 3955863.0 8000.0 128.0 164184.0#164184.0#8000_164608.0#164608.0#8000 164207.0#164207.0#128_164666.0#164666.0#128
166000 168000 1452.613000000012 400.5940000000119 207.59665146139983 547.3869999999879 253.80100000003586 360.0 357.0 2502.0 2502.0 1160.0 5.0 1963973.0 1963973.0 8000.0 128.0 166202.0#166202.0#8000 166209.0#166209.0#128
168000 170000 388.5750605468638 578.6710234375059 365.78525894222474 880.0 55.91199999998207 633.9976214433041 627.7275201706414 5238.184056310014 5238.184056310014 2019.2442068681307 10.270101272662668 3270701.2430159682 3270701.2430159682 8000.0 128.0 168186.0#168186.0#8000_168815.0#168815.0#8000 168207.0#168207.0#128_168890.0#168890.0#128
170000 172000 1200.1680546874995 321.57663541666506 308.2667086382322 614.5380000000005 0.0 481.00237855669593 479.2724798293586 1447.8159436899864 1447.8159436899864 1762.755793131869 2.729898727337333 2660660.7569840318 2660660.7569840318 8000.0 128.0 170184.0#170184.0#8000 170184.0#170184.0#128
172000 174000 1214.7076699218596 671.7614999999932 82.72088679709839 730.2539999999863 613.2690000000002 344.0 341.0 2502.0 2502.0 1210.0 5.0 1868342.0 1868342.0 8000.0 128.0 172197.0#172197.0#8000 172196.0#172196.0#128
174000 176000 1298.2619824218855 490.463499999998 238.0213349355353 658.7699999999895 322.1570000000065 405.0 402.0 2502.0 2502.0 1330.0 5.0 2056454.0 2056454.0 8000.0 128.0 174185.0#174185.0#8000 174185.0#174185.0#128
176000 178000 1503.8116835937544 371.34550000001036 114.25926345156975 452.1389999999956 290.55200000002515 464.0 461.0 2502.0 2502.0 1371.0 5.0 1957011.0 1957011.0 8000.0 128.0 176186.0#176186.0#8000 176185.0#176185.0#128
178000 180000 963.0019003906636 440.0317643229112 292.33414152614074 777.17529296875 256.97099999999045 205.72670447425298 202.08811913160602 3021.6644197396263 3021.6644197396263 999.0425228470023 6.457878013970445 1605450.2611361835 1605450.2611361835 8000.0 128.0 179222.0#179222.0#8000 179219.0#179219.0#128
180000 182000 234.19337695316062 463.96994824218564 403.43446644609236 837.1929999999993 62.98099999999977 329.53705147128596 326.5451222867124 2495.293152380622 2495.293152380622 1186.4711602045072 5.987893776860329 1950280.8589945084 1950280.8589945084 8000.0 128.0 181215.0#181215.0#8000 181210.0#181210.0#128
182000 184000 1015.6189863281325 456.63130468750023 263.1091679870822 700.4150000000373 177.7249140625063 448.73624405446105 446.3667585816816 1989.0424278797516 1989.0424278797516 1535.4863169484906 5.554228209169227 2334718.8798693083 2334718.8798693083 8000.0 128.0 182712.0#182712.0#8000 182711.0#182711.0#128
184000 186000 1375.014992187469 437.7440000000497 72.17156072860081 488.77700000006007 386.71100000003935 326.0 323.0 2502.0 2502.0 1284.0 5.0 2009111.0 2009111.0 8000.0 128.0 184278.0#184278.0#8000 184275.0#184275.0#128
186000 188000 1158.5090800781327 552.5135000000009 328.42917955092236 784.7479999999923 320.27900000000955 334.0 331.0 2502.0 2502.0 1276.0 5.0 2105824.0 2105823.0 8000.0 128.0 186199.0#186199.0#8000 186196.0#186196.0#128
188000 190000 1340.4430214844178 466.62799999996787 197.8145362504839 606.5039999999572 326.7519999999786 336.0 333.0 2502.0 2502.0 1064.0 5.0 1814859.0 1814859.0 8000.0 128.0 188195.0#188195.0#8000 188192.0#188192.0#128
190000 192000 1261.2159960937279 645.0255000000179 64.56521308332724 690.679999999993 599.3710000000428 399.0 396.0 2502.0 2502.0 1295.0 5.0 1997694.0 1997694.0 8000.0 128.0 190190.0#190190.0#8000 190189.0#190189.0#128
192000 194000 1455.9492617187207 447.7750000000233 60.97947459593289 490.89400000000023 404.65600000004633 292.0 289.0 2502.0 2502.0 1210.0 5.0 1837472.0 1837472.0 8000.0 128.0 192195.0#192195.0#8000 192194.0#192194.0#128
194000 196000 1432.7780664062302 417.60599999999977 136.83789008164547 514.3649999999907 320.84700000000885 331.0 328.0 2502.0 2502.0 1379.0 5.0 2117363.0 2117363.0 8000.0 128.0 194195.0#194195.0#8000 194192.0#194192.0#128
196000 198000 1389.008201171906 456.9799999999959 127.26932111864507 546.9729999999981 366.9869999999937 323.0 320.0 2502.0 2502.0 1196.0 5.0 1952593.0 1952593.0 8000.0 128.0 196206.0#196206.0#8000 196202.0#196202.0#128
198000 200000 1390.28190820312 431.38800000002084 158.9378054208401 543.7740000000049 319.0020000000368 300.0 297.0 2502.0 2502.0 1085.0 5.0 2024265.0 2024265.0 8000.0 128.0 198209.0#198209.0#8000 198206.0#198206.0#128
200000 202000 1183.6080507813022 542.4524999999994 309.9482367178523 761.619000000006 323.2859999999928 332.0 329.0 2502.0 2502.0 1136.0 5.0 1786082.0 1786081.0 8000.0 128.0 200197.0#200197.0#8000 200194.0#200194.0#128
202000 204000 1378.4169277343608 439.90149999999267 168.8323506099953 559.2839999999851 320.51900000000023 430.0 427.0 2502.0 2502.0 1304.0 5.0 2094547.0 2094547.0 8000.0 128.0 202204.0#202204.0#8000 202200.0#202200.0#128
204000 206000 1449.7988789061783 408.4520000000193 122.89515857021372 495.3520000000135 321.55200000002515 338.0 335.0 2502.0 2502.0 1175.0 5.0 2012452.0 2012452.0 8000.0 128.0 204196.0#204196.0#8000 204195.0#204195.0#128
206000 208000 1432.9608457031136 415.95500000003085 136.26089094822376 512.3060000000405 319.6040000000212 384.0 381.0 2502.0 2502.0 1172.0 5.0 1983066.0 1983066.0 8000.0 128.0 206196.0#206196.0#8000 206195.0#206195.0#128
208000 210000 1576.4159999999683 350.372000000003 103.53740332849954 423.58400000003166 277.1599999999744 354.0 351.0 2502.0 2502.0 1176.0 5.0 2066666.0 2066666.0 8000.0 128.0 208187.0#208187.0#8000 208210.0#208210.0#128
210000 212000 1225.4329999999609 524.6040000000212 353.5010646914913 774.5670000000391 274.64100000000326 385.0 382.0 2502.0 2502.0 1257.0 5.0 1829661.0 1829661.0 8000.0 128.0 210210.0#210210.0#8000 210218.0#210218.0#128
212000 214000 1263.0430000000051 506.338499999998 326.14381043413516 736.9569999999949 275.72000000000116 490.0 487.0 2502.0 2502.0 1336.0 5.0 2022734.0 2022734.0 8000.0 128.0 212194.0#212194.0#8000 212212.0#212212.0#128
214000 216000 1422.6689999999944 482.2925000000105 134.40473564758847 577.3310000000056 387.25400000001537 337.0 334.0 2502.0 2502.0 1170.0 5.0 1875194.0 1875194.0 8000.0 128.0 214189.0#214189.0#8000 214207.0#214207.0#128
216000 218000 1709.448000000004 290.55199999999604  290.55199999999604 290.55199999999604 2.0 1.0 820.0 820.0 3.0 2.0 2919.0 2919.0 0.0 0.0 - -
218000 220000 1192.3211328125035 704.2354999999952 36.38700785308036 729.9649999999965 678.505999999994 788.0 783.0 4184.0 4184.0 2504.0 9.0 3966660.0 3966660.0 8000.0 128.0 218208.0#218208.0#8000_218469.0#218469.0#8000 218220.0#218220.0#128_218534.0#218534.0#128
220000 222000 1085.7548730468843 836.8560000000143 21.402708052921 851.9899999999907 821.722000000038 691.0 686.0 4184.0 4184.0 2586.0 9.0 3899288.0 3899288.0 8000.0 128.0 220195.0#220195.0#8000_220612.0#220612.0#8000 220208.0#220208.0#128_220682.0#220682.0#128
222000 224000 1286.780999999959 624.6180000000168 125.30073583985283 713.219000000041 536.0169999999925 348.0 345.0 2502.0 2502.0 1191.0 5.0 1934275.0 1934274.0 8000.0 128.0 222186.0#222186.0#8000 222211.0#222211.0#128
224000 226000 1255.4680000000226 508.87149999999383 333.27427521560156 744.5319999999774 273.21100000001024 392.0 389.0 2502.0 2502.0 1333.0 5.0 1991942.0 1991942.0 8000.0 128.0 224182.0#224182.0#8000 224210.0#224210.0#128
226000 228000 1429.3489999999583 409.5030000000115 227.89768714934215 570.6510000000417 248.35499999998137 365.0 362.0 2502.0 2502.0 1325.0 5.0 1972154.0 1972154.0 8000.0 128.0 226185.0#226185.0#8000 226212.0#226212.0#128
228000 230000 1469.7939882812498 478.6505000000179 9.713525853134579 485.51900000000023 471.7820000000356 344.0 341.0 2502.0 2502.0 1074.0 5.0 1782010.0 1782010.0 8000.0 128.0 228187.0#228187.0#8000 228186.0#228186.0#128
230000 232000 1537.1866875000123 369.29199999998673 61.272216803378036 412.61799999998766 325.9659999999858 389.0 386.0 2502.0 2502.0 1446.0 5.0 2103457.0 2103457.0 8000.0 128.0 230191.0#230191.0#8000 230191.0#230191.0#128
232000 234000 1449.0706289061927 413.4725000000326 129.15517490401905 504.79899999999907 322.1460000000661 328.0 325.0 2502.0 2502.0 1304.0 5.0 2065674.0 2065674.0 8000.0 128.0 232189.0#232189.0#8000 232188.0#232188.0#128
234000 236000 1640.9370000000054 327.7624999999971 44.265591609055605 359.06299999999464 296.46199999999953 364.0 361.0 2502.0 2502.0 1140.0 5.0 1792595.0 1792595.0 8000.0 128.0 234199.0#234199.0#8000 234197.0#234197.0#128
236000 238000 1389.6950546875014 479.38700000000244 92.80635081716656 545.0109999999986 413.7630000000063 420.0 417.0 2502.0 2502.0 1336.0 5.0 2159532.0 2159532.0 8000.0 128.0 236208.0#236208.0#8000 236203.0#236203.0#128
238000 240000 1138.0340781249688 560.0495000000228 343.64894590916447 803.0460000000021 317.05300000004354 318.0 315.0 2502.0 2502.0 1184.0 5.0 1900788.0 1900788.0 8000.0 128.0 238202.0#238202.0#8000 238200.0#238200.0#128
240000 242000 1508.4280273437616 374.63850000000093 74.82816090548624 427.54999999998836 321.7270000000135 421.0 418.0 2502.0 2502.0 1197.0 5.0 2148753.0 2148753.0 8000.0 128.0 240206.0#240206.0#8000 240202.0#240202.0#128
242000 244000 1591.5008085937588 338.882500000007 18.532561628140613 351.9870000000228 325.77799999999115 307.0 304.0 2502.0 2502.0 1198.0 5.0 1799272.0 1799272.0 8000.0 128.0 242734.0#242734.0#8000 242733.0#242733.0#128
244000 246000 1446.5120136718033 399.63750000004075 118.03662787665067 483.1020000000135 316.173000000068 322.0 319.0 2502.0 2502.0 1100.0 5.0 1859852.0 1859852.0 8000.0 128.0 244213.0#244213.0#8000 244210.0#244210.0#128
246000 248000 1452.100060546887 422.1589999999851 110.63109855732644 500.3869999999879 343.9309999999823 477.0 474.0 2502.0 2502.0 1431.0 5.0 2054238.0 2054238.0 8000.0 128.0 246189.0#246189.0#8000 246187.0#246187.0#128
248000 250000 1435.823062499985 422.38850000000093 118.37321070455374 506.0910000000149 338.68599999998696 383.0 380.0 2502.0 2502.0 1262.0 5.0 1988789.0 1988789.0 8000.0 128.0 248201.0#248201.0#8000 248200.0#248200.0#128
250000 252000 1439.8388808593736 421.3665000000037 103.58760790992 494.6140000000014 348.11900000000605 308.0 305.0 2502.0 2502.0 1166.0 5.0 1769788.0 1769788.0 8000.0 128.0 250208.0#250208.0#8000 250207.0#250207.0#128
252000 254000 1339.1999062499963 460.62650000001304 203.36744580314382 604.4290000000037 316.82400000002235 468.0 465.0 2502.0 2502.0 1223.0 5.0 2076809.0 2076809.0 8000.0 128.0 252199.0#252199.0#8000 252198.0#252198.0#128
254000 256000 1477.6430390625028 436.45999999999185 56.1258936499086 476.1469999999972 396.7729999999865 283.0 280.0 2502.0 2502.0 1284.0 5.0 2030740.0 2030740.0 8000.0 128.0 254189.0#254189.0#8000 254187.0#254187.0#128
256000 258000 1453.1938066406292 425.09150000000955 87.77528606901028 487.1579999999958 363.0250000000233 379.0 376.0 2502.0 2502.0 1268.0 5.0 1990552.0 1990552.0 8000.0 128.0 256202.0#256202.0#8000 256201.0#256201.0#128
258000 260000 1526.4879453125177 392.9164999999921 21.58726292283028 408.1809999999823 377.65200000000186 383.0 380.0 2502.0 2502.0 1269.0 5.0 2083924.0 2083924.0 8000.0 128.0 258208.0#258208.0#8000 258207.0#258207.0#128
260000 262000 1280.370814453112 492.99499999999534 247.40817745582376 667.939000000013 318.05099999997765 387.0 384.0 2502.0 2502.0 1053.0 5.0 1849685.0 1849685.0 8000.0 128.0 260194.0#260194.0#8000 260190.0#260190.0#128
262000 264000 1524.9359160156455 366.9059999999881 72.1913597184472 417.9529999999795 315.85899999999674 331.0 328.0 2502.0 2502.0 1255.0 5.0 1870855.0 1870855.0 8000.0 128.0 262199.0#262199.0#8000 262199.0#262199.0#128
264000 266000 1384.2519726562314 443.9630000000179 176.85730546969313 569.0200000000186 318.90600000001723 427.0 424.0 2502.0 2502.0 1320.0 5.0 2072130.0 2072130.0 8000.0 128.0 264188.0#264188.0#8000 264187.0#264187.0#128
266000 268000 1098.9649511718308 530.7037500000297 226.0477634769266 825.9850000000442 316.5900000000256 1431.0 1422.0 8458.0 8458.0 2446.0 15.0 3980464.0 3980464.0 8000.0 128.0 266211.0#266211.0#8000_266218.0#266218.0#8000 266210.0#266210.0#128_266217.0#266217.0#128
268000 270000 1505.1626074218657 380.63649999999325 96.69473100693953 449.0100000000093 312.2629999999772 317.0 314.0 2502.0 2502.0 1256.0 5.0 1899940.0 1899940.0 8000.0 128.0 268189.0#268189.0#8000 268187.0#268187.0#128
270000 272000 1131.0469199218787 574.8999999999942 333.8194545439226 810.9459999999963 338.8539999999921 268.0 265.0 2502.0 2502.0 1187.0 5.0 2008144.0 2008143.0 8000.0 128.0 270202.0#270202.0#8000 270200.0#270200.0#128
272000 274000 1282.2931210937677 578.5665000000154 123.72883746527646 666.0560000000405 491.0769999999902 348.0 345.0 2502.0 2502.0 1198.0 5.0 1838450.0 1838450.0 8000.0 128.0 272194.0#272194.0#8000 272191.0#272191.0#128
274000 276000 1431.7629453124828 410.4015000000072 155.39307912678865 520.2810000000172 300.5219999999972 386.0 383.0 2502.0 2502.0 1395.0 5.0 2066604.0 2066604.0 8000.0 128.0 274190.0#274190.0#8000 274188.0#274188.0#128
276000 278000 1676.5529667968513 296.144500000024 34.40993729288129 320.4760000000242 271.81300000002375 417.0 414.0 2502.0 2502.0 1310.0 5.0 2006992.0 2006992.0 8000.0 128.0 276194.0#276194.0#8000 276190.0#276190.0#128
278000 280000 1549.567101562512 353.10449999998673 71.28697014532344 403.5119999999879 302.69699999998556 315.0 312.0 2502.0 2502.0 1254.0 5.0 1859092.0 1859092.0 8000.0 128.0 278189.0#278189.0#8000 278188.0#278188.0#128
280000 282000 1189.1157773437444 730.2019999999902 48.44247136554973 764.4560000000056 695.9479999999749 431.0 428.0 2502.0 2502.0 1306.0 5.0 2042308.0 2042306.0 8000.0 128.0 280189.0#280189.0#8000 280187.0#280187.0#128
282000 284000 1456.6389062500093 409.7259999999951 110.8587869408583 488.1149999999907 331.33699999999953 343.0 340.0 2502.0 2502.0 1223.0 5.0 1868965.0 1868965.0 8000.0 128.0 282199.0#282199.0#8000 282197.0#282197.0#128
284000 286000 1431.0748906250228 412.64650000000256 152.54626722568156 520.5129999999772 304.78000000002794 381.0 378.0 2502.0 2502.0 1229.0 5.0 1993308.0 1993308.0 8000.0 128.0 284190.0#284190.0#8000 284187.0#284187.0#128
286000 288000 1450.6569609374856 424.2085000000079 81.27414632280981 481.67800000001444 366.7390000000014 386.0 383.0 2502.0 2502.0 1327.0 5.0 2031437.0 2031437.0 8000.0 128.0 286210.0#286210.0#8000 286206.0#286206.0#128
288000 290000 1531.216238281224 379.17150000002584 36.88481102703421 405.2530000000261 353.0900000000256 413.0 410.0 2502.0 2502.0 1265.0 5.0 1934788.0 1934788.0 8000.0 128.0 288208.0#288208.0#8000 288205.0#288205.0#128
290000 292000 1318.200859375007 632.2049999999872 5.267945519848011 635.929999999993 628.4799999999814 353.0 350.0 2502.0 2502.0 1133.0 5.0 1972277.0 1972276.0 8000.0 128.0 290190.0#290190.0#8000 290189.0#290189.0#128
292000 294000 1476.6580917968531 429.72849999999744 53.11432586886209 467.2860000000219 392.170999999973 341.0 338.0 2502.0 2502.0 1255.0 5.0 2008792.0 2008792.0 8000.0 128.0 292199.0#292199.0#8000 292195.0#292195.0#128
294000 296000 1467.5528105468256 403.61900000003516 97.80559576018096 472.77800000004936 334.46000000002095 338.0 335.0 2502.0 2502.0 1217.0 5.0 1943529.0 1943529.0 8000.0 128.0 294202.0#294202.0#8000 294200.0#294200.0#128
296000 298000 1619.6829042969039 315.78899999998976 13.93707465716051 325.64399999997113 305.9340000000084 337.0 334.0 2502.0 2502.0 1140.0 5.0 1974035.0 1974035.0 8000.0 128.0 296198.0#296198.0#8000 296194.0#296194.0#128
298000 300000 1406.804830078152 433.6840000000084 142.2868549374318 534.295999999973 333.0720000000438 375.0 372.0 2502.0 2502.0 1152.0 5.0 2013388.0 2013388.0 8000.0 128.0 298203.0#298203.0#8000 298202.0#298202.0#128
