ts te idle avg_span std_span max_span min_span c_bytes_all s_bytes_all avg_video_rate avg_audio_rate video_requests_sequence audio_requests_sequence
0 4000 4000.0 0.0 0.0 0.0 0.0 0.0 0.0 0.0 0.0 - -
4000 8000 4000.0 0.0 0.0 0.0 0.0 0.0 0.0 0.0 0.0 - -
8000 12000 1540.8831035156036 819.7056321614655 26.548320922959626 849.6610000000219 799.0869999999995 43647.28537174722 5838998.277385328 4400.0 128.0 8737.0#8737.0#4400_9671.0#9671.0#4400_11190.0#11190.0#4400_11384.0#11384.0#4400_11654.0#11654.0#4400_11871.0#11871.0#4400 8734.0#8734.0#128_9666.0#9666.0#128_11189.0#11189.0#128_11437.0#11437.0#128_11595.0#11595.0#128_11856.0#11856.0#128_11988.0#11988.0#128
12000 16000 2567.7858964843326 477.40470117188914 285.2534683311479 760.0050000000047 189.57010351563804 30152.714628252783 5163141.722614672 5300.0 128.0 11871.0#11871.0#4400_12080.0#12080.0#4400_12334.0#12334.0#4400_14521.0#14521.0#8000 11988.0#11988.0#128_12195.0#12195.0#128_14518.0#14518.0#128
16000 20000 3099.1050000000396 450.4474999999802 117.3422490175538 533.420999999973 367.4739999999874 21677.0 4101020.0 8000.0 128.0 16518.0#16518.0#8000_18924.0#18924.0#8000 16517.0#16517.0#128_18920.0#18920.0#128
20000 24000 2202.5470000000205 898.7264999999898 54.46489982091029 937.2390000000014 860.2139999999781 20407.0 3864947.0 8000.0 128.0 20021.0#20021.0#8000_22023.0#22023.0#8000 20019.0#20019.0#128_22020.0#22020.0#128
24000 28000 2289.469999999972 855.265000000014 64.77522379739528 901.0680000000284 809.4619999999995 21791.0 3955616.0 8000.0 128.0 24020.0#24020.0#8000_26019.0#26019.0#8000 24019.0#24019.0#128_26018.0#26018.0#128
28000 32000 1657.3020000000251 585.6744999999937 438.8083600954549 999.9489999999641 124.26799999998184 31249.0 5744760.0 8000.0 128.0 28023.0#28023.0#8000_29520.0#29520.0#8000_31519.0#31519.0#8000 28021.0#28021.0#128_29520.0#29520.0#128_31518.0#31518.0#128
32000 36000 875.718025390699 781.0704936523252 376.26668735785955 998.3559999999707 219.823974609375 14632.659681843179 2397175.532654476 8000.0 128.0 33521.0#33521.0#8000_35520.0#35520.0#8000 33519.0#33519.0#128_35519.0#35519.0#128
36000 40000 830.4167246093857 792.3958188476536 232.559213503566 999.9610000000102 477.78125 25324.535188490554 4759324.583234039 8000.0 128.0 35520.0#35520.0#8000_37519.0#37519.0#8000_39523.0#39523.0#8000 37517.0#37517.0#128_39521.0#39521.0#128
40000 44000 2411.5062499999767 529.4979166666744 454.93839436237425 870.0310000000172 12.82575000001816 25085.805129666267 4516205.8841114845 8000.0 128.0 41024.0#41024.0#8000_42916.0#42916.0#8000 41021.0#41021.0#128_42915.0#42915.0#128
44000 48000 2320.9199999999837 839.5400000000081 21.529987273591377 854.7640000000247 824.3159999999916 23233.0 4040893.0 8000.0 128.0 45022.0#45022.0#8000_46911.0#46911.0#8000 45021.0#45021.0#128_46910.0#46910.0#128
48000 52000 2630.7759999999544 684.6120000000228 79.92569369108246 741.1280000000261 628.0960000000196 20670.0 3836500.0 8000.0 128.0 48893.0#48893.0#8000_51026.0#51026.0#8000 48891.0#48891.0#128_51024.0#51024.0#128
52000 56000 2471.447999999975 764.2760000000126 275.91872287322917 959.3800000000047 569.1720000000205 22798.0 4189887.0 8000.0 128.0 52900.0#52900.0#8000_54900.0#54900.0#8000 52898.0#52898.0#128_54895.0#54895.0#128
56000 60000 2998.335000000079 500.8324999999604 162.980334888866 616.076999999932 385.5879999999888 21554.0 4062739.0 8000.0 128.0 56525.0#56525.0#8000_58522.0#58522.0#8000 56521.0#56521.0#128_58521.0#58521.0#128
60000 64000 3000.270000000077 499.8649999999616 119.59438411559015 584.4309999999241 415.29899999999907 21885.0 4062895.0 8000.0 128.0 60526.0#60526.0#8000_62969.0#62969.0#8000 60524.0#60524.0#128_62967.0#62967.0#128
64000 68000 2910.012999999977 544.9935000000114 152.47414233403214 652.8090000000084 437.17800000001444 23270.0 4312933.0 8000.0 128.0 64526.0#64526.0#8000_66943.0#66943.0#8000 64523.0#64523.0#128_66941.0#66941.0#128
68000 72000 2518.2700000000186 740.8649999999907 87.68124086713189 802.8649999999907 678.8649999999907 20756.0 3915147.0 8000.0 128.0 68028.0#68028.0#8000_70919.0#70919.0#8000 68027.0#68027.0#128_70917.0#70917.0#128
72000 76000 2254.469000000099 872.7654999999504 4.2150635226190944 875.7459999999264 869.7849999999744 18810.0 3839553.0 8000.0 128.0 72033.0#72033.0#8000_74028.0#74028.0#8000 72027.0#72027.0#128_74027.0#74027.0#128
76000 80000 1758.6310000001104 747.1229999999632 256.9370256463471 914.3809999999357 451.27899999998044 26338.0 5628186.0 8000.0 128.0 76025.0#76025.0#8000_78027.0#78027.0#8000_79530.0#79530.0#8000 76023.0#76023.0#128_78025.0#78025.0#128_79529.0#79529.0#128
80000 84000 751.9160488280468 658.335051953129 464.84383343928437 998.6369999999879 43.59130859369179 15359.439907392456 2585177.696749809 8000.0 128.0 81523.0#81523.0#8000_83547.0#83547.0#8000 81522.0#81522.0#128_83545.0#83545.0#128
84000 88000 94.35066601552535 743.9166708984509 306.8075859706919 998.7210000000196 237.96728515625 24380.364574752566 3995344.894111421 8000.0 128.0 83547.0#83547.0#8000_85536.0#85536.0#8000_87525.0#87525.0#8000 85532.0#85532.0#128_87524.0#87524.0#128
88000 92000 1452.8812539062928 636.7796865234268 307.7577025848934 999.5779999999795 293.33203125 21734.992440682938 4388798.103034012 8000.0 128.0 87525.0#87525.0#8000_89027.0#89027.0#8000_90981.0#90981.0#8000 89023.0#89023.0#128_90978.0#90978.0#128
92000 96000 1783.1350312500726 738.9549895833092 36.68188709277245 778.0959999999614 705.3649687499856 19835.203077172042 4132802.3061047583 8000.0 128.0 93032.0#93032.0#8000_94923.0#94923.0#8000 93028.0#93028.0#128_94921.0#94921.0#128
96000 100000 2501.520000000077 749.2399999999616 207.78332765160937 896.1649999999208 602.3150000000023 21085.0 4502732.0 8000.0 128.0 96866.0#96866.0#8000_98922.0#98922.0#8000 96859.0#96859.0#128_98921.0#98921.0#128
100000 104000 3097.7690000000293 451.11549999998533 52.486415047061094 488.2289999999339 414.0020000000368 18766.0 3829822.0 8000.0 128.0 100531.0#100531.0#8000_102829.0#102829.0#8000 100527.0#100527.0#128_102824.0#102824.0#128
104000 108000 2870.625 564.6875 108.04662327206984 641.0879999999888 488.2870000000112 20732.0 4104447.0 8000.0 128.0 104523.0#104523.0#8000_106525.0#106525.0#8000 104521.0#104521.0#128_106523.0#106523.0#128
108000 112000 3036.9779999999446 481.5110000000277 20.250123999686533 495.8300000000745 467.1919999999809 17928.0 3672430.0 8000.0 128.0 108522.0#108522.0#8000_110522.0#110522.0#8000 108520.0#108520.0#128_110522.0#110522.0#128
112000 116000 2402.3390000000363 798.8304999999818 165.22044917170973 915.6589999999851 682.0019999999786 20066.0 4253851.0 8000.0 128.0 112028.0#112028.0#8000_114521.0#114521.0#8000 112027.0#112027.0#128_114520.0#114520.0#128
116000 120000 2656.1170000000275 671.9414999999863 127.49630239538274 762.0949999999721 581.7880000000005 19760.0 4028355.0 8000.0 128.0 116970.0#116970.0#8000_118030.0#118030.0#8000 116966.0#116966.0#128_118027.0#118027.0#128
120000 124000 2946.2949999999255 351.23500000002485 252.98586308921858 581.7889999999898 80.6020000000135 19848.0 3922651.0 8000.0 128.0 120818.0#120818.0#8000_122031.0#122031.0#8000 120815.0#120815.0#128_122028.0#122028.0#128
124000 128000 1983.6149999999325 672.1283333333558 560.8265921658287 999.9090000000433 24.558000000019092 20233.0 4145921.0 8000.0 128.0 124767.0#124767.0#8000_125527.0#125527.0#8000 124763.0#124763.0#128_125524.0#125524.0#128
128000 132000 2281.1898925781716 572.9367024739428 374.5795263373666 997.9369999999763 290.860107421875 26285.63589545528 5702123.966058459 8000.0 128.0 128771.0#128771.0#8000_130887.0#130887.0#8000_131523.0#131523.0#8000 128769.0#128769.0#128_130886.0#130886.0#128_131521.0#131521.0#128
132000 136000 701.794115234341 659.6411769531318 467.4903703421494 999.8369999999995 66.26789257815108 15491.41325616439 2890287.5105926613 8000.0 128.0 131523.0#131523.0#8000_133532.0#133532.0#8000_135527.0#135527.0#8000 133526.0#133526.0#128_135525.0#135525.0#128
136000 140000 1211.6787011718843 697.0803247070289 298.1050285929883 996.445000000007 288.373291015625 20672.32389111053 4521957.699672311 8000.0 128.0 135527.0#135527.0#8000_137029.0#137029.0#8000_139527.0#139527.0#8000 137026.0#137026.0#128_139525.0#139525.0#128
140000 144000 1912.9262910155812 695.6912363281396 18.548235603579048 707.7947089843801 674.3369999999995 22380.6269572698 4953485.823676569 8000.0 128.0 139527.0#139527.0#8000_141028.0#141028.0#8000_143027.0#143027.0#8000 141026.0#141026.0#128_143024.0#143024.0#128
144000 148000 2544.9330000001355 727.5334999999322 207.72888042942375 874.4199999998673 580.6469999999972 19759.0 4030095.0 8000.0 128.0 144883.0#144883.0#8000_147028.0#147028.0#8000 144881.0#144881.0#128_147025.0#147025.0#128
148000 152000 2996.466000000073 501.76699999996345 107.90873744973354 578.0699999999488 425.4639999999781 18929.0 3908832.0 8000.0 128.0 148890.0#148890.0#8000_150523.0#150523.0#8000 148888.0#148888.0#128_150522.0#150522.0#128
152000 156000 2941.2570000000997 529.3714999999502 13.24340290487841 538.7359999999753 520.006999999925 18702.0 3925972.0 8000.0 128.0 152933.0#152933.0#8000_154524.0#154524.0#8000 152929.0#152929.0#128_154521.0#154521.0#128
156000 160000 2972.3720000001485 513.8139999999257 55.618190981021264 553.1419999999343 474.4859999999171 20015.0 4112251.0 8000.0 128.0 156530.0#156530.0#8000_158525.0#158525.0#8000 156526.0#156526.0#128_158523.0#158523.0#128
160000 164000 2488.94100000005 755.5294999999751 185.01943904489193 886.3579999999492 624.7010000000009 19433.0 4072157.0 8000.0 128.0 160525.0#160525.0#8000_162028.0#162028.0#8000 160523.0#160523.0#128_162024.0#162024.0#128
164000 168000 2325.048999999999 837.4755000000005 46.753193265236455 870.5349999999744 804.4160000000265 18201.0 3763964.0 8000.0 128.0 164029.0#164029.0#8000_166025.0#166025.0#8000 164029.0#164029.0#128_166023.0#166023.0#128
168000 172000 2752.749999999942 623.6250000000291 350.4732334543636 871.4469999999856 375.80300000007264 20116.0 4113099.0 8000.0 128.0 168771.0#168771.0#8000_170020.0#170020.0#8000 168766.0#168766.0#128_170019.0#170019.0#128
172000 176000 1826.9241171875037 724.3586276041655 225.36924087636078 908.7469999999157 473.1298828125 27542.451782140928 5448237.286099733 8000.0 128.0 172023.0#172023.0#8000_174026.0#174026.0#8000_175528.0#175528.0#8000 172022.0#172022.0#128_174024.0#174024.0#128_175526.0#175526.0#128
176000 180000 651.8089453124558 669.6382109375088 453.8422909647785 999.960000000021 106.48711718752747 19449.70907122125 4049155.7862279294 8000.0 128.0 175528.0#175528.0#8000_177522.0#177522.0#8000_179522.0#179522.0#8000 177521.0#177521.0#128_179521.0#179521.0#128
180000 184000 82.98668164061382 783.4026636718772 340.03654285227356 998.0690000000177 217.437255859375 18836.339578142146 3608470.8008073107 8000.0 128.0 181522.0#181522.0#8000_183524.0#183524.0#8000 181521.0#181521.0#128_183522.0#183522.0#128
184000 188000 2084.928255859355 638.3572480468816 109.4647291571669 762.5147441406152 555.7549999999464 23096.499568495674 4933185.1268650275 8000.0 128.0 185028.0#185028.0#8000_186859.0#186859.0#8000 185024.0#185024.0#128_186856.0#186856.0#128
188000 192000 2488.6530000000494 755.6734999999753 149.39964204947552 861.3150000000023 650.0319999999483 20464.0 3863200.0 8000.0 128.0 188883.0#188883.0#8000_190835.0#190835.0#8000 188882.0#188882.0#128_190833.0#190833.0#128
192000 196000 2744.5860000000102 627.7069999999949 96.07884100053691 695.6450000000186 559.7689999999711 18027.0 3807660.0 8000.0 128.0 193024.0#193024.0#8000_194879.0#194879.0#8000 193021.0#193021.0#128_194876.0#194876.0#128
196000 200000 2779.953000000096 610.023499999952 148.50303065090267 715.030999999959 505.01599999994505 20254.0 4029544.0 8000.0 128.0 196820.0#196820.0#8000_198528.0#198528.0#8000 196815.0#196815.0#128_198526.0#198526.0#128
200000 204000 3053.807999999961 473.09600000001956 229.95253945546187 635.6970000000438 310.49499999999534 19430.0 3902676.0 8000.0 128.0 200894.0#200894.0#8000_202524.0#202524.0#8000 200890.0#200890.0#128_202523.0#202523.0#128
204000 208000 2783.841000000015 608.0794999999925 13.529074044381629 617.6459999999497 598.5130000000354 19672.0 4012427.0 8000.0 128.0 204916.0#204916.0#8000_206527.0#206527.0#8000 204915.0#204915.0#128_206526.0#206526.0#128
208000 212000 2281.277000000002 859.3614999999991 48.618540954031594 893.7399999999907 824.9830000000075 20110.0 4255918.0 8000.0 128.0 208023.0#208023.0#8000_210027.0#210027.0#8000 208020.0#208020.0#128_210020.0#210020.0#128
212000 216000 2330.3369999999413 834.8315000000293 68.54056740718072 883.2970000000205 786.3660000000382 19240.0 3903301.0 8000.0 128.0 212022.0#212022.0#8000_214026.0#214026.0#8000 212020.0#212020.0#128_214022.0#214022.0#128
216000 220000 1796.4159999999683 734.5280000000106 339.1321990020893 961.0080000000307 344.6280000000261 27324.0 5952284.0 8000.0 128.0 216029.0#216029.0#8000_218024.0#218024.0#8000_219528.0#219528.0#8000 216023.0#216023.0#128_218020.0#218020.0#128_219528.0#219528.0#128
220000 224000 2420.096689453232 526.6344368489226 339.8013976129313 890.765999999945 217.99399999994785 16734.900972432715 3263495.084139275 8000.0 128.0 222026.0#222026.0#8000_223528.0#223528.0#8000 222021.0#222021.0#128_223528.0#223528.0#128
224000 228000 1153.7273378906539 569.2545324218693 410.63640148213096 999.9520000000484 109.5836894530803 18299.95224594641 3402559.5757603957 8000.0 128.0 223528.0#223528.0#8000_225528.0#225528.0#8000_227528.0#227528.0#8000 225525.0#225525.0#128_227526.0#227526.0#128
228000 232000 466.32097265624907 883.4197568359377 138.11395739625058 998.0130000000354 708.1730273436988 16892.146781620875 3468980.3401003294 8000.0 128.0 227528.0#227528.0#8000_229522.0#229522.0#8000_231526.0#231526.0#8000 229519.0#229519.0#128_231522.0#231522.0#128
232000 236000 1375.9109999999637 874.6963333333455 209.8022316428975 999.1350000000093 632.4679999999935 22329.0 4391917.0 8000.0 128.0 233529.0#233529.0#8000_235022.0#235022.0#8000 233526.0#233526.0#128_235019.0#235019.0#128
236000 240000 2629.582999999984 685.2085000000079 27.384124315062135 704.5720000000438 665.8449999999721 19867.0 4058643.0 8000.0 128.0 237023.0#237023.0#8000_239023.0#239023.0#8000 237021.0#237021.0#128_239022.0#239022.0#128
240000 244000 2797.6639999999898 601.1680000000051 199.25420565703635 742.0620000000345 460.2739999999758 19079.0 4126007.0 8000.0 128.0 240856.0#240856.0#8000_243524.0#243524.0#8000 240852.0#240852.0#128_243522.0#243522.0#128
244000 248000 2914.234999999986 542.882500000007 25.814347260847754 561.1360000000568 524.6289999999572 19078.0 4051503.0 8000.0 128.0 244945.0#244945.0#8000_246948.0#246948.0#8000 244938.0#244938.0#128_246945.0#246945.0#128
248000 252000 3184.1180000000168 407.9409999999916 109.05000779456961 485.05099999997765 330.8310000000056 20331.0 4089255.0 8000.0 128.0 248909.0#248909.0#8000_250525.0#250525.0#8000 248907.0#248907.0#128_250523.0#250523.0#128
252000 256000 3284.5749999999534 357.7125000000233 123.56620290561672 445.08700000005774 270.3379999999888 17813.0 3836783.0 8000.0 128.0 252886.0#252886.0#8000_254521.0#254521.0#8000 252884.0#252884.0#128_254520.0#254520.0#128
256000 260000 2552.8889999999665 723.5555000000168 160.32444181877474 836.9220000000205 610.189000000013 19266.0 4080827.0 8000.0 128.0 256980.0#256980.0#8000_258025.0#258025.0#8000 256979.0#256979.0#128_258023.0#258023.0#128
260000 264000 2764.9130000000587 617.5434999999707 251.0886682518701 795.0899999999674 439.9969999999739 19945.0 4040800.0 8000.0 128.0 260519.0#260519.0#8000_262033.0#262033.0#8000 260517.0#260517.0#128_262029.0#262029.0#128
264000 268000 2585.1450000000186 707.4274999999907 238.5955056419037 876.140000000014 538.7149999999674 18694.0 4055522.0 8000.0 128.0 264953.0#264953.0#8000_266024.0#266024.0#8000 264952.0#264952.0#128_266023.0#266023.0#128
268000 272000 1874.1820703124395 708.6059765625201 205.611744980052 858.1130000000121 474.1279296875 27658.05673893442 5751074.027452778 8000.0 128.0 268023.0#268023.0#8000_270021.0#270021.0#8000_271528.0#271528.0#8000 268021.0#268021.0#128_270020.0#270020.0#128_271524.0#271524.0#128
272000 276000 752.0360468749423 649.5927906250115 482.03444305793545 999.9490000000224 29.864070312469266 17101.617148369893 3134400.4323828407 8000.0 128.0 271528.0#271528.0#8000_273529.0#273529.0#8000_275528.0#275528.0#8000 273526.0#273526.0#128_275528.0#275528.0#128
276000 280000 1007.6418828123715 748.0895292969071 344.8263199806923 999.7290000000503 257.35600000002887 23119.326112695686 5098158.540164381 8000.0 128.0 277540.0#277540.0#8000_279523.0#279523.0#8000 277534.0#277534.0#128_279521.0#279521.0#128
280000 284000 1167.4749999999767 944.1750000000078 94.55685415138512 999.3170000000391 834.9919999999693 20656.0 3977634.0 8000.0 128.0 281528.0#281528.0#8000_283029.0#283029.0#8000 281526.0#281526.0#128_283027.0#283027.0#128
284000 288000 2624.337999999989 687.8310000000056 104.27420859446595 761.564000000013 614.0979999999981 18932.0 4011137.0 8000.0 128.0 284933.0#284933.0#8000_287032.0#287032.0#8000 284933.0#284933.0#128_287027.0#287027.0#128
288000 292000 2821.969999999972 589.015000000014 34.44034288447594 613.3680000000168 564.6620000000112 20349.0 4037507.0 8000.0 128.0 288854.0#288854.0#8000_290895.0#290895.0#8000 288852.0#288852.0#128_290894.0#290894.0#128
292000 296000 2979.6639999999898 510.1680000000051 137.45872983558684 607.3660000000382 412.96999999997206 19930.0 3984277.0 8000.0 128.0 292810.0#292810.0#8000_294525.0#294525.0#8000 292804.0#292804.0#128_294519.0#294519.0#128
296000 300000 3033.298999999999 483.35050000000047 10.287696559482422 490.625 476.07600000000093 18993.0 3967139.0 8000.0 128.0 296840.0#296840.0#8000_298524.0#298524.0#8000 296838.0#296838.0#128_298521.0#298521.0#128
