ts te idle avg_span std_span max_span min_span c_bytes_all s_bytes_all avg_video_rate avg_audio_rate video_requests_sequence audio_requests_sequence
0 10000 9971.4130859375 28.5869140625  28.5869140625 28.5869140625 250.37914797080361 535.542207695536    
10000 20000 2732.2980351562146 807.5224405381983 233.00835520146708 999.5470000000205 411.09908593748696 55508.39832221925 1583401.8672878996    
20000 30000 3611.419779296906 709.8422467447882 369.0412601895539 999.8819999999832 133.02900000003865 31249.075370920003 778251.4242796424    
30000 40000 3468.5010996093624 725.7221000434042 388.15740187862536 999.8150000000023 157.66300000000047 36560.147158889944 1037670.1662247626    
40000 50000 6633.640000000072 561.059999999988 428.7117473799638 996.2000000000116 58.69099999999162 30182.0 1046970.0    
50000 60000 3648.310000000114 793.9612499999857 379.2921336368393 999.8790000000154 66.77399999997579 57792.0 2748644.0    
60000 70000 3908.438732422015 761.4451584472481 372.7551891015791 999.4249999999884 49.20100000000093 63771.720293031176 3193611.3848826587    
70000 80000 1309.1063203124795 869.0893679687521 245.16838336638966 999.7619999999879 277.42573242186336 68875.60417505163 3913883.15803905    
80000 90000 2588.1160449220333 823.5426616753297 225.91745744999096 999.935999999987 396.5550527343876 61161.18659999381 3528150.549914999    
90000 100000 1405.8077832032577 859.4192216796743 246.35928042805597 999.6739999999991 283.7220976562239 84241.0606791414 4362125.095770738    
100000 110000 1675.439064453356 832.4560935546644 286.6974141066281 999.8670000000275 282.50388085935265 80261.55360445086 4356495.834925221    
110000 120000 778.3440546874772 838.3323586647748 348.17495346980616 998.1140000000014 0.0 71288.87464833111 3770086.976467333    
120000 130000 2324.143888672057 959.4820139159929 98.81302115083459 999.8209999999963 716.339111328125 72172.29835207111 3475503.3002454787    
130000 140000 2973.5201933592325 780.7199785156408 365.9570577153783 999.1359999999986 48.852000000013504 64849.54826931004 3345283.239775879    
140000 150000 108.74581445322838 899.2049259587974 229.8349272466276 999.8740000000107 285.3230820312747 92521.37230703839 4910198.37757476    
150000 160000 1956.0371757813846 804.3962824218615 352.4638209836138 999.9839999999967 0.0 77954.67912971122 4166233.42373182    
160000 170000 1932.5829921875848 806.7417007812415 329.94030161410797 999.1749999999302 154.6479999999865 67080.97471735234 3729977.8837912027    
170000 180000 3178.494035156269 757.945107204859 346.7660486476346 999.9930000000168 45.70199999999022 61933.80874501588 3207335.111743618    
180000 190000 185.15393164067063 892.2587334872118 227.06446057741383 999.6630000000005 282.0860996093834 80129.52172774282 3930037.044922203    
190000 200000 1997.1517011718242 800.2848298828176 351.3838873976589 998.7389999999432 0.0 66428.64917125752 3306000.7803231534    
200000 210000 1498.9361523439875 850.1063847656012 246.21952161227173 999.7330000000075 281.1387324219104 77519.89350882481 3709800.3669927022    
210000 220000 2734.243115234305 807.3063205295216 318.7400604340621 999.7900000000373 135.67900000000373 60709.25407167588 3043332.4708991833    
220000 230000 1370.3520488280337 958.8497723524407 115.21917971558634 999.6940000000177 651.699951171875 74782.77585693343 3732826.457921751    
230000 240000 108.40706249990035 899.2357215909182 219.81887600408604 999.7920000000158 342.2900488281157 78357.62313621266 4079766.757843735    
240000 250000 1884.155888671754 811.5844111328246 339.7050283816011 998.1790000000037 23.77800000004936 69414.6010068539 3575009.784234514    
250000 260000 1635.3689999999478 929.4034444444502 186.79698468331551 999.1489999999758 432.7719999999972 61953.0 3024439.0    
260000 270000 2833.160017578164 895.8549978027295 200.2308738730002 999.0600000000559 463.4649999999674 63787.18401168978 3467798.7888163826    
270000 280000 156.2789648437174 894.883730468753 229.7934971593531 998.9250000000466 276.73301757813897 82998.73061866881 4601099.01573359    
280000 290000 2032.1000390624395 796.789996093756 332.9166736912564 999.0600000000559 87.13000000000466 66089.93209576189 3506633.4652081733    
290000 300000 1906.422046874999 809.3577953125001 344.02120466556823 999.6119999999646 21.226999999955297 63600.87112568823 3414368.655775149    
300000 310000 9715.38593164063 284.6140683593694  284.6140683593694 284.6140683593694 2343.2821481913074 165690.07446670457    
