ts te idle avg_span std_span max_span min_span c_bytes_all s_bytes_all avg_video_rate avg_audio_rate video_requests_sequence audio_requests_sequence
0 10000 7062.865914062539 734.2835214843653 378.1440714121928 997.9739999999874 195.9130859375 31332.62250288701 1061652.3400336646    
10000 20000 818.9801210936857 918.1019878906314 150.2478360043104 999.6739999999991 540.93896484375 74073.48598996266 3765510.8651220547    
20000 30000 1075.0190371092758 892.4980962890725 200.19056514654835 999.5650000000023 454.98503515624907 69860.4688453451 4109315.6853961693    
30000 40000 1182.0139277342823 881.7986072265718 206.1302305599725 999.454000000027 409.92807226564037 65205.42266180523 3696625.1094481116    
40000 50000 1963.7477148438338 892.9169205729073 204.58073383205485 999.9990000000107 486.6599999999744 71871.37243466383 3984645.5419596597    
50000 60000 34.33037304697791 905.9699660866384 208.64186717059644 999.4879999999539 416.9307148436783 81258.03576766443 4614949.470843398    
60000 70000 1996.3558066406986 800.3644193359302 340.0420414996847 999.2700000000186 31.564000000071246 70153.69261450526 3880702.5176292546    
70000 80000 1304.2231718750554 869.5776828124945 286.6519781693121 1000.0 152.83089453127468 74903.46491268501 4522489.927706732    
80000 90000 1617.2890214845538 838.2710978515446 330.941290797533 999.082999999926 38.909912109375 65606.82847471639 3787040.6574394847    
90000 100000 962.7729121093289 903.7227087890672 214.63498369391291 999.6930000000284 331.4400000000023 71241.60579576506 4276506.8844214715    
100000 110000 566.2397441408248 943.3760255859175 169.810477256645 999.8180000000284 460.187255859375 72905.38498074909 4104388.553464935    
110000 120000 2387.991148437548 845.7787612847169 223.3331125283666 999.8040000000037 523.9170000000158 59286.7661843377 3339769.973364264    
120000 130000 45.486144531168975 904.955805042621 210.42192650483148 999.8850000000093 412.6528925781022 80085.16209386782 4543579.830953961    
130000 140000 40.22101171879331 905.4344534801097 206.96139296836046 999.9430000000284 442.68903710937593 75042.50984138483 4358964.601237171    
140000 150000 1497.168990234437 850.2831009765563 226.2068273730577 999.7519999999204 464.1640488281264 72938.59893276566 4101730.2301564403    
150000 160000 1351.5389433594537 864.8461056640547 292.10481135494274 999.3669999999693 150.73603906249627 72530.76541162764 3927289.4049058817    
160000 170000 56.1370234375936 903.9875433238551 205.7357987591745 999.6240000000107 477.19898242189083 76644.93026849163 4349394.567302036    
170000 180000 98.01794140646234 900.1801871448671 209.60372606509586 999.619000000006 454.154052734375 72299.92612711672 3985339.2519878284    
180000 190000 2183.70502929698 868.4772189670023 195.67842419190762 998.2220000000088 544.6279472655733 69480.11784015207 3870548.1422045706    
190000 200000 103.76994335924974 899.6572778764319 216.08985049151931 998.3959999999497 418.6519765625126 80084.55438154726 4462194.391086437    
200000 210000 84.7977734375745 901.3820205965841 209.956847502673 999.3819999999832 468.334919921821 79120.83351387415 4339324.187548296    
210000 220000 48.32834374997765 904.6974232954566 207.87782439012855 999.8719999999739 457.261962890625 83031.33352819597 4057808.1562377308    
220000 230000 350.3439726562938 877.241457031246 269.9460814192757 999.8519999999553 173.364990234375 76187.32853723982 4200011.695625462    
230000 240000 1194.8439902344253 880.5156009765575 208.46449687457562 999.9129999999423 486.2290000000503 76707.78835864963 4349060.013924987    
240000 250000 2060.7790781250224 882.1356579861086 227.0003931838661 999.6620000000112 449.38300000003073 75247.33988229187 3998994.738168941    
250000 260000 2921.6579589844914 786.4824490017231 348.2464306284718 999.9710000000196 31.479999999981374 72130.52724672618 3451466.1149150506    
260000 270000 222.51506835932378 888.8622665127888 245.00113276527617 999.7010000000009 360.8070371093927 89592.34188277503 4868181.363756733    
270000 280000 154.84695117198862 895.0139135298192 229.3193730272444 999.9100000000326 320.116943359375 83114.97274031403 4521323.554576262    
280000 290000 2292.7196855469374 770.7280314453062 384.1296486916993 999.9960000000428 30.206056640599854 72767.78488181734 3859438.564280684    
290000 300000 77.9033027344849 902.0087906605014 210.7990825092118 999.9760000000242 461.50674218754284 78860.64348382704 4220595.1987228785    
300000 310000 9490.782955078175 509.2170449218247  509.2170449218247 509.2170449218247 5604.389882248513 287183.4655794516    
