ts te idle avg_span std_span max_span min_span c_ack_cnt c_ack_cnt_p c_bytes_all c_bytes_uniq s_ack_cnt s_ack_cnt_p s_bytes_all s_bytes_uniq avg_video_rate avg_audio_rate video_requests_sequence audio_requests_sequence
0.0 2000.0 2000.0 0.0 0.0 0.0 0.0 0.0 0.0 0.0 0.0 0.0 0.0 0.0 0.0 0.0 0.0 - -
2000.0 4000.0 2000.0 0.0 0.0 0.0 0.0 0.0 0.0 0.0 0.0 0.0 0.0 0.0 0.0 0.0 0.0 - -
4000.0 6000.0 2000.0 0.0 0.0 0.0 0.0 0.0 0.0 0.0 0.0 0.0 0.0 0.0 0.0 0.0 0.0 - -
6000.0 8000.0 2000.0 0.0 0.0 0.0 0.0 0.0 0.0 0.0 0.0 0.0 0.0 0.0 0.0 0.0 0.0 - -
8000.0 10000.0 2000.0 0.0 0.0 0.0 0.0 0.0 0.0 0.0 0.0 0.0 0.0 0.0 0.0 0.0 0.0 - -
10000.0 12000.0 2000.0 0.0 0.0 0.0 0.0 0.0 0.0 0.0 0.0 0.0 0.0 0.0 0.0 0.0 0.0 - -
12000.0 14000.0 2000.0 0.0 0.0 0.0 0.0 0.0 0.0 0.0 0.0 0.0 0.0 0.0 0.0 0.0 0.0 - -
14000.0 16000.0 1887.6440000000002 112.35599999999977  112.35599999999977 112.35599999999977 9.0 6.0 2654.0 2654.0 11.0 3.0 6907.0 6907.0 0.0 0.0 - -
16000.0 18000.0 986.16803515625 272.8754000000008 408.2876148112992 995.393 0.0 166.0 154.0 11153.0 9481.0 181.0 12.0 423415.0 423112.0 1500.0 128.0 16514.0#16514.0#1500_16518.0#16518.0#1500 16499.0#16499.0#128_16506.0#16506.0#128
18000.0 20000.0 798.480712890625 480.4660160156251 416.64282691022703 987.0229999999974 74.047119140625 148.17106566687065 143.2890579126967 4079.0064618116244 3832.0442906429184 163.40739520232495 4.88200775417395 360315.87908224907 343397.37729059014 1500.0 128.0 18793.0#18793.0#1500_19666.0#19666.0#1500 18928.0#18928.0#128_19704.0#19704.0#128
20000.0 22000.0 0.0 609.3125728236607 320.11029579892653 990.3389999999999 160.798095703125 444.07415351621273 437.1503613072004 5785.628624884491 5192.590796053196 487.80372727232606 6.762759649903071 843469.497496312 775665.1155437435 1104.0 128.0 18793.0#18793.0#1500_19666.0#19666.0#1500_21344.0#21344.0#840_21353.0#21353.0#840_21819.0#21819.0#840 19704.0#19704.0#128_21748.0#21748.0#128_21754.0#21754.0#128_21961.0#21961.0#128
22000.0 24000.0 243.40116406250309 627.6308547363287 226.83062091509666 943.6739999999991 341.19011328124907 405.14982838076094 394.50086774419475 8904.363817095866 8904.363817095866 432.19339147829703 8.809993195675338 833808.7802917359 820253.6640359632 1104.0 128.0 21819.0#21819.0#840_22056.0#22056.0#840_22545.0#22545.0#840_23233.0#23233.0#1500_23243.0#23243.0#1500 21961.0#21961.0#128_22187.0#22187.0#128_22680.0#22680.0#128_23307.0#23307.0#128_23314.0#23314.0#128
24000.0 26000.0 3.8181640624970896 557.7327996093751 426.8677560042046 999.9309999999969 51.78100000000268 388.29977012753903 383.46261271218975 4044.001130727276 4044.001130727276 428.0478441914844 4.545239400247642 756107.3335889908 756098.3335889908 1500.0 128.0 23243.0#23243.0#1500_24268.0#24268.0#1500_25215.0#25215.0#1500 24383.0#24383.0#128_25260.0#25260.0#128
26000.0 28000.0 9.641835937502037 339.6024475446424 366.6702363864988 995.7149999999965 69.82400000000052 383.45538021421 376.33307623017777 6436.774888751474 6436.774888751474 499.5218236988005 8.414221999133883 842578.1666321233 842578.1666321233 2500.0 128.0 25215.0#25215.0#1500_26718.0#26718.0#3000_26727.0#26727.0#3000 26704.0#26704.0#128_26710.0#26710.0#128
28000.0 30000.0 150.27012890626065 462.43246777343484 380.4765117418658 999.0659999999989 100.6279296875 302.1020442670921 299.51626626622595 2153.22507672927 2153.22507672927 501.56126458165795 2.5857780008661164 817937.9172384493 817937.9172384493 3000.0 128.0 26727.0#26727.0#3000_28377.0#28377.0#3000 28400.0#28400.0#128
30000.0 32000.0 27.70673046875163 459.3155559895834 398.7851966095905 999.4879999999976 17.70900000000256 363.02843140349887 357.7550419388168 3570.9132556860773 3570.9132556860773 529.7452271512933 5.273389464682021 862997.2422023823 862997.2422023823 3000.0 128.0 28377.0#28377.0#3000_30038.0#30038.0#3000_31838.0#31838.0#3000 30194.0#30194.0#128_31865.0#31865.0#128
32000.0 34000.0 4.815957031249127 687.1146733398436 422.7670007332043 998.7900000000009 62.879000000000815 309.0797021473783 305.4919885821311 2998.135495514359 2998.135495514359 504.57926576355834 3.5877135652472383 824838.1453448349 824838.1453448349 3000.0 128.0 31838.0#31838.0#3000_33557.0#33557.0#3000 33637.0#33637.0#128
34000.0 36000.0 2.824015625010361 733.5902373046811 400.8229264252526 998.3949999999895 138.68404101562191 352.8533577996489 349.8550173874929 2500.602627035332 2500.602627035332 603.3303465811857 2.9983404121559762 998220.9167447893 998220.9167447893 3000.0 128.0 33557.0#33557.0#3000_35556.0#35556.0#3000 35580.0#35580.0#128
36000.0 38000.0 235.67449609375763 524.6227851562489 323.91460648519734 895.5880000000034 140.16609179687657 323.7242541963178 320.58369763840307 2620.3486217642317 2620.3486217642317 529.364324696693 3.1405565579147643 899158.2072342548 899158.2072342548 3000.0 128.0 35556.0#35556.0#3000_37035.0#37035.0#3000 37058.0#37058.0#128
38000.0 40000.0 5.820125000005646 432.80737499999816 392.24259923972045 997.8580000000002 79.21399999999994 344.15001105298666 341.15001105298666 2502.0 2502.0 576.7029558757724 2.0 929074.068850371 929074.068850371 3000.0 128.0 37035.0#37035.0#3000_38628.0#38628.0#3000 38663.0#38663.0#128
40000.0 42000.0 538.1179140624954 318.1606183593743 391.1365266450832 997.6809999999969 65.82600000000093 222.33129916704695 219.33129916704695 2502.0 2502.0 365.06421556925557 3.0 600646.8085709242 600646.8085709242 3000.0 128.0 38628.0#38628.0#3000_40702.0#40702.0#3000 40697.0#40697.0#128
42000.0 44000.0 4.607597656249709 515.0218531249993 357.3632854142671 998.9300000000003 122.81300000000192 371.6584515355254 367.7514173666399 3265.722770201614 3265.722770201614 602.6679401054798 3.9070341688855272 1020898.9687083568 1020898.9687083568 3000.0 128.0 40702.0#40702.0#3000_42269.0#42269.0#3000 42186.0#42186.0#128
44000.0 46000.0 78.86820898437873 594.3039291992172 383.72047902058654 999.9839999999967 74.47371874999953 295.5756969572418 292.8453190248425 2274.9782190801525 2274.9782190801525 479.0955108477102 2.7303779323992305 807324.3894158483 807324.3894158483 3000.0 128.0 42269.0#42269.0#3000_44066.0#44066.0#3000_45748.0#45748.0#3000 44150.0#44150.0#128
46000.0 48000.0 4.932724609374418 548.7794609374993 326.14622107997855 995.1100000000006 126.50099999999657 337.372876498029 333.37368566358316 3341.3186826033457 3341.3186826033457 522.137266058352 3.9991908344457787 906306.426859135 906306.426859135 3000.0 128.0 45748.0#45748.0#3000_47588.0#47588.0#3000 46192.0#46192.0#128_47630.0#47630.0#128
48000.0 50000.0 3.814423828123836 667.2932363281252 238.2921473382713 891.0 362.15969726562616 313.20129478536995 310.2390948202968 2470.172370591581 2470.172370591581 504.8734377299418 2.962199965073137 855900.2766833615 855900.2766833615 3000.0 128.0 47588.0#47588.0#3000_49399.0#49399.0#3000 49419.0#49419.0#128
50000.0 52000.0 5.2983652343828 643.9354086914045 252.62008254799704 999.0489999999918 401.1477519531254 334.6967778776208 331.29558077842444 2839.807957523307 2839.807957523307 551.3205233114994 3.4011970991963265 907314.9186845665 907314.9186845665 3000.0 128.0 49399.0#49399.0#3000_51169.0#51169.0#3000 51190.0#51190.0#128
52000.0 54000.0 8.928990234380763 569.9735024414058 310.6408032232314 997.2179999999935 288.82300000000396 320.33341746810277 317.33341746810277 2502.0 2502.0 530.1249134770268 3.0 873845.5226756851 873845.5226756851 3000.0 128.0 51169.0#51169.0#3000_52852.0#52852.0#3000 52847.0#52847.0#128
54000.0 56000.0 10.220802734373137 524.7872685546863 342.57149966384355 997.3699999999953 186.865966796875 276.34522532357386 272.96718792201375 2815.7710432948966 2815.7710432948966 466.1831608547717 3.3780374015601167 766994.8459130101 766994.8459130101 3000.0 128.0 52852.0#52852.0#3000_54806.0#54806.0#3000 54803.0#54803.0#128
56000.0 58000.0 2.6350136718683643 525.0650029296885 442.3614744716718 998.6040000000066 100.7329999999929 251.95146455935048 248.93053598490206 2519.3707167922125 2519.3707167922125 462.8015328371814 2.821445586444166 716895.5845959053 716895.5845959053 3000.0 128.0 54806.0#54806.0#3000_56798.0#56798.0#3000 56796.0#56796.0#128
58000.0 60000.0 6.490716796863126 521.2915708007858 445.64386111543564 998.6230000000069 91.65700000000652 244.8866912717842 241.89224084015677 2497.3938582507567 2497.3938582507567 428.68470119880806 3.1939334196317004 678909.4872875519 678909.4872875519 3000.0 128.0 56798.0#56798.0#3000_58800.0#58800.0#3000 58798.0#58798.0#128
60000.0 62000.0 4.7717753906181315 513.3240126953133 454.4462308159162 995.6230000000069 55.9890000000014 239.52180066395562 236.70684320306884 2346.330953850793 2346.330953850793 429.42213587851654 2.814957460886771 689739.2530017075 689739.2530017075 3000.0 128.0 58800.0#58800.0#3000_60796.0#60796.0#3000 60793.0#60793.0#128
62000.0 64000.0 29.977183593742666 631.5565742187522 406.17924152986615 997.4630000000034 198.054931640625 263.2325563639895 258.9095328858859 3614.1196301657446 3614.1196301657446 473.0888001671465 4.323023478103591 771822.4472442372 771822.4472442372 3000.0 128.0 60796.0#60796.0#3000_62800.0#62800.0#3000 62796.0#62796.0#128_63685.0#63685.0#128
64000.0 66000.0 45.878070312493946 583.3929812500021 323.66268765319245 998.6760000000068 165.01708984375 328.0962121628837 325.4615045986048 2195.219824587917 2195.219824587917 541.2108847795488 2.634707564278923 881917.4656330943 881917.4656330943 3000.0 128.0 62800.0#62800.0#3000_64398.0#64398.0#3000 65192.0#65192.0#128
66000.0 68000.0 0.0 762.7837757812522 362.15047280961795 984.846000000005 123.330078125 368.5675805726264 364.7336854835317 3207.79397305768 3207.79397305768 608.3185894308162 3.8338950890947316 987402.5705138221 987043.8136678775 3000.0 128.0 64398.0#64398.0#3000_66047.0#66047.0#3000_67791.0#67791.0#3000 66867.0#66867.0#128
68000.0 70000.0 0.0 603.6704222656263 352.5808134839712 878.9780000000028 14.999109374999534 458.7076471941986 456.09645440009996 2174.624332631087 2174.624332631087 661.5426089038924 2.611192794098678 1087593.4099270953 1037370.1667730398 3000.0 128.0 66047.0#66047.0#3000_67791.0#67791.0#3000_69389.0#69389.0#3000 68902.0#68902.0#128
70000.0 72000.0 276.0299707031227 455.37902773437673 216.4015785986903 762.2550000000047 203.662109375 301.88890222134916 298.27456881778835 2829.375667368913 2829.375667368913 444.5856366952412 3.388807205901322 863388.8941110701 863388.8941110701 3000.0 128.0 69389.0#69389.0#3000_71147.0#71147.0#3000 70860.0#70860.0#128
72000.0 74000.0 4.444806640618481 581.0956070312502 295.6014780107858 999.0320000000065 211.5639999999985 311.8206956869117 308.0462218845712 2502.0 2502.0 468.38189869852715 3.0 888527.1351232292 888527.1351232292 3000.0 128.0 71147.0#71147.0#3000_72804.0#72804.0#3000 72797.0#72797.0#128
74000.0 76000.0 370.44623242187663 441.3542089843759 377.400421474586 999.4170000000013 181.26708984375 225.30309708792473 221.94026465998147 2803.1509151929135 2803.1509151929135 377.68564938594125 3.3628324279432693 638144.5711531065 638144.5711531065 3000.0 128.0 72804.0#72804.0#3000_74813.0#74813.0#3000 74809.0#74809.0#128
76000.0 78000.0 3.130828124980326 513.2720429687542 465.2347849635153 999.3650000000052 56.21899999999732 287.60492804038665 284.59896308508513 2506.9509129003454 2506.9509129003454 461.7235567427956 3.0059649553016206 803707.7769499957 803707.7769499957 3000.0 128.0 74813.0#74813.0#3000_76817.0#76817.0#3000 76812.0#76812.0#128
78000.0 80000.0 4.330789062500116 512.5082094726531 455.36876728489443 998.6779999999999 53.10599999999977 280.812606537098 277.97401709999116 2365.95536459517 2365.95536459517 478.1136658743511 2.8385894371068523 804249.0881796323 804249.0881796323 3000.0 128.0 76817.0#76817.0#3000_78792.0#78792.0#3000 78789.0#78789.0#128
80000.0 82000.0 31.329072265609284 525.5609711914149 429.2133962899066 998.023000000001 136.09200000001874 265.1284395671254 261.9544298865339 2648.501903094444 2648.501903094444 438.6647568036532 3.174009680591478 754143.9402634124 754143.9402634124 3000.0 128.0 78792.0#78792.0#3000_80810.0#80810.0#3000 80807.0#80807.0#128
82000.0 84000.0 5.848677734364173 512.5415805664088 458.7215572736551 999.7220000000088 56.01499999999942 284.27067634806224 281.2653565405315 2506.41544025049 2506.41544025049 474.8828279289645 3.0053198075307113 793538.3634011134 793538.3634011134 3000.0 128.0 80810.0#80810.0#3000_82801.0#82801.0#3000 82796.0#82796.0#128
84000.0 86000.0 1.8453593750018626 524.5616542968746 444.53834085496544 998.3479999999981 97.86500000001979 252.68150943792352 249.67053053695227 2511.1124878061655 2511.1124878061655 412.9895989591892 3.0109789009712835 716014.1414554635 716014.1414554635 3000.0 128.0 82801.0#82801.0#3000_84802.0#84802.0#3000 84797.0#84797.0#128
86000.0 88000.0 5.620181640639203 512.7037426757815 454.15678085493863 998.7160000000003 55.81900000000314 260.1195902638236 257.3086176866991 2343.0205611476936 2343.0205611476936 436.14813154602155 2.810972577124568 726000.8132208977 726000.8132208977 3000.0 128.0 84802.0#84802.0#3000_86791.0#86791.0#3000 86787.0#86787.0#128
88000.0 90000.0 29.322564453133964 531.6858061523453 418.91950239000045 998.176999999996 158.30700000001525 235.43671967960768 232.24843047454394 2660.3667180686125 2660.3667180686125 391.40530710285594 2.989810709246985 672677.3428256393 672677.3428256393 3000.0 128.0 86791.0#86791.0#3000_88799.0#88799.0#3000 88797.0#88797.0#128
90000.0 92000.0 9.58405078126816 580.4559687499932 379.70694861716885 997.2010000000009 193.843994140625 271.7629396508536 268.7680361233986 2497.769927787629 2497.769927787629 438.54146622255325 3.193382023271743 782876.5908140447 782876.5908140447 3000.0 128.0 88799.0#88799.0#3000_90802.0#90802.0#3000 90797.0#90797.0#128
92000.0 94000.0 4.102644531230908 513.2943222656213 455.0115298880828 998.9330000000191 55.82099999998172 244.19610768512678 241.38020880280897 2347.118478309713 2347.118478309713 389.02609283985726 2.8158988823178026 703192.3806584381 703192.3806584381 3000.0 128.0 90802.0#90802.0#3000_92793.0#92793.0#3000 92790.0#92790.0#128
94000.0 96000.0 31.965261718753027 520.3946718750012 433.9955367252319 999.6939999999886 117.14600000000792 297.7898616799328 294.6155756954064 2648.7349611710197 2648.7349611710197 509.28409558056455 2.9832632915600703 851795.0333293355 851795.0333293355 3000.0 128.0 92793.0#92793.0#3000_94808.0#94808.0#3000 94804.0#94804.0#128
96000.0 98000.0 2.366050781260128 519.8930200195282 456.89447177594445 998.7360000000044 38.979999999995925 274.22855047270014 271.37681748702255 2376.600594396255 2376.600594396255 426.22960279904197 2.0427556786439234 781381.4098317072 781381.4098317072 3000.0 128.0 94808.0#94808.0#3000_96765.0#96765.0#3000 96762.0#96762.0#128
98000.0 100000.0 1235.9950507812464 764.0049492187536  764.0049492187536 764.0049492187536 77.38838446735903 76.62216283896933 628.3017352795486 628.3017352795486 96.54392517710136 0.7662216283896933 208976.9882621198 208976.9882621198 3000.0 0.0 96765.0#96765.0#3000 -
100000.0 102000.0 702.1328945312416 451.6883111979162 476.2742887005153 997.6839999999938 121.64899999999034 172.8805091083484 169.62968829634622 2707.673065841797 2707.673065841797 315.477364924607 3.2508208120021913 506084.02206915384 506084.02206915384 3000.0 128.0 100761.0#100761.0#3000 100757.0#100757.0#128
102000.0 104000.0 67.13803710936918 531.7123992187495 356.7141191255339 999.2580000000016 158.70500000000175 278.7975973697825 273.6660253408547 4272.712992130122 4272.712992130122 422.25988428096406 5.131572028927831 769540.7947363753 769056.7947363753 2533.3333333333335 128.0 100761.0#100761.0#3000_102798.0#102798.0#2300_102804.0#102804.0#2300 103184.0#103184.0#128_103187.0#103187.0#128
104000.0 106000.0 4.410982421875815 734.1687397460919 227.1491368288532 997.1209999999992 457.4079999999958 360.07469386965704 355.7820651694502 3592.9820796652925 3592.9820796652925 556.6663697054164 4.292628700206809 996444.0541108485 996444.0541108485 2300.0 128.0 102804.0#102804.0#2300_104103.0#104103.0#2300_105325.0#105325.0#2300 104198.0#104198.0#128_105435.0#105435.0#128
106000.0 108000.0 4.927832031258731 541.9873022460852 366.5102727826816 996.1779999999853 177.2320000000036 280.2101896570399 276.88521119817676 2775.631862362789 2775.631862362789 373.29921591223825 3.3249784588631695 765135.6937236637 765135.6937236637 2300.0 128.0 105325.0#105325.0#2300_106744.0#106744.0#2300 107183.0#107183.0#128
108000.0 110000.0 483.5770292968664 427.13874267578285 384.06902142709197 999.7590000000055 192.1319999999978 189.0812689691185 185.78789261584632 2742.568609683192 2742.568609683192 260.60959651524706 3.293376353272185 530045.712873392 530045.712873392 2300.0 128.0 106744.0#106744.0#2300_108772.0#108772.0#2300 109188.0#109188.0#128
110000.0 112000.0 6.203058593731839 541.2769853515674 382.1410135692201 999.650999999998 171.3110000000015 229.40374482676927 226.4060735157472 2500.0904750380796 2500.0904750380796 323.57595472677554 1.9976713110220483 634272.5982224465 634272.5982224465 2300.0 128.0 108772.0#108772.0#2300_110729.0#110729.0#2300 111187.0#111187.0#128
112000.0 114000.0 26.54708398436196 542.0944790039066 376.9518493962529 998.0170000000217 194.92499999998836 213.15498993447235 210.17267100170895 2487.5015248659965 2487.5015248659965 292.275405999323 1.9823189327634105 590604.61822477 590604.61822477 2300.0 128.0 110729.0#110729.0#2300_112754.0#112754.0#2300 113185.0#113185.0#128
114000.0 116000.0 7.000007812486729 541.9059980468774 387.17199230194245 996.6720000000059 174.62399999999616 224.75835019911688 221.76169703243474 2499.255596679349 2499.255596679349 307.8679669082687 1.996653166682133 624682.0738053476 624682.0738053476 2300.0 128.0 112754.0#112754.0#2300_114751.0#114751.0#2300 115181.0#115181.0#128
116000.0 118000.0 24.848951171908993 543.4685122070223 387.3435321331912 999.5179999999818 198.72299999999814 223.61954658434797 220.39093131104113 2694.9495095191323 2694.9495095191323 310.9491315458127 1.979297754783538 621257.6313271151 621257.6313271151 2300.0 128.0 114751.0#114751.0#2300_116752.0#116752.0#2300 117181.0#117181.0#128
118000.0 120000.0 45.205083984386874 690.6212290039039 338.20075153921636 999.1900000000023 210.428955078125 213.8820946313483 210.28208509162403 3012.1307906678608 3012.1307906678608 293.6492719221984 3.031796075225132 578957.2904726235 578957.2904726235 2300.0 128.0 118739.0#118739.0#2300_119884.0#119884.0#2300 119186.0#119186.0#128
120000.0 122000.0 4.552970703138271 432.236839843749 443.6542128255134 999.5419999999867 43.87100000001374 344.8980205301904 340.60893964497706 3581.444868814052 3581.444868814052 547.1373396798451 4.10661186823589 948310.0243212074 948310.0243212074 2300.0 128.0 118739.0#118739.0#2300_119884.0#119884.0#2300_121008.0#121008.0#2300 120104.0#120104.0#128_121152.0#121152.0#128
122000.0 124000.0 196.4130722656264 467.7842568359338 462.53757933399766 874.52294921875 9.836999999999534 224.88587825206628 220.27360371405064 3839.0586247323386 3839.0586247323386 347.6460702778876 4.612274538015663 614752.5929915223 605857.4927880154 2766.6666666666665 128.0 121008.0#121008.0#2300_122802.0#122802.0#3000_122809.0#122809.0#3000 122795.0#122795.0#128_122799.0#122799.0#128
124000.0 126000.0 490.5290156250121 449.18379248046404 234.92297698703152 675.3619999999937 124.75205078124418 209.96838340719864 207.5153299708791 2041.4709933810468 2041.4709933810468 328.49062637234067 2.453053436319533 569584.9676307202 563960.0678342271 3000.0 128.0 122809.0#122809.0#3000_125546.0#125546.0#3000 125537.0#125537.0#128
126000.0 128000.0 824.6251191406045 406.992293619803 315.81309279823483 629.945000000007 45.602000000013504 196.38473266054353 194.83778609686306 1280.5290066189532 1280.5290066189532 339.0958012290754 1.546946563680467 536984.9254908141 536984.9254908141 3000.0 0.0 125546.0#125546.0#3000 -
128000.0 130000.0 705.6033144531248 640.2606595052057 377.8572290711455 999.1440000000002 245.927978515625 206.72326043194948 202.46862414712928 3550.801753552555 3550.801753552555 293.7653463756214 3.254636284820189 559546.5560741741 559546.5560741741 3000.0 128.0 128749.0#128749.0#3000 128743.0#128743.0#128_129184.0#129184.0#128
130000.0 132000.0 4.56901171876234 420.1625811941963 330.9747648108186 998.2429999999877 96.90599999998813 404.58976168545036 397.4363325926082 6496.789294439117 6496.789294439117 652.7041868004783 8.153429092842128 1106844.3405948714 1106844.3405948714 2475.0 128.0 128749.0#128749.0#3000_130407.0#130407.0#2300_130412.0#130412.0#2300_131590.0#131590.0#2300 131693.0#131693.0#128_131696.0#131696.0#128
132000.0 134000.0 4.800003906246275 582.1742490234392 298.6384774368528 999.2190000000119 333.497000000003 304.3287476236448 300.7368130013071 3000.4089520083285 3000.4089520083285 440.9142763723849 2.5919346223376825 859423.7282424128 859423.7282424128 2300.0 128.0 131590.0#131590.0#2300_132910.0#132910.0#2300 132928.0#132928.0#128
134000.0 136000.0 579.8150742187572 285.3213242187485 352.004629680409 995.4670000000042 98.16099999999278 211.30381986420835 205.80475797446263 4575.221368488965 4575.221368488965 336.52800808761504 4.499061889745741 570411.1650469643 570411.1650469643 2766.6666666666665 128.0 132910.0#132910.0#2300_134750.0#134750.0#3000_134754.0#134754.0#3000 134744.0#134744.0#128_134746.0#134746.0#128
136000.0 138000.0 4.426380859367782 514.8262260742194 427.9305013931019 998.5890000000072 63.67600000000675 276.89126430464364 274.1204110078739 2309.109084453714 2309.109084453714 483.67757268715764 2.770853296769721 771906.1124417483 771514.1955909278 3000.0 128.0 134754.0#134754.0#3000_136733.0#136733.0#3000 136729.0#136729.0#128
138000.0 140000.0 35.40679296874441 636.6093007812524 309.971443591317 999.9100000000035 251.798095703125 295.4577137449484 292.2227194705498 2699.7443996160114 2699.7443996160114 518.9211936118076 3.234994274398623 815308.3560837997 814248.2729346202 3000.0 128.0 136733.0#136733.0#3000_138742.0#138742.0#3000 138740.0#138740.0#128
140000.0 142000.0 3.983843750000233 513.0282890625022 435.11788671542 999.3319999999949 56.09700000000885 258.372647169829 255.3710881838489 2503.2939583634725 2503.2939583634725 474.73328745776496 3.001558985980087 741740.3856441919 741740.3856441919 3000.0 128.0 138742.0#138742.0#3000_140744.0#140744.0#3000 140740.0#140740.0#128
142000.0 144000.0 5.392605468747206 512.9875166015627 432.31150811145307 997.7280000000028 55.94800000000396 254.40188317443685 251.64213415280574 2299.929513268543 2299.929513268543 471.8429306755335 2.759749021631079 727252.471149001 727252.471149001 3000.0 128.0 140744.0#140744.0#3000_142738.0#142738.0#3000 142734.0#142734.0#128
144000.0 146000.0 36.455914062506054 557.3626982421847 361.79723318497213 996.9320000000007 251.714111328125 269.81517739227536 266.8218631348226 2496.517691111284 2496.517691111284 504.1553286610462 2.993314257452785 773860.0729727094 773860.0729727094 3000.0 128.0 142738.0#142738.0#3000_144745.0#144745.0#3000 144741.0#144741.0#128
146000.0 148000.0 51.02035742189037 545.8152080078071 378.59673751176217 998.2429999999877 218.616943359375 252.03951420316045 248.85614108884462 2656.795002141926 2656.795002141926 435.19025649410037 3.183373114315838 699446.8874012564 699446.8874012564 3000.0 128.0 144745.0#144745.0#3000_146775.0#146775.0#3000 146774.0#146774.0#128
148000.0 150000.0 5.69803125000908 512.127492187501 443.40444378188687 996.3129999999946 54.20800000001327 248.61839969947425 245.5997012476982 2517.519714974127 2517.519714974127 404.8043140008887 3.0186984517760567 671855.291963428 671855.291963428 3000.0 128.0 146775.0#146775.0#3000_148767.0#148767.0#3000 148763.0#148763.0#128
150000.0 152000.0 2.432619140628958 512.7235952148476 443.1412661639587 999.3319999999949 53.327000000019325 276.47439844650626 273.46513471772704 2509.6888948867927 2509.6888948867927 455.1437003292474 3.009263728779268 748927.4856320423 748927.4856320423 3000.0 128.0 148767.0#148767.0#3000_150764.0#150764.0#3000 150759.0#150759.0#128
152000.0 154000.0 4.8033378906256985 512.9601655273436 440.3437472806865 999.5359999999928 56.64400000000023 273.76061517839213 270.75362952376884 2507.7980933373174 2507.7980933373174 462.4223190860622 3.0069856546232736 745604.3240437865 745604.3240437865 3000.0 128.0 150764.0#150764.0#3000_152757.0#152757.0#3000 152752.0#152752.0#128
154000.0 156000.0 3.132896484370576 513.1732758789076 438.1886891467167 998.994000000006 55.82600000000093 279.0568162134183 276.044608901841 2512.132068609196 2512.132068609196 466.6336979746222 2.7671773180524357 754152.1720865621 754152.1720865621 3000.0 128.0 152757.0#152757.0#3000_154753.0#154753.0#3000 154748.0#154748.0#128
156000.0 158000.0 11.692021484399447 511.34724462890154 437.22372795345206 997.6289999999863 57.08100000000559 293.4503565792194 290.4541785718161 2498.827746144659 2498.827746144659 491.9488589363643 2.9980890037016024 821305.1602030299 821305.1602030299 3000.0 128.0 154753.0#154753.0#3000_156755.0#156755.0#3000 156749.0#156749.0#128
158000.0 160000.0 5.277101562503958 564.5387246093742 370.87909930516554 998.5270000000019 248.283935546875 260.8976042243611 258.1246036385824 2310.9981003940115 2310.9981003940115 457.94284466770137 3.01611958300522 752619.5361088993 752619.5361088993 3000.0 128.0 156755.0#156755.0#3000_158750.0#158750.0#3000 158746.0#158746.0#128
160000.0 162000.0 50.23992382813594 684.3232919921866 320.0095019186319 999.1140000000014 240.756103515625 297.66245778234673 293.678609051752 3328.75595908767 3328.75595908767 498.44947498763776 3.9838487305947194 835672.4551399596 835672.4551399596 3000.0 128.0 158750.0#158750.0#3000_160752.0#160752.0#3000 160751.0#160751.0#128_161188.0#161188.0#128
162000.0 164000.0 0.0 681.9167597656196 295.38482326711755 995.8070000000007 192.89990234375 405.8128400446752 402.8630154926225 2465.100193666639 2465.100193666639 682.1708668448314 2.9498245520527995 1109966.7806468727 1109966.7806468727 3000.0 128.0 160752.0#160752.0#3000_162274.0#162274.0#3000_163805.0#163805.0#3000 163200.0#163200.0#128
164000.0 166000.0 0.0 674.3167495117159 172.03753053747363 832.597900390625 485.3319999999949 313.7075866419915 310.0654112092519 3042.711714366756 3042.711714366756 501.83041595253434 3.642175432739615 894411.7352784335 894411.7352784335 3000.0 128.0 163805.0#163805.0#3000_165166.0#165166.0#3000 164785.0#164785.0#128
166000.0 168000.0 329.49191406249884 504.9285214843767 313.59330719256815 878.9510000000009 164.42109960937523 307.4852164659724 304.3203037615913 2640.856497088916 2640.856497088916 441.2276821007638 3.1649127043811354 867976.1232402059 867976.1232402059 3000.0 128.0 165166.0#165166.0#3000_167042.0#167042.0#3000 166786.0#166786.0#128
168000.0 170000.0 1222.4636835937563 267.0983378906191 165.40057164203273 371.3400136718701 76.3859999999986 142.1499191290959 141.1499191290959 820.0 820.0 193.99343789583676 1.0 386674.8600056508 386674.8600056508 3000.0 0.0 167042.0#167042.0#3000 -
170000.0 172000.0 703.7036015624471 690.805767578131 395.57879685584777 997.0629999999946 244.1853027344041 201.01584791227734 196.7619983009917 3550.1566812542346 3550.1566812542346 261.1698323637034 3.2538496112856516 529993.0271317228 529993.0271317228 3000.0 128.0 170754.0#170754.0#3000 170749.0#170749.0#128_171188.0#171188.0#128
172000.0 174000.0 0.0 507.17720434569856 393.5125831421105 999.8559999999998 11.93798828125 412.0123419082962 404.8663471698025 6426.220946771653 6426.220946771653 647.994167604334 7.1459947384936715 1144031.8813737335 1144031.8813737335 2650.0 128.0 170754.0#170754.0#3000_172194.0#172194.0#3000_173619.0#173619.0#2300_173625.0#173625.0#2300 173699.0#173699.0#128_173707.0#173707.0#128
174000.0 176000.0 0.0 841.3417607421943 146.63454820477915 955.5749999999825 626.071050781291 335.6624216734713 332.0622660232506 3007.622371974113 3007.622371974113 502.4969561421464 3.600155650220677 948509.6314283158 948509.6314283158 2300.0 128.0 173625.0#173625.0#2300_174882.0#174882.0#2300 173707.0#173707.0#128_175191.0#175191.0#128
176000.0 178000.0 623.0997226561885 280.0396858724077 356.90057954584455 998.6680000000051 72.47700000004261 218.50324431429976 213.2616416496295 4359.11418502961 4359.11418502961 229.84168104546893 5.241602664670255 546987.7791507181 546987.7791507181 2766.6666666666665 128.0 174882.0#174882.0#2300_176764.0#176764.0#3000_176769.0#176769.0#3000 176752.0#176752.0#128_176758.0#176758.0#128
178000.0 180000.0 1243.5980957031134 378.2009521484433 474.1772545099949 713.4949042968801 42.90700000000652 74.80614419165546 74.04774685632572 621.8858149703904 621.8858149703904 69.49736284434725 0.7583973353297444 170530.6809155098 170530.6809155098 3000.0 0.0 176769.0#176769.0#3000 -
180000.0 182000.0 702.2020605469297 559.6782499999827 510.4068270261887 997.4100000000035 5.038999999931548 183.10387952724042 177.851258197409 3549.1494904617566 3549.1494904617566 286.81882857341606 5.252621329831411 504662.0980007126 504662.0980007126 3000.0 128.0 180751.0#180751.0#3000 180745.0#180745.0#128_181189.0#181189.0#128
182000.0 184000.0 3.1691249999857973 411.77446568081257 348.18173615891067 998.1590000000142 97.774000000034 376.0693229774972 370.8860983851586 4320.832776005367 4320.832776005367 611.2729691601098 5.18322459233857 1028955.6059065966 1028955.6059065966 2475.0 128.0 180751.0#180751.0#3000_182315.0#182315.0#2300_182320.0#182320.0#2300_183562.0#183562.0#2300 183691.0#183691.0#128_183694.0#183694.0#128
184000.0 186000.0 9.640312500006985 619.8849218749965 255.67625196965656 995.122000000003 433.0959472655959 298.2560777329061 294.69192365507604 2977.0177335328763 2977.0177335328763 497.49560680594095 3.5641540778300196 796929.3697662173 796929.3697662173 2300.0 128.0 183562.0#183562.0#2300_185016.0#185016.0#2300 185040.0#185040.0#128
186000.0 188000.0 366.4661386718508 484.67749462891516 344.9275136244429 997.5180000000109 249.77392578125 211.9095381872448 208.64954902738344 2715.191111086317 2715.191111086317 316.7311645622329 3.2599891598613624 600251.8841279512 600251.8841279512 2300.0 128.0 185016.0#185016.0#2300_186747.0#186747.0#2300 186741.0#186741.0#128
188000.0 190000.0 46.8093906249851 410.46455338542484 370.89302255994556 997.0070000000123 77.41599999999744 263.4071565060877 258.1998780197925 4335.64103522362 4335.64103522362 400.6880837293994 5.2072784862951895 728343.6676429505 728343.6676429505 2766.6666666666665 128.0 186747.0#186747.0#2300_188764.0#188764.0#3000_188768.0#188768.0#3000 188751.0#188751.0#128_188757.0#188757.0#128
190000.0 192000.0 4.628226562519558 512.8441616211057 437.00257479464767 997.6540000000095 55.890000000043074 288.1038731965277 285.3142872287528 2324.787817113878 2324.787817113878 475.85036272733436 2.7895859677749315 799174.0345546965 799174.0345546965 3000.0 128.0 188768.0#188768.0#3000_190751.0#190751.0#3000 190747.0#190747.0#128
192000.0 194000.0 50.70177734369645 522.0265410156426 401.5837902815267 996.3630000000121 143.36800000001676 269.002914893946 265.77888912418666 2690.5099250395742 2690.5099250395742 456.2691640432679 3.2240257697593484 766915.7736724096 766915.7736724096 3000.0 128.0 190751.0#190751.0#3000_192759.0#192759.0#3000 192753.0#192753.0#128
194000.0 196000.0 5.96294726562337 512.5305131835921 438.4443817396176 998.6270000000077 56.08499999999185 258.6654839793927 255.66146725537828 2505.333880931985 2505.333880931985 444.9699441920257 3.0040167240144395 719852.7102119838 719852.7102119838 3000.0 128.0 192759.0#192759.0#3000_194757.0#194757.0#3000 194749.0#194749.0#128
196000.0 198000.0 4.461802734353114 527.8672993164218 417.80256666211955 998.9649999999965 115.93100000004051 294.38990547773153 291.38795375257956 2503.6199318761032 2503.6199318761032 508.73980058984847 2.7585278087233305 834091.9117424127 834091.9117424127 3000.0 128.0 194757.0#194757.0#3000_196752.0#196752.0#3000 196748.0#196748.0#128
198000.0 200000.0 10.781421875057276 520.1321445312351 427.4996904429394 997.905999999959 91.30999999999767 267.85006173253817 264.8639049086321 2490.5101638420697 2490.5101638420697 442.6934155601461 2.993078411953054 728916.987913326 728916.987913326 3000.0 128.0 196752.0#196752.0#3000_198760.0#198760.0#3000 198754.0#198754.0#128
200000.0 202000.0 8.94766406249255 521.40155273438 428.1284628585606 997.3949999999895 95.88200000001234 251.478194818205 248.48241793963004 2498.4948092172017 2498.4948092172017 418.6302843374713 3.232279206956597 682983.4247206919 682983.4247206919 3000.0 128.0 198760.0#198760.0#3000_200766.0#200766.0#3000 200761.0#200761.0#128
202000.0 204000.0 0.8160136718361173 513.1127465820391 438.73344176454293 999.7840000000433 53.26699999999255 309.65060511685977 306.86222918988136 2323.780444768859 2323.780444768859 511.6425226793466 2.7883759269783437 868981.635598196 868981.635598196 3000.0 128.0 200766.0#200766.0#3000_202752.0#202752.0#3000 202748.0#202748.0#128
204000.0 206000.0 46.97016992181307 522.6062304687584 402.86595881850707 998.573000000004 141.82600000000093 225.14825102547616 222.16378596936758 2489.261346009051 2489.261346009051 382.603482645759 2.984465056108599 632972.7006650774 632972.7006650774 3000.0 128.0 202752.0#202752.0#3000_204759.0#204759.0#3000 204754.0#204754.0#128
206000.0 208000.0 1247.958003906242 752.0419960937579  752.0419960937579 752.0419960937579 109.96473482834683 109.20635734677204 621.8695348913408 621.8695348913408 189.59437039370144 0.7583774815748058 303686.1954767784 303686.1954767784 3000.0 0.0 204759.0#204759.0#3000 -
208000.0 210000.0 703.2100156250235 452.31763736978365 476.0951050985901 997.8310000000056 120.58699999999953 186.22460081545537 182.7436366241799 2898.5549757066115 2898.5549757066115 300.1846147533867 1.4809641912754534 499215.1763247483 499215.1763247483 3000.0 128.0 208757.0#208757.0#3000 208753.0#208753.0#128
210000.0 212000.0 4.405953124951338 601.6966242187598 271.5846851429169 996.0959999999905 325.9349999999977 382.36976389828845 376.42782346076274 4960.530721743981 4960.530721743981 492.2024526660598 5.941940437525726 1058041.9198972126 1058041.9198972126 2475.0 128.0 208757.0#208757.0#3000_210246.0#210246.0#2300_210254.0#210254.0#2300_211576.0#211576.0#2300 210504.0#210504.0#128_210508.0#210508.0#128_211705.0#211705.0#128
212000.0 214000.0 7.225316406285856 600.5909882812484 290.3799123317461 995.5550000000221 297.635986328125 305.4364057496862 301.85931037848735 2987.9143025494072 2987.9143025494072 402.4419447317876 3.577095371198821 853996.3326387298 853996.3326387298 2300.0 128.0 211576.0#211576.0#2300_212885.0#212885.0#2300 212998.0#212998.0#128
214000.0 216000.0 2.8870820312877186 638.7157812499966 283.10359765588703 999.7970000000205 260.1250136718736 356.34764325823085 351.85769580440865 3754.650386429375 3754.650386429375 547.7912221158265 4.489947453822183 945014.8169505012 945014.8169505012 2300.0 128.0 212885.0#212885.0#2300_214172.0#214172.0#2300_215447.0#215447.0#2300 214189.0#214189.0#128_215635.0#215635.0#128
216000.0 218000.0 9.15782617178047 434.81219889324956 352.3029680972284 996.8450000000012 49.90602539063548 278.73019987014027 274.1194684890137 3845.9198349275807 3845.9198349275807 371.79041582958695 4.610731381126573 776582.8099142037 776582.8099142037 2766.6666666666665 128.0 215447.0#215447.0#2300_216895.0#216895.0#3000_216898.0#216898.0#3000 215635.0#215635.0#128_216778.0#216778.0#128
218000.0 220000.0 1.5219765624788124 457.59539609375645 455.2796263909573 999.6039999999921 21.687999999994645 301.40095508672925 297.0511061555936 3620.367824493124 3620.367824493124 420.5979319387247 4.12458504809346 848326.3131415186 848326.3131415186 3000.0 128.0 216898.0#216898.0#3000_218781.0#218781.0#3000 218777.0#218777.0#128_218779.0#218779.0#128
220000.0 222000.0 8.215179687511409 561.088205078122 372.1615426085439 999.2080000000133 251.35888671875 246.64449591324933 244.09502367933374 2128.0619541499204 2128.0619541499204 335.627306022432 2.7747361169577833 704776.5070826461 704776.5070826461 3000.0 128.0 218781.0#218781.0#3000_220744.0#220744.0#3000 220740.0#220740.0#128
222000.0 224000.0 4.178710937470896 579.7973452148508 347.77414679199745 997.0 215.749267578125 280.0388686835133 276.5965515126755 2869.123251795351 2869.123251795351 285.00893511955667 3.2211585854188862 775042.6973038721 775042.6973038721 3000.0 128.0 220744.0#220744.0#3000_222782.0#222782.0#3000 222779.0#222779.0#128
224000.0 226000.0 8.849167968786787 603.4132080078052 341.4460095039889 997.9569999999949 233.4020996093459 307.3009099402276 304.2646347022245 2532.108447542564 2532.108447542564 438.6853847122265 3.2574338234219757 843819.9592957112 843819.9592957112 3000.0 128.0 222782.0#222782.0#3000_224765.0#224765.0#3000 224758.0#224758.0#128
226000.0 228000.0 5.361246093787486 513.088727050781 431.8342068508085 996.0659999999916 56.1140000000014 221.97670722483673 219.4552996336776 2104.7683006620846 2104.7683006620846 285.6017808792105 2.5214075911591376 628832.5120988106 628832.5120988106 3000.0 128.0 224765.0#224765.0#3000_226739.0#226739.0#3000 226736.0#226736.0#128
228000.0 230000.0 5.55563476565294 563.3948222656254 357.7861812479978 998.9700000000012 201.529296875 305.8879836384296 302.4709463725651 2848.1409306675455 2848.1409306675455 312.5924707782601 3.4170372658645127 850145.0673307892 850145.0673307892 3000.0 128.0 226739.0#226739.0#3000_228783.0#228783.0#3000 228779.0#228779.0#128
230000.0 232000.0 8.223341796867317 533.919164550789 413.76011721501226 997.7710000000079 143.90000000002328 310.86312923573246 307.81192251383766 2544.501579172652 2544.501579172652 451.6810113757582 3.051206721894761 861277.9807596948 861277.9807596948 3000.0 128.0 228783.0#228783.0#3000_230765.0#230765.0#3000 230757.0#230757.0#128
232000.0 234000.0 4.2346914062218275 460.02911249999886 389.4761927509478 997.2989999999991 142.51699999999255 266.1892467131297 262.77001094210715 2532.94039512829 2532.94039512829 330.06519855992553 3.0372775844919158 754464.4536781285 754464.4536781285 3000.0 128.0 230765.0#230765.0#3000_232746.0#232746.0#3000 232743.0#232743.0#128
234000.0 236000.0 0.9289238281489816 462.8735042968765 392.0782493837185 999.5430000000051 53.61499999999069 212.2325473646242 208.8514731901326 2302.6313203157306 2302.6313203157306 322.1539655037815 2.7630323610222467 604423.1220903592 604423.1220903592 3000.0 128.0 232746.0#232746.0#3000_234738.0#234738.0#3000 234735.0#234735.0#128
236000.0 238000.0 44.814878906239755 565.209498535165 355.20019934922675 998.2460000000428 238.634033203125 266.44213661999424 263.2263201638413 2683.813197939702 2683.813197939702 353.4500330521784 2.9736312614397686 762856.7741613247 762856.7741613247 3000.0 128.0 234738.0#234738.0#3000_236752.0#236752.0#3000 236749.0#236749.0#128
238000.0 240000.0 6.622039062465774 552.7547402343844 384.4371210407285 999.8310000000056 217.64100000000326 285.66714261837603 282.65146541422604 2515.0120794445 2515.0120794445 386.3796391799636 3.007838602075 798435.2914125826 798435.2914125826 3000.0 128.0 236752.0#236752.0#3000_238752.0#238752.0#3000 238745.0#238745.0#128
240000.0 242000.0 5.965042968717171 524.321489257818 417.4003241959431 999.3969999999972 103.25099999998929 258.28280537037705 255.27230877602025 2510.7121733161043 2510.7121733161043 325.0154185004557 3.005248297178376 739156.2602840919 739156.2602840919 3000.0 128.0 238752.0#238752.0#3000_240743.0#240743.0#3000 240739.0#240739.0#128
242000.0 244000.0 7.047994140593801 575.7167514648681 356.0046611101331 997.8710000000428 253.48095703125 247.42155402102182 244.932098208955 2078.248324015475 2078.248324015475 349.04175964019805 2.744727906033419 691477.619803041 680576.1482564041 3000.0 128.0 240743.0#240743.0#3000_242743.0#242743.0#3000 242741.0#242741.0#128
244000.0 246000.0 5.949781250033993 641.951981445316 403.98399794587203 998.8239999999932 61.3798828125 273.43797199537056 270.36283359525044 2565.266532901115 2565.266532901115 408.65872105821416 3.075138400120089 788346.597968936 786180.069515573 3000.0 128.0 242743.0#242743.0#3000_244937.0#244937.0#3000 244934.0#244934.0#128
246000.0 248000.0 39.14000976562966 672.7130579427176 327.39292324445057 950.7580566406541 311.86999999999534 326.4323842409659 323.507522641086 2438.733467098885 2438.733467098885 349.84709597369164 2.924861599879911 942042.3298374277 942042.3298374277 3000.0 128.0 244937.0#244937.0#3000_246751.0#246751.0#3000 246749.0#246749.0#128
248000.0 250000.0 7.065179687429918 553.9157055664255 471.38331089302386 997.5979999999981 46.23794335938874 231.6466015423641 228.37831930209066 2721.991437024223 2721.991437024223 350.32638663822974 3.2682822402734426 661908.5003084871 661908.5003084871 3000.0 128.0 246751.0#246751.0#3000_248736.0#248736.0#3000 248733.0#248733.0#128
250000.0 252000.0 1285.6868789062719 714.3131210937281  714.3131210937281 714.3131210937281 109.02594619925705 108.2942284395305 600.0085629757771 600.0085629757771 185.85631097054556 0.7317177597265574 297825.9577171826 297825.9577171826 3000.0 0.0 248736.0#248736.0#3000 -
252000.0 254000.0 705.1910039062495 640.7347604166716 373.4507385821845 995.9130000000005 251.36328125 191.68124635580247 187.42985215306553 3548.1432462442926 3548.1432462442926 212.17845795032858 1.251394202736942 532112.9404316437 532112.9404316437 3000.0 128.0 252747.0#252747.0#3000 252744.0#252744.0#128_253184.0#253184.0#128
254000.0 256000.0 11.655890625028405 533.3414531250019 361.50888652509855 961.6340000000782 171.26500000001397 377.31875364419756 371.57014784693445 4796.856753755707 4796.856753755707 481.8215420496714 5.748605797263058 1033165.0595683563 1032677.0595683563 1875.0 128.0 252747.0#252747.0#3000_254197.0#254197.0#1500_254197.0#254197.0#1500_255126.0#255126.0#1500 255202.0#255202.0#128_255205.0#255205.0#128
256000.0 258000.0 1100.5810000000056 527.359999999986 526.1708838029832 899.4189999999944 155.30099999997765 156.0 153.0 2502.0 2502.0 164.0 3.0 423000.0 423000.0 1500.0 128.0 256730.0#256730.0#1500 257192.0#257192.0#128
258000.0 260000.0 948.4307070312789 667.8000872395738 567.8653811566585 998.3939999999711 12.09326171875 154.86505603456644 149.8370100791594 4207.123890233083 4207.123890233083 246.89310198997345 5.028045955407014 411818.9380795038 411818.9380795038 1500.0 128.0 258738.0#258738.0#1500_259685.0#259685.0#1500 258733.0#258733.0#128_259186.0#259186.0#128
260000.0 262000.0 2.6793164062546566 464.1757433593739 426.5718666356971 997.7449999999953 74.1479999999865 414.38752960622986 406.9453407902258 6633.170970038074 6633.170970038074 444.5350705793504 7.207071430298503 851824.5729594836 851824.5729594836 2500.0 128.0 259685.0#259685.0#1500_260768.0#260768.0#3000_260770.0#260770.0#3000 260760.0#260760.0#128_260765.0#260765.0#128
262000.0 264000.0 5.6740957029978745 558.8899760742497 375.62990927696205 999.7320000000764 241.23399999999674 358.5425693084549 355.5079654741405 2530.7211824809497 2530.7211824809497 506.53149497459196 3.269721220019913 793704.6166792188 793704.6166792188 3000.0 128.0 260770.0#260770.0#3000_262746.0#262746.0#3000 262742.0#262742.0#128
264000.0 266000.0 4.373031250026543 512.8957578124973 435.73902080095144 999.2089999999735 53.179000000003725 260.6044411775366 257.60283468444294 2503.3333892677956 2503.3333892677956 461.00251587560126 3.001606493093729 742110.362968357 742110.362968357 3000.0 128.0 262746.0#262746.0#3000_264742.0#264742.0#3000 264740.0#264740.0#128
266000.0 268000.0 2.6780000000144355 512.8984960937378 435.439656422456 998.1969999999856 53.22999999998137 246.3535275990013 243.59670697778213 2297.528458411536 2297.528458411536 449.6440437501826 2.7568206212191804 712148.3545289445 712148.3545289445 3000.0 128.0 264742.0#264742.0#3000_266744.0#266744.0#3000 266742.0#266742.0#128
268000.0 270000.0 42.031005859375 616.1567768554669 317.6295067355807 997.7700000000186 245.156005859375 292.6926970301858 289.46107500642626 2696.8789369208175 2696.8789369208175 524.1402155943932 3.231622023759559 839848.6082457129 839848.6082457129 3000.0 128.0 266744.0#266744.0#3000_268752.0#268752.0#3000 268746.0#268746.0#128
270000.0 272000.0 2.596039062482305 513.0972426757944 435.41915017972326 999.1940000000177 53.22100000001956 270.7768370176461 268.0092417340989 2306.47925507071 2306.47925507071 477.1496195799656 2.767595283547182 753875.4372686672 753875.4372686672 3000.0 128.0 268752.0#268752.0#3000_270743.0#270743.0#3000 270740.0#270740.0#128
272000.0 274000.0 49.314914062502794 565.3580190429639 356.2351764498306 997.1579999999958 235.654052734375 280.32895890316615 277.10808023442723 2687.954125326742 2687.954125326742 493.7063201269962 2.9791978206969127 788409.3603093922 788409.3603093922 3000.0 128.0 270743.0#270743.0#3000_272761.0#272761.0#3000 272758.0#272758.0#128
274000.0 276000.0 8.45509179693181 552.9079770507669 378.2823417766801 995.5509999999194 220.08699999999953 263.8807042647967 260.8492672157762 2528.092750687032 2528.092750687032 430.8182970589778 3.0157185245102602 720856.3432247046 720856.3432247046 3000.0 128.0 272761.0#272761.0#3000_274742.0#274742.0#3000 274738.0#274738.0#128
276000.0 278000.0 7.467013671877794 622.6752314453333 319.59325611796595 997.9360000000452 253.10888671875 278.4778598831647 275.48546247344905 2495.6898500639854 2495.6898500639854 471.7197782489608 2.9961987048578225 805219.9820900251 805219.9820900251 3000.0 128.0 274742.0#274742.0#3000_276745.0#276745.0#3000 276739.0#276739.0#128
278000.0 280000.0 9.292917968763504 532.9685146484408 407.7945468268547 999.9519999999902 141.66600000002654 251.1340541648311 248.144088457726 2493.671536897222 2493.671536897222 410.52464192818456 2.994982853552543 689773.2711109726 689773.2711109726 3000.0 128.0 276745.0#276745.0#3000_278748.0#278748.0#3000 278744.0#278744.0#128
280000.0 282000.0 3.724027343734633 545.3887431640615 390.926418927593 999.4770000000135 185.27899999998044 276.299273984361 273.2849114001903 2513.92094486168 2513.92094486168 483.8144782109766 3.0071812920853493 791953.1680112225 791953.1680112225 3000.0 128.0 278748.0#278748.0#3000_280744.0#280744.0#3000 280741.0#280741.0#128
282000.0 284000.0 7.727957031223923 557.9607607421931 375.35825380677534 997.6230000000214 239.57099999999627 257.78902674392674 255.03966508200796 2291.361318312431 2291.361318312431 455.7847325489039 3.005123884966736 745037.7004979583 745037.7004979583 3000.0 128.0 280744.0#280744.0#3000_282746.0#282746.0#3000 282742.0#282742.0#128
284000.0 286000.0 55.816212890611496 508.9682900390617 421.2035435499682 999.7750000000233 97.50699999998324 297.4429712431328 294.2362321929429 2676.202272737719 2676.202272737719 520.0665751326463 2.972926471087571 861383.9096117882 861383.9096117882 3000.0 128.0 282746.0#282746.0#3000_284769.0#284769.0#3000 284763.0#284763.0#128
286000.0 288000.0 4.325240234378725 531.293439941408 407.97886807630186 999.8589999999967 129.4990000000107 241.71312557639158 238.66642476856313 2540.7616704976053 2540.7616704976053 401.216318731858 3.02335040391422 658667.2500708487 658667.2500708487 3000.0 128.0 284769.0#284769.0#3000_286740.0#286740.0#3000 286738.0#286738.0#128
288000.0 290000.0 5.831894531205762 545.6097763672005 389.7799967852337 997.8020000000251 188.27100000000792 276.162389666716 273.4137307304276 2290.7570680961944 2290.7570680961944 469.62439869075956 3.0058219193049385 800603.9394843249 800603.9394843249 3000.0 128.0 286740.0#286740.0#3000_288743.0#288743.0#3000 288741.0#288741.0#128
290000.0 292000.0 37.90710351552116 521.4607387695432 404.70906858674994 996.9969999999739 129.69000000000233 271.652154147859 268.6580880059493 2497.1342363659514 2497.1342363659514 496.7245037354413 2.994066141909697 781298.784937129 781298.784937129 3000.0 128.0 288743.0#288743.0#3000_290752.0#290752.0#3000 290746.0#290746.0#128
292000.0 294000.0 69.41510351572651 524.9417509765335 399.24219672617414 997.4259999999194 176.07199999998556 280.1348696317969 276.94452425780094 2662.5571708589346 2662.5571708589346 494.86903893635764 3.1903453739959313 782823.9794771653 782823.9794771653 3000.0 128.0 290752.0#290752.0#3000_292784.0#292784.0#3000 292775.0#292775.0#128
294000.0 296000.0 3.3169316406711005 533.3650170898327 403.72231419753444 997.975999999966 136.77700000000186 265.7571541588685 262.9365588230478 2350.4142111906976 2350.4142111906976 462.23759267518494 2.8205953358206926 741733.6953149728 741733.6953149728 3000.0 128.0 292784.0#292784.0#3000_294735.0#294735.0#3000 294731.0#294731.0#128
296000.0 298000.0 35.43707812501816 516.079518066399 414.2823157612237 999.9319999999716 104.75099999998929 250.10599708620694 246.87245554890865 2698.5193934980603 2698.5193934980603 446.4166903244318 2.982774891625269 718623.7564502937 718623.7564502937 3000.0 128.0 294735.0#294735.0#3000_296750.0#296750.0#3000 296746.0#296746.0#128
298000.0 300000.0 8.32278906245483 539.3923027343844 394.1633871378511 996.6720000000205 165.89199999999255 275.9260700864525 273.0441709729828 2085.7273681827814 2085.7273681827814 495.98183657792333 2.749233354326977 805270.640666506 805270.640666506 3000.0 128.0 296750.0#296750.0#3000_298738.0#298738.0#3000 298735.0#298735.0#128
