ts te idle avg_span std_span max_span min_span c_ack_cnt c_ack_cnt_p c_bytes_all s_ack_cnt s_ack_cnt_p s_bytes_all avg_video_rate avg_audio_rate video_requests_sequence audio_requests_sequence
0 4000 4000.0 0.0 0.0 0.0 0.0 0.0 0.0 0.0 0.0 0.0 0.0 0.0 0.0 0 0
4000 8000 3791.9170000000013 208.08299999999872  208.08299999999872 208.08299999999872 9.0 6.0 2622.0 12.0 4.0 6912.0    
8000 12000 83.2891777343757 669.81705859375 333.92209058829263 999.7619999999988 109.30999999999767 1309.9300940613543 1289.5168206590542 18294.53504518551 1941.3568601880054 23.413273402300337 3309719.1383004314 2300.0 128.0 "29898.0-29986.595=2300 29901.0-30550.072=2300 30689.0-31317.162=2300 31295.0-32059.596=2300 32164.0-33939.916=2300 32595.0-33919.551=2300" "29895.0:29927.596=128 29897.0:30008.82=128 31114.0:31600.731=128 31626.0:31713.839=128 32196.0:32270.459=128 32934.0:33722.392=128"
12000 16000 0.0 613.4659412434885 377.1950520596036 999.4340000000011 70.26400000000285 1372.572789462852 1358.9521669875203 10578.09564571609 2040.3712414907714 13.620622475331832 3401463.143880541 2300.0 128.0 "32164.0-33939.916=2300 32595.0-33919.551=2300 33996.0-35365.893=2300 34513.0-35476.524=2300 35504.0-36217.632=2300 36196.0-36870.089=2300 36880.0-37510.35=2300 37480.0-38162.695=2300" "34012.0:34089.862=128 34936.0:35010.119=128 35518.0:35635.519=128 36285.0:36401.094=128 36927.0:37054.778=128 37548.0:37658.672=128"
16000 20000 1274.9210859375016 447.4521943359352 384.0253183711339 999.6979999999894 0.0 1037.723952692667 1030.0235372583186 6425.192893233339 1300.588717208815 7.70041543434857 2130260.004761268 4820.0 128.0 "37480.0-38162.695=2300 39448.0-39494.942=6500 39451.0-41648.947=6500 41696.0-41723.654=4400 41698.0-43190.906=4400" "39446.0:39515.133=128 40933.0:41123.579=128"
20000 24000 0.0 741.4274533420135 324.71742813696136 999.849000000002 120.65798242187157 1154.884504416369 1148.668578891928 5185.275832132207 1877.2447310670696 6.2159255244410465 3200304.0136581934 5100.0 128.0 "41698.0-43190.906=4400 43175.0-44895.854=4400 44864.0-46788.488=6500" "42433.0:42881.832=128 44436.0:44983.148=128"
24000 28000 290.64573437500076 781.0334701450889 326.6474611393748 998.7739999999976 49.67597851562459 1250.759992837801 1244.7102296742228 5045.900583732856 1918.9334830957412 6.049763163578214 3339354.9728165283 5800.0 128.0 "44864.0-46788.488=6500 46723.0-48725.526=6500 48683.0-49931.554=4400" "46074.0:46277.205=128 48016.0:48381.058=128"
28000 32000 66.153083984369 639.3403895089276 402.33995366292027 999.2489999999962 92.77968749999854 924.2252785421122 918.2252785421122 5004.0 1477.5189255650466 6.0 2588090.77039836 5100.0 128.0 "48683.0-49931.554=4400 50194.0-51494.173=4400 51991.0-54104.395=6500" "50190.0:50261.301=128 51983.0:52088.222=128"
32000 36000 7.242089843755821 681.0142368164061 398.38217874205515 999.6449999999968 110.82200000000012 1118.2204187438988 1110.4725672339548 6454.716753253668 1814.397171121248 7.747851509944177 3188822.172101613 6500.0 128.0 "51991.0-54104.395=6500 54155.0-56076.281=6500 56108.0-58306.706=6500" "54006.0:54144.744=128 56061.0:56147.271=128 56939.0:57353.897=128"
36000 40000 2.704849609377561 659.3390896809888 387.9960772436081 999.5089999999982 45.87403906250256 1405.5494578363207 1396.4420826367154 8032.569148576881 2182.512570016872 9.962601909154722 3667252.791963851 6500.0 128.0 "56108.0-58306.706=6500 58143.0-60142.291=6500 59898.0-62132.516=6500" "58932.0:59918.762=128 60932.0:61209.259=128"
40000 44000 0.0 656.9766873372379 391.05031250039593 999.9499999999971 136.9449999999997 1383.151687161512 1375.3913873488373 5644.1665710169955 2200.174265998001 7.905073103125329 3654635.3739014487 6500.0 128.0 "59898.0-62132.516=6500 61901.0-64086.994=6500 63716.0-65631.419=6500 65558.0-67376.889=6500" "62935.0:63128.087=128 64937.0:65295.968=128"
44000 48000 3.2260683593776776 554.9397925781232 424.41690800601293 999.7540000000008 125.11999999999534 1335.943596531988 1329.9050226405134 5036.129355342426 2059.0713947007225 6.038573891474956 3578961.85354037 6500.0 128.0 "65558.0-67376.889=6500 67381.0-69070.69=6500 68923.0-70817.844=6500" "66434.0:66705.8=128 68932.0:69091.643=128"
48000 52000 101.97800781250407 738.1036336805539 365.6817585610966 999.5559999999969 110.1169042968686 1045.5033779627909 1039.5729398084684 4946.439409776041 1660.3353009449975 5.93043815432253 3148911.6183753787 6500.0 128.0 "68923.0-70817.844=6500 70784.0-73123.038=6500 73054.0-74972.596=6500" "70849.0:70919.649=128 72437.0:72821.752=128"
52000 56000 4.639013671883731 702.3974583333313 317.8983632439095 999.5449999999983 167.4330703125015 965.5108444388036 959.4163338996631 5082.145938400325 1471.997960492322 6.094510539140508 3186280.266260052 6500.0 128.0 "73054.0-74972.596=6500 74941.0-77119.395=6500 77026.0-79217.597=6500" "74462.0:74978.164=128 76441.0:76689.17=128"
56000 60000 18.047083984376513 735.5836966796866 330.7795463153837 999.8029999999999 106.9598847656307 951.3388129120502 945.1923953786687 5128.715468879431 1461.421439439737 6.146417533381395 3441393.0132456915 6500.0 128.0 "77026.0-79217.597=6500 79076.0-81115.84=6500 81030.0-83012.815=6500" "78440.0:78708.455=128 80121.0:80286.043=128"
60000 64000 0.3392148437560536 637.8323076171858 353.93102404599534 999.8469999999943 128.05299999999988 1057.6684913458473 1052.4939579863908 4327.117354754233 1622.9156350851704 5.174533359456382 3536966.643040467 6500.0 128.0 "81030.0-83012.815=6500 82975.0-84733.433=6500 84628.0-86485.742=6500" "82088.0:84048.122=128 84444.0:84585.304=128"
64000 68000 3.785158203128958 765.270705357144 246.79832018412066 998.4719999999943 351.6669921875 933.9639936972382 927.9639936972382 5004.0 1416.0478534900417 6.0 3024443.02698198 6500.0 128.0 "84628.0-86485.742=6500 86581.0-88266.574=6500 88429.0-90221.518=6500" "86580.0:86649.909=128 88426.0:88495.782=128"
68000 72000 5.2787753906304715 697.7684249441954 295.4116206166108 999.6790000000037 385.52599999998347 875.815940859862 869.1396775477582 5558.535915925124 1395.358065127731 6.67626331210381 3152465.860528564 6500.0 128.0 "88429.0-90221.518=6500 90304.0-92261.936=6500 92153.0-93859.974=6500" "90121.0:90231.453=128 92101.0:92298.638=128"
72000 76000 350.25076171875116 577.6000496651769 387.50054998288664 998.1089999999967 93.57399999999325 718.186124460903 712.4047590862559 4833.872180945651 1131.87332070338 5.781365374647112 2758453.0659951232 6500.0 128.0 "92153.0-93859.974=6500 94232.0-95977.618=6500 96160.0-98087.517=6500" "94231.0:94330.526=128 96141.0:96252.615=128"
76000 80000 6.185916015674593 759.8392607421823 341.70608323363103 999.6009999999806 262.7660000000178 613.6825487883532 608.1401774751041 4619.591903129225 1023.3321633627572 5.5423713132490775 2831481.809837073 6500.0 128.0 "96160.0-98087.517=6500 98172.0-100137.398=6500 100227.0-102049.407=6500" "98090.0:98198.057=128 100086.0:100213.428=128"
80000 84000 146.39270312500594 750.6329243164055 304.7039839031966 999.5649999999878 85.02012109376665 676.3805045943863 668.6387689261092 6449.640604669983 1008.1123446497143 7.741735668277088 2533826.0324192066 6500.0 128.0 "100227.0-102049.407=6500 102414.0-104587.764=6500 104747.0-106990.169=6500" "102407.0:102469.185=128 104431.0:104740.196=128 104953.0:105115.695=128"
84000 88000 0.8300195312331198 775.7698580729177 375.3935046672484 999.445000000007 109.79698437500338 1070.1876958371638 1065.9294315054408 3558.359395330017 1636.7530153213393 4.258264331722912 3477107.771031654 5800.0 128.0 "104747.0-106990.169=6500 106732.0-108730.488=6500 108558.0-110035.341=4400" 108824.0:108936.284=128
88000 92000 1004.4701816406305 600.9197504882832 359.7227710360997 999.0299999999988 140.85200390625687 661.799892815726 655.799892815726 5004.0 1036.6835409305177 6.0 2348125.6569622047 4400.0 128.0 "108558.0-110035.341=4400 110093.0-111421.434=4400 111418.0-112814.263=4400" "110301.0:110625.2=128 111488.0:111556.938=128"
92000 96000 52.292880859356956 703.5535152994853 295.60785140237704 999.1910000000062 331.4980000000214 793.5884961301286 786.3282272987124 6050.023130075536 1287.5197870496136 7.260268831416308 2949999.634482095 6500.0 128.0 "114111.0-115977.68=6500 116180.0-117843.894=6500" "114099.0:114191.803=128 116175.0:116275.613=128"
96000 100000 6.081187499963562 615.4135555245573 379.8177763018439 999.4790000000066 3.3479999999981374 994.9724923624472 990.2327611938634 3957.976869924464 1544.7092523489596 4.739731168583692 3319465.0173597625 6500.0 128.0 "116180.0-117843.894=6500 118070.0-119940.698=6500 120099.0-121944.836=6500" "118064.0:118197.693=128 120097.0:120222.959=128"
100000 104000 8.619867187502678 681.2808766741031 328.93335680068714 999.3909999999887 130.0950195312471 581.7587673662593 574.6729301559484 5906.330721768359 841.5499490355473 7.085837210310901 2722790.6186803286 5800.0 128.0 "120099.0-121944.836=6500 122172.0-124028.934=6500 124118.0-125669.865=4400" "122168.0:122386.415=128 124189.0:124452.829=128"
104000 108000 236.81124609374092 504.20331380208114 355.6665759451598 998.5910000000003 55.11699999998382 411.1245730050077 404.27030908557145 5723.9532159218 612.463073455603 6.854263919436278 2375602.428470278 4400.0 128.0 "126097.0-127662.709=4400 127589.0-129255.484=4400 129320.0-131118.983=4400" "126462.0:126701.013=128 127775.0:127875.797=128 129588.0:129709.671=128"
108000 112000 244.26001953125524 720.7742857142813 245.21357303704636 999.5709999999963 254.02808203123277 659.2846544217649 653.2247555515122 5063.716062309842 1024.179300508737 6.059898870252821 2999742.64403817 4400.0 128.0 "129320.0-131118.983=4400 131072.0-132453.91=4400 132394.0-134035.968=4400" "131225.0:131333.291=128 132474.0:132605.707=128"
112000 116000 1845.4462636718818 501.11314118303875 401.71029690023965 995.3679999999877 27.65799999999581 344.48116168956835 338.16142933317053 5254.351721629206 514.9979518843985 6.319732356397818 1637448.3748522825 4400.0 128.0 "132394.0-134035.968=4400 135958.0-137526.392=4400 137350.0-138780.544=4400" "135949.0:136040.987=128 136518.0:136730.124=128"
116000 120000 7.622146484354744 672.4977944335988 304.47860093223596 999.3470000000088 141.8930117187556 715.2741841002216 709.5939164566194 4753.648278370794 1136.5363281047526 5.680267643602182 3299197.464233754 5100.0 128.0 "137350.0-138780.544=4400 138595.0-140019.439=4400 140193.0-142136.691=6500" "138080.0:138749.108=128 140180.0:140263.185=128"
120000 124000 3.095257812499767 728.6085574218741 354.41533636559893 999.1389999999956 49.78771484375466 643.9936065489863 637.9936065489863 5004.0 1021.2264907871715 6.0 3076061.090292272 6500.0 128.0 "140193.0-142136.691=6500 142254.0-145847.223=6500 144243.0-146171.7=6500" "142149.0:142240.917=128 144212.0:146380.805=128"
124000 128000 4.659687500010477 527.1101360677081 394.7039327336953 999.4439999999886 31.70702343751327 533.4433975536734 526.5916132422315 5702.463135382459 856.2927293465351 6.851784311442024 2499300.206632716 5450.0 128.0 "142254.0-145847.223=6500 144243.0-146171.7=6500 146291.0-147771.711=4400 148096.0-149557.951=4400" "144212.0:146380.805=128 146435.0:146560.458=128 148094.0:148166.41=128"
128000 132000 1925.9274804687593 536.0909785156255 388.4473967178337 999.3099999999977 123.19391601561802 318.2521059268705 315.10389023831254 2623.536864617541 485.22525458702285 3.1482156885579764 1507634.370976151 6500.0 128.0 152117.0-154143.471=6500 152104.0:152189.206=128
132000 136000 3684.023998046876 144.0110006510416 138.98759171454557 294.85100195312407 21.125 60.82656089507189 59.82656089507189 820.0 81.29988289165887 1.0 250770.14998219023 6500.0  152117.0-154143.471=6500 
136000 140000 1303.1122109375137 584.452904575891 411.64564445948747 999.3949999999895 65.61328125 392.5266182730359 385.77654705210927 5620.504281942364 625.0368593056588 6.7500712209266 2109220.8363200277 4400.0 128.0 "159112.0-160396.774=4400 160323.0-161834.866=4400 161747.0-163012.913=4400" "159332.0:159492.063=128 160474.0:160558.343=128"
140000 144000 16.769136718736263 658.790900976563 340.5682970243969 993.3850000000093 210.94994921874604 569.5091911454102 562.6170648957122 5755.779434306465 923.4055165700375 6.8921262496981095 2697416.5972230835 4400.0 128.0 "160323.0-161834.866=4400 161747.0-163012.913=4400 162931.0-165482.812=4400 165373.0-166668.046=4400" "161948.0:162317.371=128 162956.0:163054.125=128 165481.0:165594.856=128"
144000 148000 12.517031249997672 558.9595282118082 321.18139354543246 997.3880000000063 68.55100000000675 643.1768524582236 635.2865488124576 6606.082223752246 1025.9829478776433 7.890303645766117 3280370.8588710977 4400.0 128.0 "165373.0-166668.046=4400 166571.0-167939.822=4400 167863.0-169368.506=4400 169281.0-170776.185=4400" "166730.0:166815.365=128 167953.0:168037.626=128 169539.0:169662.191=128"
148000 152000 26.98373242188245 633.740770399302 259.45093085152655 997.8979999999865 330.24199999999837 885.0317823841854 876.6877919650512 6960.549514305372 1347.3801788040446 8.343990419134187 3241838.3222460365 4400.0 128.0 "169281.0-170776.185=4400 170728.0-172128.424=4400 172082.0-173462.701=4400 173361.0-174816.918=4400" "170835.0:170909.026=128 172201.0:172265.355=128 173435.0:173504.143=128"
152000 156000 6.545908203115687 677.3318659667966 326.2072711928459 999.7200000000012 152.34907226561336 997.3150549362178 989.8790605600195 6226.19768336461 1462.9395947223406 7.435994376198334 3350257.372667717 4400.0 128.0 "173361.0-174816.918=4400 174723.0-176214.232=4400 176115.0-177578.046=4400 177501.0-179139.819=4400" "174898.0:174958.986=128 176304.0:176640.718=128 177637.0:177760.886=128"
156000 160000 4.811845703108702 723.4580156250049 326.8931414007644 999.5489999999991 112.33900000000722 1003.7005305353816 996.057088710759 6366.747606132619 1496.6943075788704 6.687514088276652 3042400.032974279 4400.0 128.0 "177501.0-179139.819=4400 178802.0-180083.003=4400 180144.0-181531.437=4400" "178940.0:179058.954=128 180170.0:180300.298=128"
160000 164000 24.18111328119994 635.5015717076021 437.4283848336126 999.7740000000049 43.236917968752095 965.0766445304962 960.0325722668422 4220.139256196322 1481.7806171905027 6.0 3025268.772197754 6500.0 128.0 "182004.0-184031.942=6500 184204.0-186093.325=6500" "181992.0:182095.289=128 184198.0:184272.53=128"
164000 168000 6.164986328105442 758.1381741071485 348.66229023381675 998.6080000000075 53.67391601562849 1040.7561413978003 1034.7561413978003 5004.0 1609.6068913122028 6.0 3059569.4366628807 6500.0 128.0 "184204.0-186093.325=6500 186435.0-188529.614=6500 188409.0-190412.417=6500" "186430.0:186515.144=128 188023.0:188172.618=128"
168000 172000 6.864064453111496 616.6743496093804 347.14787992668914 999.5480000000098 44.13969726563664 1047.7985388377838 1041.7985388377838 5004.0 1637.5848779601022 6.0 3110769.686435721 6500.0 128.0 "188409.0-190412.417=6500 190247.0-192094.768=6500 192537.0-194533.386=6500" "190105.0:190387.207=128 192531.0:192622.276=128"
172000 176000 5.413699218741385 771.7921417410835 240.79242216353705 999.8890000000247 368.569091796875 1013.3239923041627 1007.3239923041627 5004.0 1605.7568760340039 6.0 3250249.2419013353 6500.0 128.0 "192537.0-194533.386=6500 194442.0-196560.371=6500 196884.0-198680.577=6500" "194033.0:194576.43=128 196148.0:196460.355=128"
176000 180000 0.0 778.2858935546858 308.09347905108746 998.6359999999986 234.9199999999837 1013.3380840770183 1006.3380840770183 5844.0 1626.468796128628 7.0 3187540.1407025675 6500.0 128.0 "196884.0-198680.577=6500 198572.0-200675.462=6500 200621.0-202856.082=6500" "198039.0:199297.517=128 200189.0:200507.814=128 201439.0:201898.133=128"
180000 184000 43.4597441405931 608.5630259765691 398.22774766256146 999.5540000000037 84.38893750001444 975.9274445369367 969.2788870771634 5527.792535130517 1528.6473521255534 6.648557459773298 3199457.591165536 4400.0 128.0 "200621.0-202856.082=6500 202831.0-204616.66=6500 204508.0-204591.056=3000 204512.0-205837.244=3000 205720.0-206716.678=3000" "201439.0:201898.133=128 204683.0:204749.626=128"
184000 188000 1022.1812265625631 535.2849709472757 389.2410268533576 999.9249999999593 88.74900000003981 658.2380530586089 650.3834249924378 6557.817782397192 1068.0080185623772 7.854628066171189 2122961.726515532 3350.0 128.0 "204512.0-205837.244=3000 205720.0-206716.678=3000 206677.0-207766.759=3000 208984.0-210586.956=4400" "205938.0:206052.791=128 206768.0:206857.641=128 208978.0:209084.304=128"
188000 192000 142.31191406256403 695.3568811035148 357.852100856713 999.9729999999981 163.42895898441202 867.1064532092531 861.6096387351976 4598.3896824722915 1387.298411065371 5.496814474055514 2642748.9611905026 4400.0 128.0 "208984.0-210586.956=4400 210780.0-212106.67=4400 212465.0-214001.285=4400" "210800.0:210892.877=128 212462.0:212576.183=128"
192000 196000 3.6778769531229045 713.7259833984463 407.1077442238239 999.6059999999998 44.49789648439037 806.4152187836676 800.4152187836676 5004.0 1184.8031944013433 6.0 2286300.2678702557 4400.0 128.0 "212465.0-214001.285=4400 214444.0-215956.008=4400 216448.0-217872.336=4400" "214936.0:215102.135=128 216445.0:216540.467=128"
196000 200000 5.533234375005122 676.8654182477746 367.029650337504 999.5190000000002 58.499029296886874 755.9143817674199 748.9637505624598 5793.023900116837 1164.2794787457237 6.950631204960045 2182837.438433471 4400.0 128.0 "216448.0-217872.336=4400 218442.0-219864.576=4400 220444.0-221773.681=4400" "218439.0:218523.74=128 220441.0:220539.293=128"
200000 204000 53.15364648430841 711.26489908855 307.8135079932642 999.8690000000643 369.17529296875 813.8864664709574 807.6660030225863 5186.984662147937 1305.3292752687566 6.220463448371008 2267430.782925451 4400.0 128.0 "221941.0-223384.747=4400 224441.0-225729.22=4400" "221938.0:222147.332=128 224438.0:224516.918=128"
204000 208000 10.952029296837281 716.7581266276102 386.8086586351025 999.6790000000037 183.3880000000063 800.9828230114347 795.2489906462761 4774.031592896827 1292.5526479338528 5.733832365158704 2320046.2020184784 4400.0 128.0 "225946.0-227458.874=4400 227942.0-229348.83=4400" "225944.0:226075.488=128 227935.0:228145.384=128"
208000 212000 45.32402929684031 607.9274578683087 402.86123703996225 999.1749999999884 91.44594726563082 966.0087137871824 959.3808876844151 5534.14493548166 1526.2458124660386 6.627826102767184 2980616.5168290604 6500.0 128.0 "229952.0-231879.501=6500 232046.0-233770.931=6500" "229945.0:230138.466=128 232038.0:232144.637=128"
212000 216000 3.4327460937784053 574.1431015625058 402.3602116116417 999.515000000014 0.27499999999417923 1124.0432903523138 1118.860286254638 4333.050973260366 1772.1551875438554 5.183004097675948 3307748.4950563544 6500.0 128.0 "233969.0-236232.056=6500 236108.0-237960.379=6500" "233966.0:234050.725=128 236028.0:236256.926=128"
216000 220000 4.966691406269092 675.6838387276845 407.3557926213588 999.5690000000177 39.48099999999977 990.434798641131 985.1505558600641 4402.763936096374 1614.964707034448 5.284242781067112 3053398.1378697976 6500.0 128.0 "236108.0-237960.379=6500 238072.0-240062.386=6500 240228.0-242278.78=6500" "238068.0:238200.324=128 240222.0:240321.086=128"
220000 224000 4.792218750022585 638.9716459960982 345.33916384917313 998.7829999999958 47.07805859376094 1219.2665660879884 1213.2665660879884 5004.0 1843.425319044632 6.0 3288111.0609929347 6500.0 128.0 "240228.0-242278.78=6500 242332.0-244484.117=6500 244293.0-246373.079=6500" "242028.0:242220.755=128 244183.0:244431.702=128"
224000 228000 1.142726562480675 709.3080810546875 339.29315285095333 999.7309999999998 57.89799999995739 1265.6054106176007 1257.796160223142 6507.585323456213 1992.21097592031 7.809250394458796 3422006.104861973 6500.0 128.0 "244293.0-246373.079=6500 246106.0-248627.337=6500 248358.0-250167.282=6500" "246016.0:246379.771=128 247436.0:247799.193=128 248937.0:249134.532=128"
228000 232000 2.9959687500086147 614.1537121093774 389.98997056560194 999.2239999999874 0.08100000000558794 1375.6581651350618 1367.717202744913 7173.343628398934 2175.673268804082 8.940962390148988 3777139.7304279916 6500.0 128.0 "248358.0-250167.282=6500 250136.0-252035.985=6500 251867.0-254104.169=6500 253672.0-255603.096=6500" "251434.0:252111.641=128 252938.0:253292.133=128"
232000 236000 2.800031249964377 603.6059989346672 420.14284104318966 999.9780000000028 35.35995703123626 1216.1119145448542 1208.2181157915961 5736.877170631164 1914.0197556379205 7.893798753258096 3319673.020148236 6500.0 128.0 "251867.0-254104.169=6500 253672.0-255603.096=6500 255550.0-257411.613=6500 257336.0-259893.071=6500" "254932.0:255101.352=128 256938.0:257216.465=128"
236000 240000 0.28917773434659466 745.8721300781181 386.27440066590486 999.9219999999914 102.2890898437181 1234.4115689101743 1228.3824452288216 5039.287562047941 2100.5552223626146 5.6671999293511925 3689585.9134138976 6500.0 128.0 "257336.0-259893.071=6500 259428.0-261456.966=6500 261132.0-263380.973=6500" "258434.0:259312.729=128 260445.0:260900.83=128"
240000 244000 164.8199765624595 650.4774055989822 339.58074845615823 999.3460000000778 50.66892578123952 1261.6658805474192 1257.0229629393134 3870.022796073462 1941.6400591249974 5.004841360108002 3294759.762446661 6500.0 128.0 "261132.0-263380.973=6500 262972.0-265224.655=6500 265497.0-267340.304=6500" "262442.0:262728.602=128 265266.0:265335.748=128"
244000 248000 0.0 865.047667968749 141.89475990858412 999.5810000000056 622.666015625 1245.4363086864898 1237.9652109198469 6224.055660957838 1987.5323720082076 7.471097766643034 3436019.4037896097 6500.0 128.0 "265497.0-267340.304=6500 267187.0-269586.793=6500 269173.0-271751.103=6500" "266432.0:266800.769=128 268441.0:268917.156=128"
248000 252000 2.3949980468605645 664.2477384982631 405.97657265609365 999.7660000000033 58.481691406224854 1384.8489217160202 1379.8235124208054 4202.003285126275 2110.7990274899184 5.025409295214583 3732021.3958243513 6500.0 128.0 "269173.0-271751.103=6500 271188.0-273226.902=6500 273001.0-274810.174=6500" "270444.0:270833.992=128 271983.0:272126.077=128"
252000 256000 32.69019335939083 769.4627719726486 309.12739219193526 998.9469999999856 187.30402929685079 1074.5179046316734 1067.445376360195 5886.035149610312 1649.8552042940494 6.116453045363057 2931231.0550361183 6500.0 128.0 "273001.0-274810.174=6500 274726.0-277013.046=6500 276885.0-279141.292=6500" "273991.0:274306.352=128 275979.0:276232.325=128"
256000 260000 33.32979492191225 728.082569227431 393.07327289760667 997.8829999999725 42.40111132810125 1317.9501658153993 1312.8352539760604 4279.789423697862 2036.4362853166658 6.070987065454252 3591485.23325251 6500.0 128.0 "276885.0-279141.292=6500 279080.0-281027.669=6500 280873.0-282934.56=6500" "278004.0:278646.353=128 280008.0:280432.382=128"
260000 264000 67.03716796875233 740.9778652343861 343.1832890555044 999.6990000000224 64.594970703125 1293.9490858518552 1287.0164629542976 5768.7507759973305 2036.136937770898 6.93262289755772 3490288.2516054744 6500.0 128.0 "280873.0-282934.56=6500 282749.0-284829.168=6500 284748.0-286693.479=6500" "282108.0:282470.067=128 284001.0:285096.978=128"
264000 268000 5.981992187502328 830.7824305245553 339.55884126115467 999.6170000000275 67.35291406250326 992.9505309354786 987.8831538330363 4239.2492240026695 1620.7561981075214 5.06737710244228 2716144.8709327946 6500.0 128.0 "284748.0-286693.479=6500 286588.0-288893.946=6500 288758.0-291696.565=6500" "286047.0:286435.698=128 288015.0:288600.94=128"
268000 272000 4.228187500033528 618.5644461805609 414.30747268132166 999.8429999999935 44.801000000035856 1316.8344770734209 1310.4978356931254 5270.594741896971 2106.5874848708654 6.336641380295299 3661006.156898652 5800.0 128.0 "288758.0-291696.565=6500 291250.0-293198.663=6500 293045.0-294387.533=4400" "289935.0:290057.51=128 293269.0:293384.536=128"
272000 276000 5.969371093728114 552.0705429687579 352.778998291137 999.9560000000056 45.70799999998417 1020.1599188859095 1012.9153292270073 6066.801793107371 1585.2565835511555 7.244589658902255 3031846.7300765617 4400.0 128.0 "293045.0-294387.533=4400 294272.0-295696.661=4400 295688.0-297236.424=4400 297233.0-298734.058=4400" "294427.0:294542.204=128 295776.0:295964.596=128 297281.0:297472.075=128"
276000 280000 22.621078125026543 631.9654802246077 375.9522666821221 999.4799999999814 87.26500000001397 1057.0281914055324 1049.9370616053477 5903.238746813616 1652.2785411029035 6.977154570275728 2983943.5970671317 5800.0 128.0 "297233.0-298734.058=4400 298942.0-300931.317=6500 301028.0-302784.109=6500" "298939.0:299044.386=128 300935.0:301028.448=128"
280000 284000 4.71457617188571 679.8376799316466 387.4493808021848 998.9089999999851 110.31309179688105 1209.0634416455632 1203.7358024849457 4457.364718182042 1923.0046646094843 5.441614390526716 3535273.9280200456 6500.0 128.0 "301028.0-302784.109=6500 302674.0-304829.698=6500 304807.0-306679.882=6500" "302823.0:302910.616=128 304869.0:305013.25=128"
284000 288000 0.0 878.5883276909719 303.73150351205527 999.5829999999842 74.74674609373324 1219.4491893115196 1212.4921397255252 5788.780660515431 1860.0910114894523 6.0 3412383.00340315 6500.0 128.0 "304807.0-306679.882=6500 306592.0-308661.176=6500 308591.0-310401.667=6500" "306715.0:306971.425=128 308690.0:308905.621=128"
288000 292000 2.224816406262107 690.453735107425 405.01185571724534 999.8539999999921 42.73067968752002 1214.5871511907574 1209.544200776752 4219.219339484569 1893.494771718141 6.0 3413063.019471521 6500.0 128.0 "308591.0-310401.667=6500 310313.0-312173.288=6500 312203.0-314410.987=6500" "310437.0:310815.509=128 312213.0:312425.436=128"
292000 296000 1.819949218770489 829.8286113281283 314.8315497499595 999.7800000000279 83.18491601559799 1142.436469771892 1136.436469771892 5004.0 1802.015954759765 6.0 3245048.4733407097 6500.0 128.0 "312203.0-314410.987=6500 314389.0-316320.692=6500 316214.0-318342.133=6500" "314458.0:315150.457=128 316435.0:316642.446=128"
296000 300000 7.162189453083556 754.6194238281211 366.94195143479413 999.4780000000028 188.30902539059753 1288.6560208170813 1282.6560208170813 5004.0 2019.4681200722644 6.0 3562938.0416930714 6500.0 128.0 "316214.0-318342.133=6500 318197.0-319999.822=6500 320033.0-322007.278=6500" "318388.0:318893.81=128 319995.0:320109.984=128"
300000 304000 3957.6939414062654 42.30605859373463  42.30605859373463 42.30605859373463 14.901641919686801 14.901641919686801 0.0 22.840693312796294 0.0 38217.82921966398 6500.0  320033.0-322007.278=6500 
