ts te idle avg_span std_span max_span min_span c_bytes_all s_bytes_all avg_video_rate avg_audio_rate video_requests_sequence audio_requests_sequence
0 7000 7000.0 0.0 0.0 0.0 0.0 0.0 0.0 0.0 0.0 - -
7000 14000 1033.4921035156003 994.4179827474 8.553465375917526 999.9870000000228 977.368896484375 46635.1285104195 2396142.112366819 1500.0 128.0 9016.0#9016.0#1500_10698.0#10698.0#1500_11941.0#11941.0#1500_12553.0#12553.0#1500_13124.0#13124.0#1500_13898.0#13898.0#1500 9014.0#9014.0#128_10781.0#10781.0#128_11941.0#11941.0#128_12852.0#12852.0#128_13139.0#13139.0#128_13988.0#13988.0#128
14000 21000 86.123779296875 864.2345275878906 340.9795884411645 999.5279999999912 21.860103515617084 52533.02025854225 3090298.8572796825 1687.5 128.0 13124.0#13124.0#1500_13898.0#13898.0#1500_14746.0#14746.0#1500_15616.0#15616.0#1500_16277.0#16277.0#1500_17191.0#17191.0#1500_18043.0#18043.0#1500_20012.0#20012.0#3000 13988.0#13988.0#128_14959.0#14959.0#128_15726.0#15726.0#128_16482.0#16482.0#128_17348.0#17348.0#128_18135.0#18135.0#128_20002.0#20002.0#128
21000 28000 113.6180527342949 860.7977434082131 333.40591258821036 998.6060000000289 39.11788281251211 43215.50165091096 2872759.711677106 3000.0 128.0 20012.0#20012.0#3000_22003.0#22003.0#3000_24005.0#24005.0#3000_25612.0#25612.0#3000_27504.0#27504.0#3000 21998.0#21998.0#128_24001.0#24001.0#128_25622.0#25622.0#128_27499.0#27499.0#128
28000 35000 41.78099414065946 869.7773757324176 317.95262444250113 998.814000000013 88.14493554685032 44550.61775291987 2845457.2816210575 3000.0 128.0 27504.0#27504.0#3000_30006.0#30006.0#3000_31796.0#31796.0#3000_33503.0#33503.0#3000 30000.0#30000.0#128_31489.0#31489.0#128_33497.0#33497.0#128
35000 42000 1141.643130859302 732.2946086425873 433.5925843468128 998.8699999999953 8.512939453125 44573.22981558797 2730617.9165913723 3000.0 128.0 35501.0#35501.0#3000_37024.0#37024.0#3000_39498.0#39498.0#3000_41290.0#41290.0#3000 35497.0#35497.0#128_37042.0#37042.0#128_39493.0#39493.0#128_40991.0#40991.0#128
42000 49000 45.13385156245204 993.5523069196497 3.3943002270456235 998.465087890625 987.4890000000014 45663.31237642821 2791205.5203596056 3000.0 128.0 41290.0#41290.0#3000_42939.0#42939.0#3000_45002.0#45002.0#3000_46616.0#46616.0#3000 43000.0#43000.0#128_44997.0#44997.0#128_46664.0#46664.0#128_49000.0#49000.0#128
49000 56000 743.3411914062453 782.0823510742193 361.2151333112121 999.536999999953 0.7419121093698777 47584.2377306951 2918458.3281382555 3000.0 128.0 49003.0#49003.0#3000_50996.0#50996.0#3000_52513.0#52513.0#3000_54496.0#54496.0#3000 49000.0#49000.0#128_50991.0#50991.0#128_52486.0#52486.0#128_54491.0#54491.0#128
56000 63000 874.6096308595152 765.6737961425606 312.0783391418158 999.8799999999464 308.63099999993574 44222.190173962954 2677235.4100847747 3000.0 128.0 54496.0#54496.0#3000_56260.0#56260.0#3000_58503.0#58503.0#3000_60500.0#60500.0#3000_62496.0#62496.0#3000 56345.0#56345.0#128_58500.0#58500.0#128_60496.0#60496.0#128_62493.0#62493.0#128
63000 70000 668.0591914064134 791.4926010741983 350.9016968626374 998.755999999994 7.476074218691792 52607.81415815726 3166945.6148857623 3000.0 128.0 62496.0#62496.0#3000_64058.0#64058.0#3000_65999.0#65999.0#3000_67760.0#67760.0#3000_69996.0#69996.0#3000 63997.0#63997.0#128_65992.0#65992.0#128_67990.0#67990.0#128_69991.0#69991.0#128
70000 77000 27.02408398425905 996.1394165736773 3.4372214447359335 999.5570000000298 990.739990234375 54041.053625288754 3103269.5170527594 3000.0 128.0 69996.0#69996.0#3000_72000.0#72000.0#3000_73848.0#73848.0#3000_75589.0#75589.0#3000 69991.0#69991.0#128_71995.0#71995.0#128_73962.0#73962.0#128_75491.0#75491.0#128
77000 84000 57.29794921865687 867.8377563476679 349.42257047346834 999.3490000000456 3.4780097656184807 49196.83622189702 2847270.727571392 3000.0 128.0 75589.0#75589.0#3000_77498.0#77498.0#3000_79498.0#79498.0#3000_81499.0#81499.0#3000_83288.0#83288.0#3000 77495.0#77495.0#128_79494.0#79494.0#128_81499.0#81499.0#128_83345.0#83345.0#128
84000 91000 56.1837773436564 867.977027832043 339.84749910876513 999.6280000000261 29.267958984419238 48428.48359252789 2581500.292859924 3000.0 128.0 83288.0#83288.0#3000_85062.0#85062.0#3000_87016.0#87016.0#3000_89502.0#89502.0#3000 85059.0#85059.0#128_87000.0#87000.0#128_89499.0#89499.0#128_90994.0#90994.0#128
91000 98000 98.48426367202774 862.6894670409965 325.80700697516323 999.8369999999995 67.93873632809846 56023.57413266226 3293410.7095114896 3000.0 128.0 89502.0#89502.0#3000_91184.0#91184.0#3000_93008.0#93008.0#3000_95034.0#95034.0#3000_96544.0#96544.0#3000 90994.0#90994.0#128_93004.0#93004.0#128_94991.0#94991.0#128_96557.0#96557.0#128
98000 105000 1048.2120722656837 991.9646546223861 9.518411855815131 999.3709999999846 976.950927734375 49279.614077200225 2572780.089537285 3000.0 128.0 99003.0#99003.0#3000_101000.0#101000.0#3000_102961.0#102961.0#3000_104602.0#104602.0#3000 98995.0#98995.0#128_100995.0#100995.0#128_102486.0#102486.0#128_104497.0#104497.0#128
105000 112000 1536.1858417970361 682.9767697753705 362.7052357254968 999.4710000000196 21.65907226561103 50932.398191732944 2807346.7534603807 3000.0 128.0 104602.0#104602.0#3000_106499.0#106499.0#3000_108501.0#108501.0#3000_110507.0#110507.0#3000_111994.0#111994.0#3000 106496.0#106496.0#128_108496.0#108496.0#128_110499.0#110499.0#128_111991.0#111991.0#128
112000 119000 1001.9979824220063 856.8574310825705 219.78306292015807 999.6429999999236 500.4169140625163 49392.85326782526 2743367.7765127528 3000.0 128.0 111994.0#111994.0#3000_114001.0#114001.0#3000_115728.0#115728.0#3000_118521.0#118521.0#3000 111991.0#111991.0#128_113999.0#113999.0#128_115786.0#115786.0#128_118073.0#118073.0#128
119000 126000 2057.0820878907107 706.1311303013271 426.7298685589851 999.387999999919 73.32489648438059 44223.55918487781 2512255.415722921 3000.0 128.0 118521.0#118521.0#3000_119877.0#119877.0#3000_121564.0#121564.0#3000_125245.0#125245.0#3000 119991.0#119991.0#128_121997.0#121997.0#128_125260.0#125260.0#128_125488.0#125488.0#128
126000 133000 124.71311914076796 859.410860107404 278.48635627310017 999.7669999999925 222.38398437498836 62811.37056792334 3513042.589361561 3000.0 128.0 125245.0#125245.0#3000_126901.0#126901.0#3000_128595.0#128595.0#3000_129980.0#129980.0#3000_131748.0#131748.0#3000 127489.0#127489.0#128_129491.0#129491.0#128_131500.0#131500.0#128
133000 140000 1010.1949570312281 748.7256303710965 381.64262414560073 999.8520000000135 13.012939453125 50097.266354139676 2895795.4938888503 3000.0 128.0 131748.0#131748.0#3000_133294.0#133294.0#3000_135495.0#135495.0#3000_136921.0#136921.0#3000_139000.0#139000.0#3000 133382.0#133382.0#128_135490.0#135490.0#128_136989.0#136989.0#128_138997.0#138997.0#128
140000 147000 65.47095507825725 990.6470064173918 9.601717445830033 999.6429999998654 972.958984375 48384.9236435479 2733735.915707187 3000.0 128.0 139000.0#139000.0#3000_140932.0#140932.0#3000_143005.0#143005.0#3000_144998.0#144998.0#3000_147000.0#147000.0#3000 140958.0#140958.0#128_143000.0#143000.0#128_144994.0#144994.0#128_146996.0#146996.0#128
147000 154000 243.67898437508848 844.5401269531139 339.85242676305967 999.9969999999739 26.376015625020955 53412.01471275283 3173228.9658090626 3000.0 128.0 147000.0#147000.0#3000_148401.0#148401.0#3000_151005.0#151005.0#3000_152371.0#152371.0#3000 146996.0#146996.0#128_148422.0#148422.0#128_151001.0#151001.0#128_152416.0#152416.0#128
154000 161000 1094.028890625108 843.7101584821274 262.90591013923324 998.0349999999744 422.99399999994785 45987.655599646445 2624870.1341062537 3000.0 128.0 154496.0#154496.0#3000_156498.0#156498.0#3000_158002.0#158002.0#3000_160502.0#160502.0#3000 154491.0#154491.0#128_156493.0#156493.0#128_158493.0#158493.0#128_160497.0#160497.0#128
161000 168000 87.20804296876304 864.0989946289046 233.9176795838869 999.2270000000135 469.76806640625 61130.46800592725 3199290.9418799262 3000.0 128.0 160502.0#160502.0#3000_161994.0#161994.0#3000_164002.0#164002.0#3000_165995.0#165995.0#3000_167639.0#167639.0#3000 161992.0#161992.0#128_163995.0#163995.0#128_165992.0#165992.0#128_167989.0#167989.0#128
168000 175000 595.8787636719062 914.8744623325848 171.10555314801152 998.2780000000494 529.9739335937775 56682.67569688389 3004266.588207574 3000.0 128.0 167639.0#167639.0#3000_170001.0#170001.0#3000_171584.0#171584.0#3000_173506.0#173506.0#3000 167989.0#167989.0#128_169997.0#169997.0#128_171598.0#171598.0#128_173501.0#173501.0#128
175000 182000 45.48200195329264 869.3147497558384 339.5478796824667 999.7550000000047 30.588697265600786 47083.77844672634 2586440.080096593 3000.0 128.0 173506.0#173506.0#3000_175497.0#175497.0#3000_177494.0#177494.0#3000_179302.0#179302.0#3000_181499.0#181499.0#3000 175494.0#175494.0#128_177491.0#177491.0#128_179332.0#179332.0#128_181496.0#181496.0#128
182000 189000 29.79627929686103 871.2754650878924 327.97366717789316 999.2390000000014 62.07569921872346 53443.93739298041 3058757.7987393537 3000.0 128.0 181499.0#181499.0#3000_183103.0#183103.0#3000_184993.0#184993.0#3000_186754.0#186754.0#3000 183099.0#183099.0#128_184990.0#184990.0#128_186769.0#186769.0#128_188997.0#188997.0#128
189000 196000 68.02505078114336 866.4968686523571 322.0985260743084 999.7469999999739 73.56597851560218 49677.8320220076 2951267.918429487 3000.0 128.0 189005.0#189005.0#3000_191010.0#191010.0#3000_193008.0#193008.0#3000_194528.0#194528.0#3000 188997.0#188997.0#128_191008.0#191008.0#128_193002.0#193002.0#128_194519.0#194519.0#128
196000 203000 977.2216894531157 752.8472888183605 453.08525746999396 999.6979999999749 5.11328125 45141.99574618832 2558071.4015172063 3000.0 128.0 194528.0#194528.0#3000_196996.0#196996.0#3000_198554.0#198554.0#3000_200501.0#200501.0#3000_202498.0#202498.0#3000 196992.0#196992.0#128_198491.0#198491.0#128_200498.0#200498.0#128_202492.0#202492.0#128
203000 210000 974.4171679686988 860.7975474330431 230.06670424841317 997.1940000000177 506.14111328125 48237.54356546639 2837763.7486523716 3000.0 128.0 202498.0#202498.0#3000_204132.0#204132.0#3000_205989.0#205989.0#3000_208493.0#208493.0#3000 204140.0#204140.0#128_206487.0#206487.0#128_208491.0#208491.0#128_210000.0#210000.0#128
210000 217000 32.28202148433775 870.9647473144578 235.6994539560296 999.8610000000335 485.944091796875 52111.09860609706 3046863.127223563 3000.0 128.0 210005.0#210005.0#3000_212014.0#212014.0#3000_214000.0#214000.0#3000_215678.0#215678.0#3000 210000.0#210000.0#128_212008.0#212008.0#128_213997.0#213997.0#128_215771.0#215771.0#128
217000 224000 861.2881035155151 876.9588423549264 317.14877969660614 999.2070000000531 157.7589082031045 49008.72767814217 2876229.2319686287 3000.0 128.0 215678.0#215678.0#3000_218003.0#218003.0#3000_220002.0#220002.0#3000_221799.0#221799.0#3000_223294.0#223294.0#3000 217998.0#217998.0#128_220000.0#220000.0#128_221490.0#221490.0#128_223389.0#223389.0#128
224000 231000 126.67394140630495 859.1657573242119 345.6530716601659 999.1550000000279 5.923011718783528 45436.00030527255 2660779.248808719 3000.0 128.0 223294.0#223294.0#3000_225502.0#225502.0#3000_227497.0#227497.0#3000_229501.0#229501.0#3000 225497.0#225497.0#128_227494.0#227494.0#128_229497.0#229497.0#128
231000 238000 70.9371406249702 866.1328574218787 322.8133084450768 999.2140000000363 73.876953125 51648.8558841809 3022436.616191796 3000.0 128.0 229501.0#229501.0#3000_231212.0#231212.0#3000_233118.0#233118.0#3000_234999.0#234999.0#3000_237007.0#237007.0#3000 231132.0#231132.0#128_233142.0#233142.0#128_234998.0#234998.0#128_237002.0#237002.0#128
238000 245000 886.3589804688236 764.205127441397 347.1173363568743 999.5230000000447 116.41709374997299 45718.04518437594 2464629.7861207207 3000.0 128.0 237007.0#237007.0#3000_239001.0#239001.0#3000_241008.0#241008.0#3000_243274.0#243274.0#3000 238999.0#238999.0#128_241003.0#241003.0#128_243271.0#243271.0#128_244492.0#244492.0#128
245000 252000 630.696925781318 796.1628842773353 287.7825330917877 999.7049999999581 304.46907421876676 52040.38586610474 3143424.378057807 3000.0 128.0 243274.0#243274.0#3000_245118.0#245118.0#3000_246863.0#246863.0#3000_248487.0#248487.0#3000_250495.0#250495.0#3000 246494.0#246494.0#128_248507.0#248507.0#128_250492.0#250492.0#128
252000 259000 557.0410273437155 920.4227103794692 201.22747404451343 999.859000000055 464.14697265625 49429.35443294078 2825007.7110207397 3000.0 128.0 252497.0#252497.0#3000_254133.0#254133.0#3000_256499.0#256499.0#3000_258001.0#258001.0#3000 252493.0#252493.0#128_254245.0#254245.0#128_256494.0#256494.0#128_257998.0#257998.0#128
259000 266000 663.196972656413 905.2575753347982 176.44310178400076 998.2099999999627 535.5430273436941 45341.64556705922 2512400.2889792603 3000.0 128.0 258001.0#258001.0#3000_259874.0#259874.0#3000_262001.0#262001.0#3000_264000.0#264000.0#3000_265995.0#265995.0#3000 259898.0#259898.0#128_261997.0#261997.0#128_263995.0#263995.0#128_265990.0#265990.0#128
266000 273000 56.99872656259686 991.8573247767719 14.019775325247839 999.8850000000093 960.4052734375 53099.55158314964 3122466.261895569 3000.0 128.0 265995.0#265995.0#3000_267563.0#267563.0#3000_269499.0#269499.0#3000_271504.0#271504.0#3000 265990.0#265990.0#128_267617.0#267617.0#128_269495.0#269495.0#128_271500.0#271500.0#128
273000 280000 50.62915820314083 868.6713552246074 335.93769354193694 999.2389999999432 39.25772656244226 50997.36297181235 2908790.588266751 3000.0 128.0 271504.0#271504.0#3000_273494.0#273494.0#3000_275501.0#275501.0#3000_277164.0#277164.0#3000_279072.0#279072.0#3000 273492.0#273492.0#128_275496.0#275496.0#128_277206.0#277206.0#128_279069.0#279069.0#128
280000 287000 34.073164062574506 870.7408544921782 326.0236130585354 999.1269999999786 67.08388476562686 55097.641102316 2695513.423547132 3000.0 128.0 279072.0#279072.0#3000_280994.0#280994.0#3000_282998.0#282998.0#3000_284997.0#284997.0#3000 280990.0#280990.0#128_283054.0#283054.0#128_284994.0#284994.0#128_286999.0#286999.0#128
287000 294000 319.02099804696627 835.1223752441292 324.1221698251372 999.795999999973 83.38204882817809 59236.49928495828 3250964.9730033074 3000.0 128.0 287004.0#287004.0#3000_288697.0#288697.0#3000_290997.0#290997.0#3000_292485.0#292485.0#3000 286999.0#286999.0#128_288708.0#288708.0#128_290993.0#290993.0#128_292493.0#292493.0#128
