ts te idle avg_span std_span max_span min_span c_bytes_all s_bytes_all avg_video_rate avg_audio_rate video_requests_sequence audio_requests_sequence
0 7000 6978.569091796875 21.430908203125  21.430908203125 21.430908203125 184.75328157747617 4246.855799729423 0.0 0.0 - -
7000 14000 232.47081640623946 966.7898833705373 42.090274351366645 999.726999999999 876.194091796875 31374.739656069356 1478280.8258513836 474.46153846153845 128.0 7327.0#7327.0#1500_7330.0#7330.0#1500_8349.0#8349.0#288_8353.0#8353.0#288_9042.0#9042.0#288_9583.0#9583.0#288_10064.0#10064.0#288_10665.0#10665.0#288_11434.0#11434.0#288_12246.0#12246.0#288_12644.0#12644.0#288_13333.0#13333.0#288_13781.0#13781.0#288 7322.0#7322.0#128_7325.0#7325.0#128_8346.0#8346.0#128_9077.0#9077.0#128_9670.0#9670.0#128_10172.0#10172.0#128_11457.0#11457.0#128_12486.0#12486.0#128_12842.0#12842.0#128_13635.0#13635.0#128
14000 21000 2013.2089960937592 712.3987148437487 343.22873650642646 996.377999999997 120.43890820312663 14295.008962074797 664580.8092534161 619.2 128.0 13781.0#13781.0#288_15432.0#15432.0#288_17665.0#17665.0#840_17668.0#17668.0#840_19454.0#19454.0#840 13635.0#13635.0#128_14028.0#14028.0#128_14393.0#14393.0#128_15431.0#15431.0#128_17663.0#17663.0#128_19452.0#19452.0#128_20561.0#20561.0#128
21000 28000 70.90019726561877 866.1374753417977 251.0360454095176 999.0109999999986 344.58490429687663 19390.084297766203 994968.5427162279 685.7142857142857 128.0 19454.0#19454.0#840_21430.0#21430.0#840_23683.0#23683.0#480_23685.0#23685.0#480_24709.0#24709.0#480_26069.0#26069.0#840_27607.0#27607.0#840 20561.0#20561.0#128_23681.0#23681.0#128_24059.0#24059.0#128_26066.0#26066.0#128_27605.0#27605.0#128
28000 35000 279.1036191406238 840.112047607422 267.0180854100914 999.708000000006 385.11710156250047 16849.113176088533 903286.7060904726 840.0 128.0 27607.0#27607.0#840_29655.0#29655.0#840_31487.0#31487.0#840_33482.0#33482.0#840 29653.0#29653.0#128_31486.0#31486.0#128_33480.0#33480.0#128
35000 42000 3409.5122792968978 598.4146201171837 344.3147667968853 998.7999999999956 127.97699999999168 10059.300626423636 519913.2602887702 508.8 128.0 33482.0#33482.0#840_35480.0#35480.0#840_38717.0#38717.0#288_39203.0#39203.0#288_41473.0#41473.0#288 35478.0#35478.0#128_39068.0#39068.0#128_39322.0#39322.0#128_41468.0#41468.0#128
42000 49000 4815.870999999999 728.0430000000002 139.38190709341941 888.5629999999946 637.6680000000051 8756.0 665841.0 840.0 128.0 43432.0#43432.0#840_45443.0#45443.0#840_47449.0#47449.0#840 43427.0#43427.0#128_45440.0#45440.0#128_47447.0#47447.0#128
49000 56000 2262.768986328112 789.538502278648 334.2545852821868 998.6860000000015 152.39800000000105 16201.601427551512 1430922.2198874548 1500.0 128.0 49440.0#49440.0#1500_50305.0#50305.0#1500_51559.0#51559.0#1500_55548.0#55548.0#1500 49435.0#49435.0#128_50058.0#50058.0#128_52065.0#52065.0#128_55547.0#55547.0#128
56000 63000 171.07470312499208 853.615662109376 270.25361116349455 998.9679999999935 307.1889863281249 20978.333402648204 1928056.7060032655 2140.0 128.0 55548.0#55548.0#1500_57527.0#57527.0#2300_57529.0#57529.0#2300_59465.0#59465.0#2300_61447.0#61447.0#2300 57525.0#57525.0#128_59461.0#59461.0#128_61445.0#61445.0#128
63000 70000 88.96135742186743 863.8798303222666 235.36719661954612 998.9860000000044 443.6546894531202 22673.9148202023 2120036.330397376 2300.0 128.0 63465.0#63465.0#2300_65466.0#65466.0#2300_67448.0#67448.0#2300_69429.0#69429.0#2300 63462.0#63462.0#128_65463.0#65463.0#128_67445.0#67445.0#128_69426.0#69426.0#128
70000 77000 234.04084375003004 845.7448945312462 245.50101663181067 999.4789999999921 427.662109375 24824.74386994958 2369268.0097698662 2533.3333333333335 128.0 69429.0#69429.0#2300_71478.0#71478.0#3000_71479.0#71479.0#3000_73430.0#73430.0#2300_75427.0#75427.0#2300_76437.0#76437.0#2300 71476.0#71476.0#128_73559.0#73559.0#128_75565.0#75565.0#128_76861.0#76861.0#128
77000 84000 849.4931230468937 878.6438395647294 174.60386793575896 995.1579999999958 570.3308906250022 25333.880293417275 2376782.6785197174 2260.0 128.0 76437.0#76437.0#2300_78011.0#78011.0#1500_79451.0#79451.0#1500_81436.0#81436.0#3000_83429.0#83429.0#3000 76861.0#76861.0#128_78021.0#78021.0#128_79448.0#79448.0#128_81429.0#81429.0#128_83428.0#83428.0#128
84000 91000 158.68010742186743 855.1649865722666 266.9347333422959 999.7860000000073 309.2850136718771 26029.11833865063 2549543.739467823 3000.0 128.0 83429.0#83429.0#3000_85429.0#85429.0#3000_87446.0#87446.0#3000_89438.0#89438.0#3000 85428.0#85428.0#128_87443.0#87443.0#128_89434.0#89434.0#128
91000 98000 506.8427890624589 811.6446513671926 292.5551679390943 998.9119999999966 341.1271210937557 27284.99240608827 2591993.4212316293 3000.0 128.0 89438.0#89438.0#3000_91523.0#91523.0#3000_93489.0#93489.0#3000_95437.0#95437.0#3000_97442.0#97442.0#3000 91522.0#91522.0#128_93485.0#93485.0#128_95436.0#95436.0#128_97441.0#97441.0#128
98000 105000 61.7411210937571 867.2823598632804 252.80313025635854 999.9590000000026 314.79296875 28707.612037774627 2760373.938749224 3000.0 128.0 97442.0#97442.0#3000_99105.0#99105.0#3000_101443.0#101443.0#3000_103485.0#103485.0#3000 98060.0#98060.0#128_101441.0#101441.0#128_103483.0#103483.0#128
105000 112000 222.86185937497066 847.1422675781287 283.0829708462509 998.247000000003 204.787109375 29203.42619773176 2690218.7278529177 3000.0 128.0 103485.0#103485.0#3000_105475.0#105475.0#3000_107455.0#107455.0#3000_109536.0#109536.0#3000_111462.0#111462.0#3000 105472.0#105472.0#128_107453.0#107453.0#128_109532.0#109532.0#128_111560.0#111560.0#128
112000 119000 25.053195312531898 871.8683505859335 283.38614309675404 999.9500000000116 194.2119140625 29183.14753521877 2797245.7502026716 3000.0 128.0 111462.0#111462.0#3000_113474.0#113474.0#3000_115416.0#115416.0#3000_117506.0#117506.0#3000 111560.0#111560.0#128_113561.0#113561.0#128_115571.0#115571.0#128_117559.0#117559.0#128
119000 126000 57.0408359374851 867.8698955078144 289.82188068648026 999.6780000000144 169.830078125 29731.407969129425 2694034.227379196 2400.0 128.0 117506.0#117506.0#3000_119428.0#119428.0#3000_121461.0#121461.0#2300_122290.0#122290.0#2300_124081.0#124081.0#2300_125829.0#125829.0#1500 117559.0#117559.0#128_119561.0#119561.0#128_121561.0#121561.0#128_122559.0#122559.0#128_124085.0#124085.0#128_125848.0#125848.0#128
126000 133000 2362.491041015601 772.9181598307332 271.28333799599795 997.1540000000095 321.2380000000121 20430.3852062766 1775948.677095137 1875.0 128.0 125829.0#125829.0#1500_129424.0#129424.0#1500_130211.0#130211.0#1500_131452.0#131452.0#3000 129422.0#129422.0#128_129556.0#129556.0#128_131448.0#131448.0#128
133000 140000 267.13192968754447 841.6085087890569 271.3470232684272 997.1669999999867 310.7259628906322 28138.47384690019 2673611.4433363723 3000.0 128.0 131452.0#131452.0#3000_133474.0#133474.0#3000_135446.0#135446.0#3000_137467.0#137467.0#3000_139517.0#139517.0#3000 133472.0#133472.0#128_135444.0#135444.0#128_137465.0#137465.0#128_139515.0#139515.0#128
140000 147000 1939.2920097656024 843.451331705733 227.72743207696865 998.2790000000095 481.77189257813734 22107.131388526454 1942598.480590984 2250.0 128.0 139517.0#139517.0#3000_143445.0#143445.0#3000_145415.0#145415.0#1500_146156.0#146156.0#1500 143442.0#143442.0#128_145563.0#145563.0#128_146332.0#146332.0#128
147000 154000 1952.6401386718499 721.0514087611643 388.8089529997767 999.9310000000114 37.522999999986496 21985.209732210966 1971201.547086862 2100.0 128.0 146156.0#146156.0#1500_147293.0#147293.0#1500_148137.0#148137.0#1500_151460.0#151460.0#3000_153433.0#153433.0#3000 146332.0#146332.0#128_147362.0#147362.0#128_148308.0#148308.0#128_151455.0#151455.0#128_153430.0#153430.0#128
154000 161000 211.35570117188036 848.580537353515 259.3277719254101 999.8440000000119 315.5380410156213 27702.38330831114 2615096.681643108 2825.0 128.0 153433.0#153433.0#3000_155470.0#155470.0#3000_157438.0#157438.0#3000_159445.0#159445.0#2300 155468.0#155468.0#128_157436.0#157436.0#128_159564.0#159564.0#128
161000 168000 299.3793300781108 837.5775837402362 234.09460800815538 999.9739999999874 416.888742187497 23138.380531544564 2053460.4876371208 2300.0 128.0 161426.0#161426.0#2300_163473.0#163473.0#2300_165497.0#165497.0#2300_167451.0#167451.0#2300 161560.0#161560.0#128_163562.0#163562.0#128_165562.0#165562.0#128_167561.0#167561.0#128
168000 175000 194.09766406239942 850.7377919922001 253.85700417868395 997.7119999999995 411.8952636719332 29763.55294176267 2714042.5245118723 2300.0 128.0 167451.0#167451.0#2300_169422.0#169422.0#2300_170592.0#170592.0#2300_171917.0#171917.0#2300_173449.0#173449.0#2300 169561.0#169561.0#128_170723.0#170723.0#128_171925.0#171925.0#128_173446.0#173446.0#128
175000 182000 123.9472890626057 859.5065888671743 258.8284269762004 999.8189999999595 331.5739746093459 26538.265754305532 2478960.5919577284 3000.0 128.0 175440.0#175440.0#3000_177609.0#177609.0#3000_179484.0#179484.0#3000_181534.0#181534.0#3000 175433.0#175433.0#128_177605.0#177605.0#128_179482.0#179482.0#128_181532.0#181532.0#128
182000 189000 195.21088085931842 850.5986398925852 257.0322168420852 998.8940000000002 284.24609375 30026.847867146884 2765617.894853441 3000.0 128.0 181534.0#181534.0#3000_183757.0#183757.0#3000_185646.0#185646.0#3000_187454.0#187454.0#3000 183755.0#183755.0#128_185645.0#185645.0#128_187452.0#187452.0#128
189000 196000 48.15703906244016 868.980370117195 264.2928913037334 999.6860000000161 261.9560546875 29041.256147536027 2709656.633235488 3000.0 128.0 187454.0#187454.0#3000_189484.0#189484.0#3000_191496.0#191496.0#3000_193138.0#193138.0#3000_195515.0#195515.0#3000 189483.0#189483.0#128_191492.0#191492.0#128_192057.0#192057.0#128_195513.0#195513.0#128
196000 203000 1140.618054687482 837.054563616074 273.06637448959776 999.5020000000659 255.01399999999558 23462.934977116638 2148788.288590746 2250.0 128.0 195515.0#195515.0#3000_197578.0#197578.0#3000_199808.0#199808.0#1500_201541.0#201541.0#1500 197575.0#197575.0#128_199833.0#199833.0#128_201563.0#201563.0#128
203000 210000 744.2349062499416 893.6807276785797 195.66107567003044 998.6469999999972 467.87109375 16100.592611870437 1361217.7124126796 1500.0 128.0 203472.0#203472.0#1500_205480.0#205480.0#1500_207852.0#207852.0#1500_209550.0#209550.0#1500 203560.0#203560.0#128_205558.0#205558.0#128_208064.0#208064.0#128_209558.0#209558.0#128
210000 217000 960.9411191405961 862.7226972656291 197.39962685903993 999.6260000000475 514.4149062499928 16906.642343723866 1451414.2875873204 1500.0 128.0 209550.0#209550.0#1500_211673.0#211673.0#1500_213506.0#213506.0#1500_215494.0#215494.0#1500 212061.0#212061.0#128_213561.0#213561.0#128_215566.0#215566.0#128
217000 224000 1142.5948749998934 836.772160714301 272.5472759801531 999.6690000000235 312.43102539062966 21678.46130706388 1883770.096154439 1800.0 128.0 217420.0#217420.0#1500_219467.0#219467.0#1500_220035.0#220035.0#1500_221427.0#221427.0#1500_223427.0#223427.0#3000 217564.0#217564.0#128_219557.0#219557.0#128_220388.0#220388.0#128_221425.0#221425.0#128_223420.0#223420.0#128
224000 231000 103.54180078121135 862.0572749023486 239.32182043480483 998.6730000000389 391.1229003906483 28319.42298131719 2657982.367224617 3000.0 128.0 223427.0#223427.0#3000_225442.0#225442.0#3000_227420.0#227420.0#3000_229442.0#229442.0#3000 225437.0#225437.0#128_227417.0#227417.0#128_229439.0#229439.0#128
231000 238000 82.86037695306004 864.6424528808675 244.6563807495375 996.3219999999856 423.4997011718806 28988.88825347548 2759998.393349644 3000.0 128.0 229442.0#229442.0#3000_231428.0#231428.0#3000_233425.0#233425.0#3000_235408.0#235408.0#3000_237435.0#237435.0#3000 231423.0#231423.0#128_233423.0#233423.0#128_235407.0#235407.0#128_237435.0#237435.0#128
238000 245000 91.132802734297 863.6083996582129 233.33519363872924 998.439000000013 480.96307812500163 31176.607920204682 2855348.398220919 3000.0 128.0 237435.0#237435.0#3000_239489.0#239489.0#3000_240944.0#240944.0#3000_242796.0#242796.0#3000 239486.0#239486.0#128_240058.0#240058.0#128_242795.0#242795.0#128
245000 252000 234.9231191406143 845.6346101074232 233.00725310711482 999.7810000000172 464.125 26201.601621561473 2451515.699412334 3000.0 128.0 245065.0#245065.0#3000_247460.0#247460.0#3000_249406.0#249406.0#3000_251621.0#251621.0#3000 245064.0#245064.0#128_247458.0#247458.0#128_249406.0#249406.0#128_251621.0#251621.0#128
252000 259000 175.25302539061522 853.0933718261731 230.0280452585771 998.2189999999828 435.448974609375 27004.68756671839 2472393.691320708 2650.0 128.0 251621.0#251621.0#3000_253450.0#253450.0#3000_255439.0#255439.0#2300_257463.0#257463.0#2300 253449.0#253449.0#128_255557.0#255557.0#128_255559.0#255559.0#128_257562.0#257562.0#128
259000 266000 1104.072023437533 842.2754252232096 200.3403429542846 995.439000000013 559.2810253906064 20897.24488253459 1823438.0434547379 1500.0 128.0 259424.0#259424.0#1500_261420.0#261420.0#1500_263548.0#263548.0#1500_264130.0#264130.0#1500_265463.0#265463.0#1500 259559.0#259559.0#128_261558.0#261558.0#128_263561.0#263561.0#128_264534.0#264534.0#128_265461.0#265461.0#128
266000 273000 53.127853515557945 868.3590183105553 236.96463940222282 999.7949999999837 436.7660488281399 26074.68448907786 2385310.5718998048 2625.0 128.0 265463.0#265463.0#1500_267472.0#267472.0#3000_269424.0#269424.0#3000_271435.0#271435.0#3000 267466.0#267466.0#128_269422.0#269422.0#128_271432.0#271432.0#128
273000 280000 220.63198437489336 847.4210019531383 255.2292297058717 999.7930000000633 418.39111328125 28061.567450147842 2653497.3573841313 3000.0 128.0 271435.0#271435.0#3000_273424.0#273424.0#3000_275435.0#275435.0#3000_277478.0#277478.0#3000_279429.0#279429.0#3000 273421.0#273421.0#128_275433.0#275433.0#128_277475.0#277475.0#128_279424.0#279424.0#128
280000 287000 1969.7880351560889 838.3686608073185 177.72313665605245 998.667000000074 579.5198867187719 20442.438250094045 1954504.9402810035 3000.0 128.0 279429.0#279429.0#3000_281453.0#281453.0#3000_285473.0#285473.0#3000 281450.0#281450.0#128_285464.0#285464.0#128
287000 294000 65.79298437491525 866.7758769531356 255.34320212527703 999.0040000000154 313.5099218750256 30977.938843736174 2852845.106360058 2416.6666666666665 128.0 285473.0#285473.0#3000_287435.0#287435.0#2300_289425.0#289425.0#2300_290741.0#290741.0#2300_292065.0#292065.0#2300_293141.0#293141.0#2300 287568.0#287568.0#128_289559.0#289559.0#128_290817.0#290817.0#128_292069.0#292069.0#128_293285.0#293285.0#128
