ts te idle avg_span std_span max_span min_span c_bytes_all s_bytes_all avg_video_rate avg_audio_rate video_requests_sequence audio_requests_sequence
0 6000 6000.0 0.0 0.0 0.0 0.0 0.0 0.0 0.0 0.0 - -
6000 12000 317.73387890623417 947.0443535156277 123.68378766535515 999.3130000000237 694.59912109375 49793.185584415885 1844247.663456593 525.0 128.0 7009.0#7009.0#840_7802.0#7802.0#480_8334.0#8334.0#480_9250.0#9250.0#480_9826.0#9826.0#480_10332.0#10332.0#480_11084.0#11084.0#480_11658.0#11658.0#480 7005.0#7005.0#128_7518.0#7518.0#128_7862.0#7862.0#128_8340.0#8340.0#128_9259.0#9259.0#128_10245.0#10245.0#128_10549.0#10549.0#128_11195.0#11195.0#128_11860.0#11860.0#128
12000 18000 562.7591523437295 776.7486925223244 315.0892063142456 997.810999999987 301.7108789062477 29852.00771133114 1154449.751534368 1092.0 128.0 11658.0#11658.0#480_12018.0#12018.0#480_13648.0#13648.0#1500_15638.0#15638.0#1500_17644.0#17644.0#1500 11860.0#11860.0#128_13636.0#13636.0#128_15633.0#15633.0#128_17635.0#17635.0#128
18000 24000 398.4760859373491 800.2177020089501 373.7209069074033 999.8000000000466 5.7548828125 30781.71457710251 1386063.8421064373 1500.0 128.0 17644.0#17644.0#1500_19639.0#19639.0#1500_21635.0#21635.0#1500_23143.0#23143.0#1500 19635.0#19635.0#128_21630.0#21630.0#128_23143.0#23143.0#128
24000 30000 91.7379218749702 984.7103463541716 26.056922896440426 998.0430000000051 931.8349609375 31218.37433778917 1326095.2462619252 1500.0 128.0 23143.0#23143.0#1500_25141.0#25141.0#1500_27071.0#27071.0#1500_29067.0#29067.0#1500 25136.0#25136.0#128_27067.0#27067.0#128_29064.0#29064.0#128
30000 36000 1226.7746738280985 681.8893323102717 452.4083610751706 999.8059999999823 9.769287109375 28354.150936993345 1193085.4025657347 1500.0 128.0 29067.0#29067.0#1500_31084.0#31084.0#1500_32630.0#32630.0#1500_35058.0#35058.0#1500 31080.0#31080.0#128_32628.0#32628.0#128_35056.0#35056.0#128
36000 42000 756.395339843817 873.9341100260305 252.25259682996992 999.9680000000517 364.720947265625 31987.008385833444 1375112.6608635068 1500.0 128.0 35058.0#35058.0#1500_36632.0#36632.0#1500_38636.0#38636.0#1500_40632.0#40632.0#1500 36630.0#36630.0#128_38631.0#38631.0#128_40629.0#40629.0#128
42000 48000 1412.1599492186797 764.6400084635534 389.04770910241297 999.9270000000251 2.3200527344015427 35391.52984031797 1482203.5610744476 1766.6666666666667 128.0 43177.0#43177.0#1500_44288.0#44288.0#1500_46150.0#46150.0#2300 43168.0#43168.0#128_44629.0#44629.0#128_46137.0#46137.0#128
48000 54000 111.110033203091 841.2699952567012 322.2818108538687 999.5389999999898 125.46800195320975 39979.84335279882 1983494.6115613938 2300.0 128.0 46150.0#46150.0#2300_48033.0#48033.0#2300_50001.0#50001.0#2300_52137.0#52137.0#2300_53839.0#53839.0#2300 48125.0#48125.0#128_50121.0#50121.0#128_52130.0#52130.0#128
54000 60000 86.30802929692436 844.8131386718679 303.01386556201874 999.9349999999977 179.26903515617596 35325.72199352836 1668960.5060211858 2300.0 128.0 53839.0#53839.0#2300_56136.0#56136.0#2300_57712.0#57712.0#2300 54125.0#54125.0#128_56129.0#56129.0#128_57620.0#57620.0#128
60000 66000 23.58884179685265 853.7730226004496 297.46009007949925 999.1450000000186 205.0920644531143 43134.93053520861 2099812.5456345584 2300.0 128.0 60134.0#60134.0#2300_61766.0#61766.0#2300_63406.0#63406.0#2300_65341.0#65341.0#2300 60127.0#60127.0#128_61620.0#61620.0#128_63621.0#63621.0#128_65294.0#65294.0#128
66000 72000 470.9101484375424 789.8699787946368 342.2548360103629 999.2260000000242 216.70290625002235 39489.18652145752 1936177.6211690567 2300.0 128.0 65341.0#65341.0#2300_67392.0#67392.0#2300_69627.0#69627.0#2300_71141.0#71141.0#2300 67122.0#67122.0#128_69622.0#69622.0#128_71126.0#71126.0#128
72000 78000 21.462982421799097 854.0767167968859 259.3328477721887 999.9760000000824 356.011962890625 37557.65914654906 1812979.7852133934 2300.0 128.0 71141.0#71141.0#2300_73131.0#73131.0#2300_75096.0#75096.0#2300_77140.0#77140.0#2300 73127.0#73127.0#128_75092.0#75092.0#128_77135.0#77135.0#128
78000 84000 81.42689062509453 845.510444196415 268.88545321194977 999.4839999999967 313.424072265625 40576.00123120009 1950941.3964910286 2300.0 128.0 77140.0#77140.0#2300_79112.0#79112.0#2300_80884.0#80884.0#2300_82630.0#82630.0#2300 79109.0#79109.0#128_81126.0#81126.0#128_82626.0#82626.0#128
84000 90000 581.858785156277 903.0235358072872 209.2908463579001 999.7199999999721 477.1429277344141 36121.092706798074 1767040.0823295284 2300.0 128.0 82630.0#82630.0#2300_85112.0#85112.0#2300_86674.0#86674.0#2300_89165.0#89165.0#2300 85110.0#85110.0#128_86626.0#86626.0#128_89162.0#89162.0#128
90000 96000 617.931306640734 768.8669561941808 396.49680345647226 999.9089999999851 41.192712890624534 41258.42919428074 1915188.225462487 2300.0 128.0 89165.0#89165.0#2300_90669.0#90669.0#2300_92244.0#92244.0#2300_94630.0#94630.0#2300 90625.0#90625.0#128_92125.0#92125.0#128_94628.0#94628.0#128
96000 102000 440.13298046868294 926.6445032552195 149.96539775304745 999.8939999999711 624.7350195312756 41804.16394439526 1968662.0982543551 2300.0 128.0 94630.0#94630.0#2300_96601.0#96601.0#2300_98446.0#98446.0#2300_99955.0#99955.0#2300 96124.0#96124.0#128_98126.0#98126.0#128_100124.0#100124.0#128
102000 108000 724.3860312500037 879.268994791666 230.65371713930148 999.8269999999902 422.3159999999916 40786.490112951775 1850860.996428491 2300.0 128.0 102128.0#102128.0#2300_103845.0#103845.0#2300_106143.0#106143.0#2300 102126.0#102126.0#128_104125.0#104125.0#128_106139.0#106139.0#128_107634.0#107634.0#128
108000 114000 28.396722656325437 853.0861824776678 319.7262995113459 999.8740000000107 140.15503124997485 39929.88436154513 1937074.7855542272 2300.0 128.0 106143.0#106143.0#2300_108061.0#108061.0#2300_109526.0#109526.0#2300_111630.0#111630.0#2300_113460.0#113460.0#2300 109638.0#109638.0#128_111628.0#111628.0#128_113624.0#113624.0#128
114000 120000 519.145132812555 782.9792667410636 363.7556076275323 999.460999999952 157.92275390622672 41956.78766391026 1895294.9499644649 2300.0 128.0 113460.0#113460.0#2300_115381.0#115381.0#2300_117632.0#117632.0#2300_119240.0#119240.0#2300 115623.0#115623.0#128_117627.0#117627.0#128_119182.0#119182.0#128
120000 126000 1846.9532070312416 830.6093585937517 183.56668998170102 999.7459999999846 632.6330000000307 31861.69257686704 1338088.566669606 2033.3333333333333 128.0 119240.0#119240.0#2300_120967.0#120967.0#2300_125135.0#125135.0#1500 121126.0#121126.0#128_125124.0#125124.0#128_125396.0#125396.0#128
126000 132000 1450.4379062498338 758.2603489583611 343.7020993808444 999.814000000013 118.06109375000233 36432.14528472579 1430561.7013832107 1236.0 128.0 125135.0#125135.0#1500_126363.0#126363.0#840_126929.0#126929.0#840_129140.0#129140.0#1500_130623.0#130623.0#1500 127126.0#127126.0#128_129133.0#129133.0#128_130633.0#130633.0#128
132000 138000 1099.4179140625056 980.1164171874989 18.673911044819256 998.3059999999823 951.1630859375 26821.94367269606 1159706.700781452 1500.0 128.0 133167.0#133167.0#1500_134632.0#134632.0#1500_137105.0#137105.0#1500 133164.0#133164.0#128_134629.0#134629.0#128_137102.0#137102.0#128
138000 144000 1834.4699648438836 595.0757193080166 486.28454592364056 999.6020000000135 4.474121093691792 28542.60596071994 1149648.1412064452 1500.0 128.0 137105.0#137105.0#1500_138632.0#138632.0#1500_140633.0#140633.0#1500_143072.0#143072.0#1500 138629.0#138629.0#128_140630.0#140630.0#128_143069.0#143069.0#128
144000 150000 1223.225054687413 796.1291575520978 270.296502191683 998.8150000000023 366.7930000000051 33456.96613942048 1392494.3401437039 1500.0 128.0 143072.0#143072.0#1500_144336.0#144336.0#1500_146131.0#146131.0#1500_148136.0#148136.0#1500 144122.0#144122.0#128_146127.0#146127.0#128_148133.0#148133.0#128
150000 156000 1448.4210664063576 758.5964889322737 375.6868861053879 998.4689999999246 135.57993359374814 26890.484227163524 1195984.817868399 1500.0 128.0 150134.0#150134.0#1500_152133.0#152133.0#1500_153638.0#153638.0#1500 150131.0#150131.0#128_152128.0#152128.0#128_153635.0#153635.0#128
156000 162000 679.5647285156883 886.7392119140519 258.694927560218 999.320000000007 359.103271484375 40848.86339421172 1715209.133519775 1900.0 128.0 156137.0#156137.0#1500_157530.0#157530.0#1500_159641.0#159641.0#2300_161574.0#161574.0#2300 156130.0#156130.0#128_157628.0#157628.0#128_159635.0#159635.0#128_161625.0#161625.0#128
162000 168000 67.41215039073722 847.5125499441804 269.7192672491073 999.6760000000359 314.3491210936918 39391.988089284925 1873941.6725596304 2300.0 128.0 161574.0#161574.0#2300_163135.0#163135.0#2300_165638.0#165638.0#2300_167222.0#167222.0#2300 163131.0#163131.0#128_165635.0#165635.0#128_167123.0#167123.0#128
168000 174000 32.35022851562826 852.5213959263389 272.657954764581 999.8260000000009 293.389892578125 41091.25355800473 1938616.6210307279 2300.0 128.0 167222.0#167222.0#2300_169094.0#169094.0#2300_170876.0#170876.0#2300_172986.0#172986.0#2300 169089.0#169089.0#128_171074.0#171074.0#128_173121.0#173121.0#128
174000 180000 448.90690624993294 793.0132991071524 364.8020023058657 999.9200000000419 5.260986328125 39719.00947456342 1818868.8452177057 2300.0 128.0 172986.0#172986.0#2300_175068.0#175068.0#2300_177128.0#177128.0#2300_179086.0#179086.0#2300 175064.0#175064.0#128_177125.0#177125.0#128_179079.0#179079.0#128
180000 186000 58.0768906250014 990.3205182291664 18.070615897209965 999.9189999999944 954.173095703125 42391.87681501698 2032404.394308529 2300.0 128.0 179086.0#179086.0#2300_180891.0#180891.0#2300_182577.0#182577.0#2300_184413.0#184413.0#2300 180627.0#180627.0#128_182624.0#182624.0#128_184629.0#184629.0#128
186000 192000 732.0210917968652 752.5684154575907 388.10891685173084 999.7050000000163 43.88590429688338 39116.80156356663 1779978.7495580448 2300.0 128.0 184413.0#184413.0#2300_186323.0#186323.0#2300_188634.0#188634.0#2300_190223.0#190223.0#2300 186625.0#186625.0#128_188628.0#188628.0#128_190125.0#190125.0#128
192000 198000 908.624097656284 848.5626503906193 361.2576092345861 997.87890625 111.16099609376397 38957.20205027782 1839981.3201262732 2300.0 128.0 190223.0#190223.0#2300_193055.0#193055.0#2300_194597.0#194597.0#2300_196430.0#196430.0#2300 193048.0#193048.0#128_194123.0#194123.0#128_196122.0#196122.0#128
198000 204000 18.726792968809605 854.4676010044558 376.3255938246051 999.6770000000251 1.074093749979511 45196.268824498686 2085856.5208937507 2300.0 128.0 196430.0#196430.0#2300_198077.0#198077.0#2300_199928.0#199928.0#2300_201773.0#201773.0#2300_203627.0#203627.0#2300 198126.0#198126.0#128_200125.0#200125.0#128_202121.0#202121.0#128_203636.0#203636.0#128
204000 210000 82.50599609373603 845.3562862723235 368.8889027930638 998.7539999999572 9.652886718744412 36094.76896337323 1688770.0644313348 2300.0 128.0 203627.0#203627.0#2300_205473.0#205473.0#2300_207633.0#207633.0#2300_209634.0#209634.0#2300 205626.0#205626.0#128_207629.0#207629.0#128_209631.0#209631.0#128
210000 216000 31.144142578239553 852.6936939173944 358.35066497739325 999.7149999999674 41.562882812460884 42000.48620188213 1959528.3518890324 2300.0 128.0 209634.0#209634.0#2300_211331.0#211331.0#2300_213637.0#213637.0#2300_215216.0#215216.0#2300 211603.0#211603.0#128_213630.0#213630.0#128_215145.0#215145.0#128
216000 222000 87.76970507809892 844.6043278459858 350.19303903367035 999.6169999999693 57.857025390607305 40813.74847347137 1860639.1116759605 2300.0 128.0 215216.0#215216.0#2300_217062.0#217062.0#2300_219118.0#219118.0#2300_221134.0#221134.0#2300 217057.0#217057.0#128_219115.0#219115.0#128_221130.0#221130.0#128
222000 228000 85.58536328130867 844.9163766740987 323.82209396001383 999.5100000000093 125.99373046879191 44818.953404262895 2076925.7354627224 2300.0 128.0 221134.0#221134.0#2300_223061.0#223061.0#2300_225214.0#225214.0#2300_226818.0#226818.0#2300 223055.0#223055.0#128_224631.0#224631.0#128_227104.0#227104.0#128
228000 234000 38.66391992184799 851.6194400111646 306.7818884728256 999.3719999999739 175.71909374999814 40878.42718541332 1873176.5814798023 2300.0 128.0 226818.0#226818.0#2300_228527.0#228527.0#2300_231066.0#231066.0#2300_232684.0#232684.0#2300 228628.0#228628.0#128_231064.0#231064.0#128_232626.0#232626.0#128
234000 240000 117.2189707030775 840.3972898995604 295.5993244216291 998.0500000000466 195.31601367192343 38117.61317263897 1732278.4901608098 2300.0 128.0 232684.0#232684.0#2300_235074.0#235074.0#2300_236886.0#236886.0#2300_239068.0#239068.0#2300 235070.0#235070.0#128_236627.0#236627.0#128_239064.0#239064.0#128
240000 246000 44.42612304689828 850.7962681361574 291.5656528893623 999.1659999999683 220.80998437502421 44845.70942112686 2030000.44238259 2300.0 128.0 239068.0#239068.0#2300_240651.0#240651.0#2300_242080.0#242080.0#2300_244411.0#244411.0#2300 240126.0#240126.0#128_242124.0#242124.0#128_244123.0#244123.0#128
246000 252000 20.70095898443833 854.1855772879373 285.791649541786 999.6829999999609 241.93310742184985 40509.48769593489 1949862.5165173397 2300.0 128.0 244411.0#244411.0#2300_246131.0#246131.0#2300_247678.0#247678.0#2300_250121.0#250121.0#2300_251781.0#251781.0#2300 246122.0#246122.0#128_248123.0#248123.0#128_249624.0#249624.0#128
252000 258000 70.64605468756054 847.0505636160627 281.1278215231776 998.0230000000447 247.61806640622672 40355.87745791485 1919610.6487321316 2300.0 128.0 251781.0#251781.0#2300_253803.0#253803.0#2300_255650.0#255650.0#2300_257646.0#257646.0#2300 252124.0#252124.0#128_253631.0#253631.0#128_255644.0#255644.0#128_257637.0#257637.0#128
258000 264000 138.4979550781427 837.3574349888368 283.8535010533098 999.9949999999953 262.9881210937165 41794.53646750613 1897863.2204746148 2300.0 128.0 257646.0#257646.0#2300_259348.0#259348.0#2300_261172.0#261172.0#2300_263232.0#263232.0#2300 259645.0#259645.0#128_261163.0#261163.0#128_263194.0#263194.0#128
264000 270000 25.591013671946712 853.4869980468648 261.08126195529877 999.4989999999525 349.7110761718359 41036.06240243167 1923886.4984339615 2300.0 128.0 263232.0#263232.0#2300_265126.0#265126.0#2300_267131.0#267131.0#2300_269119.0#269119.0#2300 265123.0#265123.0#128_267127.0#267127.0#128_269116.0#269116.0#128
270000 276000 28.28695898433216 853.1018630022382 257.7106431481682 999.9470000000438 366.8710898438003 41245.41421175013 1940476.5108709738 2300.0 128.0 269119.0#269119.0#2300_270816.0#270816.0#2300_273205.0#273205.0#2300_274883.0#274883.0#2300 271125.0#271125.0#128_273200.0#273200.0#128_275128.0#275128.0#128
276000 282000 24.864968749927357 853.5907187500104 255.0937834778061 999.8360000000102 382.1950488281436 43675.167088748545 2090417.684379434 2300.0 128.0 274883.0#274883.0#2300_276912.0#276912.0#2300_278469.0#278469.0#2300_280399.0#280399.0#2300 276626.0#276626.0#128_278637.0#278637.0#128_280626.0#280626.0#128
282000 288000 825.3270742187742 862.4454876302043 310.53205035303574 999.7780000000494 229.72201757808216 32658.835745819062 1499387.9029928746 2300.0 128.0 280399.0#280399.0#2300_283076.0#283076.0#2300_284535.0#284535.0#2300_287098.0#287098.0#2300 283071.0#283071.0#128_284627.0#284627.0#128_287095.0#287095.0#128
288000 294000 34.97782421880402 852.1460251115994 356.83016677409 999.0849999999627 44.42609179683495 44471.58669785419 2132394.667537532 2300.0 128.0 287098.0#287098.0#2300_288922.0#288922.0#2300_290679.0#290679.0#2300_292275.0#292275.0#2300 288137.0#288137.0#128_290123.0#290123.0#128_292122.0#292122.0#128
294000 300000 24.94998437492177 853.5785736607255 351.3136251662476 999.7619999999879 59.565916015650146 43511.22070587644 2044788.6541634812 2300.0 128.0 292275.0#292275.0#2300_294032.0#294032.0#2300_295791.0#295791.0#2300_297603.0#297603.0#2300_299516.0#299516.0#2300 294130.0#294130.0#128_296124.0#296124.0#128_297629.0#297629.0#128_299634.0#299634.0#128
