ts te idle avg_span std_span max_span min_span c_bytes_all s_bytes_all avg_video_rate avg_audio_rate video_requests_sequence audio_requests_sequence
0 5000 5000.0 0.0 0.0 0.0 0.0 0.0 0.0 0.0 0.0 - -
5000 10000 5000.0 0.0 0.0 0.0 0.0 0.0 0.0 0.0 0.0 - -
10000 15000 1519.145927734382 870.2135180664045 156.79120626175913 999.9510000000009 680.795999999973 48575.948601659096 2509654.9988772757 3000.0 128.0 11929.0#11929.0#3000_13390.0#13390.0#3000_14354.0#14354.0#3000 11918.0#11918.0#128_13196.0#13196.0#128_13407.0#13407.0#128_14427.0#14427.0#128
15000 20000 22.644074218755122 829.5593209635408 320.9351023154806 999.920999999973 197.80592773441458 66119.8047136501 4658001.688557987 3000.0 128.0 14354.0#14354.0#3000_15041.0#15041.0#3000_15808.0#15808.0#3000_16754.0#16754.0#3000_17810.0#17810.0#3000_18669.0#18669.0#3000_19521.0#19521.0#3000 15144.0#15144.0#128_16140.0#16140.0#128_17071.0#17071.0#128_17998.0#17998.0#128_18848.0#18848.0#128_19640.0#19640.0#128
20000 25000 621.6649472656427 729.7225087890596 358.12647874658916 998.4619999999995 212.8140019531129 42537.25025161635 3074079.22434771 3700.0 128.0 19521.0#19521.0#3000_20445.0#20445.0#3000_21453.0#21453.0#3000_22661.0#22661.0#3000_24667.0#24667.0#6500 20492.0#20492.0#128_22659.0#22659.0#128_24658.0#24658.0#128
25000 30000 26.402781249955297 828.9328697916741 282.9955994082677 999.4550000000163 325.30126953125 53264.65306466939 4120250.846583623 6500.0 128.0 24667.0#24667.0#6500_26365.0#26365.0#6500_28642.0#28642.0#6500 26648.0#26648.0#128_28153.0#28153.0#128
30000 35000 29.035208984510973 828.4941318359148 284.1972806774965 999.85699999996 319.612060546875 57406.85166120014 4497218.89376752 6500.0 128.0 28642.0#28642.0#6500_30529.0#30529.0#6500_32454.0#32454.0#6500_34676.0#34676.0#6500 30656.0#30656.0#128_32141.0#32141.0#128_34144.0#34144.0#128
35000 40000 59.20315820322139 823.4661402994631 284.2561129823726 999.4820000000182 301.64990234375 51131.35175401794 4315504.067386693 6500.0 128.0 34676.0#34676.0#6500_36505.0#36505.0#6500_38399.0#38399.0#6500 36112.0#36112.0#128_38152.0#38152.0#128_39646.0#39646.0#128
40000 45000 14.18591992201982 830.96901334633 289.709193510951 999.6289999999572 293.031982421875 53914.00798090111 4536592.831190574 6500.0 128.0 38399.0#38399.0#6500_40349.0#40349.0#6500_42267.0#42267.0#6500_44155.0#44155.0#6500 42131.0#42131.0#128_44186.0#44186.0#128
45000 50000 25.252009765652474 829.124665039058 288.74656948085845 998.0829999999842 289.52197265625 53302.37051639728 4235914.880320544 6500.0 128.0 44155.0#44155.0#6500_46084.0#46084.0#6500_48023.0#48023.0#6500 46082.0#46082.0#128_47651.0#47651.0#128
50000 55000 19.33103320322698 830.1114944661289 295.261586740538 999.8539999999921 276.137939453125 54069.919301954695 4203424.126355481 6500.0 128.0 50102.0#50102.0#6500_51901.0#51901.0#6500_53675.0#53675.0#6500 50099.0#50099.0#128_51663.0#51663.0#128_53645.0#53645.0#128
55000 60000 16.846666015626397 830.5255556640623 295.50394045796105 999.3670000000275 270.9052734375 49551.698763955326 4426788.716115222 6500.0 128.0 53675.0#53675.0#6500_56039.0#56039.0#6500_57872.0#57872.0#6500_59773.0#59773.0#6500 55659.0#55659.0#128_57149.0#57149.0#128_59157.0#59157.0#128
60000 65000 25.346335937618278 829.108944010397 298.85241204614033 998.3439999998664 260.9609375 46106.832500536606 3934514.3791743694 6500.0 128.0 59773.0#59773.0#6500_62058.0#62058.0#6500_64100.0#64100.0#6500 62057.0#62057.0#128_63164.0#63164.0#128_64653.0#64653.0#128
65000 70000 16.06398242182331 830.6560029296961 301.7015778363521 998.8510000000824 252.303955078125 51273.86483331202 4445874.660345956 6500.0 128.0 64100.0#64100.0#6500_65920.0#65920.0#6500_67851.0#67851.0#6500_69813.0#69813.0#6500 67150.0#67150.0#128_68662.0#68662.0#128
70000 75000 680.7559511720319 719.8740081379947 383.5050500140342 999.6609999999637 34.60400390625 48276.157406366794 3496374.1269011404 6500.0 128.0 69813.0#69813.0#6500_71509.0#71509.0#6500_74101.0#74101.0#6500 70688.0#70688.0#128_74098.0#74098.0#128_74259.0#74259.0#128
75000 80000 11.043023437610827 831.4928294270649 394.1278681549425 999.9639999999781 27.479980468691792 57260.38534830887 4481539.549571236 5450.0 128.0 74101.0#74101.0#6500_76003.0#76003.0#6500_78488.0#78488.0#4400_79766.0#79766.0#4400 76184.0#76184.0#128_78677.0#78677.0#128
80000 85000 51.69786718767136 989.6604265624658 12.016569525651093 999.8449999999721 971.3040195311769 50590.82707445759 4116739.2357939044 4400.0 128.0 79766.0#79766.0#4400_80960.0#80960.0#4400_82459.0#82459.0#4400_84071.0#84071.0#4400 80381.0#80381.0#128_82135.0#82135.0#128_84068.0#84068.0#128
85000 90000 109.7630273437826 815.0394954427029 398.46691997201634 999.9820000000182 5.137886718730442 47639.30640200619 3288757.240523282 5800.0 128.0 84071.0#84071.0#4400_86165.0#86165.0#6500_88166.0#88166.0#6500 86157.0#86157.0#128_88162.0#88162.0#128
90000 95000 12.799197265703697 831.2001337890493 363.79989201665677 999.8649999999907 93.39791406248696 56951.00816025336 4247373.94828465 6500.0 128.0 88166.0#88166.0#6500_90207.0#90207.0#6500_92484.0#92484.0#6500_94298.0#94298.0#6500 90164.0#90164.0#128_92146.0#92146.0#128_93645.0#93645.0#128
95000 100000 13.527009765675757 831.0788317057207 360.37684970973373 999.755999999994 100.57211132807424 52889.66715231506 4338491.722789941 6500.0 128.0 94298.0#94298.0#6500_96262.0#96262.0#6500_98322.0#98322.0#6500 95642.0#95642.0#128_98166.0#98166.0#128_99576.0#99576.0#128
100000 105000 15.305917968740687 830.7823470052099 357.3389253137999 999.7359999999753 107.52212109375978 48503.40971703417 4150392.445170292 6500.0 128.0 98322.0#98322.0#6500_100138.0#100138.0#6500_102339.0#102339.0#6500_104003.0#104003.0#6500 101649.0#101649.0#128_103648.0#103648.0#128
105000 110000 9.32070312515134 831.7798828124747 353.9803458060853 999.4880000000121 115.78903906251071 51548.37574274697 4532319.76951003 6500.0 128.0 104003.0#104003.0#6500_105802.0#105802.0#6500_107885.0#107885.0#6500_109794.0#109794.0#6500 105148.0#105148.0#128_107150.0#107150.0#128_109161.0#109161.0#128
110000 115000 18.353990234376397 830.2743349609373 352.2335524011579 999.8310000000056 119.38374218752142 49901.024091690466 4291698.514707975 6500.0 128.0 109794.0#109794.0#6500_111488.0#111488.0#6500_113517.0#113517.0#6500 111146.0#111146.0#128_113148.0#113148.0#128_114670.0#114670.0#128
115000 120000 14.15830273431493 830.9736162109475 346.8402193513461 998.2119999999995 131.64673242188292 54184.46088760099 4382575.520207195 6500.0 128.0 113517.0#113517.0#6500_115778.0#115778.0#6500_117627.0#117627.0#6500_119382.0#119382.0#6500 116644.0#116644.0#128_118646.0#118646.0#128
120000 125000 1448.4259648437146 710.314807031257 408.06725563352563 999.5869999999995 136.140035156277 35563.8240733495 3004953.613517398 6500.0 128.0 119382.0#119382.0#6500_121422.0#121422.0#6500 120645.0#120645.0#128_122647.0#122647.0#128
125000 130000 2462.691999999981 634.3270000000048 421.61793702591905 999.8460000000196 233.29200000001583 28037.0 2244073.0 4400.0 128.0 125025.0#125025.0#4400_128569.0#128569.0#4400 128567.0#128567.0#128
130000 135000 1594.316999999981 851.4207500000048 294.8092721454482 999.7930000000051 409.20899999997346 39569.0 2202026.0 1094.857142857143 128.0 131596.0#131596.0#288_132154.0#132154.0#288_132311.0#132311.0#288_132603.0#132603.0#1500_133080.0#133080.0#1500_133527.0#133527.0#1500_134084.0#134084.0#2300 131591.0#131591.0#128_132147.0#132147.0#128_132262.0#132262.0#128_132395.0#132395.0#128_132679.0#132679.0#128_133134.0#133134.0#128_134130.0#134130.0#128
135000 140000 1007.0649179688189 998.2337705077953 1.4734346468859334 999.8319999999949 996.3090820311918 38595.77790500998 2435791.8235968514 4400.0 128.0 136063.0#136063.0#4400_138046.0#138046.0#4400_139647.0#139647.0#4400 136060.0#136060.0#128_138043.0#138043.0#128_139643.0#139643.0#128
140000 145000 462.6380820311606 756.2269863281399 412.2815035455482 999.314000000013 0.43591796880355105 48287.22209499002 3329678.1764031486 4400.0 128.0 139647.0#139647.0#4400_141651.0#141651.0#4400_143344.0#143344.0#4400 141646.0#141646.0#128_143647.0#143647.0#128
145000 150000 1874.452119140653 625.1095761718694 343.57430944811546 998.1259999999893 331.68699999997625 37386.14750404866 2718694.2657500873 4400.0 128.0 145648.0#145648.0#4400_147654.0#147654.0#4400_149656.0#149656.0#4400 145645.0#145645.0#128_147651.0#147651.0#128_149652.0#149652.0#128
150000 155000 1336.9878808594076 732.6024238281185 348.00775076424844 999.0769999999902 164.0009999999893 39281.85249595134 3032511.7342499127 4400.0 128.0 149656.0#149656.0#4400_151154.0#151154.0#4400_153162.0#153162.0#4400 151151.0#151151.0#128_153158.0#153158.0#128
155000 160000 976.9660937499721 804.6067812500056 434.27492995069326 999.9680000000517 27.75390625 44302.735195766996 3370815.103079806 4400.0 128.0 156173.0#156173.0#4400_157425.0#157425.0#4400_158930.0#158930.0#4400 156169.0#156169.0#128_157146.0#157146.0#128_159194.0#159194.0#128
160000 165000 1528.5899375000154 694.2820124999969 332.1548080651122 997.8859999999986 228.2600000000093 36210.726455603915 2711722.6643755175 4400.0 128.0 158930.0#158930.0#4400_161148.0#161148.0#4400_163153.0#163153.0#4400_164648.0#164648.0#4400 161147.0#161147.0#128_163151.0#163151.0#128_164646.0#164646.0#128
165000 170000 230.38697851559846 794.9355035807336 322.248797239602 998.5690000000177 163.78303125000093 42961.13278005636 3156925.8541442472 5100.0 128.0 164648.0#164648.0#4400_166654.0#166654.0#4400_168665.0#168665.0#6500 166651.0#166651.0#128_168661.0#168661.0#128
170000 175000 22.6891035157023 829.5518160807163 315.72555603894585 999.304999999993 211.71100976562593 57967.397454339676 4391933.870096771 6500.0 128.0 168665.0#168665.0#6500_170659.0#170659.0#6500_172537.0#172537.0#6500_174440.0#174440.0#6500 170657.0#170657.0#128_172654.0#172654.0#128_174650.0#174650.0#128
175000 180000 14.589796875079628 830.9017005208201 311.47989045332105 999.8549999999814 224.8901132812607 46998.628436020954 4203612.733265535 6500.0 128.0 174440.0#174440.0#6500_176765.0#176765.0#6500_178575.0#178575.0#6500 176164.0#176164.0#128_178149.0#178149.0#128
180000 185000 15.85920117184287 830.6901331380262 307.4248586222482 999.9710000000196 234.39791015622905 47863.02281610159 4257980.481667959 6500.0 128.0 178575.0#178575.0#6500_180626.0#180626.0#6500_182418.0#182418.0#6500_184257.0#184257.0#6500 180145.0#180145.0#128_182135.0#182135.0#128_183653.0#183653.0#128
185000 190000 68.2659707031562 821.955671549474 307.26089962718765 998.9560000000056 236.20711132814176 48450.87174893964 4189129.617490182 6500.0 128.0 184257.0#184257.0#6500_185995.0#185995.0#6500_188238.0#188238.0#6500 186162.0#186162.0#128_188233.0#188233.0#128_189651.0#189651.0#128
190000 195000 1129.6079804688343 645.0653365885277 389.00442188452405 999.4089999999269 251.0009999999893 38082.13091983935 3015840.398872294 6500.0 128.0 188238.0#188238.0#6500_190439.0#190439.0#6500_191620.0#191620.0#6500_193649.0#193649.0#6500 191653.0#191653.0#128_193648.0#193648.0#128
195000 200000 13.492855468764901 831.0845240885392 277.4764049624203 999.3479999999981 342.68408203125 56501.284268698604 4064173.5569839645 6500.0 128.0 195153.0#195153.0#6500_195925.0#195925.0#6500_198060.0#198060.0#6500 195148.0#195148.0#128_195652.0#195652.0#128_197140.0#197140.0#128_199653.0#199653.0#128
200000 205000 11.566962890443392 831.4055061849261 278.35936029483935 999.954000000027 336.797119140625 59639.36213948499 4329032.702236452 6500.0 128.0 198060.0#198060.0#6500_200125.0#200125.0#6500_202102.0#202102.0#6500_204075.0#204075.0#6500 202099.0#202099.0#128_203141.0#203141.0#128_204851.0#204851.0#128
205000 210000 18.87387304683216 830.187687825528 278.42710623678727 997.0770000000484 331.42724609375 58468.85599060016 4429471.703613694 6500.0 128.0 204075.0#204075.0#6500_206055.0#206055.0#6500_207945.0#207945.0#6500_209816.0#209816.0#6500 204851.0#204851.0#128_207148.0#207148.0#128_209148.0#209148.0#128
210000 215000 119.55999804683961 813.4066669921934 295.7692983573434 998.8939999999711 269.979248046875 59496.100047282875 4340048.492198188 6500.0 128.0 209816.0#209816.0#6500_211669.0#211669.0#6500_213561.0#213561.0#6500 211150.0#211150.0#128_212662.0#212662.0#128_214649.0#214649.0#128
215000 220000 428.53126171871554 761.9114563802141 370.762523829215 999.0069999999832 36.385986328125 50384.394808984725 4046446.6474935804 6500.0 128.0 213561.0#213561.0#6500_215644.0#215644.0#6500_217749.0#217749.0#6500_219794.0#219794.0#6500 216654.0#216654.0#128_218647.0#218647.0#128
220000 225000 14.379035156336613 830.9368274739439 393.8275992001113 999.6509999999544 27.574951171875 56658.77472393037 4386423.411408682 6500.0 128.0 219794.0#219794.0#6500_221695.0#221695.0#6500_223631.0#223631.0#6500 220651.0#220651.0#128_222647.0#222647.0#128_224148.0#224148.0#128
225000 230000 8.856955078081228 831.8571741536531 396.64600081836625 999.9050000000279 22.52099609375 51504.296672330085 4222294.238894471 6500.0 128.0 223631.0#223631.0#6500_225776.0#225776.0#6500_227654.0#227654.0#6500_229614.0#229614.0#6500 226166.0#226166.0#128_228153.0#228153.0#128
230000 235000 22.08008007821627 829.653319986964 402.32005150980285 999.2360000000335 8.638916015625 57816.83974580046 4532441.722827 6500.0 128.0 229614.0#229614.0#6500_231549.0#231549.0#6500_233366.0#233366.0#6500 230084.0#230084.0#128_231665.0#231665.0#128_234144.0#234144.0#128
235000 240000 15.75291601556819 996.8494167968863 3.9084058588989006 999.9590000000317 990.2900839843787 56472.44579621924 4549277.801351653 6500.0 128.0 233366.0#233366.0#6500_235244.0#235244.0#6500_237126.0#237126.0#6500_239057.0#239057.0#6500 235644.0#235644.0#128_237653.0#237653.0#128_239654.0#239654.0#128
240000 245000 12.675732421921566 997.4648535156157 2.3711639828643802 999.875 993.499267578125 51741.2152750068 4178555.991555488 6500.0 128.0 239057.0#239057.0#6500_241010.0#241010.0#6500_242976.0#242976.0#6500 241648.0#241648.0#128_243395.0#243395.0#128
245000 250000 1053.8262246093946 657.6956292317676 474.0279647631774 999.3649999999907 3.8807324218796566 38155.0090892693 2680808.340497548 3560.0 128.0 242976.0#242976.0#6500_245947.0#245947.0#2300_246409.0#246409.0#2300_247219.0#247219.0#2300_249159.0#249159.0#4400 246017.0#246017.0#128_247177.0#247177.0#128_249154.0#249154.0#128
250000 255000 31.175728515605442 828.1373785807324 337.99544685130076 998.5270000000019 151.58595703123137 35103.85280407895 2631265.820833869 4400.0 128.0 249159.0#249159.0#4400_251154.0#251154.0#4400_253151.0#253151.0#4400 251149.0#251149.0#128_253148.0#253148.0#128
255000 260000 27.103371093631722 828.816104817728 335.51890611458947 999.7789999999804 159.71068554685917 42549.09839586978 3165268.605932738 4400.0 128.0 255158.0#255158.0#4400_257148.0#257148.0#4400_259148.0#259148.0#4400 255154.0#255154.0#128_257146.0#257146.0#128_259145.0#259145.0#128
260000 265000 570.5210058593657 738.246499023439 378.94588878231707 998.5250000000233 178.45605664059985 41925.752592899145 3008490.7219098695 4400.0 128.0 259148.0#259148.0#4400_260674.0#260674.0#4400_262659.0#262659.0#4400_264652.0#264652.0#4400 260672.0#260672.0#128_262656.0#262656.0#128_264649.0#264649.0#128
265000 270000 33.23785351566039 827.7936910807233 281.1215403731835 999.8009999999776 320.111083984375 38089.16321573564 3003078.917836689 4400.0 128.0 264652.0#264652.0#4400_266656.0#266656.0#4400_268656.0#268656.0#4400 266655.0#266655.0#128_268655.0#268655.0#128
270000 275000 14.08512890629936 830.9858118489501 283.7234016494843 999.7269999999553 314.803955078125 46737.272449919474 3575446.9132667882 5800.0 128.0 270659.0#270659.0#4400_272170.0#272170.0#6500_274254.0#274254.0#6500 270655.0#270655.0#128_272156.0#272156.0#128_274153.0#274153.0#128
275000 280000 9.58500976569485 831.7358317057175 284.3035452418417 999.8959999999497 311.7939453125 52613.888725760095 4218632.348788848 6500.0 128.0 274254.0#274254.0#6500_276246.0#276246.0#6500_278116.0#278116.0#6500 276149.0#276149.0#128_278148.0#278148.0#128
280000 285000 12.68487500003539 831.2191874999941 285.9135448642564 999.8610000000335 305.8720703125 49360.53218836135 4331503.694426476 6500.0 128.0 278116.0#278116.0#6500_280170.0#280170.0#6500_282062.0#282062.0#6500_283896.0#283896.0#6500 280149.0#280149.0#128_281647.0#281647.0#128_284144.0#284144.0#128
285000 290000 14.922138671856374 830.8463102213573 287.250122797567 999.9070000000065 300.054931640625 54197.39700813208 4152621.8580364655 6500.0 128.0 283896.0#283896.0#6500_286114.0#286114.0#6500_287844.0#287844.0#6500 286108.0#286108.0#128_287646.0#287646.0#128
290000 295000 17.00999023451004 830.498334960915 288.19038221902633 998.4089999999851 295.31494140625 50720.88815413229 4016993.427089724 6500.0 128.0 290074.0#290074.0#6500_292113.0#292113.0#6500_293954.0#293954.0#6500 290070.0#290070.0#128_292108.0#292108.0#128_293140.0#293140.0#128
295000 300000 20.54102539049927 829.9098291015835 292.57309733176567 999.0359999999637 283.263916015625 60101.91916854691 4450772.313850439 6500.0 128.0 293954.0#293954.0#6500_295987.0#295987.0#6500_297924.0#297924.0#6500_299716.0#299716.0#6500 295147.0#295147.0#128_297150.0#297150.0#128_299141.0#299141.0#128
