ts te idle avg_span std_span max_span min_span c_bytes_all s_bytes_all avg_video_rate avg_audio_rate video_requests_sequence audio_requests_sequence
0.0 5000.0 5000.0 0.0 0.0 0.0 0.0 0.0 0.0 0.0 0.0 - -
5000.0 10000.0 5000.0 0.0 0.0 0.0 0.0 0.0 0.0 0.0 0.0 - -
10000.0 15000.0 2734.909009765619 755.030330078127 227.9715560013774 995.1100000000042 541.489990234375 22551.660451084488 1132216.2403377634 1192.0 128.0 12412.0#12412.0#3000_12414.0#12414.0#3000_14462.0#14462.0#288_14465.0#14465.0#288_14758.0#14758.0#288_14905.0#14905.0#288 12400.0#12400.0#128_12405.0#12405.0#128_14458.0#14458.0#128_14839.0#14839.0#128_14983.0#14983.0#128
15000.0 20000.0 25.208998046873603 829.1318336588544 261.32159334940815 999.1330000000016 457.93200976562366 48271.30524213577 4199241.200273448 3225.1428571428573 128.0 14905.0#14905.0#288_15028.0#15028.0#288_15179.0#15179.0#4400_15180.0#15180.0#4400_15820.0#15820.0#4400_17611.0#17611.0#4400_19021.0#19021.0#4400 14983.0#14983.0#128_15098.0#15098.0#128_15205.0#15205.0#128_16260.0#16260.0#128_17762.0#17762.0#128_19098.0#19098.0#128
20000.0 25000.0 18.198919921880588 830.3001800130199 261.16514631308485 999.7139999999999 470.195007812501 43867.98355842374 4462575.486360723 4400.0 128.0 19021.0#19021.0#4400_20142.0#20142.0#4400_21398.0#21398.0#4400_22747.0#22747.0#4400_24040.0#24040.0#4400 20388.0#20388.0#128_21605.0#21605.0#128_23009.0#23009.0#128_24104.0#24104.0#128
25000.0 30000.0 22.560156250001455 829.5733072916664 259.75550491900657 998.5520000000033 482.12992773437145 39985.55826704432 4235131.917952067 5660.0 128.0 24040.0#24040.0#4400_25252.0#25252.0#4400_26629.0#26629.0#6500_26636.0#26636.0#6500_28611.0#28611.0#6500 25579.0#25579.0#128_26702.0#26702.0#128_28590.0#28590.0#128
30000.0 35000.0 111.5999609375067 814.7333398437489 279.94203192838654 998.510000000002 427.5539550781177 41008.76062371113 4195173.31107968 5975.0 128.0 28611.0#28611.0#6500_30574.0#30574.0#6500_32537.0#32537.0#6500_34553.0#34553.0#4400 30566.0#30566.0#128_32517.0#32517.0#128_34532.0#34532.0#128
35000.0 40000.0 20.770021484378958 829.8716630859368 264.4349317536368 999.989999999998 417.98193359375 27949.288117522436 2788552.982088572 4400.0 128.0 34553.0#34553.0#4400_36492.0#36492.0#4400_38491.0#38491.0#4400 36482.0#36482.0#128_38488.0#38488.0#128
40000.0 45000.0 32.026912109380646 827.9955146484366 266.5392947946291 997.1619999999966 408.572021484375 27550.68751279035 2780219.8733397247 4400.0 128.0 40522.0#40522.0#4400_42509.0#42509.0#4400_44512.0#44512.0#4400 40520.0#40520.0#128_42501.0#42501.0#128_44502.0#44502.0#128
45000.0 50000.0 906.3499394531245 818.7300121093751 244.16787545370877 999.5210000000006 547.68408203125 30809.370251592845 2988525.3600816806 4400.0 128.0 44512.0#44512.0#4400_46563.0#46563.0#4400_48494.0#48494.0#4400_49686.0#49686.0#4400 46559.0#46559.0#128_48609.0#48609.0#128_49852.0#49852.0#128
50000.0 55000.0 1342.0679863281403 731.586402734372 252.33680436833535 998.8150000000023 446.495917968743 32202.98430169367 3203352.6549409535 4400.0 128.0 49686.0#49686.0#4400_52488.0#52488.0#4400_53683.0#53683.0#4400_54988.0#54988.0#4400 49852.0#49852.0#128_52603.0#52603.0#128_53849.0#53849.0#128
55000.0 60000.0 32.99615039062337 827.8339749348961 264.4355567128836 999.6809999999969 430.75390429687104 35363.778319913006 3232971.744220283 4400.0 128.0 53683.0#53683.0#4400_54988.0#54988.0#4400_56476.0#56476.0#4400_58479.0#58479.0#4400 55104.0#55104.0#128_56596.0#56596.0#128_58477.0#58477.0#128
60000.0 65000.0 34.691050781242666 827.5514915364596 264.7975731865743 999.1929999999993 446.2630546875007 38913.27087799566 3763192.367935759 6500.0 128.0 60510.0#60510.0#6500_62492.0#62492.0#6500_64565.0#64565.0#6500 60487.0#60487.0#128_62488.0#62488.0#128_64559.0#64559.0#128
65000.0 70000.0 44.94297851563897 825.8428369140602 259.6297708742468 999.0939999999973 470.1441054687457 34487.01386583817 3248007.635481157 5100.0 128.0 64565.0#64565.0#6500_66511.0#66511.0#4400_68485.0#68485.0#4400 66568.0#66568.0#128_68599.0#68599.0#128
70000.0 75000.0 106.4489980468934 815.5918336588511 275.59035598347873 999.6140000000014 443.44091796876455 29913.271146930838 2765065.4239262235 4400.0 128.0 70476.0#70476.0#4400_72476.0#72476.0#4400_74475.0#74475.0#4400 70606.0#70606.0#128_72607.0#72607.0#128_74605.0#74605.0#128
75000.0 80000.0 21.011031250003725 829.831494791666 262.33048591730306 999.775999999998 435.10888671876455 30783.427347725024 2894296.8801575433 4400.0 128.0 74475.0#74475.0#4400_76478.0#76478.0#4400_78468.0#78468.0#4400 76599.0#76599.0#128_78597.0#78597.0#128
80000.0 85000.0 16.963783203129424 830.5060361328118 262.9212744740814 999.4959999999992 427.256103515625 33309.305695551986 3072018.8464560043 4400.0 128.0 80469.0#80469.0#4400_82491.0#82491.0#4400_83916.0#83916.0#4400 80600.0#80600.0#128_82603.0#82603.0#128_83946.0#83946.0#128
85000.0 90000.0 1887.748097656251 622.4503804687498 406.24285513251897 995.4639999999927 0.0 24956.226300454087 2372056.096816759 4400.0 128.0 83916.0#83916.0#4400_85149.0#85149.0#4400_88478.0#88478.0#4400 85231.0#85231.0#128_88599.0#88599.0#128
90000.0 95000.0 54.406701171872555 824.2655498046879 265.1640857348689 999.0299999999988 426.3979941406433 29147.528041643756 2731471.723495531 4400.0 128.0 90475.0#90475.0#4400_92477.0#92477.0#4400_94477.0#94477.0#4400 90602.0#90602.0#128_92601.0#92601.0#128_94602.0#94602.0#128
95000.0 100000.0 36.488025390630355 827.2519957682283 263.7528904332262 999.7849999999889 452.8706953124929 39780.2285063433 3765952.6483334866 4400.0 128.0 94477.0#94477.0#4400_95727.0#95727.0#4400_96888.0#96888.0#4400_98487.0#98487.0#4400 95789.0#95789.0#128_96986.0#96986.0#128_98597.0#98597.0#128
100000.0 105000.0 56.04296093749872 823.9928398437502 265.86325698671095 999.1600000000035 466.86272070312407 35921.40609712445 3251670.4322861144 5975.0 128.0 100486.0#100486.0#4400_102485.0#102485.0#6500_102487.0#102487.0#6500_104501.0#104501.0#6500 100482.0#100482.0#128_102477.0#102477.0#128_102482.0#102482.0#128_104499.0#104499.0#128
105000.0 110000.0 43.96901953127235 826.0051634114546 260.49832946898135 999.9679999999789 476.581298828125 40977.15536496991 3827762.624754199 6500.0 128.0 104501.0#104501.0#6500_106494.0#106494.0#6500_108501.0#108501.0#6500 106489.0#106489.0#128_108497.0#108497.0#128
110000.0 115000.0 68.436406250039 821.9272656249935 268.9006131220392 998.002999999997 443.764892578125 40683.184086067355 3965004.9459684794 6500.0 128.0 108501.0#108501.0#6500_110489.0#110489.0#6500_112488.0#112488.0#6500_114538.0#114538.0#6500 110485.0#110485.0#128_112485.0#112485.0#128_114535.0#114535.0#128
115000.0 120000.0 857.5688925780996 828.48622148438 203.4870052726607 998.0840000000026 553.3121074218943 33858.6060234437 3248414.6037138486 4925.0 128.0 114538.0#114538.0#6500_116917.0#116917.0#4400_116921.0#116921.0#4400_118470.0#118470.0#4400 117104.0#117104.0#128_118602.0#118602.0#128
120000.0 125000.0 1702.1560000000172 824.4609999999957 342.9094430691569 999.810999999987 310.127999999997 21721.0 1969377.0 4400.0 128.0 120475.0#120475.0#4400_122469.0#122469.0#4400 120601.0#120601.0#128_122600.0#122600.0#128
125000.0 130000.0 2556.4590000000026 610.8852499999994 401.3751677008954 998.9189999999944 66.62899999998626 22861.0 1798995.0 2300.0 128.0 126381.0#126381.0#2300_126385.0#126385.0#2300_127597.0#127597.0#2300_128488.0#128488.0#2300 126529.0#126529.0#128_128105.0#128105.0#128_128599.0#128599.0#128
130000.0 135000.0 2892.5830996093573 702.4723001302142 127.2174555428472 831.4560000000056 577.097900390625 21143.06510241997 1652311.749295055 2300.0 128.0 130475.0#130475.0#2300_132467.0#132467.0#2300_134462.0#134462.0#2300 130595.0#130595.0#128_132602.0#132602.0#128_134602.0#134602.0#128
135000.0 140000.0 2767.9099003906304 558.0225249023424 430.3501412998711 999.1330000000016 22.30999999999767 17200.93489758003 1379404.2507049453 2300.0 128.0 134462.0#134462.0#2300_135221.0#135221.0#2300_138484.0#138484.0#2300 135240.0#135240.0#128_138482.0#138482.0#128
140000.0 145000.0 623.6260957031627 875.2747808593674 188.47821108912095 998.002999999997 569.826904296875 42158.61827445044 3784373.7122187135 4925.0 128.0 140484.0#140484.0#6500_142474.0#142474.0#4400_143810.0#143810.0#4400_144998.0#144998.0#4400 140480.0#140480.0#128_142601.0#142601.0#128_143884.0#143884.0#128
145000.0 150000.0 46.93391015625093 825.5110149739581 270.1689384527703 999.6689999999944 428.118095703132 36709.98442741292 3274916.821714629 4400.0 128.0 143810.0#143810.0#4400_144998.0#144998.0#4400_146472.0#146472.0#4400_148471.0#148471.0#4400 145067.0#145067.0#128_146592.0#146592.0#128_148469.0#148469.0#128
150000.0 155000.0 1990.4226738281432 752.3943315429642 270.6445939294699 997.8979999999865 467.9280058593722 24131.061024036066 2257396.1162163303 6500.0 128.0 150518.0#150518.0#6500_154479.0#154479.0#6500 150498.0#150498.0#128_154476.0#154476.0#128
155000.0 160000.0 1219.8683398437279 756.0263320312545 251.8788402453722 999.1410000000033 422.79667968751164 30787.977932480942 2720764.699087431 3875.0 128.0 154479.0#154479.0#6500_156489.0#156489.0#3000_156493.0#156493.0#3000_158488.0#158488.0#3000 156638.0#156638.0#128_158606.0#158606.0#128
160000.0 165000.0 2440.315988281247 639.9210029296883 191.52160954790986 880.4750000000058 426.66301953126094 19615.216676505293 1692034.6661605434 3000.0 128.0 160486.0#160486.0#3000_162477.0#162477.0#3000_164609.0#164609.0#3000 160607.0#160607.0#128_162603.0#162603.0#128
165000.0 170000.0 660.2459921873524 867.9508015625295 247.2053221118247 995.9690000000119 428.8340078124893 32522.141665114345 2712926.9846023526 3000.0 128.0 164609.0#164609.0#3000_166466.0#166466.0#3000_167407.0#167407.0#3000_168526.0#168526.0#3000 165104.0#165104.0#128_166598.0#166598.0#128_167421.0#167421.0#128_168595.0#168595.0#128
170000.0 175000.0 2518.6418925780163 827.1193691406612 218.161150595168 969.8030000000144 575.9851074219332 24652.630445054907 1989082.9921828818 3000.0 128.0 170475.0#170475.0#3000_172473.0#172473.0#3000_174465.0#174465.0#3000 170603.0#170603.0#128_172600.0#172600.0#128_174606.0#174606.0#128
175000.0 180000.0 2064.9551269531075 733.7612182617231 297.8905808308548 997.9159999999974 393.85889257810777 22292.203966817728 1827300.1919325578 3000.0 128.0 174465.0#174465.0#3000_176457.0#176457.0#3000_178466.0#178466.0#3000 176597.0#176597.0#128_178594.0#178594.0#128
180000.0 185000.0 2136.9580468749627 715.7604882812593 256.62633589516537 947.5739999999932 425.5990195312479 24888.810309408793 2117391.4598247446 3000.0 128.0 180469.0#180469.0#3000_182467.0#182467.0#3000_184471.0#184471.0#3000 180594.0#180594.0#128_182596.0#182596.0#128_184594.0#184594.0#128
185000.0 190000.0 2763.5389335937216 745.4870221354262 319.73635767542413 951.2080000000424 377.12606640622835 22235.355278718573 1852629.356059816 3000.0 128.0 184471.0#184471.0#3000_186473.0#186473.0#3000_188470.0#188470.0#3000 186594.0#186594.0#128_188596.0#188596.0#128
190000.0 195000.0 1475.7900566405733 881.0524858398567 205.01367822194598 996.9580000000424 574.7419433593459 32728.856240232562 2815466.2520106193 3000.0 128.0 190464.0#190464.0#3000_191364.0#191364.0#3000_192465.0#192465.0#3000_194472.0#194472.0#3000 190597.0#190597.0#128_191403.0#191403.0#128_192594.0#192594.0#128_194469.0#194469.0#128
195000.0 200000.0 2666.8619433593703 583.2845141601574 492.3532492348993 997.5560000000114 24.005999999993946 21303.143759767438 1703432.7479893807 5333.333333333333 128.0 194472.0#194472.0#3000_196482.0#196482.0#6500_196486.0#196486.0#6500 196477.0#196477.0#128_196478.0#196478.0#128
200000.0 205000.0 544.9930410155212 891.0013917968957 193.64300229977584 999.9230000000098 552.2829589844041 36910.429533014154 3275837.4396468853 4925.0 128.0 200477.0#200477.0#6500_202497.0#202497.0#4400_202499.0#202499.0#4400_204470.0#204470.0#4400 200473.0#200473.0#128_202599.0#202599.0#128_204599.0#204599.0#128
205000.0 210000.0 18.002025390596827 830.3329957682339 260.8254062955677 999.6959999999963 445.5830410156341 40061.23047051639 3720405.6175992093 4400.0 128.0 204470.0#204470.0#4400_206462.0#206462.0#4400_207638.0#207638.0#4400_209011.0#209011.0#4400 206598.0#206598.0#128_207786.0#207786.0#128_209078.0#209078.0#128
210000.0 215000.0 49.275900390639435 825.1206832682268 261.05145716417576 998.3189999999886 452.5980664062372 31609.169226557755 3037506.148964199 4400.0 128.0 209011.0#209011.0#4400_210489.0#210489.0#4400_212475.0#212475.0#4400_214494.0#214494.0#4400 210604.0#210604.0#128_212617.0#212617.0#128_214628.0#214628.0#128
215000.0 220000.0 45.82874414068647 825.6952093098856 260.4409800956312 999.7749999999942 473.27096679687384 30155.558818714617 2848295.405112054 4400.0 128.0 214494.0#214494.0#4400_216478.0#216478.0#4400_218486.0#218486.0#4400 216611.0#216611.0#128_218604.0#218604.0#128
220000.0 225000.0 125.69535937500768 812.3841067708321 270.60922597940043 998.3850000000093 458.1279296875 28992.763092920326 2662819.923127538 4400.0 128.0 220462.0#220462.0#4400_222478.0#222478.0#4400_224500.0#224500.0#4400 220598.0#220598.0#128_222604.0#222604.0#128_224600.0#224600.0#128
225000.0 230000.0 1690.6618300781702 661.867633984366 334.37743183311056 998.7939999999944 213.3530000000028 28101.33666761875 2428743.237240583 4925.0 128.0 224500.0#224500.0#4400_225955.0#225955.0#4400_226520.0#226520.0#4400_228541.0#228541.0#6500 225969.0#225969.0#128_226516.0#226516.0#128_228534.0#228534.0#128
230000.0 235000.0 95.72083984373603 817.379860026044 271.07272434250643 998.4850000000151 431.3729003906483 43292.43202328362 4160462.8397530247 6500.0 128.0 228541.0#228541.0#6500_230582.0#230582.0#6500_232519.0#232519.0#6500_234533.0#234533.0#6500 230553.0#230553.0#128_232515.0#232515.0#128_234530.0#234530.0#128
235000.0 240000.0 33.966968749969965 827.672171875005 259.0469223080354 998.9210000000021 489.99774023439386 44530.55689777272 4173395.2403783035 6500.0 128.0 234533.0#234533.0#6500_236546.0#236546.0#6500_238503.0#238503.0#6500 236543.0#236543.0#128_238500.0#238500.0#128
240000.0 245000.0 498.9542910156015 750.1742848307331 410.4743077571521 998.2430000000168 22.111000000004424 39547.52326960166 3649321.148178202 6500.0 128.0 238503.0#238503.0#6500_240522.0#240522.0#6500_242547.0#242547.0#6500 240521.0#240521.0#128_242544.0#242544.0#128
245000.0 250000.0 693.2109609374311 861.3578078125138 307.4987816198518 999.9820000000182 311.2900390625 39922.076312717705 3894870.584092187 6500.0 128.0 245679.0#245679.0#6500_247484.0#247484.0#6500_248735.0#248735.0#6500 245676.0#245676.0#128_247607.0#247607.0#128_249099.0#249099.0#128
250000.0 255000.0 1506.7389921873691 698.6522015625262 320.61588782126177 999.1510000000126 235.52500000002328 32035.065524212245 3076487.311449663 6500.0 128.0 248735.0#248735.0#6500_252508.0#252508.0#6500_254187.0#254187.0#6500 252602.0#252602.0#128_254562.0#254562.0#128
255000.0 260000.0 24.01579101558309 829.3307014974029 263.6216966289757 999.8620000000228 426.23395312501816 46617.71863036102 4541818.249111824 6500.0 128.0 254187.0#254187.0#6500_255772.0#255772.0#6500_257787.0#257787.0#6500_259565.0#259565.0#6500 256081.0#256081.0#128_257981.0#257981.0#128_259597.0#259597.0#128
260000.0 265000.0 221.7043320313096 796.3826113281151 297.1616301396974 999.5599999999977 390.596923828125 38657.32637824256 3969596.232367253 6500.0 128.0 259565.0#259565.0#6500_261094.0#261094.0#6500_262948.0#262948.0#6500 261121.0#261121.0#128_263106.0#263106.0#128
265000.0 270000.0 29.49394140613731 828.4176764323105 273.96712555503916 999.8000000000466 369.281982421875 41214.801337853496 4136366.4235289684 5240.0 128.0 262948.0#262948.0#6500_265519.0#265519.0#6500_267388.0#267388.0#4400_267390.0#267390.0#4400_268793.0#268793.0#4400 265663.0#265663.0#128_265668.0#265668.0#128_267577.0#267577.0#128_268827.0#268827.0#128
270000.0 275000.0 22.903998046938796 829.5160003255102 275.07960330329877 998.9099999999744 355.333984375 30331.231374620136 2864819.1132628904 4400.0 128.0 268793.0#268793.0#4400_270541.0#270541.0#4400_272510.0#272510.0#4400_274544.0#274544.0#4400 270604.0#270604.0#128_272601.0#272601.0#128_274595.0#274595.0#128
275000.0 280000.0 27.765716796857305 828.7057138671904 277.1284033592585 998.5069999999832 343.499267578125 29785.347554112508 2787065.479465309 4400.0 128.0 274544.0#274544.0#4400_276518.0#276518.0#4400_278505.0#278505.0#4400 276599.0#276599.0#128_278604.0#278604.0#128
280000.0 285000.0 843.040283203125 831.391943359375 220.93679377980123 998.6060000000289 533.708984375 28905.47663104546 2637280.574629727 4400.0 128.0 280518.0#280518.0#4400_282510.0#282510.0#4400_284507.0#284507.0#4400 280601.0#280601.0#128_282610.0#282610.0#128_284598.0#284598.0#128
285000.0 290000.0 62.050015624961816 822.9916640625064 257.7115597630098 998.5009999999893 460.74101562501164 38570.05991032218 3500800.302950716 4400.0 128.0 284507.0#284507.0#4400_286507.0#286507.0#4400_287595.0#287595.0#4400_288869.0#288869.0#4400 286600.0#286600.0#128_287607.0#287607.0#128_288966.0#288966.0#128
290000.0 295000.0 68.17008984362474 821.9716516927292 270.80620223483874 998.9180000000051 468.37303125002654 30258.293787140494 2911020.268512529 4400.0 128.0 288869.0#288869.0#4400_290511.0#290511.0#4400_292517.0#292517.0#4400_294528.0#294528.0#4400 290597.0#290597.0#128_292599.0#292599.0#128_294522.0#294522.0#128
295000.0 300000.0 107.94889843749115 815.3418502604181 277.60556068964837 998.0869999999995 401.85498046875 35850.12903753208 3477005.228538417 5975.0 128.0 294528.0#294528.0#4400_296525.0#296525.0#6500_296526.0#296526.0#6500_298633.0#298633.0#6500 296521.0#296521.0#128_298632.0#298632.0#128
