ts te idle avg_span std_span max_span min_span c_bytes_all s_bytes_all avg_video_rate avg_audio_rate video_requests_sequence audio_requests_sequence
0 10000 10000.0 0.0 0.0 0.0 0.0 0.0 0.0 0.0 0.0 0 0
10000 20000 942.5359062498901 905.746409375011 257.6146959177519 999.3640000000014 173.12109375 22891.396560480953 535869.7438471285    
20000 30000 223.81916796881706 888.7437120028349 280.36260689241414 999.2170000000042 60.39892578119179 21843.291630734697 611642.9302149898    
30000 40000 223.83592382795177 977.6164076172048 22.036348717395203 997.6660000000265 937.0510742188198 30823.306577891937 802933.2941117575    
40000 50000 268.31602539063897 884.6985431463055 291.2403804426281 998.8939999999711 23.317998046870343 27261.828700146805 714123.246019253    
50000 60000 275.3109238281031 884.0626432883543 251.8378023794595 999.8090000000084 196.68602343747625 27447.45764298909 669520.887721013    
60000 70000 115.78880664060125 898.5646539417635 220.48743392549446 999.9029999999912 353.06494726560777 34863.960038458026 887202.3315160297    
70000 80000 604.7943183594034 854.1096074218724 243.75756340310264 996.9660000000149 381.200927734375 27233.21085240895 672486.7262567738    
80000 90000 626.8528183594462 937.3147181640554 125.2690321064639 998.8730000000214 598.3040722655714 23045.6038530097 565692.2887086945    
90000 100000 215.8951816406916 889.4640743963008 261.3828541282556 999.1180000000168 125.30189062497811 30829.47451670469 645839.6006203177    
100000 110000 185.43484960932983 892.2331954900609 243.95724805307654 999.8630000000121 206.38007226557238 22936.2061475667 531066.5256695249    
110000 120000 1035.556195312587 814.9494367897648 306.75809224554695 999.3739999999525 278.7170000000042 40529.96705613684 1033253.2416204532    
120000 130000 164.16681054705987 894.1666535866309 216.4453191001574 999.9519999999902 386.674072265625 61111.459152542855 1542824.9691978972    
130000 140000 647.6901386721875 935.2309861327813 123.83258806442467 999.2000000000116 612.5709277344286 62586.508128937276 1536361.2580862977    
140000 150000 737.7788886718918 842.020101029828 318.5418754469586 999.7430000000168 75.02206640632357 54554.26634503873 1378256.8068764145    
150000 160000 727.589095703268 927.2410904296732 125.70470912788265 999.5239999999176 638.3199550781283 53720.13429645126 1404119.8174367412    
160000 170000 694.9356660155463 845.9149394531322 310.24534803433664 999.9280000000144 114.4320507812663 49390.332018891815 1252227.0457837996    
170000 180000 542.7590078125941 945.7240992187405 109.43793238711297 999.9479999999749 651.203716796881 53071.9022627675 1449092.6307073906    
180000 190000 200.08927539072465 890.9009749644796 281.5014200908742 999.7160000000149 71.30172460939502 52859.69421884218 1391109.6556055234    
190000 200000 685.3360117187258 931.4663988281275 207.95133077883858 999.7939999999944 339.68798828125 46436.448813896284 1188313.513631323    
200000 210000 550.1949082032079 944.9805091796792 103.79534111743733 999.0069999999832 660.1330117187463 53807.545707595826 1330199.3294818033    
210000 220000 714.0560390625615 844.1767237215853 314.6763261064686 999.9490000000224 74.2419199218275 52468.7762536423 1389872.6158014876    
220000 230000 706.5241054687649 929.3475894531235 125.60578204661542 999.64300000004 619.703958984348 52227.475841912776 1373537.3577109128    
230000 240000 855.1849355468294 831.3468240411974 316.4644629805025 999.6300000000047 71.25806445314083 52013.75338295281 1275256.1833744734    
240000 250000 738.3669121091953 926.1633087890805 203.67603586351495 998.8379999999888 348.090087890625 52896.729900911014 1412101.4841005653    
250000 260000 1128.5721523438115 887.1427847656189 204.51703705378654 999.8959999999497 400.783935546875 54929.78104307086 1393029.5318228535    
260000 270000 1201.7280117190676 879.8271988280933 203.7653788424546 999.2859999999637 424.721923828125 53356.01036358113 1345362.351470912    
270000 280000 921.436929687392 907.8563070312608 170.99046214230086 999.7619999999879 571.0510761719197 55456.78096152191 1393439.6242547804    
280000 290000 2226.833050781279 777.3166949218721 327.4481660474131 999.8860000000568 69.36400585935917 50697.21600089346 1228434.548903092    
290000 300000 652.0599433594616 934.7940056640539 133.40023509862766 998.9499999999534 568.9380566406762 54175.481730021624 1342982.4594477967    
300000 310000 10000.0 0.0 0.0 0.0 0.0 0.0 0.0 0.0 0.0 0 0
