ts te idle avg_span std_span max_span min_span c_ack_cnt c_ack_cnt_p c_bytes_all s_ack_cnt s_ack_cnt_p s_bytes_all avg_video_rate avg_audio_rate video_requests_sequence audio_requests_sequence
0 2000 2000.0 0.0 0.0 0.0 0.0 0.0 0.0 0.0 0.0 0.0 0.0 0.0 0.0 0 0
2000 4000 2000.0 0.0 0.0 0.0 0.0 0.0 0.0 0.0 0.0 0.0 0.0 0.0 0.0 0 0
4000 6000 2000.0 0.0 0.0 0.0 0.0 0.0 0.0 0.0 0.0 0.0 0.0 0.0 0.0 0 0
6000 8000 587.6247734374956 391.50680898437713 376.50429246802565 973.7180000000008 116.17499999999927 68.15288259507406 54.973475712151235 12347.881188538107 102.20279960476233 17.17940688292284 118767.01185666396 288.0 128.0 "30713.0-30803.996=288 30714.0-32405.757=288" "30707.0:30757.191=128 30710.0:31022.966=128"
8000 10000 271.8899042968769 759.9836516927086 166.14014772665433 896.6869999999981 575.0700000000033 29.84711740492593 27.02652428784877 2350.118811461892 48.79720039523767 2.820593117077161 80699.98814333603 288.0 128.0 "30714.0-32405.757=288 32455.0-35838.138=288" 32469.0:32708.136=128
10000 12000 25.0810546875 675.694017578125 347.6176657077596 962.0910000000003 26.72412109375 37.47766631578129 34.72043506101367 2297.0742540048095 73.8296506498847 2.75723125476763 107183.70034615028 288.0 128.0 "32455.0-35838.138=288 34984.0-36745.291=288" 35334.0:43336.985=128
12000 14000 0.0 577.9649892578103 262.14019686033345 832.9219999999987 218.95701562499744 61.782359228645966 57.20318835214226 3829.839938394385 75.42183818686057 4.579170876503707 146619.47462734868 288.0 128.0 "34984.0-36745.291=288 36769.0-37242.114=288 37221.0-37755.787=288 37720.0-38278.783=288" 35334.0:43336.985=128
14000 16000 9.995132812502561 496.82412276785493 278.87545253979 797.2719999999972 116.23599999999715 83.1256399257652 79.46204205703654 3060.0858076008053 80.44134389835096 3.6635978687286626 199939.79085563577 288.0 128.0 "37720.0-38278.783=288 38111.0-38540.745=288 38486.0-38844.961=288 38772.0-39510.52=288" 35334.0:43336.985=128
16000 18000 1022.1149003906321 325.9616998697893 326.9423550356593 692.6189999999915 64.76699999999983 6.614334529807539 5.614334529807539 820.0 6.30716726490377 1.0 6142.034170865278  128.0  35334.0:43336.985=128
18000 20000 327.4479980468823 661.7327719726582 367.90763920969533 992.3280000000013 310.090087890625 43.96472971148983 39.405903699876305 2969.41384975536 60.241224625302365 4.558826011613524 91265.54638173836  128.0  "35334.0:43336.985=128 43439.0:43654.472=128 43680.0:43917.972=128 43933.0:44135.889=128"
20000 22000 758.9442187500026 321.4797785156232 218.52507962604707 684.5369121093754 173.63208007811772 68.47240590161475 62.4186195568271 5061.461413117315 99.69020452783589 6.053786344787636 171687.8183398579 288.0 128.0 45843.0-48136.85=288 "43933.0:44135.889=128 44163.0:44373.304=128 44414.0:44627.081=128 44667.0:44866.907=128 44883.0:45081.1=128 45839.0:46055.333=128"
22000 24000 199.86390625000058 605.0002534179694 311.00003016124856 903.4150000000009 172.843994140625 45.84744223091157 43.114309551100504 2277.093117183473 55.87176624519623 2.7331326798110647 90653.40517870878 288.0 128.0 45843.0-48136.85=288 "45839.0:46055.333=128 47844.0:48041.14=128"
24000 26000 477.4180957031276 572.5582514648395 317.5142564486366 848.101999999999 204.2549999999901 63.71542215598386 59.06116719219608 3874.031619943853 84.19680460166552 4.654254963787775 125936.23009969496 288.0 128.0 "45843.0-48136.85=288 48152.0-52537.385=288" "47844.0:48041.14=128 49335.0:49540.263=128"
26000 28000 1897.754000000008 34.0819999999973 30.621675966542533 59.544999999998254 0.10399999999935972 5.0 4.0 820.0 5.0 1.0 5714.0 288.0  48152.0-52537.385=288 
28000 30000 737.1210000000065 681.8153333333321 374.9704691816878 996.1169999999984 266.76199999999517 62.0 58.0 3342.0 90.0 4.0 166856.0 288.0 128.0 "48152.0-52537.385=288 52557.0-53231.777=288 53247.0-60244.656=288" 53256.0:53474.883=128
30000 32000 1938.3320000000094 30.833999999995285 43.45878277172974 61.56399999999849 0.10399999999208376 4.0 3.0 820.0 4.0 1.0 4316.0 288.0  53247.0-60244.656=288 
32000 34000 1937.7880000000005 31.105999999999767 43.87314734550201 62.129000000000815 0.08299999999871943 5.0 4.0 820.0 5.0 1.0 4317.0 288.0  53247.0-60244.656=288 
34000 36000 1953.596000000005 23.201999999997497 32.67257593150957 46.30500000000029 0.0989999999947031 4.0 3.0 820.0 4.0 1.0 4317.0 288.0  53247.0-60244.656=288 
36000 38000 272.9416972656327 786.2835458984355 200.8115639483653 959.7479999999996 524.840087890625 100.03333475885313 93.03896061909805 5858.674426121618 152.7044145384518 6.994374139755068 278787.96494588297 288.0 128.0 "53247.0-60244.656=288 60263.0-60899.994=288 60920.0-61470.079=288 61484.0-62927.264=288" "60277.0:60484.562=128 60933.0:61128.59=128 61492.0:61691.819=128"
38000 40000 794.6841035156249 379.77746940104043 212.6205046672769 787.1139999999941 176.6779042968774 73.96666524114687 68.96103938090195 4610.325573878383 95.29558546154817 6.005625860244932 152024.03505411703 288.0 128.0 "61484.0-62927.264=288 62351.0-70363.443=288" 62843.0:63132.942=128
40000 42000 1946.7580000000016 17.74733333333279 30.55914976456877 53.03399999999965 0.10300000000279397 4.0 3.0 820.0 5.0 1.0 5717.0 288.0  62351.0-70363.443=288 
42000 44000 1873.252001953122 42.24933268229264 38.838075532301374 76.58000000000175 0.09500000000116415 3.1994699101976054 2.132979940131737 820.0 4.199469910197606 1.0664899700658685 4313.595759281581 288.0  62351.0-70363.443=288 
44000 46000 1031.9991406250047 250.49923583984128 310.7109050578232 703.0180019531253 0.043999999994412065 7.461277702569367 5.197393866251749 820.0 8.461277702569367 2.2638838363176177 4795.9275696552995 288.0  62351.0-70363.443=288 
46000 48000 86.90387890624697 538.1571943359377 397.68361216219256 998.8340000000026 0.08199999999487773 136.59465092640096 129.42403325720738 5443.784528631631 188.6798402606739 7.170617669193556 266265.91487879364 288.0 128.0 "62351.0-70363.443=288 70466.0-70962.296=288 70989.0-71602.729=288 71615.0-72259.388=288" "71000.0:71203.756=128 71625.0:71828.021=128"
48000 50000 685.8328320312576 316.617424665179 225.13586334290434 666.9229999999952 80.882080078125 73.92398801822715 69.42497949380417 4185.21547136837 98.8387986839542 5.499008524422958 133814.7029726226 288.0 128.0 "71615.0-72259.388=288 72194.0-80193.861=288" 72281.0:72958.012=128
50000 52000 898.3671269531187 390.74762434896064 387.04121109529603 820.8809199218813 70.61000000000058 6.437548331705753 5.437548331705753 820.0 6.437548331705753 1.0 6330.567664388053 288.0  72194.0-80193.861=288 
52000 54000 39.74499609375198 477.400205859376 294.9182546967061 887.445000000007 179.3798828125 23.1623587090327 20.768582383675287 1987.8343500466492 29.249996401513492 2.3937763253574085 41694.93268225731 288.0 128.0 "72194.0-80193.861=288 77551.0-78862.033=288" 77837.0:78067.411=128
54000 56000 564.5166093750013 434.65125820312534 288.2439939742617 731.6951171874971 22.88300000000163 36.729923712708754 34.36909138264503 1333.1656499533508 46.39689467564911 2.3608323300637313 77871.26270818073 288.0 128.0 "72194.0-80193.861=288 77551.0-78862.033=288" 77837.0:78067.411=128
56000 58000 57.232279296877095 659.3297617187491 327.55186713544214 998.4410000000062 221.4237265624979 122.97546340002543 112.62611903219785 8754.355888218077 198.51099006831754 11.028044170822753 293058.35596946103 288.0 128.0 "72194.0-80193.861=288 80296.0-80699.163=288 80722.0-81627.076=288 81636.0-82237.83=288" "80729.0:81166.028=128 81649.0:81847.834=128"
58000 60000 0.0 432.53114899553265 290.65727214415443 869.9279999999999 107.1669921875 134.67682086168486 128.95987558304338 4789.342448076865 196.17832752542355 6.038245475646308 285525.27321343374 288.0 128.0 "81636.0-82237.83=288 82251.0-82872.017=288 82862.0-83692.451=288 83709.0-84260.286=288" "82257.0:82454.302=128 82894.0:83108.395=128 83715.0:83907.898=128"
60000 62000 142.30710351563175 595.7568226562435 364.0664388004428 972.6989999999932 204.37699999999313 115.83849842744743 110.65939672933763 4334.301663705059 185.04685643999545 5.179101698109799 269368.466581926 288.0 128.0 "83709.0-84260.286=288 84238.0-84921.419=288 84902.0-85875.696=288" "84277.0:84560.953=128 84934.0:85155.41=128"
62000 64000 1242.5058925781195 578.3740000000034 247.67829224621488 753.5090000000055 403.2390000000014 50.0 47.0 2501.0 75.0 3.0 108301.0 288.0 128.0 86345.0-87056.824=288 86340.0:86550.436=128
64000 66000 1293.745185546868 537.4803333333354 158.99922399915033 648.4089999999997 355.320000000007 61.0 57.0 3321.0 62.0 4.0 105969.0 288.0 128.0 88343.0-88952.506=288 88340.0:88970.12=128
66000 68000 326.07399023437756 665.4540048828094 435.71510296568556 995.9159999999974 48.00299999999697 83.76234936434541 79.08611442791087 3898.037346605014 103.05740961860724 4.0 169114.37346605014 480.0 128.0 "90342.0-90391.986=480 90345.0-91419.514=480" 90338.0:90565.745=128
68000 70000 712.1320195312583 558.0796601562421 355.1743605543764 966.4799999999814 321.38798046876036 84.2376506356546 81.91388557208913 1932.9626533949859 118.94259038139276 3.0 164536.62653394986 480.0 128.0 92341.0-93308.249=480 92339.0:92559.048=128
70000 72000 1145.1116777343705 363.2470546875011 236.22350288877308 670.6830000000045 176.221923828125 96.83081818903204 93.23951472947333 2993.968141626033 107.58838060158837 3.5913034595587168 143609.83645018376 480.0 128.0 "94340.0-95053.329=480 95841.0-96728.313=480" "94337.0:94589.483=128 95838.0:96055.379=128"
72000 74000 1266.0872949218756 722.1668906250052 16.611090100719142 733.9127050781244 710.4210761718859 64.16918181096796 61.76048527052668 2008.0318583739672 91.41161939841163 2.4086965404412832 123787.16354981624 480.0 128.0 95841.0-96728.313=480 95838.0:96055.379=128
74000 76000 849.4129960937571 423.1574584960945 379.94322533141377 974.1079999999929 168.616943359375 110.56328532191023 106.51050445338808 3385.5570381156094 146.05830225644405 4.052780868522141 204721.8845566939 480.0 128.0 "98344.0-99318.794=480 99848.0-100611.599=480" "98340.0:98549.851=128 99844.0:100053.38=128"
76000 78000 1108.8328574218758 189.49470312500003 204.98899066038695 593.9810566406231 35.007109375001164 74.4106270865444 70.92614900426393 2893.067642427286 85.53287219943739 3.4844780822804657 116235.01492642806 720.0 128.0 "99848.0-100611.599=480 101858.0-101917.735=840 101862.0-103308.887=840" "99844.0:100053.38=128 101853.0:102074.707=128"
78000 80000 15.657068359389086 561.6703675781231 387.19242068627017 971.3479999999981 131.9169921875 123.97139056662945 120.3366563428233 3038.0215793030848 186.40742184236532 3.385427015394831 257765.64473434593 840.0 128.0 "101862.0-103308.887=840 103845.0-105365.675=840" "101853.0:102074.707=128 103841.0:104061.889=128"
80000 82000 10.880154296872206 530.2040120442738 435.56461035626353 991.9780000000028 43.81000781249895 185.64421543943791 181.81620861404667 3197.3537401540198 207.85460919496575 4.077314033802562 291524.62535580155 840.0 128.0 "103845.0-105365.675=840 105382.0-106853.239=840" "103841.0:104061.889=128 105335.0:105545.616=128"
82000 84000 971.3891933593695 339.5942368164069 330.28335228561036 835.0100371093577 171.947998046875 71.13144953865498 69.60636120553873 1257.7325885214414 135.857238559064 1.5250883331162495 186960.39828858155 840.0 128.0 "105382.0-106853.239=840 107845.0-109203.243=840" 107842.0:108047.691=128
84000 86000 15.919802734351833 727.1422796875092 327.2200166308745 999.2989999999991 157.59130859376455 128.4553724909664 123.98046082408263 3744.2674114785586 226.30668329145269 4.4749116668837505 312132.67936657777 840.0 128.0 "107845.0-109203.243=840 109338.0-110805.363=840" "107842.0:108047.691=128 109336.0:109692.777=128"
86000 88000 0.0 771.4646497395734 94.15231930025729 856.8469999999797 670.4892578125 110.80825850613135 108.13547775708761 2225.808609945789 184.242605313514 2.6727807490437447 253778.271540373 840.0 128.0 "109338.0-110805.363=840 111347.0-112792.34=840" 111342.0:111547.456=128
88000 90000 7.0063417968776776 705.9324228515616 290.1352079761882 993.6059999999852 326.1047421874973 109.0918271127282 105.76460786177195 2776.1913900542104 180.543583083903 2.977682866096657 248601.4742076064 840.0 128.0 "111347.0-112792.34=840 113344.0-114767.653=840" 113341.0:113549.195=128
90000 92000 47.471919921881636 657.0195356445292 313.7267522809621 992.6359999999986 348.6950507812435 100.28236280793607 97.28236280793607 2501.0 155.65075581658186 3.3495363848595976 220494.34794732893 840.0 128.0 "113344.0-114767.653=840 115339.0-116613.705=840" 115338.0:115543.296=128
92000 94000 5.949160156262224 732.8906731770743 204.3873905869551 960.336999999985 564.6209082031128 100.39666033882241 97.71969816297458 2229.325189888033 158.641129455012 2.67696217584784 219975.18163265998 840.0 128.0 "115339.0-116613.705=840 117343.0-118928.895=840" 117340.0:117549.217=128
94000 96000 17.118218749994412 613.4894453125016 290.5414961933338 994.0040000000008 321.4878886718798 117.76882859451547 114.44579077036332 2772.674810111967 218.96216741754952 3.32303782415216 305991.25049167057 840.0 128.0 "117343.0-118928.895=840 118944.0-120386.423=840" 118955.0:119160.053=128
96000 98000 21.24391406252107 547.1022890625027 347.4252011161622 995.0250000000087 222.800048828125 94.97814899766301 91.52970576994302 2873.2078790075943 182.92949064885016 3.2242216138599966 250061.57242172243 840.0 128.0 "118944.0-120386.423=840 120794.0-122193.371=840" 120792.0:121004.481=128
98000 100000 11.371072265625116 580.3427319335933 366.0088529760036 997.8929999999964 219.8759765625 92.27214629077007 89.2763915882816 2497.4764030654264 192.89931815315322 2.9978773512442327 264627.4548318746 840.0 128.0 "120794.0-122193.371=840 122791.0-124102.862=840" 122788.0:123103.591=128
100000 102000 9.828923828128609 542.5915190429696 403.5052656684188 994.9020000000019 180.19500000000698 103.0616862105356 100.2796518649834 2317.826184050713 181.9729720042182 3.004133310656422 247472.35407087172 840.0 128.0 "122791.0-124102.862=840 124790.0-126354.183=840" 124786.0:124988.498=128
102000 104000 37.121037109405734 543.0607387695309 402.85951660960455 995.2580000000016 193.4580078125 113.48447771458132 110.3156639267278 2643.377766676036 162.0293871948078 2.971290756046439 221739.53588806585 840.0 128.0 "124790.0-126354.183=840 126814.0-128224.352=840" 126811.0:127025.473=128
104000 106000 5.5937167968804715 542.3095708007822 412.60677254685584 997.0709999999963 174.83200000000943 80.33758078149427 77.51381776512784 2352.5352127843257 156.92715388763355 3.021286048173514 213607.63204070795 840.0 128.0 "126814.0-128224.352=840 128804.0-130321.372=840" 128803.0:129003.543=128
106000 108000 49.88203515623172 535.4737470703221 406.6942719366985 999.0370000000112 183.811279296875 104.70556398057515 101.53535530335127 2644.461292895622 196.7701559465347 3.170208677223875 274342.6154497783 840.0 128.0 "128804.0-130321.372=840 130827.0-132113.493=840" 130820.0:131020.084=128
108000 110000 4.3519882812397555 811.0195677083393 166.5882406646952 996.8360000000102 675.031982421875 111.64248993367495 108.35484969930381 2746.507974443808 168.63034327117205 2.6109822427955214 234750.69762625982 840.0 128.0 "130827.0-132113.493=840 132341.0-133851.639=840" 132339.0:132544.703=128
110000 112000 5.686874999984866 612.7580312500068 294.925554952357 998.3880000000063 322.56501757813385 98.82332539072252 95.82312731327977 2501.166385051897 162.90608329156095 3.0 229814.82161641313 840.0 128.0 134342.0-135566.604=840 134340.0:134546.165=128
112000 114000 242.3931074218708 553.1612231445324 303.11315488945075 999.0810000000056 321.47489257811685 111.17030289570624 108.8471589647246 1932.4409020245773 174.87772717177967 3.0 249221.54300623847 840.0 128.0 136340.0-137781.95=840 136338.0:136546.946=128
114000 116000 491.8171972656273 432.1884980468676 427.7653116647284 999.6849999999977 21.840999999985797 102.8567420478042 99.348041022248 2928.308861467208 171.9263502522538 3.5087010255562 234803.74405538838 840.0 128.0 138507.0-139838.066=840 138504.0:138706.774=128
116000 118000 6.687400390626863 451.54577929687804 411.1216271665892 999.8479999999981 22.594000000011874 99.04446024228777 95.87959649460596 2639.4855480527112 155.38406454345613 2.4912989744438 227147.8199921265 840.0 128.0 140339.0-141854.52=840 140337.0:140537.478=128
118000 120000 10.90292968749418 468.1690378906263 357.1513588128009 996.8660000000091 168.672119140625 125.84753448026282 123.42341647801098 2037.4288545000275 205.47186945264735 3.097682775489843 295435.6082714268 840.0 128.0 "142348.0-143708.233=840 143848.0-145386.548=840" "142342.0:142559.726=128 143846.0:144069.626=128"
120000 122000 2.5840175781340804 467.7054876302088 397.9969979642843 994.6339999999909 51.762041015637806 96.57971085321213 92.33823153914858 3520.4532585370453 166.53819997540592 3.4109457310826112 223919.8301322098 840.0 128.0 "143848.0-145386.548=840 145847.0-148459.149=840" "143846.0:144069.626=128 145845.0:146056.713=128"
122000 124000 28.394857421866618 721.6738078124996 336.8827847283197 997.2200000000012 146.39404296875 123.39278344777746 120.73194553733084 2199.3234774430084 164.87661806870872 3.4913714934275455 223788.71958358947 840.0 128.0 145847.0-148459.149=840 145845.0:146056.713=128
124000 126000 6.457005859381752 554.7789710937475 297.005039401076 995.4489999999932 194.638916015625 141.53666102683306 137.4555221250552 3405.601544428287 246.00643694742138 4.081138901777852 335096.19831555604 840.0 128.0 "145847.0-148459.149=840 148351.0-149761.996=840 149787.0-151238.43=840" "148292.0:148576.065=128 149793.0:150031.964=128"
126000 128000 0.0 545.234814453123 367.24007768217433 995.5709999999963 153.618896484375 103.7996121850578 100.50848268980846 2746.381225104276 170.1756080155586 2.444795413504696 235867.84905235848 840.0 128.0 "149787.0-151238.43=840 151841.0-153243.374=840" "149793.0:150031.964=128 151838.0:152045.38=128"
128000 130000 18.761861328122905 750.1650499999989 354.2245238375152 996.9770000000135 138.18603515625 89.06482652046391 85.28841249826733 3153.936814230928 154.78396048281363 4.622748103941222 214181.80018842279 840.0 128.0 "151841.0-153243.374=840 153845.0-155344.729=840" "151838.0:152045.38=128 153842.0:154051.884=128"
130000 132000 0.0 836.0328085937508 151.36476278864498 997.3150000000023 647.5469999999914 149.23633315215483 146.47604897248226 2302.521325908339 237.28522220655194 2.76028417967258 331371.19547078904 840.0 128.0 "153845.0-155344.729=840 155423.0-156915.763=840" "153842.0:154051.884=128 155336.0:155540.934=128"
132000 134000 911.9982246093859 297.33451562499977 286.2954544094183 799.6730000000098 90.94173046873766 74.71132137065453 73.06278185253984 1361.1872456741369 132.3375379614367 1.6485395181146827 182475.9389450953 840.0 128.0 "155423.0-156915.763=840 157844.0-159182.497=840" 157842.0:158051.617=128
134000 136000 14.39191210939316 669.2444417968742 347.758751837534 993.1749999999884 79.508056640625 134.13394474951852 129.69145086652955 3717.3718446540333 199.95170337917725 4.442493882988968 279835.5653872348 840.0 128.0 "157844.0-159182.497=840 159343.0-161008.597=840" "157842.0:158051.617=128 159340.0:159563.43=128"
136000 138000 7.780076171882683 726.8239638671803 304.0339204208949 996.9979999999923 322.534912109375 130.83044105135883 126.83044105135883 3321.0 208.4148571436569 4.0 284055.97747970413 840.0 128.0 "159343.0-161008.597=840 161340.0-162690.721=840" 161338.0:161612.985=128
138000 140000 1.661958984361263 733.466335286464 102.33758263891711 851.622000000003 672.8360878906387 107.48013138136741 104.80393689046457 2228.6795668492873 184.49560413390407 2.6761944909028386 251833.3264270238 840.0 128.0 "161340.0-162690.721=840 163341.0-164830.074=840" 163339.0:163543.796=128
140000 142000 6.567785156250466 596.0587841796878 330.8589331820836 999.4619999999995 323.68408203125 117.85298472364839 114.20149077620403 3042.0249525954177 224.3409621761869 3.3238055090971614 311458.54767782113 840.0 128.0 "163341.0-164830.074=840 164858.0-166324.51=840" 164871.0:165078.681=128
142000 144000 27.84315429686103 724.3609778646011 93.1846825717849 831.9610000000393 670.31298828125 94.88299234359926 92.5393756046131 1955.8631346926427 144.52587994482263 2.6713051773333505 196177.8763305895 840.0 128.0 "164858.0-166324.51=840 167347.0-168779.824=840" 167343.0:167548.775=128
144000 146000 9.636017578130122 586.1694956054707 313.5531025062491 996.4349999999977 328.2090117187472 134.8407192655574 131.51202444289075 2777.4323458626523 216.97432307151735 3.3286948226666495 300293.3208671976 840.0 128.0 "167347.0-168779.824=840 168841.0-170356.015=840" 168839.0:169043.023=128
146000 148000 30.78481445313082 552.9945024414046 358.58085769247003 999.7829999999958 210.35498046875 102.57441612496223 99.14316730537156 2858.936520260243 194.373299883662 3.215624409795327 266706.2269780198 840.0 128.0 "168841.0-170356.015=840 170792.0-171971.063=840" 170789.0:170991.431=128
148000 150000 9.807025390618946 544.8359936523484 401.84911386599344 999.9320000000007 189.15100000001257 84.7501168476183 81.72646124482306 2520.634150320041 141.28266070927288 3.011827801397615 194193.87289257374 840.0 128.0 172788.0-174266.247=840 172782.0:173002.269=128
150000 152000 8.95483984373277 541.6120400390646 402.1271400127417 994.8250000000116 175.40299999999115 95.29355380088552 92.51307212556804 2316.4459295364722 178.03646312293407 3.0079338865104193 245574.45520628674 840.0 128.0 "172788.0-174266.247=840 174784.0-176280.095=840" 174781.0:174982.384=128
152000 154000 26.547902343736496 544.7889956054714 395.3845136463745 998.8850000000093 207.2719999999972 93.27068413570908 90.05574960433286 2681.749522019293 185.2486689084248 2.9897742168364276 254185.26466985638 840.0 128.0 "174784.0-176280.095=840 176793.0-178177.67=840" 176792.0:177000.264=128
154000 156000 8.587996093760012 554.129000976558 383.7633179726595 994.3369999999995 225.10399999999208 91.41082631976735 88.61950052860273 2330.458517289327 174.93483755874652 3.0164861057044163 241503.14537786166 840.0 128.0 "176793.0-178177.67=840 178777.0-180260.328=840" 178774.0:178985.012=128
156000 158000 294.7130468749965 740.5502994791799 211.47159382935962 945.2850000000035 522.9310000000405 115.60920392949919 112.85085034974338 2297.775360574624 193.63487206144043 2.758353579755795 266170.7166988681 840.0 128.0 "178777.0-180260.328=840 180281.0-181682.054=840" 180296.0:180494.606=128
158000 160000 326.96284765625023 709.2940319010426 272.6521366415841 998.3559999999998 456.7280000000028 98.2999367094517 94.62327215246998 3069.3982278646477 163.0065949373786 3.0 229677.9750768668 840.0 128.0 182339.0-183780.547=840 182337.0:182560.404=128
160000 162000 8.293044921883848 595.3304887695267 307.6700220917451 995.8669999999984 321.4879042968678 101.9979051066879 98.99687181862741 2501.8679619708064 165.39052748414088 3.0 225800.94451177825 840.0 128.0 184341.0-185739.957=840 184338.0:184548.203=128
162000 164000 8.873070312460186 583.312982421885 319.0923774868644 995.5610000000161 320.71094921877375 97.86237686300396 94.8645070036493 2499.210681857912 161.73639314443352 3.0 228038.66031960296 840.0 128.0 186341.0-187623.679=840 186337.0:186538.286=128
164000 166000 12.498101562436204 397.29214355471294 363.8827023500805 999.5109999999986 42.944000000017695 124.5848311211532 121.14248112493095 2872.7476717425843 200.08232901307304 4.117917700619106 292870.1277611812 840.0 128.0 "188344.0-189780.872=840 189844.0-191265.83=840" "188341.0:188579.095=128 189842.0:190056.766=128"
166000 168000 637.2052460937703 358.9515395507915 349.36932342250486 824.9550371093501 39.20312109371298 76.25495019970323 74.37286790032233 1561.7754565640491 130.784155420974 1.8820822993808934 185864.29233057075 840.0 128.0 189844.0-191265.83=840 189842.0:190056.766=128
168000 170000 332.41434570311685 571.636814453137 347.21832247607625 996.6650000000373 177.7392578125 119.24357810566269 115.10601070343692 3456.7349321911406 202.01686616188184 4.137567402225764 275254.39672776684 840.0 128.0 "192342.0-193669.163=840 193839.0-195081.645=840" "192340.0:192553.288=128 193839.0:194046.812=128"
170000 172000 763.6647070312174 268.93883072918106 278.51293807903664 819.0357421874942 28.40700000000652 79.18710036849744 76.80939075345563 1974.8001588944628 133.5608710394683 2.377709615041813 181851.27788058048 840.0 128.0 "193839.0-195081.645=840 195848.0-197228.806=840" "193839.0:194046.812=128 195844.0:196049.887=128"
172000 174000 22.168925781181315 656.2113063151288 400.56667744978944 994.0400000000081 147.6569824219332 105.87681884196422 101.22320406839938 3890.95617739697 172.17805274970092 2.97099418657764 234542.29929487262 840.0 128.0 "195848.0-197228.806=840 197849.0-199239.887=840" "195844.0:196049.887=128 197844.0:198051.954=128"
174000 176000 6.954843750019791 740.8784074218769 349.8324909766793 998.0500000000175 145.8701171875 100.2034619494679 97.22606377090062 2482.4665064251617 161.3403291921399 4.66001876555446 216363.49324746343 840.0 128.0 "197849.0-199239.887=840 199850.0-201296.711=840" "197844.0:198051.954=128 199845.0:200049.314=128"
176000 178000 15.522031250002328 711.7049707031401 366.49948686157825 992.9349999999977 172.7780761719332 128.24764435060595 126.25800797430665 1654.393843642627 204.5280688836512 1.989636376299297 288823.5647401369 840.0 128.0 "199850.0-201296.711=840 201844.0-203323.079=840" "199845.0:200049.314=128 201841.0:202050.75=128"
178000 180000 524.0563496093673 320.84583365885675 286.30554688363685 823.1289238281315 32.38707617187174 90.30457586333458 87.89595477050314 2000.4752491016152 151.66146806448683 2.408621092831444 213571.6154671223 840.0 128.0 "201844.0-203323.079=840 203849.0-205261.7=840" "201841.0:202050.75=128 203846.0:204053.641=128"
180000 182000 10.208818359387806 670.9248515624961 316.7715133062134 999.9130000000296 159.2912597655959 131.22989380528807 126.77444124381847 3728.1731323480235 210.3004904783127 4.455452561469583 290368.57759612566 840.0 128.0 "203849.0-205261.7=840 205275.0-206872.296=840" "203846.0:204053.641=128 205292.0:205502.022=128"
182000 184000 5.211052734404802 710.3741694336059 378.2665263228829 995.0679999999993 153.0859375 115.06496757108044 111.8916705181934 2643.1035833673895 197.05037050751616 3.1732970528870608 272126.7462078873 840.0 128.0 "205275.0-206872.296=840 207342.0-208640.084=840" 207339.0:207548.783=128
184000 186000 593.1628886718827 557.0199934895791 253.69003644799668 730.2870624999923 265.8319999999949 100.89647456239355 98.39180016492878 2088.0704063784938 171.48265650767271 2.504674397464763 235351.87185680718 840.0 128.0 "207342.0-208640.084=840 209342.0-210990.225=840" 209341.0:209607.742=128
186000 188000 18.535091796860797 563.4206000000006 397.96019174734124 995.1289999999863 176.98300000000745 120.35391947821866 117.03189092857048 2771.826010254116 187.41171414798964 3.3220285496481767 257551.8216043585 840.0 128.0 "209342.0-210990.225=840 211347.0-212652.089=840" 211344.0:211549.166=128
188000 190000 37.77703320316505 724.2200156249941 119.41697486147501 859.679999999993 634.1660820312391 93.81056333491242 91.13021791252285 2232.170500229621 181.58572704047333 2.6803454223895615 250437.11246814427 840.0 128.0 "211347.0-212652.089=840 213338.0-214736.409=840" 213337.0:213549.203=128
190000 192000 8.369652343768394 593.0019936523386 306.6030472187488 993.8060000000114 318.9350351562316 107.01640053476953 104.02834936790153 2490.951031335978 185.10135547315767 2.9880511668679874 252674.62602880556 840.0 128.0 "213338.0-214736.409=840 215349.0-216639.166=840" 215346.0:215683.101=128
192000 194000 5.700943359348457 549.6517714843794 341.46939418922534 998.801999999996 242.1760253906541 113.51652935198076 109.9373295353295 2982.9075212796233 193.2291506835426 3.5791998166512586 262470.63739844935 840.0 128.0 "215349.0-216639.166=840 216774.0-218022.093=840" 216771.0:216978.453=128
194000 196000 30.9362148437649 542.3124882812481 391.2218983506375 999.8010000000359 202.46400000000722 80.60374358362394 77.38836734771607 2682.238239862617 156.34003709271462 2.9838899149995295 213271.76926792035 840.0 128.0 "216774.0-218022.093=840 218777.0-220061.597=840" 218774.0:218978.408=128
196000 198000 9.301707031205297 554.3123232422076 389.7408015064934 996.7699999999895 226.55100000003586 84.50208088290206 81.50055339216992 2502.267817307689 165.89634502591466 3.0007637453660774 229640.3418033533 840.0 128.0 "218777.0-220061.597=840 220787.0-222299.08=840" 220784.0:220988.733=128
198000 200000 12.867003906256286 543.0447490234365 395.42027425879064 997.2239999999874 185.0460000000021 102.75339660616001 99.9737983264944 2315.6255880003155 167.25371279874244 3.011848345940029 229176.41929636284 840.0 128.0 "220787.0-222299.08=840 222769.0-224192.26=840" 222767.0:222978.104=128
200000 202000 40.25923632812919 550.3854370117406 383.1826783018549 996.4510000000591 219.916015625 85.81666679163966 82.61891080502065 2667.5784530159253 163.00450812638726 2.976828787202285 226381.62566264992 840.0 128.0 "222769.0-224192.26=840 224793.0-226166.672=840" 224792.0:224993.789=128
202000 204000 9.490039062482538 541.2427402343819 409.85844091436667 998.5020000000077 174.46100000001024 98.82699109941085 96.05103701737113 2317.4377813825763 178.007613862214 2.996881281456453 245482.97160799772 840.0 128.0 "224793.0-226166.672=840 226794.0-228349.383=840" 226793.0:226991.341=128
204000 206000 279.91109765623696 725.5616744791818 243.35288617876645 938.7550000000047 460.4340000000375 112.54519291808731 109.76300139896048 2317.823067585655 210.05066216403324 2.782191519126819 289892.8318431954 840.0 128.0 "226794.0-228349.383=840 228372.0-229702.459=840" 228338.0:228543.775=128
206000 208000 675.8940371093631 522.639000000015 413.3516125540321 997.844000000041 246.375 82.66357687619472 79.1675965563717 2912.6636654530985 149.86333087398236 3.49598031982301 205478.85722108104 840.0 128.0 230766.0-232183.578=840 230764.0:230966.471=128
208000 210000 7.777275390602881 804.3953476562456 170.0405095836377 995.679999999993 670.39404296875 101.86941515806934 98.6924894768216 2654.5773754463335 177.07162717205998 2.50401968017699 244975.05172685784 840.0 128.0 "230766.0-232183.578=840 232343.0-233820.194=840" 232342.0:232544.966=128
210000 212000 13.400958984333556 504.98100820313556 330.44587718222647 994.3650000000198 150.98300000000745 109.97575294752917 106.97651066791889 2500.3635148726407 178.68890083005272 3.0 244942.6012766377 840.0 128.0 234345.0-235822.16=840 234343.0:234553.309=128
212000 214000 10.163777343695983 424.5453772786568 356.98674275923486 992.5180000000109 0.0 117.27641772423597 113.90146840083035 2812.895121765276 200.36835612020718 4.047097604086646 274100.0655513458 840.0 128.0 "236344.0-237914.548=840 237936.0-239285.437=840" "236342.0:236540.664=128 237839.0:238100.149=128"
214000 216000 0.0 634.9353136718739 361.0597853699386 960.9899999999907 177.7639160155959 99.9042718738204 96.59277820059377 2763.131082632675 171.20735852474036 3.3114936732266345 236228.561341565 840.0 128.0 "237936.0-239285.437=840 239840.0-241142.53=840" "237839.0:238100.149=128 239839.0:240047.765=128"
216000 218000 890.5078847655968 463.7167709960995 514.2434589607743 994.5879999999888 0.0 88.3105654201504 86.66915669746368 1362.3692398299768 158.80042647895743 1.6414087226867191 219660.86288251256 840.0 128.0 239840.0-241142.53=840 239839.0:240047.765=128
218000 220000 329.58405078129726 507.5191382812627 332.9115621522293 996.14300000004 179.9008789062791 129.2237786315368 123.84046337060123 4856.261761698023 219.1172321846555 5.383315260935575 298429.41715344763 840.0 128.0 "242339.0-243940.607=840 243764.0-245194.367=840" "242338.0:242546.034=128 243837.0:244326.526=128"
220000 222000 654.1211035155866 337.37744642859406 231.46105084380844 742.6931035156304 69.29412109375698 119.11912488216853 115.96146804381031 2765.5931333211925 169.93932474765455 3.157656838358217 233605.1816446766 840.0 128.0 "243764.0-245194.367=840 245849.0-247260.758=840" "243837.0:244326.526=128 245848.0:246058.938=128"
222000 224000 34.34282812496531 639.0593356119789 395.97815335657737 990.7110000000393 142.5959472655959 106.41493328169301 101.79969544325928 3859.237253917341 171.5771666320436 2.9150451716630537 235932.0579489147 840.0 128.0 "245849.0-247260.758=840 247845.0-249292.851=840" "245848.0:246058.938=128 247842.0:248060.019=128"
224000 226000 7.922974609333323 590.9147151227766 412.86800915731055 999.247000000003 17.39990234375 163.21867188180696 159.35488894078077 2389.3020116414873 250.03506149061434 5.563975607796867 341303.04467999394 840.0 128.0 "247845.0-249292.851=840 249307.0-250873.0=840" "247842.0:248060.019=128 249845.0:250544.639=128"
226000 228000 52.388847656256985 700.5588164062428 351.15678208594056 941.375 178.8291015625 95.96015260385751 93.62226718433278 1941.6448269930588 111.3415111209301 2.337885419524725 149988.47923978034 840.0 128.0 "249307.0-250873.0=840 251840.0-253324.573=840" "249845.0:250544.639=128 251838.0:252055.418=128"
228000 230000 6.295935546862893 679.6609726562572 369.62330458153014 997.6130000000412 166.68896484375 144.02271862392075 140.38059692219917 3043.9610124288965 233.23404025530078 3.642121701721562 324884.29797482473 840.0 128.0 "251840.0-253324.573=840 253346.0-254840.234=840" "251838.0:252055.418=128 253344.0:253554.244=128"
230000 232000 0.0 785.0829726562466 98.70275383024433 860.051999999996 673.2548828125 113.80040578094597 111.1256928434756 2227.43358041258 203.92580906571942 2.6747129374703684 280216.1269415893 840.0 128.0 "253346.0-254840.234=840 255343.0-256654.21=840" 255341.0:255549.796=128
232000 234000 7.0986249999841675 544.063843750002 363.1009730118881 990.5780000000086 183.35399999999208 93.58327870665755 90.57662067907168 2506.599401199719 145.38364460274968 3.0066580275858725 195932.78120522932 840.0 128.0 "255343.0-256654.21=840 257340.0-258738.639=840" 257338.0:257548.911=128
234000 236000 8.77213867183309 576.5016567382918 276.7769841507462 923.5400000000373 316.9307421875128 105.96807495425364 102.97759359686253 2492.9948215659188 180.41219323890817 2.9904813573911047 247528.98988555017 840.0 128.0 "257340.0-258738.639=840 259346.0-260524.013=840" 259342.0:259612.291=128
236000 238000 9.735947265551658 541.9630131836093 363.5654665138998 990.1050000000396 177.58799999998882 94.25453899123457 91.2498004656455 2504.985100020402 146.105828249356 3.0047385255890635 199416.1595490984 840.0 128.0 "259346.0-260524.013=840 261345.0-262718.283=840" 261341.0:261549.272=128
238000 240000 6.787837890617084 708.4860263672017 296.2370262223128 998.7459999999846 321.4350625000079 106.91701072856424 103.59360157660066 2772.98709680138 174.89356654534694 2.9696624117332386 239947.23859980822 840.0 128.0 "261345.0-262718.283=840 263344.0-264660.127=840" 263341.0:263556.995=128
240000 242000 15.723158203123603 545.1897187499999 362.72604239600395 995.9079999999958 169.31591796875 111.31057286753098 108.14018281064361 2640.719846647642 195.55412471108932 3.524136797117721 280426.07158141735 840.0 128.0 "263344.0-264660.127=840 264843.0-266337.074=840" 264841.0:265041.826=128
242000 244000 11.825775390607305 648.6543486328155 397.04919642315195 998.6230000000214 134.7109375 114.90704794419067 108.73980074009509 4843.148769145096 167.09223395850898 7.167247204095575 215470.20314856802 840.0 128.0 "264843.0-266337.074=840 266847.0-268625.333=840" 266844.0:267496.463=128
244000 246000 115.74279492191272 536.1806203124928 399.76399555912394 997.164999999979 26.214111328125 130.00892576981258 127.2940270568567 2263.7362425764645 232.25510676711272 2.7148987129558533 322583.3962046509 840.0 128.0 "266847.0-268625.333=840 268640.0-270093.553=840" 268648.0:268878.435=128
246000 248000 15.469982421898749 546.0002475585934 515.351421803703 999.9369999999763 0.0 89.07978147697581 85.7067080106907 2810.650977016631 155.30449331325633 3.373073466285097 210379.0283742835 840.0 128.0 "268640.0-270093.553=840 270789.0-272164.912=840" 270787.0:270996.79=128
248000 250000 2.4020546874962747 550.6199497070338 405.2161325323656 999.8040000000037 178.89199999999255 127.72178385902194 124.66486469266829 2548.242908073538 212.10153500226176 2.8156548630648826 298153.71993851906 840.0 128.0 "270789.0-272164.912=840 272777.0-274462.565=840" 272774.0:272984.983=128
250000 252000 10.59695312497206 551.1732617187517 381.9147325636883 991.3680000000168 215.28999999997905 111.40921707298176 108.63841199216415 2308.2348802046636 178.833806111137 3.0120693841063853 258903.70084060784 840.0 128.0 "272777.0-274462.565=840 274768.0-276140.612=840" 274764.0:274970.859=128
252000 254000 29.887142578081694 545.1175039062655 383.7550772567166 995.7289999999921 214.14500000001863 120.20884597430866 116.978316008162 2694.8732087756803 178.44150430252586 3.230529966146661 246097.75696723786 840.0 128.0 "274768.0-276140.612=840 276779.0-278124.593=840" 276775.0:276990.402=128
254000 256000 1.1840058593661524 604.7302299804724 426.72486781659416 999.4720000000088 0.0 89.29620456248455 86.10684903074448 2664.8972831970764 152.20366710949355 2.5161363464581767 208424.3913278361 840.0 128.0 "276779.0-278124.593=840 278344.0-279525.537=840" 278341.0:278559.554=128
256000 258000 9.545943359378725 599.8902641601599 300.87889330226193 994.4500000000116 326.61611718748463 106.11567878449168 103.11781823831744 2499.873938517817 176.90805071908912 3.671079731456131 245018.28975370782 840.0 128.0 "280347.0-281948.615=840 281967.0-283549.559=840" 280344.0:280549.023=128
258000 260000 0.0 625.2948265624815 262.1759876804385 997.804999999993 328.0910605468671 126.83155898741754 123.83318826416969 2498.9603277967362 183.0179016910622 2.328920268543869 255453.37080639836 840.0 128.0 281967.0-283549.559=840 282339.0:282768.54=128
260000 262000 6.6428144531091675 589.9314207031275 339.0596163650529 998.6300000000047 169.19091796875 126.16484072060537 121.78933077841117 3633.3734080038025 167.06350653064436 4.372718530565882 266046.7369818611 840.0 128.0 284344.0-285697.592=840 284342.0:284562.288=128
262000 264000 0.0 727.100951171876 267.9677814205566 994.7220000000088 326.7817421875079 200.77389580003555 195.86153805587819 4091.4354485314766 206.8075084464268 5.58459961048962 279145.985327829 840.0 128.0 "286344.0-287681.646=840 287847.0-289203.231=840" "286342.0:286676.033=128 287843.0:288046.071=128"
264000 266000 818.64195898443 320.35582812498325 381.50933977115085 986.9919999999693 28.219068359292578 97.84710073705521 96.27092407338694 1300.4582236129706 155.19929763310785 1.5761766636682744 213864.51516723022 840.0 128.0 "287847.0-289203.231=840 289854.0-290975.698=840" "287843.0:288046.071=128 289850.0:290068.565=128"
266000 268000 37.26119726564502 634.2209518229065 394.57134001993785 986.0760000000009 134.202880859375 125.32296630776082 120.71034913947584 3857.206355767587 131.40344533852252 2.8930923174222345 180712.2223985327 840.0 128.0 "289854.0-290975.698=840 291843.0-293291.69=840" "289850.0:290068.565=128 291840.0:292055.889=128"
268000 270000 5.661994140653405 600.251263671869 416.53001872920896 993.6240000000107 129.297119140625 118.62172056821255 116.46991889403105 1788.0037481855102 181.50137804141036 3.8713265250442523 250776.1947529721 840.0 128.0 "291843.0-293291.69=840 293849.0-295132.181=840" "291840.0:292055.889=128 293846.0:294057.854=128"
270000 272000 3.8907832031254657 600.0673843750031 412.75209615641353 997.8369999999995 142.4619140625 127.20857641168078 124.1942557545749 2512.6692553827315 155.84017017512252 2.1621410608023672 219107.60220769575 840.0 128.0 "293849.0-295132.181=840 295853.0-297122.189=840" "293846.0:294057.854=128 295849.0:296050.357=128"
272000 274000 7.801986328151543 746.9794117187499 343.35019407582945 982.7530000000261 146.05908203125 91.21195200112562 87.37737968407463 3202.8966080692426 134.76428403501706 3.8335585347016705 185311.4228287244 840.0 128.0 "295853.0-297122.189=840 297842.0-299208.997=840" "295849.0:296050.357=128 297840.0:298054.424=128"
274000 276000 15.359201171901077 719.8772246093722 272.84594763260594 999.8719999999739 365.9330000000191 145.2539577098953 142.73208584720197 2101.977175573388 252.29120577326495 3.3750652413461886 345674.5036006233 840.0 128.0 "297842.0-299208.997=840 299352.0-300781.921=840" "297840.0:298054.424=128 299351.0:299567.298=128"
276000 278000 1055.461035156215 242.6686300781439 130.65335474894746 425.4890000000014 107.3180000000284 62.24762578247788 60.38621449186538 1540.5459933404888 105.24713099375764 1.8614112906125055 145243.1495007584 840.0 128.0 "299352.0-300781.921=840 301843.0-303123.306=840" 301840.0:302054.298=128
278000 280000 12.314935546834022 688.0416265625157 345.8005034820671 996.8180000000284 98.145263671875 127.99161482465512 123.5217045993081 3740.0954015814596 182.85533652139227 4.4699102253470056 253640.1858819519 840.0 128.0 "301843.0-303123.306=840 303345.0-304842.795=840" "301840.0:302054.298=128 303342.0:303549.955=128"
280000 282000 8.533214843773749 587.6759091796848 381.554730388122 995.0619999999763 207.87800000002608 113.18270122692184 109.85771446877395 2767.489141681268 179.82257078175024 3.0 245305.4807168498 840.0 128.0 "303345.0-304842.795=840 305352.0-306485.623=840" 305347.0:305555.717=128
282000 284000 39.2416347656399 722.1233743489526 84.757200904897 819.9349999999977 670.3110996093601 101.0702446258548 98.7181709860348 1962.9186530097113 181.1277324628478 2.677060397967871 248054.21284174372 840.0 128.0 "305352.0-306485.623=840 307341.0-308573.061=840" 307339.0:307547.38=128
284000 286000 3.799015624972526 576.4027226562612 323.8039159003216 999.1510000000126 322.4929765625275 122.45013467688013 119.127195074848 2772.5922053090208 185.86594319005135 3.322939602032129 261114.7209539716 840.0 128.0 "307341.0-308573.061=840 308838.0-310424.808=840" 309336.0:309659.747=128
286000 288000 10.72585351561429 543.6187866210967 356.47468185082755 985.4330000000191 185.20100000000093 92.71612118530658 90.04771849133499 2222.1266656300986 154.41983039225903 2.66840269397158 210440.59828970273 840.0 128.0 "308838.0-310424.808=840 311351.0-312775.186=840" 311346.0:311554.168=128
288000 290000 14.693179687543306 584.7752050781128 311.29388830638624 993.2689999999711 330.58493945311056 136.2101902726409 132.87859296661244 2779.8733343699014 213.7059470438626 3.33159730602842 293757.3908237122 840.0 128.0 "311351.0-312775.186=840 312842.0-314250.266=840" 312839.0:313041.932=128
290000 292000 443.1172480469104 438.7265004882647 372.2166109171701 995.4689999999828 232.69011914060684 116.32445727532436 112.84524643553 2898.7449970293173 211.10599807629725 3.2396054198971793 298214.8823280852 840.0 128.0 "312842.0-314250.266=840 314781.0-316381.473=840" 314777.0:314979.813=128
292000 294000 9.498609375033993 540.758597656255 392.9753744629716 993.4749999999767 172.53300000005402 148.55580606741896 145.77624669788486 2315.446574620017 223.58155944396012 3.0191647894312776 315990.5639166466 840.0 128.0 "314781.0-316381.473=840 316761.0-318189.594=840" 316760.0:316967.943=128
294000 296000 27.513466796895955 542.2499570312502 386.62610665225395 997.1579999999958 198.7860000000219 111.39922587162968 108.41265617899957 2489.9871479566914 165.64479173282646 2.9865696926301117 228678.27290669046 840.0 128.0 "316761.0-318189.594=840 318766.0-319981.227=840" 318764.0:318963.59=128
296000 298000 50.7961289062514 536.6702045898419 404.3279317586078 999.755999999994 196.742919921875 78.61128502285493 75.46114467808549 2628.0698851782154 156.20450539294694 3.150140344769433 215160.49702070857 840.0 128.0 320811.0-322138.993=840 320810.0:321009.396=128
298000 300000 4.777298828121275 547.1320068359346 415.06894447934786 998.6790000000037 156.66399999998976 87.35658322589168 83.93551450571448 2401.3851059492176 163.65068241453582 3.421068720177209 223571.28951693745 840.0 128.0 "320811.0-322138.993=840 322779.0-324163.88=840" 322775.0:322978.293=128
300000 302000 1371.687947265571 628.312052734429  628.312052734429 628.312052734429 21.106693319916296 18.92324228682151 611.366289266541 50.21937376118016 2.1834510330947894 67534.86827063287 840.0  322779.0-324163.88=840 
