ts te idle avg_span std_span max_span min_span c_bytes_all s_bytes_all avg_video_rate avg_audio_rate video_requests_sequence audio_requests_sequence
0 4000 4000.0 0.0 0.0 0.0 0.0 0.0 0.0 0.0 0.0 0 0
4000 8000 1908.226083984424 697.2579720051921 520.6927406562236 998.2249999999767 96.013916015625 19788.373698804902 450871.8104746161    
8000 12000 199.4089492187486 950.1477626953128 47.94859601533991 999.3420000000042 899.3690839843475 20197.94578795617 611563.4540305911    
12000 16000 514.106058593723 697.1787882812554 405.48512712904346 993.7320000000182 15.420033203146886 23712.453950903084 518505.4778684025    
16000 20000 922.1459082030924 769.4635229492269 397.9914206063111 995.3969999999972 174.46309179684613 14372.226562335843 394600.2576263902    
20000 24000 2099.4197265625116 633.5267578124962 489.96214099257094 999.119000000006 76.8059999999823 20296.616791020246 641827.914686667    
24000 28000 1833.9012734374846 541.5246816406288 510.16815142857195 998.25 32.61300000001211 14285.383208979754 432195.0853133329    
28000 32000 192.49988281249534 951.8750292968762 91.34862878639531 999.6290000000154 814.8701171875 27152.92082090574 897068.6176180374    
32000 36000 1952.2718554688036 511.9320361327991 467.3889094431873 998.8890000000247 55.90700000000652 15799.877375240052 590402.1023251275    
36000 40000 1974.0881855469197 506.4779536132701 476.7378350250723 999.8269999999902 31.009999999951106 19823.26412424393 664324.7861069627    
40000 44000 81.56578320323024 783.6868433593539 356.87867413593256 998.7170000000042 171.15892382810125 21030.764523989794 560253.9492595211    
44000 48000 981.0003281249665 754.7499179687584 358.54380182834745 998.5489999999991 229.1657070312649 16324.022547126888 419331.63481577183    
48000 52000 1196.5129785155877 700.8717553711031 363.95677827133443 998.9380000000237 170.3800351562677 19195.49591899802 484828.5187259899    
52000 56000 87.92270703118993 782.415458593762 352.2067585106419 996.8649999999907 171.49501367192715 20226.670211507826 523709.68440055544    
56000 60000 1967.5153652342851 508.1211586914287 474.12778045601453 995.3790000000736 36.99600000004284 16274.53476228368 337667.45755103434    
60000 64000 892.7639140624669 776.8090214843833 408.3289712448188 996.5370000000112 165.0710859374958 16250.44971570406 339056.2491969999    
64000 68000 2079.7597480468685 640.0800839843772 477.90361524289534 999.6390000000247 97.76799999998184 13977.926441574002 328202.98239160806    
68000 72000 860.3022519530496 784.9244370117376 408.0394695103865 996.1120000000228 173.0527480468736 15158.073558425998 373312.01760839194    
72000 76000 2101.534070312453 632.8219765625157 491.0936030497994 997.2370000000228 74.35100000002421 12710.559210109906 287728.9106973551    
76000 80000 1228.2869296876015 692.9282675780996 385.5135579346935 989.951999999932 168.25407031248324 18643.440789890094 371271.0893026449    
80000 84000 2930.526000000129 534.7369999999355 633.2565489594228 982.5169999999343 86.95699999993667 9509.0 198833.0    
84000 88000 1028.466000000015 990.5113333333284 8.927346768940911 997.0239999999758 980.335000000021 21602.0 541943.0    
88000 92000 229.40497070312267 942.6487573242193 108.25606804386997 998.7700000000186 780.280029296875 16522.17724619928 377254.95114127867    
92000 96000 1935.632919921889 516.0917700195278 471.1306269990394 998.3209999999963 18.445999999996275 14619.383701012212 309770.5506950638    
96000 100000 20.287154296936933 795.9425691406126 358.01984456671033 999.457999999926 170.4158906249795 26299.523516951114 682926.3412561562    
100000 104000 102.19988476560684 779.5600230468787 353.507789338474 998.4429999999702 169.5940449218615 22845.2810283664 499783.7225565512    
104000 108000 40.139761718863156 791.9720476562273 337.08817392415693 999.8150000000023 220.89492968749255 21753.28451177857 509064.0420036298    
108000 112000 1946.9383144530584 513.2654213867354 473.2568142935751 999.5389999999898 0.0 15179.81382140293 371942.8263590428    
112000 116000 2016.1109941406758 495.97225146483106 366.0642047025388 998.2000000000116 172.4510058593587 15628.5361742895 292433.56598827755    
116000 120000 1061.6809999999823 979.4396666666726 22.115271699263563 996.1680000000051 954.3660000000382 14640.0 313195.0    
120000 124000 1021.7149277343415 744.5712680664146 363.37467548401 999.3950000000186 228.35800000000745 15755.266826275238 390363.5513943689    
124000 128000 119.62395312485751 776.0752093750285 327.7584879093458 999.8730000000214 245.43192773440387 22944.302462366628 580048.5596950384    
128000 132000 1449.5331191406003 637.6167202148499 418.5540089724962 999.9010000000126 222.53899999998976 14036.430711358134 354748.88891059277    
132000 136000 2090.4930468750536 636.5023177083154 485.98963956596305 999.2960000000312 84.33399999991525 15557.002337669961 323516.1038606033    
136000 140000 1899.3570292969816 525.1607426757546 447.76885957136324 992.3659999999218 111.88299999997253 16004.295258560072 356309.58334883844    
140000 144000 1906.7686386718997 523.3078403320251 452.65475704491337 997.6919999999227 105.32400000002235 12578.744879560047 245254.98270405503    
144000 148000 1961.419195312541 509.64520117186476 471.5608020926755 998.3850000000093 45.25300000002608 10488.66705953219 205652.87042258904    
148000 152000 85.3440957032144 782.9311808593571 357.6477192967274 999.5429999999469 172.79791015625233 26979.97436811142 665933.0620195006    
152000 156000 1806.2039941405528 548.4490014648618 514.2455729709905 995.8580000000075 0.0 13481.316096566308 342416.39764441364    
156000 160000 1472.0070000001579 842.6643333332808 265.82215610507114 996.6849999999977 535.7199999999139 18626.0 448250.0    
160000 164000 234.69701562501723 941.3257460937457 114.41133726132162 998.8009999999776 769.708984375 21652.70148297515 449098.18289997894    
164000 168000 1901.7039843749953 699.4320052083349 417.5665607916437 986.1199999999953 220.35101562499767 13842.29851702485 332137.81710002106    
168000 172000 2074.554023437493 641.8153255208357 473.9006346807675 999.7960000000312 104.39899999997579 9677.130516762703 198000.55753892148    
172000 176000 1133.1449765625293 716.7137558593677 387.6706356837226 996.9659999999567 171.89402343751863 20834.869483237297 502430.4424610785    
176000 180000 230.71193164063152 942.3220170898421 109.84450929278039 999.2189999999828 777.570068359375 23459.658354615865 560800.9354949396    
180000 184000 1441.2191484375508 639.6952128906123 342.3540825185293 999.5590000000084 219.0219316406292 13838.203156115565 304126.8634572113    
184000 188000 122.71698242187267 775.4566035156255 352.7123883335741 996.5410000000265 170.3020800781087 19854.16012954933 517207.95330336463    
188000 192000 51.30664257815806 789.7386714843684 329.60439267792265 998.9219999999623 236.63606250000885 21571.039449726188 517112.8109917482    
192000 196000 100.21524609375047 779.9569507812499 325.6281100648913 995.7290000000503 241.13370507810032 21169.169675824916 535726.1098293876    
196000 200000 900.1560488280375 774.9609877929906 346.28811725248323 999.530999999959 269.2599511719309 18936.769234168132 502846.3269233487    
200000 204000 187.7621191405924 953.0594702148519 89.01018959488516 999.9729999999981 819.577880859375 28082.635663175766 711997.0115203614    
204000 208000 1808.8158808595035 547.7960297851241 514.3088471799109 997.359999999986 34.574999999953434 12926.364336824234 273886.9884796386    
208000 212000 1119.408999999985 960.197000000005 65.3893788699264 999.98199999996 884.7290000000503 21350.0 507520.0    
212000 216000 253.7380644531222 936.5654838867194 119.36628304687929 997.8680000000168 757.533935546875 23801.023865192175 505499.71834061574    
216000 220000 797.6749355469365 800.5812661132659 378.8664137797857 996.5189999999711 232.37206445308402 24888.976134807825 506162.28165938426    
220000 224000 254.06491210940294 936.4837719726493 124.26586900972417 999.8469999999506 750.090087890625 20291.540578071883 482825.6204719167    
224000 228000 192.1861445311224 761.5627710937755 325.67916299010597 997.8370000000577 241.86091210937593 23915.494814328333 570699.869185115    
228000 232000 1395.5209433593554 651.1197641601611 403.99828571151244 999.0030000000261 248.13899999996647 18761.964607599788 465492.5103429684    
232000 236000 185.16010742192157 953.7099731445196 87.19572442692547 999.9170000000158 823.014892578125 28558.237969558988 693910.8558740395    
236000 240000 1715.825011718669 571.0437470703328 399.4864856952997 992.0250000000233 175.3261074218899 16759.707324524265 418946.00787671295    
240000 244000 2773.952880859375 408.682373046875 483.37368116664777 965.0289999999804 91.66399999998976 8383.054705916746 169924.1362492476    
244000 248000 272.06591796875 931.9835205078125 116.29560056959988 999.8560000000289 758.30908203125 29244.872277222465 655791.27889407    
248000 252000 209.60405273444485 758.079189453111 325.8229424350757 998.5760000000009 229.6469179687556 21317.593343852117 447788.01963548036    
252000 256000 96.63706835941412 780.6725863281172 314.7340945358306 999.8969999999972 307.9839707030915 21490.39576419706 522807.64463975077    
256000 260000 68.63898828125093 786.2722023437498 295.52628447657844 995.9610000000102 366.28603906254284 20759.837663058286 494472.47038430546    
260000 264000 74.12292773439549 785.1754144531209 292.6919218103958 999.7179999999935 415.02902734372765 20740.569608800288 512382.8148525089    
264000 268000 1762.168044921942 745.9439850260193 260.07058064679643 993.6389999999665 475.0519550781464 10315.731342869782 242893.77159388448    
268000 272000 187.0110507812351 953.2472373046912 90.31965794121993 999.0870000000577 817.77294921875 28149.469530862076 694814.0096863164    
272000 276000 33.87303906248417 793.2253921875032 353.1412049316579 999.8199999999488 181.44805078126956 27931.32870509618 632789.4223946051    
276000 280000 23.028978515649214 795.3942042968702 342.34532902128103 998.0429999999469 205.57708984380588 21216.662926829133 488527.1982384634    
280000 284000 1462.2479316405952 634.4380170898512 421.6754348672071 999.7989999999991 216.2170683593722 13398.53883721261 298295.36968061514    
284000 288000 232.6560566405533 941.8359858398617 113.39770244949334 999.3510000000242 771.741943359375 24419.29361516961 602120.781101344    
288000 292000 1179.7726269531995 705.0568432617001 332.39366531111756 990.125 225.0290566405747 17470.222094377972 401385.92268622236    
292000 296000 74.61833203129936 785.0763335937402 355.5910951613542 996.5230000000447 173.50868359371088 28053.8163330807 687158.6873419702    
296000 300000 69.78391601576004 786.043216796848 325.4136722410571 999.1389999999665 229.7800156249432 22934.472404364446 546878.8960857226    
300000 304000 3829.244068359374 170.75593164062593  170.75593164062593 170.75593164062593 756.1955530072756 11668.712784740861    
