ts te idle avg_span std_span max_span min_span c_bytes_all s_bytes_all avg_video_rate avg_audio_rate video_requests_sequence audio_requests_sequence
0 4000 4000.0 0.0 0.0 0.0 0.0 0.0 0.0 0.0 0.0 - -
4000 8000 4000.0 0.0 0.0 0.0 0.0 0.0 0.0 0.0 0.0 - -
8000 12000 4000.0 0.0 0.0 0.0 0.0 0.0 0.0 0.0 0.0 - -
12000 16000 205.0210507812444 948.7447373046889 86.36246094872314 999.8530000000028 820.14794921875 42188.60896964226 2599432.9284567237 2300.0 128.0 12962.0#12962.0#2300_14141.0#14141.0#2300_14815.0#14815.0#2300_15425.0#15425.0#2300 12956.0#12956.0#128_14179.0#14179.0#128_14903.0#14903.0#128_15590.0#15590.0#128
16000 20000 11.910861328069586 797.6178277343861 354.4278586533914 999.6359999999986 179.38405078125652 51063.63417403383 3490696.4462944195 2300.0 128.0 15425.0#15425.0#2300_16088.0#16088.0#2300_16757.0#16757.0#2300_17434.0#17434.0#2300_18423.0#18423.0#2300_19181.0#19181.0#2300_19713.0#19713.0#2300 16325.0#16325.0#128_16802.0#16802.0#128_17514.0#17514.0#128_18611.0#18611.0#128_19282.0#19282.0#128_19759.0#19759.0#128
20000 24000 474.4931132812053 705.1013773437589 341.1540981990207 999.2170000000624 182.00791210937314 38058.1385719956 2591593.373579878 5100.0 128.0 19713.0#19713.0#2300_21431.0#21431.0#6500_23393.0#23393.0#6500 21423.0#21423.0#128_23409.0#23409.0#128
24000 28000 8.760041015571915 798.2479917968856 280.53701788807 999.8670000000275 421.75002539064735 45976.4707424858 3568128.624205135 6500.0 128.0 23393.0#23393.0#6500_25156.0#25156.0#6500_27584.0#27584.0#6500 25263.0#25263.0#128_27402.0#27402.0#128
28000 32000 12.120962890679948 797.575807421864 279.8225752128379 999.9089999999851 428.37706640624674 46576.58394372545 3509269.4625017354 6500.0 128.0 27584.0#27584.0#6500_29207.0#29207.0#6500_31475.0#31475.0#6500 29368.0#29368.0#128_30903.0#30903.0#128
32000 36000 11.634884765604511 797.673023046879 277.39820618301303 998.3919999999925 437.34302929689875 46910.12886170802 3517751.811791254 6500.0 128.0 31475.0#31475.0#6500_33787.0#33787.0#6500_35596.0#35596.0#6500 32905.0#32905.0#128_34907.0#34907.0#128
36000 40000 8.934132812486496 798.2131734375027 276.87646437155854 999.7519999999786 441.85291406250326 44266.983747750375 3556769.909798557 6500.0 128.0 35596.0#35596.0#6500_36996.0#36996.0#6500_38758.0#38758.0#6500 36914.0#36914.0#128_38853.0#38853.0#128
40000 44000 11.588652343838476 797.6822695312324 277.03590791461176 999.2649999999558 445.303046874993 44784.302741988555 3490419.201178154 6500.0 128.0 38758.0#38758.0#6500_40759.0#40759.0#6500_42660.0#42660.0#6500 40912.0#40912.0#128_42679.0#42679.0#128
44000 48000 542.5014218749711 691.4997156250058 415.838501862477 999.929999999993 72.02587890625 36471.7106204172 2826973.5106476317 6500.0 128.0 42660.0#42660.0#6500_44763.0#44763.0#6500_46985.0#46985.0#6500 44404.0#44404.0#128_46976.0#46976.0#128
48000 52000 30.92793750000419 793.8144124999992 413.7689228915265 998.6019999999553 55.56494140625 43288.33484841057 3556418.663738234 6500.0 128.0 46985.0#46985.0#6500_48894.0#48894.0#6500_50822.0#50822.0#6500 48412.0#48412.0#128_50426.0#50426.0#128
52000 56000 11.055056640703697 797.7889886718592 418.1798128242024 998.3759999999311 50.931884765625 43962.300495006755 3394270.612508627 6500.0 128.0 50822.0#50822.0#6500_52745.0#52745.0#6500_54768.0#54768.0#6500 52404.0#52404.0#128_54409.0#54409.0#128
56000 60000 27.301974609436 794.5396050781128 425.37595473469975 999.2839999999851 34.60791015625 40269.63136042433 3192346.263757672 6500.0 128.0 54768.0#54768.0#6500_56758.0#56758.0#6500_58979.0#58979.0#6500 56406.0#56406.0#128_58976.0#58976.0#128_59914.0#59914.0#128
60000 64000 26.45083984377561 794.7098320312449 431.84802764667654 998.4199999999837 22.6220703125 44977.75105086453 3505804.6723952875 6500.0 128.0 58979.0#58979.0#6500_60789.0#60789.0#6500_62808.0#62808.0#6500 59914.0#59914.0#128_61911.0#61911.0#128_63911.0#63911.0#128
64000 68000 20.256046875030734 795.9487906249939 434.5512136390122 997.109999999986 18.8740234375 45613.979919179124 3581712.822297005 6500.0 128.0 62808.0#62808.0#6500_64794.0#64794.0#6500_66689.0#66689.0#6500 63911.0#63911.0#128_65408.0#65408.0#128_67409.0#67409.0#128
68000 72000 10.515992187487427 797.8968015625026 438.2395318679177 999.9110000000219 14.08203125 45072.43978592098 3514506.920255126 6500.0 128.0 66689.0#66689.0#6500_68602.0#68602.0#6500_70681.0#70681.0#6500 69908.0#69908.0#128_71418.0#71418.0#128
72000 76000 14.342117187625263 797.131576562475 442.7328105956831 998.5319999999483 5.2119140625 44334.31775905495 3436589.579033084 6500.0 128.0 70681.0#70681.0#6500_72618.0#72618.0#6500_74708.0#74708.0#6500 73409.0#73409.0#128_75407.0#75407.0#128
76000 80000 9.841914062504657 997.5395214843738 2.3600151503028606 999.4859999999753 994.1040859374916 41077.68240739166 3379150.197561476 6500.0 128.0 74708.0#74708.0#6500_76511.0#76511.0#6500_78550.0#78550.0#6500 77000.0#77000.0#128_78917.0#78917.0#128
80000 84000 11.23372070316691 997.1915698242083 3.47189128061106 999.7019999999902 992.061279296875 40199.22748294111 3455122.3130551158 6500.0 128.0 78550.0#78550.0#6500_80593.0#80593.0#6500_82543.0#82543.0#6500 81035.0#81035.0#128_82924.0#82924.0#128
84000 88000 12.758386718749534 797.4483226562501 441.59490667785917 999.295999999973 7.5457207032013685 43132.41139162841 3652658.2861499214 6500.0 128.0 82543.0#82543.0#6500_84339.0#84339.0#6500_86221.0#86221.0#6500 85848.0#85848.0#128_86912.0#86912.0#128
88000 92000 107.42184570309473 778.5156308593811 429.33058710061925 999.6720000000205 12.216107421903871 39489.785869896965 3457408.885063744 6500.0 128.0 86221.0#86221.0#6500_88005.0#88005.0#6500_89819.0#89819.0#6500_91769.0#91769.0#6500 88907.0#88907.0#128_90920.0#90920.0#128
92000 96000 10.707966796937399 797.8584066406125 410.8553492932585 999.5569999999716 65.03195312502794 43146.20200381131 3504437.59034804 6500.0 128.0 91769.0#91769.0#6500_93645.0#93645.0#6500_95599.0#95599.0#6500 92412.0#92412.0#128_94416.0#94416.0#128
96000 100000 14.239994140574709 797.1520011718851 406.3236323890486 998.4500000000116 72.9589199218899 39446.95480397646 3556062.0862787147 6500.0 128.0 95599.0#95599.0#6500_97703.0#97703.0#6500_99545.0#99545.0#6500 96430.0#96430.0#128_98422.0#98422.0#128
100000 104000 15.369167968747206 796.9261664062506 403.44592942569136 999.5470000000205 78.5299140625284 46670.51079339519 3528077.1070604865 6500.0 128.0 99545.0#99545.0#6500_101811.0#101811.0#6500_103441.0#103441.0#6500 100409.0#100409.0#128_102038.0#102038.0#128_103912.0#103912.0#128
104000 108000 8.94761914073024 798.210476171854 398.00994603054625 998.109999999986 89.57808203122113 39200.91471324698 3485410.29835214 6500.0 128.0 103441.0#103441.0#6500_105268.0#105268.0#6500_107414.0#107414.0#6500 103912.0#103912.0#128_105911.0#105911.0#128_107921.0#107921.0#128
108000 112000 74.89833789062686 785.0203324218746 394.04984487180997 999.0380000000005 86.11870117188664 41377.20226914085 3537212.7560645486 6500.0 128.0 107414.0#107414.0#6500_108946.0#108946.0#6500_110833.0#110833.0#6500 107921.0#107921.0#128_109907.0#109907.0#128_111910.0#111910.0#128
112000 116000 9.703945312532596 798.0592109374935 379.52652077121706 999.560999999987 126.54503906250466 43478.67154870991 3405487.302802112 6500.0 128.0 110833.0#110833.0#6500_112817.0#112817.0#6500_114838.0#114838.0#6500 111910.0#111910.0#128_113921.0#113921.0#128_115414.0#115414.0#128
116000 120000 9.032910156354774 798.193417968729 379.0504256942238 999.5449999999837 127.83798437501537 41766.79559160596 3439132.833801112 6500.0 128.0 114838.0#114838.0#6500_116611.0#116611.0#6500_118443.0#118443.0#6500 117924.0#117924.0#128_119411.0#119411.0#128
120000 124000 9.074138671916444 798.1851722656168 376.66455908638704 999.640999999945 132.66689453122672 43551.7363404899 3385282.5629064767 6500.0 128.0 118443.0#118443.0#6500_120453.0#120453.0#6500_122505.0#122505.0#6500 121418.0#121418.0#128_123050.0#123050.0#128
124000 128000 1030.4989667969057 593.9002066406189 398.1054802985472 999.4989999999525 136.41603320313152 31208.152940960033 2407817.586683898 5100.0 128.0 122505.0#122505.0#6500_125712.0#125712.0#4400_127263.0#127263.0#4400 127352.0#127352.0#128
128000 132000 24.832119140657596 795.0335761718685 317.1274325459649 999.3389999999199 272.702880859375 39586.378918971444 3535339.7620385746 4400.0 128.0 127263.0#127263.0#4400_128403.0#128403.0#4400_130062.0#130062.0#4400_131421.0#131421.0#4400 128427.0#128427.0#128_130218.0#130218.0#128_131775.0#131775.0#128
132000 136000 896.161775390734 620.7676449218532 415.23893136110416 999.652999999933 74.55810546869179 34360.036031024305 2611054.0245698392 5100.0 128.0 131421.0#131421.0#4400_132923.0#132923.0#4400_134934.0#134934.0#6500 132917.0#132917.0#128_134926.0#134926.0#128
136000 140000 15.998994140594732 796.8002011718811 411.179640573906 999.0630000000237 63.464111328125 50195.31961006544 3590185.250412914 6500.0 128.0 134934.0#134934.0#6500_136631.0#136631.0#6500_138698.0#138698.0#6500 136809.0#136809.0#128_138848.0#138848.0#128
140000 144000 6.757999999972526 798.6484000000055 414.35126620850156 999.8040000000037 59.089111328125 42198.8139569681 3401026.463055611 6500.0 128.0 138698.0#138698.0#6500_140533.0#140533.0#6500_142890.0#142890.0#6500 140412.0#140412.0#128_142419.0#142419.0#128
144000 148000 28.410158203041647 794.3179683593917 416.18426347854614 999.0480000000098 52.126953125 48123.21533703902 3502130.2105845273 6500.0 128.0 142890.0#142890.0#6500_144778.0#144778.0#6500_146888.0#146888.0#6500 144409.0#144409.0#128_146421.0#146421.0#128
148000 152000 15.020984375092667 796.9958031249814 419.74701822215377 999.4369999999763 47.29296875 40222.003178203406 2984998.415394991 6500.0 128.0 146888.0#146888.0#6500_148984.0#148984.0#6500_151227.0#151227.0#6500 148980.0#148980.0#128_150457.0#150457.0#128
152000 156000 34.48001757811289 793.1039964843774 420.938677057654 997.6660000000265 40.824951171875 43276.86068284621 3421582.8681426942 6500.0 128.0 151227.0#151227.0#6500_153083.0#153083.0#6500_154834.0#154834.0#6500 152432.0#152432.0#128_153907.0#153907.0#128_155909.0#155909.0#128
156000 160000 17.354703124961816 796.5290593750076 428.7212022958822 999.6369999999879 30.229248046875 43577.359303052355 3549418.7098491844 6500.0 128.0 154834.0#154834.0#6500_156771.0#156771.0#6500_158803.0#158803.0#6500 155909.0#155909.0#128_157908.0#157908.0#128_159907.0#159907.0#128
160000 164000 22.69193554687081 795.4616128906258 433.9599339330587 999.5189999999711 19.6953125 46389.4348929117 3495096.005662881 6500.0 128.0 158803.0#158803.0#6500_160845.0#160845.0#6500_162505.0#162505.0#6500 159907.0#159907.0#128_161904.0#161904.0#128_163910.0#163910.0#128
164000 168000 12.52729882823769 797.4945402343525 437.4534582603877 998.945000000007 15.114013671875 47011.27133015277 3538136.620285754 6500.0 128.0 162505.0#162505.0#6500_164509.0#164509.0#6500_166601.0#166601.0#6500 163910.0#163910.0#128_165403.0#165403.0#128_167401.0#167401.0#128
168000 172000 9.998912109353114 798.0002175781294 441.2015710685834 999.3080000000191 8.8291015625 49510.820802163165 3490255.5193218864 6500.0 128.0 166601.0#166601.0#6500_168485.0#168485.0#6500_170250.0#170250.0#6500 169404.0#169404.0#128_171402.0#171402.0#128
172000 176000 11.447072265669703 797.710585546866 443.55713497407703 998.8209999999963 4.280029296875 49438.13823189448 3563086.5826088996 6500.0 128.0 170250.0#170250.0#6500_172234.0#172234.0#6500_174289.0#174289.0#6500_175914.0#175914.0#6500 173039.0#173039.0#128_175058.0#175058.0#128
176000 180000 411.7680292969453 897.0579926757637 202.2955934341116 999.7409999999218 593.6279999999679 41666.78197490453 3211000.9595059333 6500.0 128.0 174289.0#174289.0#6500_175914.0#175914.0#6500_177755.0#177755.0#6500 177117.0#177117.0#128
180000 184000 923.8877421875368 769.0280644531158 460.6931737621214 999.935999999987 77.9892578125 36980.299043813815 2617120.3901757086 5450.0 128.0 181125.0#181125.0#6500_183029.0#183029.0#4400 181122.0#181122.0#128_181399.0#181399.0#128
184000 188000 15.761175781313796 796.8477648437372 406.12102977750715 998.4939999999478 72.68408203119179 52410.1743142551 3652403.411859489 4400.0 128.0 183029.0#183029.0#4400_184435.0#184435.0#4400_185657.0#185657.0#4400_186900.0#186900.0#4400 184503.0#184503.0#128_185665.0#185665.0#128_186905.0#186905.0#128
188000 192000 49.90817773435265 790.0183644531295 425.9868733899183 999.8879999999772 30.201904296875 37688.50112820864 2614418.770367324 5800.0 128.0 186900.0#186900.0#4400_189089.0#189089.0#6500_191277.0#191277.0#6500 189077.0#189077.0#128_190421.0#190421.0#128
192000 196000 15.249951171979774 796.950009765604 433.3474455834577 999.6369999999297 22.126953125 43070.226812054294 3477631.4443726465 6500.0 128.0 191277.0#191277.0#6500_193268.0#193268.0#6500_195194.0#195194.0#6500 193172.0#193172.0#128_194405.0#194405.0#128
196000 200000 67.33994140627328 983.1650146484317 11.759426695449985 999.1509999999544 971.8969999999972 45492.509477737345 3476578.1254789773 6500.0 128.0 195194.0#195194.0#6500_197087.0#197087.0#6500_198847.0#198847.0#6500 196406.0#196406.0#128_198403.0#198403.0#128_199901.0#199901.0#128
200000 204000 7.670970703009516 798.4658058593981 438.56426445787554 999.9899999999907 14.095988281304017 45194.027590417696 3509668.63391649 6500.0 128.0 198847.0#198847.0#6500_201048.0#201048.0#6500_203069.0#203069.0#6500 199901.0#199901.0#128_201906.0#201906.0#128_203908.0#203908.0#128
204000 208000 21.45394726563245 795.7092105468735 433.66216972106696 999.8179999999702 20.57995898439549 42336.048033719955 3073326.132546408 6500.0 128.0 203069.0#203069.0#6500_204692.0#204692.0#6500_207040.0#207040.0#6500 203908.0#203908.0#128_207039.0#207039.0#128_207903.0#207903.0#128
208000 212000 12.995994140510447 797.4008011718979 423.4414195026016 998.2780000000494 40.64690625004005 41815.05366452229 3597862.989777431 6500.0 128.0 207040.0#207040.0#6500_209100.0#209100.0#6500_211141.0#211141.0#6500 207903.0#207903.0#128_209910.0#209910.0#128_211410.0#211410.0#128
212000 216000 7.352212890633382 798.5295574218733 422.90530994808324 999.7460000000428 42.86390039057005 42535.13196918381 3538635.962711977 6500.0 128.0 211141.0#211141.0#6500_212996.0#212996.0#6500_214702.0#214702.0#6500 213423.0#213423.0#128_215423.0#215423.0#128
216000 220000 11.414921874995343 797.717015625001 420.36005244075375 999.954000000027 46.9251132812351 42943.99638700187 3570938.6401405707 6500.0 128.0 214702.0#214702.0#6500_216583.0#216583.0#6500_218385.0#218385.0#6500 217103.0#217103.0#128_219411.0#219411.0#128
220000 224000 9.004863281268626 798.1990273437463 417.49821649263106 999.640000000014 52.7540351562202 38856.01860787893 3272709.6607708316 6500.0 128.0 218385.0#218385.0#6500_220187.0#220187.0#6500_222263.0#222263.0#6500 221402.0#221402.0#128_223143.0#223143.0#128
224000 228000 9.75880664063152 798.0482386718737 414.07272072561057 999.6040000000503 59.05089843750466 41236.98275517043 3525920.4608714767 6500.0 128.0 222263.0#222263.0#6500_224286.0#224286.0#6500_226176.0#226176.0#6500_227950.0#227950.0#6500 225107.0#225107.0#128_227265.0#227265.0#128
228000 232000 9.060212890733965 798.1879574218532 411.0302456376251 999.8980000000447 64.88670507806819 39363.096421870294 3653815.0528396387 6500.0 128.0 226176.0#226176.0#6500_227950.0#227950.0#6500_229855.0#229855.0#6500_231645.0#231645.0#6500 228911.0#228911.0#128_231108.0#231108.0#128
232000 236000 17.330974609358236 796.5338050781284 408.35420933799054 998.7539999999572 68.64991796878166 43170.96113557028 3483444.5553004504 6500.0 128.0 231645.0#231645.0#6500_233532.0#233532.0#6500_235386.0#235386.0#6500 233202.0#233202.0#128_234902.0#234902.0#128
236000 240000 11.457171875052154 797.7085656249895 405.3239287938419 999.4259999999776 75.38689257809892 44885.35035958379 3419484.9111967757 6500.0 128.0 235386.0#235386.0#6500_237292.0#237292.0#6500_239181.0#239181.0#6500 236415.0#236415.0#128_238414.0#238414.0#128
240000 244000 528.6529355467064 694.2694128906587 431.80784790795315 999.8120000000345 80.74106445314828 39776.62229901147 3057243.8576738057 6500.0 128.0 239181.0#239181.0#6500_241307.0#241307.0#6500 240405.0#240405.0#128_243220.0#243220.0#128
244000 248000 1032.9970585937845 989.0009804687385 17.49826559331522 999.85699999996 968.81494140625 32928.168389452665 2590986.631679029 5450.0 128.0 245026.0#245026.0#6500_247210.0#247210.0#4400 247370.0#247370.0#128
248000 252000 26.033921875059605 794.7932156249881 428.14386133518286 999.9000000000233 29.432058593723923 44565.53959051086 3489040.549581964 4400.0 128.0 247210.0#247210.0#4400_248368.0#248368.0#4400_249671.0#249671.0#4400_251109.0#251109.0#4400 248408.0#248408.0#128_249873.0#249873.0#128_251127.0#251127.0#128
252000 256000 6.540042968699709 798.6919914062601 424.8678972205179 999.780999999959 39.45898046880029 41274.86226631583 3048643.3730262676 5450.0 128.0 251109.0#251109.0#4400_252193.0#252193.0#4400_253937.0#253937.0#6500_255661.0#255661.0#6500 252327.0#252327.0#128_253928.0#253928.0#128_255724.0#255724.0#128
256000 260000 226.54097656253725 754.6918046874925 413.32308597488657 999.9560000000056 44.38602343748789 37401.42975372064 3143330.4457127396 6500.0 128.0 255661.0#255661.0#6500_257609.0#257609.0#6500 257716.0#257716.0#128
260000 264000 928.3349941406632 767.9162514648342 463.0068491343443 999.6049999999814 73.406005859375 34642.61604953653 2673392.4809667445 6500.0 128.0 261029.0#261029.0#6500_262788.0#262788.0#6500 261026.0#261026.0#128_261401.0#261401.0#128_263413.0#263413.0#128
264000 268000 47.761900390614755 790.447619921877 420.41108480365267 998.2560000000522 40.30810546875 36018.315986823356 3010455.0695334533 6500.0 128.0 262788.0#262788.0#6500_264741.0#264741.0#6500_267080.0#267080.0#6500 267077.0#267077.0#128_267412.0#267412.0#128
268000 272000 10.683132812497206 797.8633734375005 427.30255710160475 999.4020000000019 34.14697265625 41481.57722677638 3494264.8771764096 5800.0 128.0 267080.0#267080.0#6500_269048.0#269048.0#6500_271316.0#271316.0#4400 271419.0#271419.0#128
272000 276000 13.464675781317055 797.3070648437366 431.97542540179677 999.4549999999581 25.029296875 41051.12563774702 3504373.05673873 4400.0 128.0 271316.0#271316.0#4400_272571.0#272571.0#4400_273858.0#273858.0#4400_275281.0#275281.0#4400 272743.0#272743.0#128_273906.0#273906.0#128_275300.0#275300.0#128
276000 280000 13.010035156155936 797.3979929687688 436.89241792576246 999.7550000000047 16.09326171875 43752.67840359095 3264884.826530544 5800.0 128.0 275281.0#275281.0#4400_276762.0#276762.0#6500_279012.0#279012.0#6500 276785.0#276785.0#128_279008.0#279008.0#128
280000 284000 29.8092617187649 992.5476845703088 6.943363905353281 998.2639999999665 982.5937382812845 42261.686695525765 3196848.6890541194 6500.0 128.0 279012.0#279012.0#6500_281035.0#281035.0#6500_283017.0#283017.0#6500 281030.0#281030.0#128_283013.0#283013.0#128
284000 288000 30.75808593747206 992.310478515632 7.3401820246899625 998.8760000000475 983.8800000000047 36864.35827333394 3161689.2157287067 6500.0 128.0 283017.0#283017.0#6500_285048.0#285048.0#6500_286985.0#286985.0#6500 285041.0#285041.0#128_286411.0#286411.0#128
288000 292000 59.11701562511735 788.1765968749766 436.93042865244394 998.6629999999423 7.50808593747206 43911.98313943741 3580000.596514808 6500.0 128.0 286985.0#286985.0#6500_288870.0#288870.0#6500_290721.0#290721.0#6500 288408.0#288408.0#128_290416.0#290416.0#128
292000 296000 12.512589843710884 797.4974820312578 417.3666446972098 999.3340000000317 52.038101562531665 48966.31806004018 3509762.322646926 6500.0 128.0 290721.0#290721.0#6500_292786.0#292786.0#6500_294642.0#294642.0#6500 292409.0#292409.0#128_293905.0#293905.0#128
296000 300000 12.65325976558961 797.469348046882 415.27104858443073 998.2469999999739 56.06669140630402 45625.725469324956 3519104.878648998 6500.0 128.0 294642.0#294642.0#6500_296645.0#296645.0#6500_298583.0#298583.0#6500 296406.0#296406.0#128_297911.0#297911.0#128_299913.0#299913.0#128
