ts te idle avg_span std_span max_span min_span c_bytes_all s_bytes_all avg_video_rate avg_audio_rate video_requests_sequence audio_requests_sequence
0 5000 5000.0 0.0 0.0 0.0 0.0 0.0 0.0 0.0 0.0 - -
5000 10000 1584.415937499958 853.8960156250105 284.86476157644466 999.9739999999874 426.6640625 47688.95627586893 2284123.912360891 1700.0 128.0 6701.0#6701.0#2300_7665.0#7665.0#1500_8339.0#8339.0#1500_9425.0#9425.0#1500 6698.0#6698.0#128_7146.0#7146.0#128_7710.0#7710.0#128_8374.0#8374.0#128_9702.0#9702.0#128
10000 15000 34.10406249994412 827.6493229166759 269.63411831990913 999.914999999979 403.21199999999953 44994.04372413107 2953299.087639109 1500.0 128.0 9425.0#9425.0#1500_10146.0#10146.0#1500_10846.0#10846.0#1500_11407.0#11407.0#1500_12011.0#12011.0#1500_12577.0#12577.0#1500_13193.0#13193.0#1500_14149.0#14149.0#1500 10150.0#10150.0#128_10896.0#10896.0#128_11526.0#11526.0#128_12070.0#12070.0#128_12644.0#12644.0#128_14148.0#14148.0#128
15000 20000 1163.269916015619 959.1825209960953 79.30589643002779 999.8630000000121 840.236083984375 38774.93802923072 2295322.455258638 4400.0 128.0 16164.0#16164.0#4400_17737.0#17737.0#4400 16158.0#16158.0#128_18145.0#18145.0#128
20000 25000 1089.1301269530086 651.8116455078319 399.14846082440704 999.7770000000019 149.62191601563245 36225.49146460158 2534976.749296455 4400.0 128.0 20148.0#20148.0#4400_22804.0#22804.0#4400_24799.0#24799.0#4400 20147.0#20147.0#128_22802.0#22802.0#128_24797.0#24797.0#128
25000 30000 68.73403320321813 821.877661132797 312.6017165029666 999.5949999999721 212.596923828125 41711.680875260114 2920502.8888602136 4400.0 128.0 24799.0#24799.0#4400_26267.0#26267.0#4400_28807.0#28807.0#4400 25648.0#25648.0#128_28805.0#28805.0#128_29650.0#29650.0#128
30000 35000 21.070677734503988 829.821553710916 320.7508032004884 999.8339999999735 198.4272460936918 44151.95439808191 3307813.8163630874 4400.0 128.0 28807.0#28807.0#4400_30427.0#30427.0#4400_32165.0#32165.0#4400_33880.0#33880.0#4400 31648.0#31648.0#128_33648.0#33648.0#128
35000 40000 21.313261718605645 829.7811230468991 327.6160994930764 999.8250000000116 180.833984375 46228.739613613856 3374977.3871336253 4400.0 128.0 33880.0#33880.0#4400_35631.0#35631.0#4400_37360.0#37360.0#4400_39125.0#39125.0#4400 35146.0#35146.0#128_37151.0#37151.0#128_39156.0#39156.0#128
40000 45000 1926.282994140638 614.7434011718724 452.03853366536345 993.570000000007 0.0 27076.82313963863 1975902.6008897908 4400.0 128.0 39125.0#39125.0#4400_40906.0#40906.0#4400_44800.0#44800.0#4400 41153.0#41153.0#128_44798.0#44798.0#128_44900.0#44900.0#128
45000 50000 20.441677734430414 829.9263870442616 298.61450725023275 999.7909999999683 262.6953125 46593.908332231535 3441255.1755188946 4400.0 128.0 44800.0#44800.0#4400_46404.0#46404.0#4400_48140.0#48140.0#4400_49677.0#49677.0#4400 44900.0#44900.0#128_46864.0#46864.0#128_48857.0#48857.0#128
50000 55000 82.33038476557704 819.6116025390705 312.1551570017079 998.7860000000219 217.575927734375 44812.381591309146 3269220.2667684755 4400.0 128.0 49677.0#49677.0#4400_51306.0#51306.0#4400_52927.0#52927.0#4400_54801.0#54801.0#4400 50839.0#50839.0#128_52812.0#52812.0#128_54800.0#54800.0#128
55000 60000 15.783029296901077 830.7028284505164 318.2352253668732 999.9319999999716 205.6708984375 38275.10679066968 2812730.337434834 4400.0 128.0 54801.0#54801.0#4400_56897.0#56897.0#4400_58994.0#58994.0#4400 54800.0#54800.0#128_56853.0#56853.0#128_58863.0#58863.0#128
60000 65000 66.26590234378818 822.2890162760353 333.21471347642057 998.579000000027 164.0209960936918 42583.580668116 3055570.3779689176 4400.0 128.0 58994.0#58994.0#4400_60783.0#60783.0#4400_62895.0#62895.0#4400_64621.0#64621.0#4400 60781.0#60781.0#128_62818.0#62818.0#128_64146.0#64146.0#128
65000 70000 402.35888671875 919.52822265625 81.98233138132483 999.8680000000168 834.6050039062393 46470.734110775586 3283534.056611079 4400.0 128.0 64621.0#64621.0#4400_66181.0#66181.0#4400_68163.0#68163.0#4400_69725.0#69725.0#4400 66163.0#66163.0#128_68161.0#68161.0#128
70000 75000 18.97508007811848 830.1708199869803 334.5914016599342 999.1300000000047 161.77789062500233 43718.827551578 3021563.234713368 4400.0 128.0 69725.0#69725.0#4400_71658.0#71658.0#4400_73658.0#73658.0#4400 70148.0#70148.0#128_71655.0#71655.0#128_73655.0#73655.0#128
75000 80000 579.3247343749972 736.7792109375005 377.75798995970376 998.3090000000084 173.3219707031967 43031.44136651514 2945671.819658084 4400.0 128.0 73658.0#73658.0#4400_75325.0#75325.0#4400_77659.0#77659.0#4400_79376.0#79376.0#4400 75654.0#75654.0#128_77657.0#77657.0#128_79661.0#79661.0#128
80000 85000 18.133179687371012 830.3111367187715 279.7492976113724 999.6240000000107 330.068115234375 43124.10618420668 3048526.38492822 4400.0 128.0 79376.0#79376.0#4400_81223.0#81223.0#4400_83161.0#83161.0#4400 81653.0#81653.0#128_83159.0#83159.0#128
85000 90000 1621.923031250015 675.615393749997 446.66697357235597 999.8339999999735 109.3518847656087 29560.476750202553 2160432.2068831925 4400.0 128.0 83161.0#83161.0#4400_86802.0#86802.0#4400_88239.0#88239.0#4400 86797.0#86797.0#128_87152.0#87152.0#128
90000 95000 86.45577539061196 818.924037434898 324.39406151570427 999.3360000000102 195.3413085936918 42565.17631741917 2970629.5660577663 4400.0 128.0 88239.0#88239.0#4400_90823.0#90823.0#4400_92292.0#92292.0#4400_94370.0#94370.0#4400 90821.0#90821.0#128_90936.0#90936.0#128_92897.0#92897.0#128_94857.0#94857.0#128
95000 100000 78.07020898425253 820.3216318359579 333.16290012331257 999.4340000000084 167.402099609375 44187.1275637629 3359877.5982152014 4400.0 128.0 94370.0#94370.0#4400_96312.0#96312.0#4400_97753.0#97753.0#4400_99494.0#99494.0#4400 94857.0#94857.0#128_96878.0#96878.0#128_98854.0#98854.0#128
100000 105000 16.01285156252561 830.6645247395791 336.5938481315862 999.7660000000033 157.479248046875 45603.72087231709 3282363.656761956 4400.0 128.0 99494.0#99494.0#4400_101134.0#101134.0#4400_102807.0#102807.0#4400_104793.0#104793.0#4400 100902.0#100902.0#128_102806.0#102806.0#128_104791.0#104791.0#128
105000 110000 86.26030859386083 818.9566152343565 346.94777848737635 999.4959999999846 122.137939453125 42248.33733154313 3151157.1191602163 4400.0 128.0 104793.0#104793.0#4400_106803.0#106803.0#4400_108484.0#108484.0#4400 106797.0#106797.0#128_108657.0#108657.0#128
110000 115000 20.097835937456694 829.9836940104238 354.195528643402 999.869000000006 114.006103515625 35742.98025457789 2353372.096776896 4400.0 128.0 108484.0#108484.0#4400_110800.0#110800.0#4400_112799.0#112799.0#4400_114794.0#114794.0#4400 110798.0#110798.0#128_112795.0#112795.0#128_114792.0#114792.0#128
115000 120000 18.00501757801976 830.3324970703301 357.1130352180791 999.579000000027 107.4130859375 46093.6377306067 3240127.2682487066 4400.0 128.0 114794.0#114794.0#4400_116791.0#116791.0#4400_118628.0#118628.0#4400 116789.0#116789.0#128_118154.0#118154.0#128_119652.0#119652.0#128
120000 125000 2417.157083984348 645.710729003913 350.406674404491 994.640000000014 282.65500000002794 23180.432494802095 1660728.108362603 4400.0 128.0 118628.0#118628.0#4400_120270.0#120270.0#4400_124686.0#124686.0#4400 124683.0#124683.0#128_124811.0#124811.0#128
125000 130000 108.50500195322093 815.2491663411298 297.098220708616 999.350999999966 311.4099999999162 49066.396568939876 3411408.828129779 3350.0 128.0 124686.0#124686.0#4400_126624.0#126624.0#3000_127787.0#127787.0#3000_129058.0#129058.0#3000 124811.0#124811.0#128_126930.0#126930.0#128_127869.0#127869.0#128
130000 135000 743.9631171874353 851.207376562513 329.242012096326 999.8110000000452 262.2548828125 42114.90664404786 2816592.689356732 3700.0 128.0 130809.0#130809.0#3000_132057.0#132057.0#3000_133133.0#133133.0#4400_134925.0#134925.0#4400 130808.0#130808.0#128_131649.0#131649.0#128_133157.0#133157.0#128
135000 140000 1976.5867714844644 604.6826457031071 432.6003212085884 995.6429999999236 33.71899999998277 28607.601828554274 1987587.3487927727 4400.0 128.0 134925.0#134925.0#4400_138792.0#138792.0#4400 135152.0#135152.0#128_138789.0#138789.0#128_138898.0#138898.0#128
140000 145000 50.52918554691132 824.9118024088481 310.3265450230678 999.6439999999711 232.2739257811918 41374.375236644395 2752526.688795494 4400.0 128.0 138792.0#138792.0#4400_140205.0#140205.0#4400_142779.0#142779.0#4400_144541.0#144541.0#4400 142778.0#142778.0#128_142887.0#142887.0#128_144854.0#144854.0#128
145000 150000 15.23860742180841 830.7935654296986 310.8625034624103 999.6240000000107 225.601318359375 44476.92459982333 3290841.3589832024 4400.0 128.0 144541.0#144541.0#4400_146103.0#146103.0#4400_147792.0#147792.0#4400_149546.0#149546.0#4400 144854.0#144854.0#128_146849.0#146849.0#128_148855.0#148855.0#128
150000 155000 1648.7853945313254 670.2429210937349 358.1343928623739 999.5569999999134 273.721923828125 31858.936434392577 2376487.934745266 4400.0 128.0 149546.0#149546.0#4400_151206.0#151206.0#4400_154793.0#154793.0#4400 150849.0#150849.0#128_154791.0#154791.0#128_154913.0#154913.0#128
155000 160000 51.65180859371321 824.7246985677144 309.65264925074337 999.6589999999851 234.443115234375 51385.493582106785 3323418.481875034 3350.0 128.0 154793.0#154793.0#4400_156302.0#156302.0#3000_157158.0#157158.0#3000_158789.0#158789.0#3000 154913.0#154913.0#128_156153.0#156153.0#128_158786.0#158786.0#128
160000 165000 71.40899609378539 821.4318339843691 310.4130729001152 999.9479999999749 215.547119140625 42429.09395175453 2826761.412690875 4400.0 128.0 160163.0#160163.0#4400_162809.0#162809.0#4400_164303.0#164303.0#4400 160158.0#160158.0#128_162808.0#162808.0#128_164161.0#164161.0#128
165000 170000 18.49205859383801 830.2513235676937 317.71388488164587 999.9249999999884 206.362060546875 42528.92894835426 2877241.8179071345 4400.0 128.0 164303.0#164303.0#4400_166784.0#166784.0#4400_168405.0#168405.0#4400 166783.0#166783.0#128_167650.0#167650.0#128_169652.0#169652.0#128
170000 175000 1443.8790937499725 711.2241812500055 320.2319576705251 998.3859999999986 273.615966796875 34811.45823906617 2460586.900315743 4400.0 128.0 168405.0#168405.0#4400_170062.0#170062.0#4400_171571.0#171571.0#4400_174803.0#174803.0#4400 171655.0#171655.0#128_174800.0#174800.0#128
175000 180000 328.8999667968601 934.220006640628 119.65187226555959 999.4820000000182 722.8340332031948 45685.28053525583 3352624.366537746 4400.0 128.0 174803.0#174803.0#4400_176521.0#176521.0#4400_178035.0#178035.0#4400 175651.0#175651.0#128_177646.0#177646.0#128
180000 185000 743.3530156249763 851.3293968750047 327.03190423883467 999.4739999999874 266.333984375 42602.391867535225 3001048.555000368 4400.0 128.0 180795.0#180795.0#4400_182458.0#182458.0#4400_183966.0#183966.0#4400 180792.0#180792.0#128_181147.0#181147.0#128_183155.0#183155.0#128_184845.0#184845.0#128
185000 190000 18.541986328200437 830.2430022786333 299.071085410783 998.8599999999278 260.447998046875 50306.84091785011 3498390.627272826 4400.0 128.0 183966.0#183966.0#4400_185641.0#185641.0#4400_187349.0#187349.0#4400_188927.0#188927.0#4400 184845.0#184845.0#128_187151.0#187151.0#128_188883.0#188883.0#128
190000 195000 111.15399804688059 814.8076669921866 306.66455742091796 999.7779999999912 225.375 43750.333355635696 2963256.432226497 4400.0 128.0 188927.0#188927.0#4400_190780.0#190780.0#4400_192781.0#192781.0#4400_194812.0#194812.0#4400 190778.0#190778.0#128_192780.0#192780.0#128_194810.0#194810.0#128
195000 200000 35.02090624993434 827.4965156250109 315.39560349844965 999.6010000000242 209.87109375 44786.84850223305 2968855.668673437 4400.0 128.0 194812.0#194812.0#4400_196786.0#196786.0#4400_198792.0#198792.0#4400 196785.0#196785.0#128_198788.0#198788.0#128
200000 205000 50.37613476556726 824.9373108724054 331.2395217338608 999.9869999999646 173.407958984375 42899.169220456155 2798815.151373249 4400.0 128.0 198792.0#198792.0#4400_200812.0#200812.0#4400_202798.0#202798.0#4400_204790.0#204790.0#4400 200808.0#200808.0#128_202795.0#202795.0#128_204786.0#204786.0#128
205000 210000 516.6038613282144 896.6792277343571 91.46060545430406 997.609999999986 820.4869999999646 42919.861384957636 3105643.0988951377 4400.0 128.0 204790.0#204790.0#4400_206029.0#206029.0#4400_208157.0#208157.0#4400 206152.0#206152.0#128_208154.0#208154.0#128
210000 215000 72.08601562504191 821.3189973958264 337.19561681994026 999.5479999999516 154.71990234369878 42560.483961181395 2941186.9575622454 4400.0 128.0 208157.0#208157.0#4400_210263.0#210263.0#4400_211892.0#211892.0#4400_214155.0#214155.0#4400 210157.0#210157.0#128_212147.0#212147.0#128_214153.0#214153.0#128
215000 220000 44.80698828108143 825.8655019531531 321.56396263077664 998.89300000004 194.41191796876956 46988.79454754797 3268840.7950246776 4400.0 128.0 214155.0#214155.0#4400_215975.0#215975.0#4400_217530.0#217530.0#4400_219661.0#219661.0#4400 215651.0#215651.0#128_217652.0#217652.0#128_219661.0#219661.0#128
220000 225000 1374.6177734375233 604.2303710937462 432.9222231265419 999.5139999999665 142.63300000003073 35627.38015116751 2427393.4751672125 4400.0 128.0 219661.0#219661.0#4400_222797.0#222797.0#4400_224074.0#224074.0#4400 222793.0#222793.0#128_223657.0#223657.0#128
225000 230000 22.441216796869412 829.5931305338551 301.5189630775905 999.2580000000307 254.756103515625 49044.20268871377 3525725.6296777306 4400.0 128.0 224074.0#224074.0#4400_225638.0#225638.0#4400_227454.0#227454.0#4400_229219.0#229219.0#4400 225147.0#225147.0#128_227156.0#227156.0#128_229152.0#229152.0#128
230000 235000 60.86620507820044 823.1889658202999 307.9969059949832 999.6550000000279 228.0458984375 43654.99121664384 3064983.4348254222 4400.0 128.0 229219.0#229219.0#4400_231153.0#231153.0#4400_232943.0#232943.0#4400_234799.0#234799.0#4400 231149.0#231149.0#128_232849.0#232849.0#128_234798.0#234798.0#128
235000 240000 218.947855468723 796.8420240885462 351.4439235613153 998.0030000000261 102.64404296875 33991.20716952368 2180299.204497796 4400.0 128.0 234799.0#234799.0#4400_237150.0#237150.0#4400_239729.0#239729.0#4400 236801.0#236801.0#128_238888.0#238888.0#128
240000 245000 28.2571210936876 828.6238131510521 363.3839993765064 998.1330000000307 91.794921875 45265.87048417 3267772.332158398 4400.0 128.0 239729.0#239729.0#4400_241292.0#241292.0#4400_243277.0#243277.0#4400 240864.0#240864.0#128_243276.0#243276.0#128
245000 250000 1737.2580273438944 652.5483945312211 481.8830658802215 999.2669999999925 0.09407812496647239 33759.14834285888 2289541.746231513 3466.6666666666665 128.0 246814.0#246814.0#4400_248336.0#248336.0#3000_249360.0#249360.0#3000 246812.0#246812.0#128_246955.0#246955.0#128_248879.0#248879.0#128
250000 255000 1982.4009335937444 603.5198132812511 439.92929133644907 999.2719999999972 25.521999999997206 27851.926078210545 1851790.4198248894 3000.0 128.0 249360.0#249360.0#3000_252802.0#252802.0#3000_253794.0#253794.0#3000 252797.0#252797.0#128_252918.0#252918.0#128_254847.0#254847.0#128
255000 260000 20.984994140686467 829.8358343098856 301.33290109142933 999.9610000000102 255.990966796875 48449.38380163527 3593051.0245005833 4050.0 128.0 253794.0#253794.0#3000_255198.0#255198.0#4400_256953.0#256953.0#4400_258585.0#258585.0#4400 254847.0#254847.0#128_256149.0#256149.0#128_258158.0#258158.0#128
260000 265000 14.209703125059605 830.9650494791567 302.10677002000847 999.9449999999488 250.395263671875 46986.55440822708 3361970.3916871385 4400.0 128.0 258585.0#258585.0#4400_260483.0#260483.0#4400_262217.0#262217.0#4400_263996.0#263996.0#4400 260146.0#260146.0#128_261648.0#261648.0#128_263650.0#263650.0#128
265000 270000 1773.671179687488 645.2657640625024 379.8852023800327 997.6080000000075 217.37100000004284 30515.35188670362 2259600.2094545197 4400.0 128.0 263996.0#263996.0#4400_265601.0#265601.0#4400_268803.0#268803.0#4400 265650.0#265650.0#128_268802.0#268802.0#128
270000 275000 363.5061679686187 772.7489720052303 350.63986769894626 999.5500000000466 234.513916015625 40776.08087262591 2872425.3579776697 4400.0 128.0 268803.0#268803.0#4400_270790.0#270790.0#4400_272701.0#272701.0#4400_274789.0#274789.0#4400 270789.0#270789.0#128_271651.0#271651.0#128_274787.0#274787.0#128
275000 280000 23.10285351553466 829.4828577474109 315.8728445022334 999.814000000013 213.6640625 39667.773088304195 2887778.478289868 4400.0 128.0 274789.0#274789.0#4400_276336.0#276336.0#4400_278788.0#278788.0#4400 275652.0#275652.0#128_278785.0#278785.0#128_279145.0#279145.0#128
280000 285000 20.055957031436265 829.9906738280939 317.92877644165594 999.9969999999739 204.43310546875 46832.02841323153 3486692.131729643 4400.0 128.0 278788.0#278788.0#4400_280694.0#280694.0#4400_282065.0#282065.0#4400_283600.0#283600.0#4400 280880.0#280880.0#128_283150.0#283150.0#128_284848.0#284848.0#128
285000 290000 1217.606105468818 945.5984736327955 101.44764944590015 998.6380000000354 793.4998945312109 30644.37764058693 2261674.8779491764 4400.0 128.0 283600.0#283600.0#4400_285361.0#285361.0#4400_286983.0#286983.0#4400 284848.0#284848.0#128_286936.0#286936.0#128
290000 295000 743.6480312499916 851.2703937500016 327.644382543255 999.4880000000121 265.16796875 41606.25490408075 2951672.1837232863 4400.0 128.0 290803.0#290803.0#4400_292253.0#292253.0#4400_293968.0#293968.0#4400 290799.0#290799.0#128_290919.0#290919.0#128_292854.0#292854.0#128_294853.0#294853.0#128
295000 300000 29.821076171821915 828.363153971363 299.66160333303714 999.5620000000345 255.514892578125 46808.45498039413 3496593.463841879 4400.0 128.0 293968.0#293968.0#4400_295568.0#295568.0#4400_297041.0#297041.0#4400_298789.0#298789.0#4400 294853.0#294853.0#128_296852.0#296852.0#128_298788.0#298788.0#128
