ts te idle avg_span std_span max_span min_span c_bytes_all s_bytes_all avg_video_rate avg_audio_rate video_requests_sequence audio_requests_sequence
0 6000 6000.0 0.0 0.0 0.0 0.0 0.0 0.0 0.0 0.0 - -
6000 12000 6000.0 0.0 0.0 0.0 0.0 0.0 0.0 0.0 0.0 - -
12000 18000 3409.129904296875 647.7175239257813 410.2917844719638 999.3199999999997 184.4890000000014 20478.290085940655 607916.8290750983 288.0 128.0 15562.0#15562.0#288_15562.0#15562.0#288_16230.0#16230.0#288_16699.0#16699.0#288_17384.0#17384.0#288 15556.0#15556.0#128_15558.0#15558.0#128_16257.0#16257.0#128_16906.0#16906.0#128_17497.0#17497.0#128
18000 24000 1175.2970957031284 804.1171507161453 221.78431008279412 999.372000000003 531.2829999999958 24169.709914059345 869913.1709249017 330.6666666666667 128.0 17384.0#17384.0#288_18085.0#18085.0#288_18660.0#18660.0#288_19263.0#19263.0#288_19829.0#19829.0#288_20136.0#20136.0#288_21499.0#21499.0#288_23006.0#23006.0#480_23009.0#23009.0#480 18244.0#18244.0#128_18789.0#18789.0#128_19385.0#19385.0#128_19963.0#19963.0#128_20430.0#20430.0#128_21495.0#21495.0#128_23003.0#23003.0#128_23005.0#23005.0#128
24000 30000 931.3070019531369 844.7821663411438 255.88680444913112 999.862000000001 383.697998046875 15415.761242294777 620201.8092276038 480.0 128.0 24500.0#24500.0#480_26514.0#26514.0#480_28003.0#28003.0#480_29644.0#29644.0#480 24498.0#24498.0#128_26508.0#26508.0#128_28001.0#28001.0#128_29641.0#29641.0#128
30000 36000 968.5969394531276 838.567176757812 248.74467127356655 998.0789999999979 450.31005859375 18665.218224583394 846875.2692470265 696.0 128.0 29644.0#29644.0#480_31628.0#31628.0#480_33610.0#33610.0#840_33616.0#33616.0#840_35638.0#35638.0#840 29641.0#29641.0#128_31623.0#31623.0#128_33604.0#33604.0#128_33606.0#33606.0#128_35634.0#35634.0#128
36000 42000 457.16205859374895 791.8339916294644 378.9313911745398 999.864999999998 20.69000000000233 18668.020533121828 634099.9215253696 840.0 128.0 35638.0#35638.0#840_37606.0#37606.0#840_39577.0#39577.0#840 35634.0#35634.0#128_37602.0#37602.0#128_39572.0#39572.0#128
42000 48000 1558.0211093750113 888.3957781249977 245.9314620692659 999.5279999999912 448.462890625 13059.123605922654 440625.5423333304 570.0 128.0 43607.0#43607.0#840_45589.0#45589.0#480_45593.0#45593.0#480_47583.0#47583.0#480 43602.0#43602.0#128_46260.0#46260.0#128_46263.0#46263.0#128
48000 54000 2245.3235703124956 625.7794049479174 375.77781240288977 995.7430000000022 0.0 16530.782849769745 541374.7979502657 480.0 128.0 47583.0#47583.0#480_48202.0#48202.0#480_51574.0#51574.0#480_52122.0#52122.0#480_53577.0#53577.0#480 48008.0#48008.0#128_48655.0#48655.0#128_52010.0#52010.0#128_52596.0#52596.0#128
54000 60000 1172.5813925781258 804.5697679036457 249.49343204085167 998.0390000000043 461.075927734375 17355.47593658809 572231.0673052368 696.0 128.0 53577.0#53577.0#480_55589.0#55589.0#480_57598.0#57598.0#840_57605.0#57605.0#840_59582.0#59582.0#840 54008.0#54008.0#128_55582.0#55582.0#128_57584.0#57584.0#128_57593.0#57593.0#128_59580.0#59580.0#128
60000 66000 58.70690820310847 848.7561559709845 251.47127032403654 998.5929999999935 433.02001953125 20163.529663332316 692856.3301620061 840.0 128.0 59582.0#59582.0#840_61583.0#61583.0#840_63579.0#63579.0#840_65580.0#65580.0#840 61579.0#61579.0#128_63576.0#63576.0#128_65574.0#65574.0#128
66000 72000 83.74600390624255 845.1791422991082 253.47734026575552 999.2920000000013 396.416015625 19876.447152603756 684432.2313163364 840.0 128.0 65580.0#65580.0#840_67597.0#67597.0#840_69599.0#69599.0#840_71609.0#71609.0#840 67593.0#67593.0#128_69585.0#69585.0#128_71602.0#71602.0#128
72000 78000 33.19903515621263 852.4001378348268 255.8071884278658 999.5500000000029 380.22998046876455 22565.102115459384 757843.3288919218 840.0 128.0 71609.0#71609.0#840_73601.0#73601.0#840_75588.0#75588.0#840_76928.0#76928.0#840 73594.0#73594.0#128_75583.0#75583.0#128_75997.0#75997.0#128
78000 84000 1325.0289003905928 779.1618499349012 246.0343500984103 999.9700000000157 460.132080078125 14581.082723166794 458927.24680911645 449.14285714285717 128.0 76928.0#76928.0#840_78360.0#78360.0#288_78364.0#78364.0#288_79604.0#79604.0#288_81595.0#81595.0#480_81599.0#81599.0#480_83603.0#83603.0#480 78388.0#78388.0#128_78392.0#78392.0#128_79599.0#79599.0#128_81580.0#81580.0#128_81586.0#81586.0#128_83596.0#83596.0#128
84000 90000 3382.8681503906264 654.2829624023434 301.7729139144787 933.0270000000019 321.11591992188187 12895.932227210502 408103.80585056223 480.0 128.0 83603.0#83603.0#480_85596.0#85596.0#480_87588.0#87588.0#480_89592.0#89592.0#480 85588.0#85588.0#128_87582.0#87582.0#128_89588.0#89588.0#128
90000 96000 2096.5868398437306 780.6826320312539 281.9700821514794 999.599000000002 461.26708984376455 14026.964278550215 446851.13661132916 480.0 128.0 89592.0#89592.0#480_91583.0#91583.0#480_93588.0#93588.0#480_95590.0#95590.0#480 91580.0#91580.0#128_93582.0#93582.0#128_95583.0#95583.0#128
96000 102000 1081.1891347656492 819.8018108723918 273.95645711273613 999.4799999999814 454.553955078125 17432.266859610867 571603.7413743937 768.0 128.0 95590.0#95590.0#480_97627.0#97627.0#840_97630.0#97630.0#840_99601.0#99601.0#840_101604.0#101604.0#840 97615.0#97615.0#128_97620.0#97620.0#128_99592.0#99592.0#128_101602.0#101602.0#128
102000 108000 55.26065429691516 849.2484779575835 250.19549738014223 997.9379999999801 427.63330078123545 20962.428701733694 707501.900199529 840.0 128.0 101604.0#101604.0#840_103608.0#103608.0#840_105595.0#105595.0#840_107619.0#107619.0#840 103605.0#103605.0#128_105589.0#105589.0#128_107615.0#107615.0#128
108000 114000 77.11531835934147 846.1263830915226 252.41505615310388 997.2899999999936 399.531982421875 20704.067169590726 720637.7281442172 840.0 128.0 107619.0#107619.0#840_109597.0#109597.0#840_111588.0#111588.0#840_113604.0#113604.0#840 109592.0#109592.0#128_111582.0#111582.0#128_113599.0#113599.0#128
114000 120000 60.50701367191505 848.4989980468692 251.46000564398952 997.9679999999935 384.54296875 20113.471871760277 674695.4984432323 840.0 128.0 113604.0#113604.0#840_115611.0#115611.0#840_117593.0#117593.0#840_119600.0#119600.0#840 115604.0#115604.0#128_117590.0#117590.0#128_119595.0#119595.0#128
120000 126000 3024.265968749998 595.1468062500004 419.46193025076496 999.9239999999991 52.30900000000838 10055.32484470098 361065.64460852265 840.0 128.0 119600.0#119600.0#840_121594.0#121594.0#840 121590.0#121590.0#128
126000 132000 1317.8770000000368 936.4245999999927 136.10188249910018 999.1559999999881 693.0 22565.563482253234 726741.8707398908 408.0 128.0 127292.0#127292.0#480_127297.0#127297.0#480_128124.0#128124.0#480_128905.0#128905.0#480_129542.0#129542.0#480_130648.0#130648.0#288_130651.0#130651.0#288_131599.0#131599.0#288 127498.0#127498.0#128_127505.0#127505.0#128_128393.0#128393.0#128_129190.0#129190.0#128_129976.0#129976.0#128_130855.0#130855.0#128_130857.0#130857.0#128_131593.0#131593.0#128
132000 138000 3077.04296875 487.1595052083333 422.25504341947294 998.6600000000035 41.953999999997905 13875.23795812988 444182.71432661987 702.0 128.0 131599.0#131599.0#288_135607.0#135607.0#840_135613.0#135613.0#840_136692.0#136692.0#840 135599.0#135599.0#128_135605.0#135605.0#128_135997.0#135997.0#128
138000 144000 1297.4590000000317 783.756833333328 249.29599651907122 999.0579999999609 458.83203125 18354.55980990212 597561.292323537 603.4285714285714 128.0 136692.0#136692.0#840_138375.0#138375.0#288_138381.0#138381.0#288_139623.0#139623.0#288_141607.0#141607.0#840_141612.0#141612.0#840_143593.0#143593.0#840 138415.0#138415.0#128_138417.0#138417.0#128_139621.0#139621.0#128_141598.0#141598.0#128_141603.0#141603.0#128_143589.0#143589.0#128
144000 150000 23.731013671902474 853.7527123325854 248.0961129617663 999.997000000003 445.218017578125 20652.957786897336 701706.7255826985 840.0 128.0 143593.0#143593.0#840_145583.0#145583.0#840_147584.0#147584.0#840_149608.0#149608.0#840 145581.0#145581.0#128_147580.0#147580.0#128_149603.0#149603.0#128
150000 156000 81.0109453125624 845.5698649553482 251.70197192345017 995.7049999999872 415.424072265625 20176.26378038887 686844.0062921476 840.0 128.0 149608.0#149608.0#840_151592.0#151592.0#840_153601.0#153601.0#840_155586.0#155586.0#840 151588.0#151588.0#128_153595.0#153595.0#128_155583.0#155583.0#128
156000 162000 91.1087578125298 844.1273203124957 261.9698354742122 999.2099999999919 360.997314453125 18493.17994292782 610798.2368384275 840.0 128.0 155586.0#155586.0#840_157631.0#157631.0#840_159602.0#159602.0#840_161590.0#161590.0#840 157628.0#157628.0#128_159597.0#159597.0#128_161585.0#161585.0#128
162000 168000 1041.9993496093375 826.333441731777 225.11742720256362 997.4429999999993 463.06396484375 18186.90120388625 619788.9148735877 840.0 128.0 161590.0#161590.0#840_163592.0#163592.0#840_165596.0#165596.0#840_167599.0#167599.0#840 163588.0#163588.0#128_165592.0#165592.0#128_167594.0#167594.0#128
168000 174000 26.61395703125163 853.3408632812498 246.307513942559 999.6790000000037 452.4580078125 28127.785038007234 951741.9929812086 840.0 128.0 167599.0#167599.0#840_169573.0#169573.0#840_170812.0#170812.0#840_172380.0#172380.0#840_173770.0#173770.0#840 169570.0#169570.0#128_169991.0#169991.0#128_172378.0#172378.0#128_173765.0#173765.0#128
174000 180000 1988.6570585937297 802.2685882812541 265.6281344969967 998.4340000000375 477.77294921875 15126.911257584563 505211.445122631 840.0 128.0 173770.0#173770.0#840_175592.0#175592.0#840_179578.0#179578.0#840 175588.0#175588.0#128_179575.0#179575.0#128_179991.0#179991.0#128
180000 186000 1623.882919921918 729.3528466796803 291.2485669346389 999.1299999999756 423.6160000000091 19938.393373330247 615649.0064833264 421.7142857142857 128.0 179578.0#179578.0#840_180898.0#180898.0#480_180899.0#180899.0#480_183593.0#183593.0#288_183607.0#183607.0#288_183988.0#183988.0#288_185583.0#185583.0#288 179991.0#179991.0#128_184004.0#184004.0#128_184007.0#184007.0#128_184783.0#184783.0#128_185581.0#185581.0#128
186000 192000 3288.991765624931 542.2016468750138 446.08864443264787 998.7019999999902 29.312999999994645 11402.21852442887 372038.4313556382 702.0 128.0 185583.0#185583.0#288_187580.0#187580.0#840_187584.0#187584.0#840_191558.0#191558.0#840 187575.0#187575.0#128_187578.0#187578.0#128_191556.0#191556.0#128
192000 198000 69.41317382807028 847.2266894531328 258.43337342287833 999.6270000000077 434.14208984375 24574.924539068816 737257.2208009942 476.57142857142856 128.0 191558.0#191558.0#840_193561.0#193561.0#480_193563.0#193563.0#480_194210.0#194210.0#480_195108.0#195108.0#480_196271.0#196271.0#288_196273.0#196273.0#288 193992.0#193992.0#128_193993.0#193993.0#128_194551.0#194551.0#128_195416.0#195416.0#128_196285.0#196285.0#128_196288.0#196288.0#128
198000 204000 555.1322031249292 777.8382566964386 378.71427180991236 999.9379999999946 6.23388671875 22651.26479383963 727305.4279924018 840.0 128.0 198504.0#198504.0#840_198506.0#198506.0#840_200072.0#200072.0#840_201832.0#201832.0#840_203996.0#203996.0#840 198499.0#198499.0#128_198501.0#198501.0#128_200070.0#200070.0#128_201831.0#201831.0#128_203993.0#203993.0#128
204000 210000 441.5719980467984 926.4046669922003 169.60986255136095 999.0910000000149 580.2549999999756 25443.257025895382 798611.0448538411 840.0 128.0 203996.0#203996.0#840_206001.0#206001.0#840_207774.0#207774.0#840_209575.0#209575.0#840 203993.0#203993.0#128_205998.0#205998.0#128_207773.0#207773.0#128_209574.0#209574.0#128
210000 216000 1107.6278886717919 698.9103016183154 468.13825450538496 999.0860000000393 2.063111328112427 19709.581483459755 643369.6694330499 840.0 128.0 209575.0#209575.0#840_211579.0#211579.0#840_213571.0#213571.0#840 209574.0#209574.0#128_211577.0#211577.0#128_213566.0#213566.0#128
216000 222000 1557.594904296886 888.4810191406228 243.49379880270132 999.255999999994 452.923095703125 21063.502979392888 668504.9239777778 840.0 128.0 217562.0#217562.0#840_219574.0#219574.0#840_220826.0#220826.0#840_221994.0#221994.0#840 217560.0#217560.0#128_219571.0#219571.0#128_219991.0#219991.0#128_221985.0#221985.0#128
222000 228000 63.78209570303443 848.0311291852807 254.81326967514093 999.89300000004 412.625 24826.839971802903 789608.8233367518 840.0 128.0 221994.0#221994.0#840_223576.0#223576.0#840_225575.0#225575.0#840_227573.0#227573.0#840 221985.0#221985.0#128_223573.0#223573.0#128_225573.0#225573.0#128_227569.0#227569.0#128
228000 234000 457.9679999999935 923.672000000001 166.39188711834043 999.3770000000077 584.685999999987 19909.657048804213 658604.2526854703 840.0 128.0 227573.0#227573.0#840_229567.0#229567.0#840_231585.0#231585.0#840 229562.0#229562.0#128_231582.0#231582.0#128
234000 240000 2358.6739218750154 728.2652156249969 386.3744681235593 999.7969999999914 170.2829999999958 19611.608880787542 611454.5271516434 552.0 128.0 235575.0#235575.0#840_236821.0#236821.0#480_236822.0#236822.0#480_237817.0#237817.0#480_239583.0#239583.0#480 235571.0#235571.0#128_235995.0#235995.0#128_237838.0#237838.0#128_237840.0#237840.0#128_239579.0#239579.0#128
240000 246000 2064.864156249998 655.8559739583337 395.366338363104 997.6030000000319 99.044921875 14802.630565503678 451635.10455316294 750.0 128.0 239583.0#239583.0#480_241582.0#241582.0#840_241584.0#241584.0#840_245118.0#245118.0#840 241579.0#241579.0#128_241580.0#241580.0#128_245113.0#245113.0#128_245535.0#245535.0#128
246000 252000 805.9429218750447 865.6761796874925 170.7520929162896 999.3939999999711 629.664999999979 24617.76055370878 794312.3682951936 567.0 128.0 245118.0#245118.0#840_246550.0#246550.0#480_246554.0#246554.0#480_247399.0#247399.0#480_248520.0#248520.0#288_248525.0#248525.0#288_250021.0#250021.0#840_250027.0#250027.0#840 245535.0#245535.0#128_247504.0#247504.0#128_247511.0#247511.0#128_248512.0#248512.0#128_248514.0#248514.0#128_250012.0#250012.0#128_250016.0#250016.0#128
252000 258000 1605.2929121093475 878.9414175781305 267.409963617666 999.9290000000037 400.590087890625 16711.147998214517 549921.552044785 840.0 128.0 253600.0#253600.0#840_255646.0#255646.0#840_257647.0#257647.0#840 253592.0#253592.0#128_255638.0#255638.0#128_257642.0#257642.0#128
258000 264000 76.89318359363824 846.1581166294802 252.95976355211022 999.9130000000005 380.201904296875 22573.78370853793 725480.4012133111 840.0 128.0 257647.0#257647.0#840_259675.0#259675.0#840_261583.0#261583.0#840_263584.0#263584.0#840 259671.0#259671.0#128_261580.0#261580.0#128_263578.0#263578.0#128
264000 270000 32.90360742190387 852.4423417968709 259.9960343586724 999.545999999973 358.529296875 22147.639559754338 711553.9037960626 840.0 128.0 263584.0#263584.0#840_265630.0#265630.0#840_267603.0#267603.0#840_269587.0#269587.0#840 265621.0#265621.0#128_267597.0#267597.0#128_269583.0#269583.0#128_269997.0#269997.0#128
270000 276000 1301.7363242186839 783.0439459635527 240.67932222162392 999.6300000000047 475.5219726563082 21953.74400432974 710673.8772174715 603.4285714285714 128.0 269587.0#269587.0#840_270946.0#270946.0#840_272419.0#272419.0#288_272422.0#272422.0#288_273590.0#273590.0#288_275601.0#275601.0#840_275606.0#275606.0#840 269997.0#269997.0#128_272450.0#272450.0#128_272456.0#272456.0#128_273583.0#273583.0#128_275594.0#275594.0#128_275597.0#275597.0#128
276000 282000 35.6510761717218 852.0498462611826 248.8157709494263 998.6590000000433 454.368896484375 22799.75598355708 746265.2968221172 840.0 128.0 275606.0#275606.0#840_277596.0#277596.0#840_279590.0#279590.0#840_281590.0#281590.0#840 277586.0#277586.0#128_279586.0#279586.0#128_281585.0#281585.0#128
282000 288000 47.24689257808495 850.3933010602735 249.25752005839908 999.8919999999925 432.3540039063082 22188.368246009497 711811.16720952 840.0 128.0 281590.0#281590.0#840_283589.0#283589.0#840_285584.0#285584.0#840_287591.0#287591.0#840 283583.0#283583.0#128_285581.0#285581.0#128_287584.0#287584.0#128
288000 294000 94.791070312378 843.6012756696603 264.48660290557467 999.4510000000009 366.60693359375 26790.27033395691 880705.8026351571 840.0 128.0 287591.0#287591.0#840_289605.0#289605.0#840_290835.0#290835.0#840_292443.0#292443.0#840 289602.0#289602.0#128_290507.0#290507.0#128_292433.0#292433.0#128
294000 300000 453.083048828179 924.4861585286368 147.13451051692365 999.8759999999893 627.6040664062602 23766.04350550629 756639.5017525102 840.0 128.0 294517.0#294517.0#840_296028.0#296028.0#840_298008.0#298008.0#840 294513.0#294513.0#128_296023.0#296023.0#128_298004.0#298004.0#128
