ts te idle avg_span std_span max_span min_span c_bytes_all s_bytes_all avg_video_rate avg_audio_rate video_requests_sequence audio_requests_sequence
0 6000 6000.0 0.0 0.0 0.0 0.0 0.0 0.0 0.0 0.0 - -
6000 12000 5868.302001953125 131.697998046875  131.697998046875 131.697998046875 2413.630863059729 7036.860326888538 0.0 0.0 - -
12000 18000 2057.031080078101 788.5937839843798 403.612428976082 999.7510000000475 72.91800195310498 31927.21030074876 883175.1085255725 288.0 128.0 14124.0#14124.0#288_14995.0#14995.0#288_15769.0#15769.0#288_16211.0#16211.0#288_16699.0#16699.0#288_17282.0#17282.0#288_17755.0#17755.0#288 14115.0#14115.0#128_15042.0#15042.0#128_15795.0#15795.0#128_16653.0#16653.0#128_17482.0#17482.0#128
18000 24000 1095.2016562499339 700.6854776785809 431.65669973069424 996.945000000007 36.84326171875 38023.958257696635 991301.487103938 445.7142857142857 128.0 17282.0#17282.0#288_17755.0#17755.0#288_18417.0#18417.0#288_19082.0#19082.0#288_20117.0#20117.0#288_21945.0#21945.0#840_23919.0#23919.0#840 17482.0#17482.0#128_18293.0#18293.0#128_19180.0#19180.0#128_19674.0#19674.0#128_20095.0#20095.0#128_20439.0#20439.0#128_21935.0#21935.0#128
24000 30000 33.06432421883801 852.4193822544518 366.3713520526218 999.2569999999832 22.0859375 32589.48894123717 820956.5470385845 840.0 128.0 23919.0#23919.0#840_25937.0#25937.0#840_27934.0#27934.0#840_29933.0#29933.0#840 24427.0#24427.0#128_25930.0#25930.0#128_27932.0#27932.0#128_29932.0#29932.0#128
30000 36000 37.927884765551426 993.6786858724081 8.08884326224578 999.7270000000135 977.8360625000205 29708.494694054625 820100.1020642881 840.0 128.0 29933.0#29933.0#840_31936.0#31936.0#840_33941.0#33941.0#840_35933.0#35933.0#840 29932.0#29932.0#128_31933.0#31933.0#128_33936.0#33936.0#128_35929.0#35929.0#128
36000 42000 649.6019843749818 764.3425736607169 375.0142080213083 999.8759999999893 1.4289472656091675 35928.19171656994 908617.9748533948 840.0 128.0 35933.0#35933.0#840_37401.0#37401.0#840_39435.0#39435.0#840_41428.0#41428.0#840 35929.0#35929.0#128_37417.0#37417.0#128_39432.0#39432.0#128_41427.0#41427.0#128
42000 48000 29.038041015679482 852.9945655691887 248.4498882427084 999.7579999999725 446.1689316406264 30103.59752189007 773798.954175593 840.0 128.0 41428.0#41428.0#840_43426.0#43426.0#840_45433.0#45433.0#840_47430.0#47430.0#840 43423.0#43423.0#128_45428.0#45428.0#128_47426.0#47426.0#128
48000 54000 1155.9399511718657 692.0085784040192 380.12425882896576 999.9029999999912 66.028076171875 33373.641506676024 865266.5680552479 840.0 128.0 47430.0#47430.0#840_48925.0#48925.0#840_50924.0#50924.0#840_52938.0#52938.0#840 48922.0#48922.0#128_50923.0#50923.0#128_52932.0#52932.0#128
54000 60000 200.96807617187733 966.5053206380204 49.90823381694609 999.9180000000051 884.5630000000237 32597.78619806705 833151.3978564927 840.0 128.0 52938.0#52938.0#840_54923.0#54923.0#840_56921.0#56921.0#840_58426.0#58426.0#840 54920.0#54920.0#128_56919.0#56919.0#128_58424.0#58424.0#128
60000 66000 303.32700781256426 949.4454986979059 116.38924287482642 999.8319999999949 711.9169921875 30389.230890192943 750760.4628799877 840.0 128.0 60424.0#60424.0#840_62429.0#62429.0#840_64313.0#64313.0#840 60421.0#60421.0#128_62426.0#62426.0#128_64311.0#64311.0#128
66000 72000 755.7819921875489 874.0363346354085 298.50853366654337 998.1720000000205 264.7220078125247 34195.76910980706 806518.5371200123 840.0 128.0 66435.0#66435.0#840_67098.0#67098.0#840_68340.0#68340.0#840_69922.0#69922.0#840 66430.0#66430.0#128_66922.0#66922.0#128_68338.0#68338.0#128_69921.0#69921.0#128
72000 78000 254.6298789064167 957.5616868489305 92.76257520373616 997.0410000000848 768.2241210936918 36810.82712853121 855137.730003168 840.0 128.0 72311.0#72311.0#840_73924.0#73924.0#840_75922.0#75922.0#840_77923.0#77923.0#840 72307.0#72307.0#128_73922.0#73922.0#128_75920.0#75920.0#128_77921.0#77921.0#128
78000 84000 1079.3681992186466 702.947400111622 402.3949995696258 996.4400000000023 67.169921875 29249.75107355629 727406.7204213429 840.0 128.0 77923.0#77923.0#840_79932.0#79932.0#840_81422.0#81422.0#840_83935.0#83935.0#840 77921.0#77921.0#128_79925.0#79925.0#128_81923.0#81923.0#128_83931.0#83931.0#128
84000 90000 1223.4288945311564 796.0951842448072 259.03121304746435 999.3460000000778 379.9400000000023 34788.56661743264 896671.4443300129 840.0 128.0 83935.0#83935.0#840_85446.0#85446.0#840_87434.0#87434.0#840_89432.0#89432.0#840 83931.0#83931.0#128_85442.0#85442.0#128_87426.0#87426.0#128_89430.0#89430.0#128
90000 96000 41.501033203094266 851.2141381138437 251.75667560617015 998.8130000000237 423.70897265622625 31626.358914382952 798677.0176546695 840.0 128.0 89432.0#89432.0#840_91430.0#91430.0#840_93436.0#93436.0#840_95437.0#95437.0#840 91427.0#91427.0#128_93430.0#93430.0#128_95430.0#95430.0#128
96000 102000 595.3790117186727 772.0887126116182 377.52773776872976 999.6280000000843 47.531982421875 33239.8671626996 882937.4142045253 840.0 128.0 95437.0#95437.0#840_96906.0#96906.0#840_98937.0#98937.0#840_100935.0#100935.0#840 96936.0#96936.0#128_98933.0#98933.0#128_100931.0#100931.0#128
102000 108000 45.50301367189968 850.6424266183001 366.2711033406273 999.7710000000079 21.29296875 31919.810370236093 814176.8159902131 840.0 128.0 100935.0#100935.0#840_102942.0#102942.0#840_104937.0#104937.0#840_106934.0#106934.0#840 102937.0#102937.0#128_104931.0#104931.0#128_106929.0#106929.0#128
108000 114000 548.1359804688254 908.6440032551958 130.83378603545032 998.9060000000172 730.3129882811918 31755.63494651488 799911.5847459385 840.0 128.0 106934.0#106934.0#840_108385.0#108385.0#840_110340.0#110340.0#840_112438.0#112438.0#840 108403.0#108403.0#128_110330.0#110330.0#128_112433.0#112433.0#128
114000 120000 96.24493554682704 843.3935806361676 283.2617056208547 999.8829999999725 268.24101171881193 31089.256737156524 784675.5231945697 840.0 128.0 114436.0#114436.0#840_116428.0#116428.0#840_118415.0#118415.0#840 114431.0#114431.0#128_116425.0#116425.0#128_118411.0#118411.0#128
120000 126000 2071.3831054687616 654.769482421873 410.1238448556865 999.9860000000335 39.49699999997392 25784.0657485343 681882.7685939342 840.0 128.0 120434.0#120434.0#840_121951.0#121951.0#840_125565.0#125565.0#840 120430.0#120430.0#128_121946.0#121946.0#128_125562.0#125562.0#128
126000 132000 44.101902343623806 850.8425853794823 250.1205038694815 999.1070000000182 443.8000527343829 44775.17286433989 1068295.6949184819 3046.6666666666665 128.0 125565.0#125565.0#840_127185.0#127185.0#8000_127942.0#127942.0#8000_129754.0#129754.0#480_130691.0#130691.0#480_131688.0#131688.0#480 127176.0#127176.0#128_127939.0#127939.0#128_129928.0#129928.0#128_130865.0#130865.0#128_131755.0#131755.0#128
132000 138000 26.277140625054017 853.3889799107066 245.13917955891765 998.494000000006 469.0099550780724 35333.315802562276 856812.434961622 624.0 128.0 131688.0#131688.0#480_132710.0#132710.0#480_133671.0#133671.0#480_135461.0#135461.0#840_137443.0#137443.0#840 132735.0#132735.0#128_133709.0#133709.0#128_135454.0#135454.0#128_137437.0#137437.0#128
138000 144000 19.480873046908528 854.3598752790131 247.34248445712885 999.9449999999488 477.67909570311895 30846.59457862097 789045.4946303407 840.0 128.0 137443.0#137443.0#840_139440.0#139440.0#840_141434.0#141434.0#840_143439.0#143439.0#840 139436.0#139436.0#128_141431.0#141431.0#128_143433.0#143433.0#128
144000 150000 592.0070820312831 772.5704168526738 365.9388410105123 999.9020000000019 57.77294921869179 33332.72632402339 893047.064370554 840.0 128.0 143439.0#143439.0#840_145443.0#145443.0#840_146850.0#146850.0#840_148940.0#148940.0#840 145436.0#145436.0#128_146897.0#146897.0#128_148937.0#148937.0#128
150000 156000 46.220847656193655 850.5398789062581 361.667763436561 997.7860000000219 31.7041015625 31456.89839674819 816409.6508470961 840.0 128.0 148940.0#148940.0#840_150939.0#150939.0#840_152939.0#152939.0#840_154936.0#154936.0#840 150934.0#150934.0#128_152932.0#152932.0#128_154930.0#154930.0#128
156000 162000 480.09607812500326 919.9839869791662 112.06838862691443 999.8560000000289 734.1240234375 31948.616991282874 760334.0485694902 840.0 128.0 154936.0#154936.0#840_156440.0#156440.0#840_158437.0#158437.0#840_160411.0#160411.0#840 156435.0#156435.0#128_158434.0#158434.0#128_160408.0#160408.0#128
162000 168000 162.01209960936103 833.998271484377 281.68359074663175 999.8020000000251 265.40297656250186 35290.09438768638 888781.8876013684 840.0 128.0 162406.0#162406.0#840_164419.0#164419.0#840_166296.0#166296.0#840_167935.0#167935.0#840 162402.0#162402.0#128_164415.0#164415.0#128_166290.0#166290.0#128_167931.0#167931.0#128
168000 174000 614.1349882811774 769.4092873884032 398.0513512374274 999.9330000000191 50.408935546875 30617.134625654708 717830.7380815363 840.0 128.0 167935.0#167935.0#840_169936.0#169936.0#840_171937.0#171937.0#840_173934.0#173934.0#840 167931.0#167931.0#128_169932.0#169932.0#128_171933.0#171933.0#128_173929.0#173929.0#128
174000 180000 59.529003906296566 848.6387137276719 359.14317788984107 998.9259999999776 35.304931640625 34796.51044118671 929329.5316501416 840.0 128.0 173934.0#173934.0#840_175932.0#175932.0#840_177941.0#177941.0#840_179446.0#179446.0#840 173929.0#173929.0#128_175931.0#175931.0#128_177935.0#177935.0#128_179440.0#179440.0#128
180000 186000 1715.4439414062072 856.9112117187585 185.10658090639168 994.6730000000098 570.114990234375 35750.06447321747 780181.2831043225 840.0 128.0 179446.0#179446.0#840_181933.0#181933.0#840_182292.0#182292.0#840_183448.0#183448.0#840_185433.0#185433.0#840 181928.0#181928.0#128_182447.0#182447.0#128_183424.0#183424.0#128_185429.0#185429.0#128
186000 192000 970.5248828126932 718.4964453124724 367.782404805535 999.0979999999981 87.4639999999199 31119.77017552988 773623.2113085651 840.0 128.0 185433.0#185433.0#840_187438.0#187438.0#840_189425.0#189425.0#840_191435.0#191435.0#840 187434.0#187434.0#128_189423.0#189423.0#128_191430.0#191430.0#128
192000 198000 1158.626132812351 691.6248381696641 376.48659900769667 999.2760000000126 66.948974609375 35732.8665960316 905913.6246959239 840.0 128.0 191435.0#191435.0#840_192940.0#192940.0#840_194933.0#194933.0#840_196934.0#196934.0#840 192937.0#192937.0#128_194929.0#194929.0#128_196931.0#196931.0#128
198000 204000 869.4479746093275 855.0920042317788 254.62374786435146 999.6550000000279 369.2920253906632 34082.095644071174 833386.3161221831 840.0 128.0 196934.0#196934.0#840_198939.0#198939.0#840_200934.0#200934.0#840_202426.0#202426.0#840 198934.0#198934.0#128_200932.0#200932.0#128_202424.0#202424.0#128
204000 210000 294.0830175782321 950.9861637369613 107.98238064496584 997.98199999996 730.656982421875 34950.99601906223 850653.469568893 840.0 128.0 204934.0#204934.0#840_206351.0#206351.0#840_208435.0#208435.0#840 204931.0#204931.0#128_206426.0#206426.0#128_208431.0#208431.0#128
210000 216000 109.36004882806446 841.5199930245623 286.9590644843093 998.9370000000345 265.44001757807564 32905.07956675574 786068.5638986918 840.0 128.0 210424.0#210424.0#840_212432.0#212432.0#840_214303.0#214303.0#840 210422.0#210422.0#128_212427.0#212427.0#128_214300.0#214300.0#128
216000 222000 740.9716464844532 751.2897647879353 381.22524218643184 998.2589999999618 69.269287109375 32801.54087375502 795139.9391653596 840.0 128.0 216327.0#216327.0#840_217937.0#217937.0#840_219925.0#219925.0#840_221929.0#221929.0#840 216324.0#216324.0#128_217932.0#217932.0#128_219924.0#219924.0#128_221926.0#221926.0#128
222000 228000 69.5630019530654 847.2052854352763 358.323672723541 997.5219999999972 36.71728515625 32449.439573229873 773773.9414166374 840.0 128.0 221929.0#221929.0#840_223936.0#223936.0#840_225928.0#225928.0#840_227944.0#227944.0#840 221926.0#221926.0#128_223927.0#223927.0#128_225925.0#225925.0#128_227941.0#227941.0#128
228000 234000 530.8003417969448 911.5332763671759 177.56819076427692 995.8410000000149 550.241943359375 34535.64041659472 902712.378131354 840.0 128.0 227944.0#227944.0#840_229491.0#229491.0#840_231438.0#231438.0#840_233432.0#233432.0#840 227941.0#227941.0#128_229924.0#229924.0#128_231433.0#231433.0#128_233428.0#233428.0#128
234000 240000 48.03202343755402 850.2811395089209 249.61055248567402 997.7929999999469 445.79905664059334 34924.54862353835 879849.6402017272 840.0 128.0 233432.0#233432.0#840_235445.0#235445.0#840_237432.0#237432.0#840_238933.0#238933.0#840 235439.0#235439.0#128_237426.0#237426.0#128_239427.0#239427.0#128
240000 246000 1903.6249199218582 819.2750160156284 272.5804664235943 999.1469999999972 378.3610800781753 24087.754927064074 583559.0676173372 840.0 128.0 238933.0#238933.0#840_240935.0#240935.0#840_242937.0#242937.0#840 239427.0#239427.0#128_240930.0#240930.0#128_242932.0#242932.0#128
246000 252000 280.13671093748417 953.3105481770859 106.70100116580194 999.7460000000428 735.5712890625 38345.13176803246 993543.8979237389 840.0 128.0 246264.0#246264.0#840_248021.0#248021.0#840_249262.0#249262.0#840_250943.0#250943.0#840 246759.0#246759.0#128_247410.0#247410.0#128_248443.0#248443.0#128_250938.0#250938.0#128
252000 258000 62.14436914073303 848.2650901227524 282.25969042528214 999.9780000000028 258.7377109375084 34082.6710841357 828753.232815328 840.0 128.0 250943.0#250943.0#840_252749.0#252749.0#840_254428.0#254428.0#840_256306.0#256306.0#840 252430.0#252430.0#128_254425.0#254425.0#128_256303.0#256303.0#128
258000 264000 64.45165624993388 847.9354776785809 277.2216415157082 999.1829999999609 286.12408007809427 34603.52775115022 883216.421437691 840.0 128.0 258437.0#258437.0#840_260319.0#260319.0#840_262314.0#262314.0#840_263933.0#263933.0#840 258429.0#258429.0#128_260315.0#260315.0#128_262310.0#262310.0#128_263929.0#263929.0#128
264000 270000 763.2121816406725 748.1125454799039 394.8860203613206 996.4629999999888 38.30908203125 29451.1847461863 679889.7080084948 840.0 128.0 263933.0#263933.0#840_265942.0#265942.0#840_267931.0#267931.0#840_269929.0#269929.0#840 263929.0#263929.0#128_265936.0#265936.0#128_267927.0#267927.0#128_269925.0#269925.0#128
270000 276000 35.373078124946915 852.0895602678647 368.4165387867631 999.1639999999898 17.35400390625 34892.11131590141 926797.6871751811 840.0 128.0 269929.0#269929.0#840_271933.0#271933.0#840_273927.0#273927.0#840_275431.0#275431.0#840 269925.0#269925.0#128_271930.0#271930.0#128_273923.0#273923.0#128_275428.0#275428.0#128
276000 282000 721.4430058593862 879.7594990234356 184.83116672666213 995.2709999999497 549.822998046875 32666.291816171848 779981.9518269915 840.0 128.0 275431.0#275431.0#840_277435.0#277435.0#840_279440.0#279440.0#840_281434.0#281434.0#840 277430.0#277430.0#128_279438.0#279438.0#128_281429.0#281429.0#128
282000 288000 39.29210351558868 851.5296994977731 248.38520648002466 998.8780000000261 448.09400195314083 34198.3690912839 847021.6296263546 840.0 128.0 281434.0#281434.0#840_283428.0#283428.0#840_285426.0#285426.0#840_286934.0#286934.0#840 283426.0#283426.0#128_285423.0#285423.0#128_286929.0#286929.0#128
288000 294000 676.9148789063329 760.4407315848096 372.5654793433966 999.7970000000205 45.166015625 32454.109116296087 832471.119637097 840.0 128.0 286934.0#286934.0#840_289425.0#289425.0#840_290951.0#290951.0#840_292935.0#292935.0#840 288924.0#288924.0#128_290947.0#290947.0#128_292931.0#292931.0#128
294000 300000 49.86011132807471 850.0199840959893 362.46634649397316 997.9030000000494 29.326904296875 33389.34158690778 822322.0193169379 840.0 128.0 292935.0#292935.0#840_294939.0#294939.0#840_296930.0#296930.0#840_298939.0#298939.0#840 294936.0#294936.0#128_296924.0#296924.0#128_298933.0#298933.0#128
