ts te idle avg_span std_span max_span min_span c_bytes_all s_bytes_all avg_video_rate avg_audio_rate video_requests_sequence audio_requests_sequence
0 1000 1000.0 0.0 0.0 0.0 0.0 0.0 0.0 0.0 0.0 0 0
1000 2000 1000.0 0.0 0.0 0.0 0.0 0.0 0.0 0.0 0.0 0 0
2000 3000 1000.0 0.0 0.0 0.0 0.0 0.0 0.0 0.0 0.0 0 0
3000 4000 1000.0 0.0 0.0 0.0 0.0 0.0 0.0 0.0 0.0 0 0
4000 5000 1000.0 0.0 0.0 0.0 0.0 0.0 0.0 0.0 0.0 0 0
5000 6000 1000.0 0.0 0.0 0.0 0.0 0.0 0.0 0.0 0.0 0 0
6000 7000 893.9820000000182 106.01799999998184  106.01799999998184 106.01799999998184 3701.0 10951.0    
7000 8000 132.44873046875 867.55126953125  867.55126953125 867.55126953125 45671.981160623654 6242713.922269524    
8000 9000 627.9402695312747 186.02986523436266 78.07750715245025 241.2390000000014 130.82073046872392 11545.018839376346 1970390.077730476    
9000 10000 808.73388671875 191.26611328125  191.26611328125 191.26611328125 429.8677962419334 703.7225535017079    
10000 11000 31.81083203124581 484.0945839843771 426.7125005194582 785.8258867187542 182.36328125 5435.012717534913 722162.5170256679    
11000 12000 543.3502812500228 456.6497187499772  456.6497187499772 456.6497187499772 9187.119486223153 1801102.7604208305    
12000 13000 859.80810546875 140.19189453125  140.19189453125 140.19189453125 3393.5170033404647 570513.2600125006    
13000 14000 812.011894531257 187.98810546874302  187.98810546874302 187.98810546874302 4550.482996659535 765020.7399874994    
14000 15000 873.156005859375 126.843994140625  126.843994140625 126.843994140625 3672.85333815888 524151.3684135969    
15000 16000 607.532994140638 392.46700585936196  392.46700585936196 392.46700585936196 11364.146661841121 1621772.6315864031    
16000 17000 865.888916015625 134.111083984375  134.111083984375 134.111083984375 4716.463173130293 871886.5897616777    
17000 18000 843.1390839843662 156.86091601563385  156.86091601563385 156.86091601563385 5516.5368268697075 1019788.4102383225    
18000 19000 351.23291015625 648.76708984375  648.76708984375 648.76708984375 9415.846668057728 1720397.616762741    
19000 20000 827.9420898437384 172.05791015626164  172.05791015626164 172.05791015626164 2497.1533319422724 456262.38323725906    
20000 21000 354.44091796875 645.55908203125  645.55908203125 645.55908203125 9200.021557290283 1762236.3385770035    
21000 22000 846.4710820312612 153.52891796873882  153.52891796873882 153.52891796873882 2187.9784427097165 419100.6614229966    
22000 23000 347.188720703125 652.811279296875  652.811279296875 652.811279296875 8231.538422074813 1561162.5080532143    
23000 24000 840.0822792968829 159.91772070311708  159.91772070311708 159.91772070311708 2016.4615779251876 382434.4919467858    
24000 25000 350.396728515625 649.603271484375  649.603271484375 649.603271484375 9084.755714965706 1554139.3931204062    
25000 26000 838.3102714843699 161.68972851563012  161.68972851563012 161.68972851563012 2261.2442850342945 386833.6068795937    
26000 27000 352.885009765625 647.114990234375  647.114990234375 647.114990234375 8810.03762500723 1665484.7560122407    
27000 28000 696.2119999999995 151.89400000000023 3.223006519327933 154.17300976562547 149.614990234375 6142.66710602296 1176559.9470521521    
28000 29000 790.7939902343787 209.20600976562127  209.20600976562127 209.20600976562127 5654.29526896981 1090340.2969356072    
29000 30000 103.867919921875 896.132080078125  896.132080078125 896.132080078125 9796.800006614063 1850484.8614029856    
30000 31000 0.059029296855442226 499.9704853515723 560.2146323147352 896.10205078125 103.83891992189456 2213.354922627107 307759.4991242455    
31000 32000 26.52695703122299 486.7365214843885 543.9554286556021 871.37109375 102.10194921877701 9260.168122161655 1766698.8382500536    
32000 33000 888.7410937499953 111.25890625000466  111.25890625000466 111.25890625000466 1166.6769485971756 224218.8012227155    
33000 34000 183.16200000006938 816.8379999999306  816.8379999999306 816.8379999999306 2582.0 56804.0    
34000 35000 109.36474609375 890.63525390625  890.63525390625 890.63525390625 8820.640426364926 1715115.256001188    
35000 36000 26.470291015633848 486.7648544921831 544.1145787809079 871.511962890625 102.01774609374115 7564.4804773635215 881453.180038209    
36000 37000 934.9929628906539 65.00703710934613  65.00703710934613 65.00703710934613 488.87909627155335 51094.56396060311    
37000 38000 102.047119140625 897.952880859375  897.952880859375 897.952880859375 3072.0749857691553 219207.50201729892    
38000 39000 649.7998808593838 175.10005957030808 103.39448351353624 248.21100000001024 101.98911914060591 8055.925014230845 1762450.497982701    
39000 40000 440.179999999993 559.820000000007  559.820000000007 559.820000000007 11311.0 2138302.0    
40000 41000 1000.0 0.0 0.0 0.0 0.0 0.0 0.0 0.0 0.0 0 0
41000 42000 102.9208984375 897.0791015625  897.0791015625 897.0791015625 9464.115212661718 1529428.1665689663    
42000 43000 832.2451015624683 83.87744921876583 23.992768376914864 100.84289843752049 66.91200000001118 3215.884787338283 646603.8334310339    
43000 44000 484.67599999997765 515.3240000000224  515.3240000000224 515.3240000000224 10530.0 1989553.0    
44000 45000 1000.0 0.0 0.0 0.0 0.0 0.0 0.0 0.0 0.0 0 0
45000 46000 707.8580000000657 292.14199999993434  292.14199999993434 292.14199999993434 10754.0 1970365.0    
46000 47000 1000.0 0.0 0.0 0.0 0.0 0.0 0.0 0.0 0.0 0 0
47000 48000 649.7779999999912 350.22200000000885  350.22200000000885 350.22200000000885 10792.0 1929015.0    
48000 49000 1000.0 0.0 0.0 0.0 0.0 0.0 0.0 0.0 0.0 0 0
49000 50000 600.2860000000801 399.7139999999199  399.7139999999199 399.7139999999199 10184.0 1924608.0    
50000 51000 1000.0 0.0 0.0 0.0 0.0 0.0 0.0 0.0 0.0 0 0
51000 52000 619.1039999999921 380.8960000000079  380.8960000000079 380.8960000000079 11733.0 2143684.0    
52000 53000 1000.0 0.0 0.0 0.0 0.0 0.0 0.0 0.0 0.0 0 0
53000 54000 697.8059999999823 302.1940000000177  302.1940000000177 302.1940000000177 10266.0 1903627.0    
54000 55000 849.9150390625 150.0849609375  150.0849609375 150.0849609375 5754.780788065081 1023434.1269920896    
55000 56000 847.7389609374804 152.26103906251956  152.26103906251956 152.26103906251956 5838.219211934919 1038272.8730079104    
56000 57000 853.6411132813082 146.3588867186918  146.3588867186918 146.3588867186918 3505.7675975434604 637371.4355500616    
57000 58000 653.9408867187449 346.0591132812551  346.0591132812551 346.0591132812551 8289.232402456539 1507036.5644499382    
58000 59000 843.971923828125 156.028076171875  156.028076171875 156.028076171875 5924.753032991792 1099498.2329243238    
59000 60000 846.5660761718755 153.43392382812453  153.43392382812453 153.43392382812453 5826.246967008208 1081217.7670756762    
60000 61000 860.020751953125 139.979248046875  139.979248046875 139.979248046875 4689.471618084476 862427.371632577    
61000 62000 827.8112480468699 172.18875195313012  172.18875195313012 172.18875195313012 5768.528381915524 1060873.6283674228    
62000 63000 846.4770507813082 153.5229492186918  153.5229492186918 153.5229492186918 5037.352348197786 926340.1758165321    
63000 64000 828.1209492187481 171.87905078125186  171.87905078125186 171.87905078125186 5639.647651802214 1037098.8241834679    
64000 65000 345.322021484375 654.677978515625  654.677978515625 654.677978515625 9615.472344853475 1818352.237868312    
65000 66000 828.659978515585 171.34002148441505  171.34002148441505 171.34002148441505 2516.5276551465254 475892.7621316881    
66000 67000 342.2890625 657.7109375  657.7109375 657.7109375 7921.432554780994 1469692.4185473132    
67000 68000 434.13695703132544 282.9315214843373 175.78456647775005 407.2299804686918 158.63306249998277 5491.957231685027 1177394.5772318807    
68000 69000 428.43798046873417 571.5620195312658  571.5620195312658 571.5620195312658 5026.610213533978 1154998.004220806    
69000 70000 946.6089999999967 53.39100000000326  53.39100000000326 53.39100000000326 752.0 4727.0    
70000 71000 345.927978515625 654.072021484375  654.072021484375 654.072021484375 8421.806813993611 1693246.3412763604    
71000 72000 827.9590214843047 172.04097851569531  172.04097851569531 172.04097851569531 2215.1931860063883 445375.65872363956    
72000 73000 349.8291015625 650.1708984375  650.1708984375 650.1708984375 7201.568197497907 1545773.8924256524    
73000 74000 845.8498984375037 154.15010156249627  154.15010156249627 154.15010156249627 1707.4318025020925 366490.10757434746    
74000 75000 350.251953125 649.748046875  649.748046875 649.748046875 7813.347540012939 1755893.3176062086    
75000 76000 846.6010468750028 153.3989531249972  153.3989531249972 153.3989531249972 1844.652459987061 414548.6823937913    
76000 77000 347.052001953125 652.947998046875  652.947998046875 652.947998046875 7494.46156556364 1557068.727795827    
77000 78000 832.761998046888 167.23800195311196  167.23800195311196 167.23800195311196 1919.5384344363608 398808.27220417315    
78000 79000 344.138916015625 655.861083984375  655.861083984375 655.861083984375 7692.7173224487515 1545046.6612772455    
79000 80000 693.7781855468056 153.1109072265972 4.511353693630623 156.30091601569438 149.9208984375 4500.035467453902 899432.1507390379    
80000 81000 619.9488984374912 380.05110156250885  380.05110156250885 380.05110156250885 6760.247210097347 1346663.1879837166    
81000 82000 101.569091796875 898.430908203125  898.430908203125 898.430908203125 8126.471878542451 1691649.1760671996    
82000 83000 848.8049082030193 75.59754589849035 35.91896807408668 100.99609179690015 50.19900000008056 2263.52812145755 514298.82393280056    
83000 84000 102.552001953125 897.447998046875  897.447998046875 897.447998046875 8469.150096663378 1786465.8242110247    
84000 85000 17.773068359296303 491.11346582035185 563.5845596027636 889.6279296875 92.5990019532037 1546.5343994468276 184366.6404609603    
85000 86000 25.448923828138504 487.27553808593075 540.767643511773 869.656005859375 104.8950703124865 7717.081702862406 1726885.8942147475    
86000 87000 900.0020058593946 99.99799414060544  99.99799414060544 99.99799414060544 878.2338010273903 198566.64111326757    
87000 88000 102.443115234375 897.556884765625  897.556884765625 897.556884765625 3181.9059765194875 300475.14539283304    
88000 89000 780.5278847657028 109.73605761714862 10.343476512062718 117.04999999987194 102.42211523442529 6446.094023480512 1746282.854607167    
89000 90000 494.01899999997113 505.98100000002887  505.98100000002887 505.98100000002887 9708.0 2066068.0    
90000 91000 1000.0 0.0 0.0 0.0 0.0 0.0 0.0 0.0 0.0 0 0
91000 92000 491.44800000003306 508.55199999996694  508.55199999996694 508.55199999996694 9419.0 1934902.0    
92000 93000 1000.0 0.0 0.0 0.0 0.0 0.0 0.0 0.0 0.0 0 0
93000 94000 684.8000000000466 315.19999999995343  315.19999999995343 315.19999999995343 9277.0 2018275.0    
94000 95000 1000.0 0.0 0.0 0.0 0.0 0.0 0.0 0.0 0.0 0 0
95000 96000 520.5339999999851 479.4660000000149  479.4660000000149 479.4660000000149 9866.0 2036458.0    
96000 97000 1000.0 0.0 0.0 0.0 0.0 0.0 0.0 0.0 0.0 0 0
97000 98000 615.088000000047 384.91199999995297  384.91199999995297 384.91199999995297 10554.0 2173271.0    
98000 99000 1000.0 0.0 0.0 0.0 0.0 0.0 0.0 0.0 0.0 0 0
99000 100000 657.3190000000177 342.6809999999823  342.6809999999823 342.6809999999823 10203.0 1957250.0    
100000 101000 1000.0 0.0 0.0 0.0 0.0 0.0 0.0 0.0 0.0 0 0
101000 102000 666.8099999999977 333.1900000000023  333.1900000000023 333.1900000000023 9443.0 1942989.0    
102000 103000 848.264892578125 151.735107421875  151.735107421875 151.735107421875 4658.201675672089 949393.5521288991    
103000 104000 829.320107421896 170.67989257810405  170.67989257810405 170.67989257810405 5239.798324327911 1067929.4478711006    
104000 105000 850.37890625 149.62109375  149.62109375 149.62109375 3996.349411525763 844289.3670594837    
105000 106000 787.0200937499758 212.97990625002421  212.97990625002421 212.97990625002421 5688.650588474236 1201813.6329405163    
106000 107000 851.8588867188082 148.1411132811918  148.1411132811918 148.1411132811918 4631.656534727577 1003969.9998320756    
107000 108000 845.2481132812682 154.75188671873184  154.75188671873184 154.75188671873184 4838.343465272423 1048772.0001679242    
108000 109000 851.625 148.375  148.375 148.375 4104.96066065583 820010.9752176973    
109000 110000 821.7299999999814 178.27000000001863  178.27000000001863 178.27000000001863 4932.03933934417 985229.0247823028    
110000 111000 852.46875 147.53125  147.53125 147.53125 4947.095109228207 1026387.5859212041    
111000 112000 841.2912500000093 158.7087499999907  158.7087499999907 158.7087499999907 5321.904890771793 1104150.4140787958    
112000 113000 859.235107421875 140.764892578125  140.764892578125 140.764892578125 4316.90868390614 920290.3775540809    
113000 114000 848.1098925780971 151.89010742190294  151.89010742190294 151.89010742190294 4658.091316093861 993024.6224459192    
114000 115000 344.580078125 655.419921875  655.419921875 655.419921875 7200.8789140841045 1488925.2962560698    
115000 116000 845.1649218749953 154.83507812500466  154.83507812500466 154.83507812500466 1701.1210859158953 351740.70374393027    
116000 117000 346.471923828125 653.528076171875  653.528076171875 653.528076171875 7736.551317128312 1632340.9410507092    
117000 118000 847.9110761718475 152.08892382815247  152.08892382815247 152.08892382815247 1800.4486828716879 379878.05894929066    
118000 119000 345.2880859375 654.7119140625  654.7119140625 654.7119140625 8214.958258410676 1749072.635232307    
119000 120000 837.0949140624725 162.90508593752747  162.90508593752747 162.90508593752747 2044.041741589324 435203.3647676929    
120000 121000 355.222900390625 644.777099609375  644.777099609375 644.777099609375 6566.680289467944 1317236.6212707837    
121000 122000 837.2690996094025 162.73090039059753  162.73090039059753 162.73090039059753 1657.3197105320562 332448.37872921635    
122000 123000 1000.0 0.0 0.0 0.0 0.0 0.0 0.0 0.0 0.0 0 0
123000 124000 766.261962890625 233.738037109375  233.738037109375 233.738037109375 10578.775407614748 2320927.995414294    
124000 125000 810.442037109402 189.557962890598  189.557962890598 189.557962890598 8579.224592385253 1882237.0045857064    
125000 126000 947.5219999999972 52.478000000002794  52.478000000002794 52.478000000002794 752.0 3566.0    
126000 127000 351.1440429688082 648.8559570311918  648.8559570311918 648.8559570311918 7112.511066287182 1581534.8617729333    
127000 128000 682.0600078125135 158.96999609374325 18.309889283377967 171.9170429687947 146.0229492186918 6341.129535159775 1441939.0431473136    
128000 129000 835.0479492187733 164.95205078122672  164.95205078122672 164.95205078122672 5034.359398553045 1155505.0950797533    
129000 130000 104.7099609375 895.2900390625  895.2900390625 895.2900390625 2804.829466663265 3430.1527484433286    
130000 131000 115.09692578128306 442.45153710935847 573.7317007355995 848.1411132811918 36.761960937525146 7877.452709713227 1843626.2146164547    
131000 132000 22.259226562571712 488.87038671871414 503.97409483471284 845.2338867186918 132.5068867187365 9408.631712622953 2195990.3025143654    
132000 133000 923.6758867187309 76.32411328126909  76.32411328126909 76.32411328126909 740.0861110005551 172289.33012073665    
133000 134000 144.71899999998277 855.2810000000172  855.2810000000172 855.2810000000172 3066.0 3604.0    
134000 135000 119.904052734375 880.095947265625  880.095947265625 880.095947265625 7956.05718869934 1849879.5787262816    
135000 136000 26.522005859354977 486.7389970703225 543.3421861564192 870.93994140625 102.53805273439502 8405.987984010213 1974229.8665939306    
136000 137000 8.239843750023283 495.88007812498836 528.6966968467449 869.72509765625 122.03505859372672 1842.5570545160203 278162.64923686284    
137000 138000 390.32009765622206 304.83995117188897 280.3452803768766 503.07400000002235 106.60590234375559 8636.397772774428 1878727.905442925    
138000 139000 1000.0 0.0 0.0 0.0 0.0 0.0 0.0 0.0 0.0 0 0
139000 140000 239.30900000000838 760.6909999999916  760.6909999999916 760.6909999999916 11761.0 1935102.0    
140000 141000 1000.0 0.0 0.0 0.0 0.0 0.0 0.0 0.0 0.0 0 0
141000 142000 507.0329999999958 492.9670000000042  492.9670000000042 492.9670000000042 9403.0 1909227.0    
142000 143000 1000.0 0.0 0.0 0.0 0.0 0.0 0.0 0.0 0.0 0 0
143000 144000 510.6109999999753 489.3890000000247  489.3890000000247 489.3890000000247 9548.0 1919313.0    
144000 145000 1000.0 0.0 0.0 0.0 0.0 0.0 0.0 0.0 0.0 0 0
145000 146000 520.1699999999837 479.8300000000163  479.8300000000163 479.8300000000163 9507.0 1947202.0    
146000 147000 1000.0 0.0 0.0 0.0 0.0 0.0 0.0 0.0 0.0 0 0
147000 148000 619.1219999999739 380.8780000000261  380.8780000000261 380.8780000000261 10549.0 2309944.0    
148000 149000 848.24072265625 151.75927734375  151.75927734375 151.75927734375 4166.915937551543 894236.0720493966    
149000 150000 816.0392773437779 183.96072265622206  183.96072265622206 183.96072265622206 5051.084062448457 1083981.9279506034    
150000 151000 848.410888671875 151.589111328125  151.589111328125 151.589111328125 4768.768336440129 895260.1816373504    
151000 152000 813.3341113281203 186.66588867187966  186.66588867187966 186.66588867187966 5872.231663559871 1102417.8183626498    
152000 153000 843.052001953125 156.947998046875  156.947998046875 156.947998046875 4346.405890126681 939425.1879633447    
153000 154000 820.6209980468848 179.37900195311522  179.37900195311522 179.37900195311522 4967.594109873319 1073687.8120366551    
154000 155000 841.39599609375 158.60400390625  158.60400390625 158.60400390625 4782.974833696496 1021295.5083054717    
155000 156000 840.4990039063268 159.50099609367317  159.50099609367317 159.50099609367317 4810.025166303505 1027071.4916945284    
156000 157000 843.6879882813082 156.3120117186918  156.3120117186918 156.3120117186918 4344.010432370778 901964.7808677506    
157000 158000 797.7380117187276 202.26198828127235  202.26198828127235 202.26198828127235 5620.989567629221 1167109.2191322492    
158000 159000 347.575927734375 652.424072265625  652.424072265625 652.424072265625 7120.247713916562 1467037.919208699    
159000 160000 831.0580722655868 168.94192773441318  168.94192773441318 168.94192773441318 1843.752286083438 379882.08079130115    
160000 161000 845.7490234375 154.2509765625  154.2509765625 154.2509765625 4774.890709016058 960720.2160291972    
161000 162000 820.6089765625075 179.39102343749255  179.39102343749255 179.39102343749255 5553.109290983942 1117299.7839708028    
162000 163000 346.9599609375 653.0400390625  653.0400390625 653.0400390625 6586.95603353699 1157549.5006559666    
163000 164000 836.9080390625168 163.09196093748324  163.09196093748324 163.09196093748324 1645.0439664630103 289089.49934403336    
164000 165000 352.1440429688082 647.8559570311918  647.8559570311918 647.8559570311918 7452.9528801962415 1624578.7651350293    
165000 166000 838.8349570311839 161.16504296881612  161.16504296881612 161.16504296881612 1854.0471198037592 404141.23486497067    
166000 167000 345.202880859375 654.797119140625  654.797119140625 654.797119140625 8521.163264228362 1916489.9794085703    
167000 168000 832.6471191406017 167.35288085939828  167.35288085939828 167.35288085939828 2177.836735771637 489816.0205914296    
168000 169000 349.4970703125 650.5029296875  650.5029296875 650.5029296875 7904.891808325276 1720393.5920977122    
169000 170000 842.8149296874763 157.18507031252375  157.18507031252375 157.18507031252375 1910.108191674725 415709.40790228784    
170000 171000 352.272705078125 647.727294921875  647.727294921875 647.727294921875 7384.316465191619 1582810.558031806    
171000 172000 832.4012949218741 167.59870507812593  167.59870507812593 167.59870507812593 1910.6835348083819 409550.4419681939    
172000 173000 347.285888671875 652.714111328125  652.714111328125 652.714111328125 7703.167652501983 1662365.6845697542    
173000 174000 684.0628554687137 157.96857226564316 6.054695726554873 162.24988867191132 153.687255859375 5779.470880296225 1227036.0655150735    
174000 175000 786.8712558593834 213.12874414061662  213.12874414061662 213.12874414061662 5359.361467201793 1128566.2499151723    
175000 176000 105.500732421875 894.499267578125  894.499267578125 894.499267578125 8848.492936797948 1795978.3966994788    
176000 177000 0.055212890612892807 499.97239355469355 557.8841437086071 894.4560546875 105.48873242188711 1939.6702234891713 225166.80058608475    
177000 178000 25.497970703116152 487.2510146484419 543.920776280133 871.861083984375 102.64094531250885 10767.846195870376 1797613.051443755    
178000 179000 918.9050839844276 81.09491601557238  81.09491601557238 81.09491601557238 991.9906438425063 167059.75127068147    
179000 180000 107.847900390625 892.152099609375  892.152099609375 892.152099609375 8259.12427338893 1805753.416146557    
180000 181000 15.14911718753865 492.4254414062307 557.704368714866 886.781982421875 98.06890039058635 1538.2106424907095 198572.47577225932    
181000 182000 27.05588281247765 486.4720585937612 539.423537100807 867.902099609375 105.04201757814735 2664.77504167004 5599.891672529819    
182000 183000 0.0 532.9457187499696 371.3996614817696 865.187255859375 131.98590039060218 11722.048186533699 1741116.502474046    
183000 184000 5.134294921881519 497.43285253905924 519.7618212368416 864.9599609375 129.90574414061848 9553.117822505597 2190572.3469359986    
184000 185000 919.1369609375251 80.86303906247485  80.86303906247485 80.86303906247485 786.7240334110223 180363.36699860854    
185000 186000 478.51799999998184 521.4820000000182  521.4820000000182 521.4820000000182 9962.0 2104686.0    
186000 187000 1000.0 0.0 0.0 0.0 0.0 0.0 0.0 0.0 0.0 0 0
187000 188000 102.3798828125 897.6201171875  897.6201171875 897.6201171875 8700.37218494906 1847410.7473777744    
188000 189000 907.1851171875023 92.81488281249767  92.81488281249767 92.81488281249767 899.627815050942 191024.25262222573    
189000 190000 520.0650000000023 479.9349999999977  479.9349999999977 479.9349999999977 8844.0 1830845.0    
190000 191000 1000.0 0.0 0.0 0.0 0.0 0.0 0.0 0.0 0.0 0 0
191000 192000 295.79300000006333 704.2069999999367  704.2069999999367 704.2069999999367 11848.0 2243319.0    
192000 193000 1000.0 0.0 0.0 0.0 0.0 0.0 0.0 0.0 0.0 0 0
193000 194000 440.75399999995716 559.2460000000428  559.2460000000428 559.2460000000428 8261.0 1510725.0    
194000 195000 845.073974609375 154.926025390625  154.926025390625 154.926025390625 4081.033073776861 820313.9419769249    
195000 196000 813.1880253906129 186.8119746093871  186.8119746093871 186.8119746093871 4920.966926223139 989146.058023075    
196000 197000 1000.0 0.0 0.0 0.0 0.0 0.0 0.0 0.0 0.0 0 0
197000 198000 693.3199999999488 306.6800000000512  306.6800000000512 306.6800000000512 9514.0 2014696.0    
198000 199000 848.552001953125 151.447998046875  151.447998046875 151.447998046875 4959.538371290129 1001578.5892315619    
199000 200000 823.7279980469029 176.27200195309706  176.27200195309706 176.27200195309706 5772.461628709872 1165748.4107684384    
200000 201000 845.284912109375 154.715087890625  154.715087890625 154.715087890625 4343.52945906404 914022.1896346908    
201000 202000 808.8480878906557 191.15191210934427  191.15191210934427 191.15191210934427 5366.470540935959 1129282.810365309    
202000 203000 845.02490234375 154.97509765625  154.97509765625 154.97509765625 4616.019022524776 894357.5952227754    
203000 204000 808.1290976562304 191.87090234376956  191.87090234376956 191.87090234376956 5714.980977475224 1107282.4047772246    
204000 205000 850.68408203125 149.31591796875  149.31591796875 149.31591796875 3749.7145433800315 778201.8443231285    
205000 206000 810.800917968736 189.19908203126397  189.19908203126397 189.19908203126397 4751.2854566199685 986064.1556768715    
206000 207000 847.489013671875 152.510986328125  152.510986328125 152.510986328125 4419.0400040913 911180.8729035727    
207000 208000 807.2159863280831 192.7840136719169  192.7840136719169 192.7840136719169 5585.959995908701 1151793.1270964274    
208000 209000 843.572021484375 156.427978515625  156.427978515625 156.427978515625 4722.092105468127 971372.7045423078    
209000 210000 847.7189785155933 152.28102148440666  152.28102148440666 152.28102148440666 4596.907894531873 945621.2954576922    
210000 211000 367.202880859375 632.797119140625  632.797119140625 632.797119140625 8509.907678135178 1717831.158637046    
211000 212000 842.2011191406054 157.79888085939456  157.79888085939456 157.79888085939456 2122.0923218648227 428370.84136295394    
212000 213000 344.991943359375 655.008056640625  655.008056640625 655.008056640625 7494.237856679867 1613272.2429120098    
213000 214000 846.6310566406464 153.36894335935358  153.36894335935358 153.36894335935358 1754.7621433201325 377744.75708799006    
214000 215000 354.638916015625 645.361083984375  645.361083984375 645.361083984375 8709.211130360167 1799824.35980842    
215000 216000 836.6970839843852 163.30291601561476  163.30291601561476 163.30291601561476 2203.7888696398336 455429.64019158005    
216000 217000 349.96875 650.03125  650.03125 650.03125 7496.824682756394 1544421.7058835467    
217000 218000 827.0032499999506 172.99675000004936  172.99675000004936 172.99675000004936 1995.1753172436054 411026.29411645315    
218000 219000 347.053955078125 652.946044921875  652.946044921875 652.946044921875 7708.531369674492 1513360.1556927313    
219000 220000 716.3781445312779 141.81092773436103 16.564722125958404 153.52395507809706 130.097900390625 5788.445404625766 1266670.572422898    
220000 221000 867.2829003906809 132.71709960931912  132.71709960931912 132.71709960931912 4056.0232256997424 929179.2718843708    
221000 222000 104.792724609375 895.207275390625  895.207275390625 895.207275390625 8320.444440376594 1968027.8270966792    
222000 223000 833.7552753905766 83.12236230471171 29.97194040360475 104.3157246094197 61.929000000003725 3054.555559623406 781242.1729033206    
223000 224000 105.4951171875 894.5048828125  894.5048828125 894.5048828125 9274.152754138766 2029071.258915432    
224000 225000 1.9328828124562278 499.0335585937719 558.0365680330362 893.625 104.44211718754377 2656.6454933273417 390874.1314571387    
225000 226000 26.409939453122206 486.7950302734389 538.9101623859322 867.862060546875 105.7280000000028 7772.237686026046 1740193.6947517027    
226000 227000 917.8630605469225 82.1369394530775  82.1369394530775 82.1369394530775 717.9640665078485 162972.91487572683    
227000 228000 103.885009765625 896.114990234375  896.114990234375 896.114990234375 8306.469537930554 1889516.0188688422    
228000 229000 5.953986328095198 497.0230068359524 556.9611373397336 890.85400390625 103.1920097656548 2129.745724225983 221511.7081018935    
229000 230000 31.58770703128539 484.2061464843573 535.7368370233495 863.029296875 105.38299609371461 8325.717713102815 1813234.0444933763    
230000 231000 881.0842968750512 118.91570312494878  118.91570312494878 118.91570312494878 1128.067024740648 249779.22853588822    
231000 232000 553.3410000000149 446.6589999999851  446.6589999999851 446.6589999999851 8970.0 1884550.0    
232000 233000 1000.0 0.0 0.0 0.0 0.0 0.0 0.0 0.0 0.0 0 0
233000 234000 102.830078125 897.169921875  897.169921875 897.169921875 8535.778526778431 1818378.5997682256    
234000 235000 915.6809218750568 84.31907812494319  84.31907812494319 84.31907812494319 802.2214732215695 170897.40023177458    
235000 236000 531.1770000000251 468.82299999997485  468.82299999997485 468.82299999997485 9866.0 2154656.0    
236000 237000 1000.0 0.0 0.0 0.0 0.0 0.0 0.0 0.0 0.0 0 0
237000 238000 362.1620000000112 637.8379999999888  637.8379999999888 637.8379999999888 10191.0 1939429.0    
238000 239000 1000.0 0.0 0.0 0.0 0.0 0.0 0.0 0.0 0.0 0 0
239000 240000 677.2739999999758 322.7260000000242  322.7260000000242 322.7260000000242 9368.0 1973606.0    
240000 241000 1000.0 0.0 0.0 0.0 0.0 0.0 0.0 0.0 0.0 0 0
241000 242000 684.7770000000019 315.22299999999814  315.22299999999814 315.22299999999814 9284.0 1983805.0    
242000 243000 1000.0 0.0 0.0 0.0 0.0 0.0 0.0 0.0 0.0 0 0
243000 244000 666.6210000000428 333.37899999995716  333.37899999995716 333.37899999995716 8276.0 1669702.0    
244000 245000 1000.0 0.0 0.0 0.0 0.0 0.0 0.0 0.0 0.0 0 0
245000 246000 681.2909999999683 318.70900000003166  318.70900000003166 318.70900000003166 9148.0 1898611.0    
246000 247000 853.0791015625 146.9208984375  146.9208984375 146.9208984375 4324.926612984752 888774.79553909    
247000 248000 806.9078984374646 193.0921015625354  193.0921015625354 193.0921015625354 5684.073387015248 1168080.2044609098    
248000 249000 842.1630859375 157.8369140625  157.8369140625 157.8369140625 5616.777967259847 1241370.772200768    
249000 250000 853.9249140624888 146.07508593751118  146.07508593751118 146.07508593751118 5198.222032740153 1148865.227799232    
250000 251000 854.611083984375 145.388916015625  145.388916015625 145.388916015625 4594.607981539622 996228.1241039417    
251000 252000 841.4859160155756 158.51408398442436  158.51408398442436 158.51408398442436 5009.3920184603785 1086163.8758960583    
252000 253000 852.772705078125 147.227294921875  147.227294921875 147.227294921875 4167.125264235751 896822.1253772557    
253000 254000 812.1512949218741 187.84870507812593  187.84870507812593 187.84870507812593 5316.874735764249 1144263.8746227443    
254000 255000 858.9990234375 141.0009765625  141.0009765625 141.0009765625 3485.341299744919 661223.5910305148    
255000 256000 712.1329765624832 287.86702343751676  287.86702343751676 287.86702343751676 7115.6587002550805 1349951.4089694852    
256000 257000 851.18310546875 148.81689453125  148.81689453125 148.81689453125 3952.671463380086 842324.0409363705    
257000 258000 810.0448945312528 189.9551054687472  189.9551054687472 189.9551054687472 5045.328536619914 1075171.9590636296    
258000 259000 347.926025390625 652.073974609375  652.073974609375 652.073974609375 7900.549949271398 1553649.4051487893    
259000 260000 834.0669746093918 165.93302539060824  165.93302539060824 165.93302539060824 2010.4500507286025 395356.59485121083    
260000 261000 347.64208984375 652.35791015625  652.35791015625 652.35791015625 7827.388193612403 1697254.9417194258    
261000 262000 843.6809101562249 156.31908984377515  156.31908984377515 156.31908984377515 1875.6118063875972 406699.05828057416    
262000 263000 347.174072265625 652.825927734375  652.825927734375 652.825927734375 8002.466883268948 1742514.716803004    
263000 264000 845.7739277343499 154.22607226565015  154.22607226565015 154.22607226565015 1890.5331167310526 411658.283196996    
264000 265000 345.385986328125 654.614013671875  654.614013671875 654.614013671875 7674.997745504034 1580012.4383504307    
265000 266000 833.425013671862 166.57498632813804  166.57498632813804 166.57498632813804 1953.0022544959659 402054.56164956954    
266000 267000 351.174072265625 648.825927734375  648.825927734375 648.825927734375 7773.882539682194 1556127.1090628274    
267000 268000 672.7179179687519 163.64104101562407 8.670587545081952 169.77207226562314 157.510009765625 6564.011403227467 1415423.6173575665    
268000 269000 900.0290097655961 99.97099023440387  99.97099023440387 99.97099023440387 2875.1060570903396 639930.2735796062    
269000 270000 102.035888671875 897.964111328125  897.964111328125 897.964111328125 8243.31846912638 1730538.3758992457    
270000 271000 901.1241113281576 98.8758886718424  98.8758886718424 98.8758886718424 907.6815308736201 190551.62410075433    
271000 272000 105.15869140625 894.84130859375  894.84130859375 894.84130859375 5026.353788494087 875968.0973149772    
272000 273000 0.056048828177154064 499.9719755859114 558.358786373388 894.791259765625 105.15269140619785 5869.785602479097 1384435.0047142338    
273000 274000 24.442183593753725 487.77890820312314 544.1174914531729 872.528076171875 103.02974023437127 8437.505699529404 1895588.0449948714    
274000 275000 904.6800761718769 95.31992382812314  95.31992382812314 95.31992382812314 855.3549094974119 190964.8529759175    
275000 276000 102.56689453125 897.43310546875  897.43310546875 897.43310546875 9143.891845854541 1807940.4746251483    
276000 277000 877.0721054688329 61.463947265583556 55.360729534972386 100.60989453119691 22.317999999970198 1073.1081541454585 202857.52537485166    
277000 278000 107.662109375 892.337890625  892.337890625 892.337890625 5615.214740407922 962482.9853039418    
278000 279000 0.8609492187388241 499.5695253906306 555.072340498559 892.06494140625 107.07410937501118 3272.871177675915 643340.4320886568    
279000 280000 24.7318691406399 487.63406542968005 544.5287997236226 872.674072265625 102.5940585937351 6670.033694699088 1430013.7924700477    
280000 281000 0.1560117187909782 499.9219941406045 527.0633464734772 872.612060546875 127.23192773433402 2808.227837891551 529030.8818002853    
281000 282000 25.739798828144558 487.1301005859277 543.3594633162766 871.34326171875 102.91693945310544 6052.5625008691795 1278305.5065453127    
282000 283000 6.000337890582159 496.9998310547089 521.0982309561623 865.471923828125 128.52773828129284 3865.8916551249145 752835.8462434111    
283000 284000 248.517923828098 375.741038085951 346.4285288043407 620.7029999999795 130.7790761719225 9728.19839333143 2124731.5555483443    
284000 285000 1000.0 0.0 0.0 0.0 0.0 0.0 0.0 0.0 0.0 0 0
285000 286000 704.6469999999972 295.3530000000028  295.3530000000028 295.3530000000028 9774.0 2049202.0    
286000 287000 1000.0 0.0 0.0 0.0 0.0 0.0 0.0 0.0 0.0 0 0
287000 288000 669.7939999999944 330.2060000000056  330.2060000000056 330.2060000000056 8641.0 1889791.0    
288000 289000 1000.0 0.0 0.0 0.0 0.0 0.0 0.0 0.0 0.0 0 0
289000 290000 660.7739999999758 339.2260000000242  339.2260000000242 339.2260000000242 10055.0 2065232.0    
290000 291000 1000.0 0.0 0.0 0.0 0.0 0.0 0.0 0.0 0.0 0 0
291000 292000 645.9479999999749 354.05200000002515  354.05200000002515 354.05200000002515 10300.0 2127885.0    
292000 293000 1000.0 0.0 0.0 0.0 0.0 0.0 0.0 0.0 0.0 0 0
293000 294000 454.02899999998044 545.9710000000196  545.9710000000196 545.9710000000196 10718.0 2374976.0    
294000 295000 860.710693359375 139.289306640625  139.289306640625 139.289306640625 3191.431054518258 612994.6349197698    
295000 296000 781.0093066405971 218.99069335940294  218.99069335940294 218.99069335940294 5017.568945481742 963750.3650802302    
296000 297000 854.8779296875 145.1220703125  145.1220703125 145.1220703125 4377.862453972117 913029.9273155432    
297000 298000 834.9130703124683 165.08692968753166  165.08692968753166 165.08692968753166 4980.137546027883 1038638.0726844568    
298000 299000 846.062744140625 153.937255859375  153.937255859375 153.937255859375 4494.9267516708005 946118.2504936594    
299000 300000 831.9822558594169 168.0177441405831  168.0177441405831 168.0177441405831 4906.0732483291995 1032658.7495063406    
300000 301000 1000.0 0.0 0.0 0.0 0.0 0.0 0.0 0.0 0.0 0 0
