ts te idle avg_span std_span max_span min_span c_ack_cnt c_ack_cnt_p c_bytes_all c_bytes_uniq s_ack_cnt s_ack_cnt_p s_bytes_all s_bytes_uniq avg_video_rate avg_audio_rate video_requests_sequence audio_requests_sequence
0 5000 5000.0 0.0 0.0 0.0 0.0 0.0 0.0 0.0 0.0 0.0 0.0 0.0 0.0 0.0 0.0 - -
5000 10000 2211.6897070312516 530.9911164550786 417.592796082918 999.4310000000005 72.34594726562864 613.0331652295812 595.215569059837 16325.780782585185 16325.780782585185 762.6181651461142 20.89002468551788 1241373.2965380566 1185588.5207444304 2300.0 128.0 7420.0#7420.0#2300_7427.0#7427.0#2300_8850.0#8850.0#2300_9901.0#9901.0#2300 7417.0#7417.0#128_7418.0#7418.0#128_8903.0#8903.0#128_9982.0#9982.0#128
10000 15000 6.411029296876222 683.737007962741 324.75231415813704 999.7750000000015 128.52301562499997 1308.1265228878221 1296.0203597066372 9299.024590897094 9299.024590897094 1834.6976076790618 13.033734665411195 3062517.9399822247 2790836.82303683 2300.0 128.0 9901.0#9901.0#2300_10939.0#10939.0#2300_12090.0#12090.0#2300_13234.0#13234.0#2300_14075.0#14075.0#2300_14942.0#14942.0#2300 9982.0#9982.0#128_10969.0#10969.0#128_12177.0#12177.0#128_13245.0#13245.0#128_14176.0#14176.0#128
15000 20000 92.45321289062122 697.5489140624995 306.99548039307183 999.6929999999993 76.21396484375146 1218.8556322826832 1204.7793916336122 11774.19462651772 11774.19462651772 1967.977626917443 14.076240649070925 3209136.395556411 3123291.031508815 2300.0 128.0 14075.0#14075.0#2300_14942.0#14942.0#2300_15828.0#15828.0#2300_16752.0#16752.0#2300_17524.0#17524.0#2300_18452.0#18452.0#2300_19102.0#19102.0#2300 15170.0#15170.0#128_16112.0#16112.0#128_16928.0#16928.0#128_17676.0#17676.0#128_18602.0#18602.0#128_19178.0#19178.0#128
20000 25000 318.2299550781245 728.6602923828119 340.97138551599727 999.2640000000029 27.83600000000297 1289.4577020146908 1280.4577020146908 7516.0 7516.0 1729.0068264474246 9.0 2887756.337770763 2773078.8481004187 3980.0 128.0 19102.0#19102.0#2300_20691.0#20691.0#4400_20693.0#20693.0#4400_22526.0#22526.0#4400_24371.0#24371.0#4400 20689.0#20689.0#128_22532.0#22532.0#128_24518.0#24518.0#128
25000 30000 271.82221289062 687.8513013671866 274.9511019036254 999.955999999991 107.32100000000355 1391.5907187728778 1383.7887058932677 6506.8787415948655 6506.8787415948655 2059.4212175464354 7.802012879610151 3341058.609432158 3190615.5985138468 4400.0 128.0 24371.0#24371.0#4400_26162.0#26162.0#4400_28007.0#28007.0#4400_29831.0#29831.0#4400 26184.0#26184.0#128_28049.0#28049.0#128_29476.0#29476.0#128
30000 35000 30.561039062507916 661.7203686523426 362.9237172333998 999.9470000000001 178.73500000000058 1080.6508821473712 1072.9987359846866 6385.523172017418 6385.523172017418 1766.0466067011498 7.652146162684723 2886016.031158878 2801576.7540761908 4400.0 128.0 29831.0#29831.0#4400_31622.0#31622.0#4400_33580.0#33580.0#4400 31518.0#31518.0#128_33577.0#33577.0#128
35000 40000 253.4075351562351 638.14003857422 360.46048616402885 999.8770000000004 121.52500000000146 1175.5166268388948 1167.4235899343034 6742.337073665778 6742.337073665778 1773.6739093095052 8.093036904591186 2939550.8157228474 2839357.4042269634 4400.0 128.0 33580.0#33580.0#4400_35471.0#35471.0#4400_37449.0#37449.0#4400_39456.0#39456.0#4400 35468.0#35468.0#128_37448.0#37448.0#128_39453.0#39453.0#128
40000 45000 31.100447265642288 641.0803300781226 406.76535818467846 998.8929999999964 59.99199999999837 1101.9227212295436 1094.3566062104255 6309.309114505138 6309.309114505138 1737.3577612624886 7.009459536115868 2834837.836390164 2759620.4232581826 4400.0 128.0 39456.0#39456.0#4400_41464.0#41464.0#4400_43443.0#43443.0#4400 41461.0#41461.0#128_43442.0#43442.0#128
45000 50000 5.424830078118248 740.0261236979163 315.34967884786636 998.9820000000036 87.08000000000175 912.1510110515892 901.0606384226788 8432.212965590466 8432.212965590466 1437.4305036725125 11.64702811191223 2377438.6073814053 2282738.87061869 2466.6666666666665 128.0 43443.0#43443.0#4400_45445.0#45445.0#4400_48051.0#48051.0#1500_48054.0#48054.0#1500_48886.0#48886.0#1500_49821.0#49821.0#1500 45441.0#45441.0#128_47476.0#47476.0#128_48184.0#48184.0#128_48912.0#48912.0#128
50000 55000 190.4188828125043 649.0425505642359 366.860610887195 999.6199999999953 96.94700000000012 483.79880903358946 473.4452039874662 8644.715618277038 8644.715618277038 780.7535966277173 9.796316405085843 1282261.8522145823 1266353.0172218815 1500.0 128.0 49821.0#49821.0#1500_51461.0#51461.0#1500_53461.0#53461.0#1500_54211.0#54211.0#1500 50179.0#50179.0#128_51677.0#51677.0#128_53458.0#53458.0#128_53676.0#53676.0#128
55000 60000 2000.2331210937555 422.2760124511715 393.1779065958786 998.8509999999951 2.243000000002212 546.4180710804295 537.4266882130902 8018.004724402572 8018.004724402572 849.7060379068436 10.548671508376811 1330765.6467891713 1280029.0143903133 3000.0 128.0 57457.0#57457.0#3000_57459.0#57459.0#3000_59451.0#59451.0#3000 57454.0#57454.0#128_59449.0#59449.0#128
60000 65000 36.719080078124534 684.098314887152 367.34586318373704 999.6860000000015 141.778999999995 793.9658410966804 785.4463951108675 6270.556110124305 6270.556110124305 1220.5934919664876 8.519445985813043 1934770.255424835 1892646.3186649336 3000.0 128.0 59451.0#59451.0#3000_61461.0#61461.0#3000_63465.0#63465.0#3000 61459.0#61459.0#128_63462.0#63462.0#128
65000 70000 26.936148437525844 684.8559132812501 350.0531682000187 999.6999999999825 80.19500000000698 1009.6053522800394 1000.6357781898914 7492.161102250394 7492.161102250394 1535.6012280336997 8.969574090147807 2497089.6656342936 2400181.2086529667 3350.0 128.0 65445.0#65445.0#3000_67454.0#67454.0#3000_68645.0#68645.0#3000_69909.0#69909.0#4400 65443.0#65443.0#128_67452.0#67452.0#128_67677.0#67677.0#128_69502.0#69502.0#128
70000 75000 1486.2892636718752 606.1125488281234 447.65782950183484 998.7119999999995 0.0 799.9069440542078 792.9446356385454 6300.3013775720265 6300.3013775720265 1286.1154207831169 6.962308415662338 2090795.7100042105 2044809.1669855376 4400.0 128.0 69909.0#69909.0#4400_71823.0#71823.0#4400 71520.0#71520.0#128
75000 80000 2099.659976562514 504.03085714286135 464.5487312157389 999.9660000000149 30.206000000005588 750.0 744.0 5004.0 5004.0 1153.0 6.0 1895143.0 1867143.0 3700.0 128.0 75385.0#75385.0#4400_77189.0#77189.0#3000 75384.0#75384.0#128_75677.0#75677.0#128
80000 85000 238.8972148437606 637.4616676432282 377.44968400550493 999.5469999999914 52.58299999999872 1276.6116085890667 1265.0086458842259 9682.429417969412 9682.429417969412 1871.4353102277926 11.0 3006347.891102667 2849463.0786334053 3000.0 128.0 80251.0#80251.0#3000_81249.0#81249.0#3000_82689.0#82689.0#3000_83890.0#83890.0#3000 80680.0#80680.0#128_81357.0#81357.0#128_83028.0#83028.0#128_83953.0#83953.0#128
85000 90000 2.2783124999987194 766.434624289771 278.22804455786866 999.6860000000015 271.0458984375 804.0646435618071 799.097079807771 4129.953860404817 4129.953860404817 1227.807281178869 5.570526458876755 2033178.5733679319 1985913.2966567916 3000.0 128.0 83890.0#83890.0#3000_85447.0#85447.0#3000_87448.0#87448.0#3000_89451.0#89451.0#3000 83953.0#83953.0#128
90000 95000 180.22225781250745 715.4023746448881 339.22131847780537 998.8029999999999 58.080000000001746 845.3237478491266 833.8942743080033 8725.616721625773 8725.616721625773 1329.7574085933388 11.429473541123244 2179533.535529401 2077801.6247098034 3000.0 128.0 89451.0#89451.0#3000_91449.0#91449.0#3000_93452.0#93452.0#3000 83953.0#83953.0#128_92056.0#92056.0#128_92411.0#92411.0#128_93228.0#93228.0#128_93331.0#93331.0#128_93443.0#93443.0#128_93550.0#93550.0#128
95000 100000 1372.486796874975 575.8657607421901 380.45173907260613 999.6390000000101 147.00999999999476 879.2765385647541 869.0760119049269 9000.637654316397 9000.637654316397 1514.5398015452975 11.200526659827194 2406660.4922066703 2374965.1697233627 5333.333333333333 128.0 95453.0#95453.0#3000_97466.0#97466.0#6500_97468.0#97468.0#6500 95451.0#95451.0#128_97464.0#97464.0#128
100000 105000 103.60311132816423 596.4491645951653 383.6731402177835 998.3139999999985 129.9369999999908 1053.846949951353 1045.2559778871682 7165.306286613472 7165.306286613472 1456.145431228863 8.590972064184697 2421653.1429529376 2283303.767733024 3875.0 128.0 97468.0#97468.0#6500_100088.0#100088.0#3000_101460.0#101460.0#3000_103443.0#103443.0#3000 100179.0#100179.0#128_101678.0#101678.0#128_103441.0#103441.0#128
105000 110000 10.636695312496158 671.0164201660173 379.635927207851 997.2550000000047 104.01299999999173 1122.3009604677104 1114.5458655345215 6467.287918433391 6467.287918433391 1619.6350774754078 7.755094933189129 2628840.4352745926 2566447.590656918 4400.0 128.0 105471.0#105471.0#4400_107455.0#107455.0#4400_109453.0#109453.0#4400 103441.0#103441.0#128_105467.0#105467.0#128_107453.0#107453.0#128_109450.0#109450.0#128
110000 115000 145.10289648437174 770.0156774553553 288.22986993824526 999.5659999999916 321.8429999999935 1103.5755510161825 1097.1221446733834 5385.768140636741 5385.768140636741 1769.6796897504314 6.45340634279898 2962933.9295658 2913951.4718866954 4400.0 128.0 109453.0#109453.0#4400_111464.0#111464.0#4400_113215.0#113215.0#4400 111461.0#111461.0#128_111681.0#111681.0#128
115000 120000 3893.6508867187367 427.72927278645994 447.03555436190226 998.6300000000047 25.08300000001327 308.82902480952635 303.57442618829134 4363.658262993207 4363.658262993207 496.1977837933681 5.25459862123497 811633.2927152296 793720.4489441867 3000.0 128.0 118942.0#118942.0#3000_119970.0#119970.0#3000 119183.0#119183.0#128
120000 125000 0.0 710.2698035714295 341.6911127558838 999.9949999999953 196.33400000000256 1431.322217945174 1420.3603298209316 9159.411362357354 9159.411362357354 2142.449048341041 10.961888124242508 3399852.7303472715 3144410.0135970297 3000.0 128.0 118942.0#118942.0#3000_119970.0#119970.0#3000_121175.0#121175.0#3000_122395.0#122395.0#3000_123643.0#123643.0#3000_124717.0#124717.0#3000 120178.0#120178.0#128_121187.0#121187.0#128_122662.0#122662.0#128_124309.0#124309.0#128_124823.0#124823.0#128
125000 130000 5.326001953129889 623.8894396484393 353.14959926996744 999.4020000000019 136.35000000000582 963.3425272655004 954.0115850867994 7793.865528807726 7793.865528807726 1550.9098549961345 9.33094217870101 2528675.7665758524 2478240.327097138 3350.0 128.0 124717.0#124717.0#3000_125639.0#125639.0#3000_127464.0#127464.0#3000_129453.0#129453.0#4400 124823.0#124823.0#128_125679.0#125679.0#128_127463.0#127463.0#128_129451.0#129451.0#128
130000 135000 33.805244140618015 657.9910817871132 381.486629170537 998.5430000000051 100.46199999999953 1041.032596876736 1033.4825594407578 6295.9619247718765 6295.9619247718765 1633.9297355519607 7.0013042558999246 2828220.38174831 2766483.92884409 4400.0 128.0 129453.0#129453.0#4400_131493.0#131493.0#4400_133457.0#133457.0#4400 131491.0#131491.0#128_133454.0#133454.0#128
135000 140000 34.70440429687733 587.8162215711782 415.35419920396396 999.8319999999949 66.60399999999208 1095.7146678276727 1088.2804157639366 6200.809833987634 6200.809833987634 1722.210180951679 7.982985243814458 2841521.203927843 2774457.6568320626 4400.0 128.0 133457.0#133457.0#4400_135446.0#135446.0#4400_137469.0#137469.0#4400_139468.0#139468.0#4400 135445.0#135445.0#128_137465.0#137465.0#128_139467.0#139467.0#128
140000 145000 31.956052734371042 642.4525004882817 404.21325847827916 998.5160000000033 73.42499999998836 1030.8356161248137 1024.3673345487066 5398.293087082204 5398.293087082204 1668.0965566091882 6.468281576107131 2806367.050178445 2746216.743580188 4400.0 128.0 139468.0#139468.0#4400_141458.0#141458.0#4400_143463.0#143463.0#4400 141454.0#141454.0#128_143459.0#143459.0#128
145000 150000 26.286146484373603 609.2288906250001 386.03401403999106 999.2760000000126 120.20000000001164 1076.2865431303017 1067.747029592715 7118.270398647881 7118.270398647881 1716.7858206977792 8.539513537586556 2804580.8366028983 2732135.4020539736 4400.0 128.0 143463.0#143463.0#4400_145524.0#145524.0#4400_147450.0#147450.0#4400_149460.0#149460.0#4400 145504.0#145504.0#128_147449.0#147449.0#128_149456.0#149456.0#128
150000 155000 8.960886718763504 649.2656391601558 402.86897313167174 999.6549999999988 67.66599999999744 1027.6427004458362 1021.1822139834227 5391.729601352119 5391.729601352119 1613.263974514151 6.460486462413444 2731377.988572811 2687507.3752467753 4400.0 128.0 149460.0#149460.0#4400_151457.0#151457.0#4400_153459.0#153459.0#4400 151455.0#151455.0#128_153456.0#153456.0#128
155000 160000 26.21026757816435 598.7351065538145 399.88433152177 999.2399999999616 92.01600000000326 1114.786066979288 1106.2478891708856 7117.14571467478 7117.14571467478 1660.8320769342795 8.538177808402352 2792360.2816507863 2699604.2085569734 4400.0 128.0 153459.0#153459.0#4400_155483.0#155483.0#4400_157454.0#157454.0#4400_159462.0#159462.0#4400 155441.0#155441.0#128_157451.0#157451.0#128_159460.0#159460.0#128
160000 165000 3582.341734375048 477.612992187506 463.2202429560439 948.7520000000368 22.739999999990687 410.2080385951509 408.74621640355326 1208.8542853252204 1208.8542853252204 553.3249676104194 1.4618221915976488 909146.467680553 866168.8952475821 4400.0 0.0 159462.0#159462.0#4400 -
165000 170000 344.6870722656313 716.6781785156287 349.40820092393363 999.2369999999937 125.69800000000396 1091.0680105948106 1078.9693701285046 10099.472467912074 10099.472467912074 1720.2265746769024 11.481240251878091 2796260.748485561 2738795.116118547 3000.0 128.0 165878.0#165878.0#3000_166815.0#166815.0#3000_168135.0#168135.0#3000_169317.0#169317.0#3000 166182.0#166182.0#128_167033.0#167033.0#128_168179.0#168179.0#128_169324.0#169324.0#128
170000 175000 1.7659140624455176 636.161426595063 367.47582354196203 999.7350000000151 42.43600000004517 1329.0135161381468 1318.408971924927 8860.170816094145 8860.170816094145 1959.2383911910736 11.221944427647474 3313501.14452193 3201238.630510604 3000.0 128.0 169317.0#169317.0#3000_170373.0#170373.0#3000_171371.0#171371.0#3000_172639.0#172639.0#3000_173704.0#173704.0#3000 170467.0#170467.0#128_171473.0#171473.0#128_172670.0#172670.0#128_173759.0#173759.0#128
175000 180000 9.26733984373277 658.5065075683597 399.4599138844571 999.8630000000121 69.26499999998487 785.7363612263664 777.8910959720495 6542.151560289112 6542.151560289112 1217.6184642185979 7.845265254316871 2079713.8530933736 2029696.7003979192 3700.0 128.0 173704.0#173704.0#3000_175456.0#175456.0#3000_177451.0#177451.0#4400_179451.0#179451.0#4400 175453.0#175453.0#128_177446.0#177446.0#128_179449.0#179449.0#128
180000 185000 29.721136718755588 655.1183901367222 385.9168785100706 999.8450000000594 106.83600000001024 1130.0846675322514 1122.6116170550454 6232.050496875092 6232.050496875092 1710.8296447242906 7.473050477206267 2845203.094341298 2773585.7396745495 4400.0 128.0 179451.0#179451.0#4400_181467.0#181467.0#4400_183461.0#183461.0#4400 181466.0#181466.0#128_183458.0#183458.0#128
185000 190000 57.811291015619645 584.7818754340276 417.89837386247694 999.3209999999963 45.288000000000466 1020.5578880131236 1013.0531426913432 6259.2535658716715 6259.2535658716715 1659.3280852974713 7.504745321780389 2748136.9372152286 2701875.3827740466 4400.0 128.0 183461.0#183461.0#4400_185448.0#185448.0#4400_187454.0#187454.0#4400_189473.0#189473.0#4400 185447.0#185447.0#128_187452.0#187452.0#128_189471.0#189471.0#128
190000 195000 29.24012890623999 647.303497802739 403.8926059744683 999.9860000000044 48.67300000003888 1033.3674698921127 1026.8937156249417 5402.9010929579035 5402.9010929579035 1646.5700754777508 6.473754267170907 2731205.6297478927 2691465.7262424002 4400.0 128.0 189473.0#189473.0#4400_191447.0#191447.0#4400_193454.0#193454.0#4400 191445.0#191445.0#128_193453.0#193453.0#128
195000 200000 8.241210937412689 589.1855514323106 413.0231877435305 999.8330000000133 70.16000000000349 1151.0124067354363 1142.4685585294603 7121.920189431747 7121.920189431747 1744.237860060481 8.543848205975946 2933376.41333679 2869073.525024008 4400.0 128.0 193454.0#193454.0#4400_195468.0#195468.0#4400_197455.0#197455.0#4400_199455.0#199455.0#4400 195466.0#195466.0#128_197453.0#197453.0#128_199453.0#199453.0#128
200000 205000 10.98505078125163 660.5678845214825 381.0819286041238 999.7320000000182 115.51799999998184 1012.7193821481576 1005.1678967392686 6297.20671090609 6297.20671090609 1645.015621414243 7.003818601456485 2757715.423556911 2724348.288844073 4400.0 128.0 199455.0#199455.0#4400_201482.0#201482.0#4400_203460.0#203460.0#4400 201454.0#201454.0#128_203456.0#203456.0#128
205000 210000 28.161771484388737 614.809569444446 385.9141759055519 998.8239999999932 82.74400000000605 1058.5273685419725 1050.0698135686107 7060.405290949045 7060.405290949045 1736.3449816428115 9.005221780794267 2803578.447014919 2759945.5817277567 4400.0 128.0 203460.0#203460.0#4400_205444.0#205444.0#4400_207457.0#207457.0#4400_209447.0#209447.0#4400 205443.0#205443.0#128_207454.0#207454.0#128_209445.0#209445.0#128_209676.0#209676.0#128
210000 215000 6.419775390619179 629.2885820312658 414.8552772678994 999.7539999999863 7.790000000066357 1154.3404164681785 1145.7991031991594 7130.655350227196 7130.655350227196 1764.9779173742454 7.994212340396239 2953391.125425345 2900191.125425345 3350.0 128.0 209447.0#209447.0#4400_211226.0#211226.0#3000_212148.0#212148.0#3000_213560.0#213560.0#3000 212180.0#212180.0#128_213597.0#213597.0#128
215000 220000 28.647685546864523 583.0953754340363 421.6141088223879 999.887000000017 61.29099999999744 957.4894924245581 950.0397110611644 6213.846330264402 6213.846330264402 1581.918544704687 7.996882292016585 2620559.5411391156 2596759.5411391156 4400.0 128.0 215451.0#215451.0#4400_217454.0#217454.0#4400_219456.0#219456.0#4400 215449.0#215449.0#128_217453.0#217453.0#128_219453.0#219453.0#128
220000 225000 40.28655664055259 646.2178234863422 399.0520587773672 999.5080000000307 91.05400000000373 1008.4198446037497 1001.4219471404136 5832.308289081561 5832.308289081561 1669.6768512498998 6.997897463336136 2740588.334408626 2702436.5366632305 4400.0 128.0 219456.0#219456.0#4400_221479.0#221479.0#4400_223465.0#223465.0#4400 221477.0#221477.0#128_223461.0#223461.0#128
225000 230000 28.186986328131752 578.6794429253496 427.9005458904907 999.4579999999842 63.638999999995576 1061.042521073728 1053.0477388531488 6671.528004775377 6671.528004775377 1728.235836761415 7.994782220579469 2803857.44321053 2772895.960292154 4400.0 128.0 223465.0#223465.0#4400_225473.0#225473.0#4400_227473.0#227473.0#4400_229463.0#229463.0#4400 225471.0#225471.0#128_227472.0#227472.0#128_229462.0#229462.0#128
230000 235000 9.502585937414551 642.3154267578211 412.3646105462581 999.0860000000393 73.50399999998626 981.2034476198048 973.652649425084 6296.722546763669 6296.722546763669 1581.9993824801563 7.007067645082876 2785239.343017106 2743901.6187554393 4400.0 128.0 229463.0#229463.0#4400_231461.0#231461.0#4400_233457.0#233457.0#4400 231459.0#231459.0#128_233455.0#233455.0#128
235000 240000 36.615314453083556 587.0329754774414 415.75428428295294 998.2939999999944 74.83300000004238 1043.2641944568466 1035.8271758214294 6203.019224212545 6203.019224212545 1597.7970472767713 7.980749185055146 2893829.7785135075 2807663.8941246793 4400.0 128.0 233457.0#233457.0#4400_235455.0#235455.0#4400_237449.0#237449.0#4400_239476.0#239476.0#4400 235454.0#235454.0#128_237448.0#237448.0#128_239474.0#239474.0#128
240000 245000 8.844603515637573 663.9302514648516 383.8434178384011 999.6599999999744 92.33500000002095 1048.1996643118282 1041.1710838015347 5857.897464277376 5857.897464277376 1601.929205078532 7.028580510293445 2623752.962203552 2555981.3020301196 4400.0 128.0 239476.0#239476.0#4400_241448.0#241448.0#4400_243565.0#243565.0#4400 241447.0#241447.0#128_243504.0#243504.0#128
245000 250000 51.20315820298856 584.1050236545335 416.5288455478336 999.2700000000186 95.11100000003353 1059.5149902782305 1051.5434345107365 6652.217281619675 6652.217281619675 1684.3264965641595 7.971555767494026 2786889.661165259 2709678.2106529586 4400.0 128.0 243565.0#243565.0#4400_245458.0#245458.0#4400_247443.0#247443.0#4400_249474.0#249474.0#4400 245455.0#245455.0#128_247442.0#247442.0#128_249470.0#249470.0#128
250000 255000 12.664191406220198 652.8989760742261 391.1681545099209 999.4039999999804 117.78300000005402 995.1887395504244 988.713355562905 5404.273317491318 5404.273317491318 1578.692775137414 6.475383987519381 2613260.023251811 2571455.599265617 4400.0 128.0 249474.0#249474.0#4400_251457.0#251457.0#4400_253449.0#253449.0#4400 251455.0#251455.0#128_253446.0#253446.0#128
255000 260000 59.63081640622113 560.5100115411968 371.1371396928071 999.9650000000256 0.0 1077.1607619621623 1068.5677835985705 7164.101825417193 7164.101825417193 1630.3099969202713 8.082083310319938 2655731.667373155 2523410.6169225574 3700.0 128.0 253449.0#253449.0#4400_255485.0#255485.0#4400_257450.0#257450.0#3000_259481.0#259481.0#3000 255483.0#255483.0#128_257683.0#257683.0#128_259681.0#259681.0#128
260000 265000 6.747347656288184 720.0986054687412 360.876676542174 999.2989999999991 115.61499999999069 998.7238992416549 989.4451945620029 7751.395100475171 7751.395100475171 1615.8989133866992 9.789599732923875 2625195.739792477 2493260.1454476444 3000.0 128.0 259481.0#259481.0#3000_261448.0#261448.0#3000_262588.0#262588.0#3000_263563.0#263563.0#3000 259681.0#259681.0#128_261682.0#261682.0#128_262683.0#262683.0#128_263657.0#263657.0#128
265000 270000 4.034326171909925 592.5286265190937 428.82664305624564 999.454000000027 23.46799999999348 965.2423604276198 957.5618957158829 6405.411483801405 6405.411483801405 1523.9134126850718 7.68046471173691 2543389.610256115 2493065.6721807662 4400.0 128.0 265450.0#265450.0#4400_267449.0#267449.0#4400_269448.0#269448.0#4400 265448.0#265448.0#128_267448.0#267448.0#128_269446.0#269446.0#128
270000 275000 35.59395898436196 643.2206218261781 404.4097821980379 999.005999999994 73.78900000004796 1170.1412296929873 1162.5932221735166 6294.220468100776 6294.220468100776 1787.984961365201 6.9979298822449065 2934110.224980048 2856481.0579947033 4400.0 128.0 269448.0#269448.0#4400_271453.0#271453.0#4400_273449.0#273449.0#4400 271450.0#271450.0#128_273447.0#273447.0#128
275000 280000 31.713855468668044 583.7302233073019 419.28341093088534 999.9110000000219 74.03299999999581 1082.1628272287849 1074.7195844232197 6208.4123055794225 6208.4123055794225 1672.4239190373949 7.993320442790958 2749558.021446715 2663399.4379770095 4400.0 128.0 273449.0#273449.0#4400_275449.0#275449.0#4400_277446.0#277446.0#4400_279456.0#279456.0#4400 275448.0#275448.0#128_277444.0#277444.0#128_279454.0#279454.0#128
280000 285000 33.97410546866013 651.9918708496189 389.52929913557506 999.8939999999711 113.58199999999488 1079.1005805712462 1072.0891481122708 5843.419858599378 5843.419858599378 1696.6186945890008 7.011432458975296 2818344.7282012124 2750361.095212761 4400.0 128.0 279456.0#279456.0#4400_281460.0#281460.0#4400_283449.0#283449.0#4400 281458.0#281458.0#128_283446.0#283446.0#128
285000 290000 24.917556640517432 577.8366920573042 429.4071328494544 999.7270000000135 61.95699999999488 999.9335214433825 991.9349355134251 6675.015624881882 6675.015624881882 1616.8708875095374 7.998585929957317 2684856.5667729154 2636000.9570733905 4400.0 128.0 283449.0#283449.0#4400_285457.0#285457.0#4400_287451.0#287451.0#4400_289447.0#289447.0#4400 285455.0#285455.0#128_287448.0#287448.0#128_289445.0#289445.0#128
290000 295000 7.22316015616525 665.8179770507995 378.8766399011379 999.6900000000023 79.14399999997113 1031.6720362260191 1024.6644379474128 5840.055426140423 5840.055426140423 1688.9062668790705 7.007598278606469 2820349.4507021476 2796309.8235897906 4400.0 128.0 289447.0#289447.0#4400_291553.0#291553.0#4400_293438.0#293438.0#4400 291512.0#291512.0#128_293437.0#293437.0#128
