ts te idle avg_span std_span max_span min_span c_ack_cnt c_ack_cnt_p c_bytes_all c_bytes_uniq s_ack_cnt s_ack_cnt_p s_bytes_all s_bytes_uniq avg_video_rate avg_audio_rate video_requests_sequence audio_requests_sequence
0 5000 5000.0 0.0 0.0 0.0 0.0 0.0 0.0 0.0 0.0 0.0 0.0 0.0 0.0 0.0 0.0 - -
5000 10000 1308.840025390622 502.8450355902787 392.76777292388624 999.9470000000001 66.48700000000463 712.8450182302362 693.9139809231215 17027.760964905126 17027.760964905126 966.7244768537531 22.931037307114607 1696397.1088705258 1624997.1088705258 2300.0 128.0 6533.0#6533.0#2300_6534.0#6534.0#2300_7692.0#7692.0#2300_8832.0#8832.0#2300 6530.0#6530.0#128_6531.0#6531.0#128_7700.0#7700.0#128_9061.0#9061.0#128
10000 15000 3.5772890625084983 594.58696529447 351.0208848593796 999.5710000000036 75.45999999999913 1264.0117972341081 1252.206686118328 9045.43929729832 9045.43929729832 1752.5852387512246 11.805111115780502 2969732.7707442334 2791406.788204385 2300.0 128.0 8832.0#8832.0#2300_10011.0#10011.0#2300_11414.0#11414.0#2300_12230.0#12230.0#2300_13465.0#13465.0#2300_14619.0#14619.0#2300 10126.0#10126.0#128_11431.0#11431.0#128_12361.0#12361.0#128_13469.0#13469.0#128_14631.0#14631.0#128
15000 20000 38.00931835937081 810.9802782315336 205.83867703151614 999.7710000000006 457.1279296875 1162.2861218732255 1148.5641064579952 11477.494085059465 11477.494085059465 1779.5740689913696 13.72201541523039 2955964.8495782977 2905917.9677577647 2300.0 128.0 14619.0#14619.0#2300_15592.0#15592.0#2300_16481.0#16481.0#2300_17362.0#17362.0#2300_18161.0#18161.0#2300_19054.0#19054.0#2300 15690.0#15690.0#128_16621.0#16621.0#128_17464.0#17464.0#128_18265.0#18265.0#128_19130.0#19130.0#128
20000 25000 23.34341992188274 554.9457951171862 408.81084578581186 999.1739999999991 33.23099999999977 711.7559547317546 702.7717428933595 7490.785972367429 7490.785972367429 1091.1037238345198 8.984211838395094 1826773.2729620463 1769166.3589085627 2720.0 128.0 19054.0#19054.0#2300_20559.0#20559.0#2300_22557.0#22557.0#3000_22558.0#22558.0#3000_24558.0#24558.0#3000 20557.0#20557.0#128_22556.0#22556.0#128_24557.0#24557.0#128
25000 30000 30.857048828118423 646.7898898925787 400.75493428585503 998.9990000000034 101.56999999999971 817.920990888269 810.4867026848469 6201.15070072211 6201.15070072211 1229.559080207529 6.995956263450761 2047506.3142146752 1954431.4337647005 3000.0 128.0 24558.0#24558.0#3000_26563.0#26563.0#3000_28560.0#28560.0#3000 26561.0#26561.0#128_28559.0#28559.0#128
30000 35000 60.22906445313856 551.9522955078107 419.2545327124136 999.7790000000023 34.79099999999016 900.441815086396 892.2564027153439 6820.513030483122 6820.513030483122 1327.4609088775771 8.02528859668569 2277627.501647729 2191361.2965768264 3700.0 128.0 30561.0#30561.0#4400_30563.0#30563.0#4400_32564.0#32564.0#3000_34570.0#34570.0#3000 30559.0#30559.0#128_32973.0#32973.0#128_34964.0#34964.0#128
35000 40000 208.24971093751083 682.9670366753448 308.35957903196163 997.9110000000001 231.21728515625 1020.7047840373297 1013.3033029822166 6177.072070540087 6177.072070540087 1413.3030160752887 7.999936769450848 2212524.069614082 2042968.463205998 3000.0 128.0 34570.0#34570.0#3000_36566.0#36566.0#3000_38553.0#38553.0#3000 34964.0#34964.0#128_36969.0#36969.0#128_38965.0#38965.0#128
40000 45000 834.1711035156331 639.7203566894523 351.0673582426286 999.8229999999894 34.764892578125 795.0962890309883 787.9861888335965 5921.57930601923 5921.57930601923 1153.687020089802 6.571662425003158 1947460.2401005083 1786512.8354061153 3000.0 128.0 40562.0#40562.0#3000_42562.0#42562.0#3000_44564.0#44564.0#3000 40964.0#40964.0#128_42965.0#42965.0#128_44964.0#44964.0#128
45000 50000 65.66820312500931 691.205569726562 357.6106605124334 999.974000000002 29.94091796875 899.319944701592 889.9801637410447 7803.658027054972 7803.658027054972 1355.1231310193664 9.878218732935851 2305265.559173769 2159075.8180956445 3000.0 128.0 44564.0#44564.0#3000_46566.0#46566.0#3000_48563.0#48563.0#3000_49612.0#49612.0#3000 44964.0#44964.0#128_46964.0#46964.0#128_48964.0#48964.0#128_49688.0#49688.0#128
50000 55000 29.475160156260245 656.1753197265629 380.7871616697568 999.2259999999951 86.45100000000093 1021.8990559454809 1013.3635393054324 7123.566743198577 7123.566743198577 1544.9939237142362 8.535516640048632 2521841.0228046966 2392521.63892004 3000.0 128.0 49612.0#49612.0#3000_50781.0#50781.0#3000_52548.0#52548.0#3000_54551.0#54551.0#3000 50901.0#50901.0#128_52968.0#52968.0#128_54549.0#54549.0#128
55000 60000 31.755228515612544 758.345606689456 286.5160454644103 998.570000000007 307.7360000000044 1006.2490756082655 998.8188689260865 6197.684084959396 6197.684084959396 1554.3077596863131 6.990625789041717 2568353.7113562496 2517691.2318538968 3933.3333333333335 128.0 54551.0#54551.0#3000_56566.0#56566.0#4400_58562.0#58562.0#4400 56564.0#56564.0#128_58561.0#58561.0#128
60000 65000 26.778982421878027 583.0481295572907 422.06048167786014 999.5589999999938 59.25 1113.1252477823841 1105.5679714737528 6301.776593302828 6301.776593302828 1721.1909660441634 7.996857201768525 2818953.24536723 2766390.658205242 4400.0 128.0 58562.0#58562.0#4400_60556.0#60556.0#4400_62555.0#62555.0#4400_64563.0#64563.0#4400 60555.0#60555.0#128_62553.0#62553.0#128_64561.0#64561.0#128
65000 70000 28.308791015588213 677.5170261230523 362.9729503609993 999.7039999999979 95.66300000000047 1031.6887178692973 1024.252643815411 6203.576719735753 6203.576719735753 1617.0144483795007 6.999817979490384 2753630.419695285 2695591.176830543 4400.0 128.0 64563.0#64563.0#4400_66561.0#66561.0#4400_68571.0#68571.0#4400 66558.0#66558.0#128_68968.0#68968.0#128
70000 75000 129.94137109379517 616.102102213536 379.9677888690945 998.8999999999942 34.873291015625 1043.4853565814994 1036.23683218669 6042.613100979058 6042.613100979058 1643.6484341149785 7.684780469205595 2752674.005905732 2658020.962727806 4400.0 128.0 68571.0#68571.0#4400_70552.0#70552.0#4400_72545.0#72545.0#4400_74558.0#74558.0#4400 70971.0#70971.0#128_72971.0#72971.0#128_74964.0#74964.0#128
75000 80000 233.5581972656073 668.3690732421907 337.2374340078934 998.7590000000055 193.0869140625 1083.9818006983671 1075.716037571978 6063.759829137086 6063.759829137086 1736.3285584791602 7.265763126389293 2867751.3543909295 2814344.1875599506 4400.0 128.0 74558.0#74558.0#4400_76564.0#76564.0#4400_78550.0#78550.0#4400 74964.0#74964.0#128_76968.0#76968.0#128_78966.0#78966.0#128
80000 85000 20.195017578138504 647.8978739149284 397.4737187108061 999.9679999999935 34.3798828125 1064.6263585974268 1056.941394169602 6404.851316402854 6404.851316402854 1687.7136695616434 7.684964427824921 2845777.7564252303 2753738.7135833697 4400.0 128.0 78550.0#78550.0#4400_80551.0#80551.0#4400_82561.0#82561.0#4400_84574.0#84574.0#4400 80964.0#80964.0#128_82964.0#82964.0#128_84965.0#84965.0#128
85000 90000 12.336802734367666 717.2003682725691 313.36855069636374 999.81700000001 176.37109375 1194.114132136191 1186.8324312105337 6077.447592340652 6077.447592340652 1785.6612545448397 7.281700925657034 3014726.54576517 2868054.108145017 4400.0 128.0 84574.0#84574.0#4400_86549.0#86549.0#4400_88560.0#88560.0#4400 84965.0#84965.0#128_86966.0#86966.0#128_88965.0#88965.0#128
90000 95000 10.319017578134662 791.1433593749953 254.83446078374985 999.3610000000044 361.6059999999852 1172.4946572460044 1163.9031618761164 7165.927216703802 7165.927216703802 1862.1052702518714 8.591495369887886 3072234.2992009693 3000834.2992009693 4400.0 128.0 88560.0#88560.0#4400_90559.0#90559.0#4400_92549.0#92549.0#4400_94059.0#94059.0#4400 90966.0#90966.0#128_92964.0#92964.0#128_94171.0#94171.0#128
95000 100000 10.447060546852299 746.2302298177092 342.82998402079 999.7979999999807 54.7750312499993 1344.6579324981997 1336.6028928915607 6732.343348790134 6732.343348790134 2055.926823363357 8.055039606639113 3411459.6169810267 3309265.991866041 4400.0 128.0 94059.0#94059.0#4400_95566.0#95566.0#4400_97134.0#97134.0#4400_98730.0#98730.0#4400 95765.0#95765.0#128_97223.0#97223.0#128_98741.0#98741.0#128
100000 105000 46.77345898443309 659.8079748263845 385.0600586771065 999.9320000000007 31.825927734375 1187.2125302071474 1179.674319462874 6277.001243830038 6277.001243830038 1801.90184660986 7.538210744273701 2967115.947868233 2886568.1071838085 4400.0 128.0 98730.0#98730.0#4400_100655.0#100655.0#4400_102562.0#102562.0#4400_104563.0#104563.0#4400 100711.0#100711.0#128_102967.0#102967.0#128_104967.0#104967.0#128
105000 110000 50.948945312498836 647.6003474392362 341.6509411838953 999.752999999997 254.3509999999951 1135.6662658834525 1127.3657148900413 6930.009760186045 6930.009760186045 1774.3493647608611 8.300550993411118 2905058.1407338465 2843776.540802222 4400.0 128.0 104563.0#104563.0#4400_106563.0#106563.0#4400_108559.0#108559.0#4400 104967.0#104967.0#128_106965.0#106965.0#128_108966.0#108966.0#128
110000 115000 106.35496093748952 607.0985483940975 391.45110997331966 999.7930000000051 34.743896484375 1004.2146106919711 996.9707957351474 6038.353419371069 6038.353419371069 1642.2986797242506 7.243814956823697 2731009.584617637 2653227.439442269 4400.0 128.0 108559.0#108559.0#4400_110551.0#110551.0#4400_112556.0#112556.0#4400_114561.0#114561.0#4400 110965.0#110965.0#128_112964.0#112964.0#128_114964.0#114964.0#128
115000 120000 157.04795507810195 694.0592387152816 287.3748087885342 999.4649999999965 286.822021484375 1079.375758538774 1071.8838282808713 6252.050854066617 6252.050854066617 1702.6987468304112 7.49193025790276 2950265.6549949627 2855108.2331676716 4400.0 128.0 114561.0#114561.0#4400_116555.0#116555.0#4400_118548.0#118548.0#4400 114964.0#114964.0#128_116965.0#116965.0#128_118963.0#118963.0#128
120000 125000 1401.0097070312477 656.9131556919643 263.70276976153843 999.8090000000084 362.00599999999395 903.7282570656713 896.8649055592617 5714.385827955742 5714.385827955742 1333.5579267037324 6.863351506409572 2240983.6681434503 2132225.2732419064 4400.0 128.0 118548.0#118548.0#4400_120567.0#120567.0#4400_123650.0#123650.0#4400 120964.0#120964.0#128_123964.0#123964.0#128
125000 130000 6.9288261718756985 722.2765338541649 360.79218485377476 999.7330000000075 16.690999999991618 1402.725807185548 1395.163665644369 6318.198894590488 6318.198894590488 2083.228796446359 7.562141541179152 3478356.221738575 3363205.9612489687 4400.0 128.0 123650.0#123650.0#4400_125275.0#125275.0#4400_127113.0#127113.0#4400_128692.0#128692.0#4400 125416.0#125416.0#128_127230.0#127230.0#128_128804.0#128804.0#128
130000 135000 667.0222031250014 682.8677604980439 370.49144319326746 997.4219999999914 49.522999999986496 927.371719650419 920.371719650419 5824.0 5824.0 1477.9528660840315 7.0 2499396.1171049094 2424321.405229754 4400.0 128.0 128692.0#128692.0#4400_130563.0#130563.0#4400_132565.0#132565.0#4400 130966.0#130966.0#128_132964.0#132964.0#128
135000 140000 1546.6720429687412 820.0468232421894 233.5799369207392 996.7229999999981 452.887939453125 811.410524227113 804.2690541906724 5484.558885341505 5484.558885341505 1233.0644708122804 7.141470036440629 2135598.3352480214 2024204.0740184456 4400.0 128.0 136565.0#136565.0#4400_138572.0#138572.0#4400 136964.0#136964.0#128_138964.0#138964.0#128
140000 145000 5.976759765617317 583.2308530649013 362.934066475968 999.2669999999925 0.0 1683.6451736788745 1667.7485893471141 14385.444236843863 14385.444236843863 2363.9894715482073 18.89658433176059 3857388.1218477082 3664005.206743035 4400.0 128.0 138572.0#138572.0#4400_140245.0#140245.0#4400_141882.0#141882.0#4400_143325.0#143325.0#4400_144879.0#144879.0#4400 140343.0#140343.0#128_141966.0#141966.0#128_143391.0#143391.0#128_144965.0#144965.0#128
145000 150000 6.775183593766997 689.6036000000022 376.02388492441855 999.5460000000021 6.780029296875 1278.6842954186204 1270.7087719276547 6654.280078782506 6654.280078782506 1873.2766878378898 7.975523490965898 3186567.147832722 3067205.3241669713 4400.0 128.0 144879.0#144879.0#4400_146567.0#146567.0#4400_148566.0#148566.0#4400 144965.0#144965.0#128_146581.0#146581.0#128_148964.0#148964.0#128
150000 155000 5.9670058593619615 689.9629874131998 379.8920793101004 999.7300000000105 105.27600000001257 1171.0153568811097 1162.0772728782122 7454.016086890571 7454.016086890571 1810.237438351617 8.938084002897545 3076878.6379788266 2949364.4324479066 4400.0 128.0 148566.0#148566.0#4400_150563.0#150563.0#4400_152561.0#152561.0#4400_154049.0#154049.0#4400 150964.0#150964.0#128_152966.0#152966.0#128_154153.0#154153.0#128
155000 160000 10.549019531230442 720.7907760416695 342.20065271844175 999.9539999999979 48.24808398436289 1365.4222740800678 1356.8782642353654 7133.151511690734 7133.151511690734 2029.2892620365708 8.048338137935337 3472965.622151183 3401740.423787361 4400.0 128.0 154049.0#154049.0#4400_155622.0#155622.0#4400_157166.0#157166.0#4400_158686.0#158686.0#4400 155688.0#155688.0#128_157255.0#157255.0#128_158759.0#158759.0#128
160000 165000 1970.6938691406685 502.22900251115374 385.5002521756425 999.2019999999902 30.48388671875 718.1829627709565 713.5762172518649 3832.6200510545787 3832.6200510545787 1050.835962866099 5.102417225858769 1826394.7782297223 1724047.5558321471 4400.0 128.0 158686.0#158686.0#4400_160555.0#160555.0#4400_164561.0#164561.0#4400 160966.0#160966.0#128_164967.0#164967.0#128
165000 170000 58.30707617182634 780.9475952691121 296.4436016024393 999.4079999999958 254.66811328125186 1201.4689091030386 1192.6643021330215 7341.75923197343 7341.75923197343 1752.2084850885517 8.804606970017362 2942675.3630168373 2786710.072372041 4400.0 128.0 164561.0#164561.0#4400_166558.0#166558.0#4400_168554.0#168554.0#4400 164967.0#164967.0#128_166964.0#166964.0#128_168964.0#168964.0#128
170000 175000 2.0000722656259313 729.8666748046933 321.91586102251233 999.9109999999928 52.521000000007916 1387.0693161571653 1378.4897855142765 7172.9380758262 7172.9380758262 2177.029110807537 8.579530642888871 3671318.6268078284 3567676.073098198 4400.0 128.0 168554.0#168554.0#4400_170060.0#170060.0#4400_171727.0#171727.0#4400_173160.0#173160.0#4400 170193.0#170193.0#128_171783.0#171783.0#128_173306.0#173306.0#128
175000 180000 28.985599609382916 698.5025220170527 361.5381731492017 999.1700000000419 33.23388671875 1226.86194567836 1219.2820088731874 6321.486397708818 6321.486397708818 1881.7884090562386 7.57993680517267 3213244.1955997953 3125130.2639444484 4400.0 128.0 175016.0#175016.0#4400_176648.0#176648.0#4400_178550.0#178550.0#4400 175467.0#175467.0#128_176659.0#176659.0#128_178965.0#178965.0#128
180000 185000 6.712874999997439 611.4813310546888 426.06173707440036 999.7490000000107 25.968994140654104 1078.204803109124 1070.231953194459 6643.792353113996 6643.792353113996 1640.0435019640877 7.972849914664949 2713115.422707329 2578577.062417909 4400.0 128.0 178550.0#178550.0#4400_180562.0#180562.0#4400_182566.0#182566.0#4400_184563.0#184563.0#4400 178965.0#178965.0#128_180968.0#180968.0#128_182965.0#182965.0#128_184966.0#184966.0#128
185000 190000 6.320003906323109 789.7613200954834 339.42982221676084 999.9700000000012 18.98095703125 1173.8847120501812 1166.8860499667226 5842.53411732689 5842.53411732689 1842.2845875104686 6.9986620834588615 3061251.3161059464 2950867.835356925 4400.0 128.0 184563.0#184563.0#4400_186567.0#186567.0#4400_188560.0#188560.0#4400 184966.0#184966.0#128_186964.0#186964.0#128_188966.0#188966.0#128
190000 195000 9.608425781188998 726.5577880859404 412.17961133372575 999.9539999999979 8.9189453125 1072.3223786805547 1063.3603823226163 7474.418973446907 7474.418973446907 1572.785152206766 7.972267084992184 2690979.816150454 2577192.7545895656 4400.0 128.0 188560.0#188560.0#4400_190557.0#190557.0#4400_192554.0#192554.0#4400_194567.0#194567.0#4400 190966.0#190966.0#128_192967.0#192967.0#128_194965.0#194965.0#128
195000 200000 7.442687500006286 778.4580203124991 333.0658409040055 999.0640000000421 81.16000000000349 1203.0013369925969 1196.2766740500092 5004.0 5004.0 1819.6167857988614 6.989729272946331 2959863.008234247 2857388.313135667 4400.0 128.0 194567.0#194567.0#4400_196569.0#196569.0#4400_198553.0#198553.0#4400 194965.0#194965.0#128_196969.0#196969.0#128_198968.0#198968.0#128
200000 205000 1.6918867187341675 727.6123857422092 300.77559444653735 999.5890000000654 158.09495898440946 1459.3490615322276 1450.064504330819 7513.560518076887 7099.780259038444 2116.5875546908096 9.009220143996203 3567119.9389099246 3447342.5464492524 4400.0 128.0 198553.0#198553.0#4400_200157.0#200157.0#4400_201746.0#201746.0#4400_203272.0#203272.0#4400 200226.0#200226.0#128_201853.0#201853.0#128_203354.0#203354.0#128
205000 210000 22.14288476551883 816.3416770019612 239.26795604427113 998.9640000000363 487.47310156250023 1155.8901947315373 1146.8994148755337 7498.439481923113 7092.219740961556 1857.6600911459204 8.990779856003797 3061975.9970550537 2993251.4982351726 4400.0 128.0 205505.0#205505.0#4400_207015.0#207015.0#4400_208761.0#208761.0#4400 205968.0#205968.0#128_207322.0#207322.0#128_208857.0#208857.0#128
210000 215000 96.06554101553047 639.887418402789 365.6392404969706 999.4260000000068 33.89111328125 1217.5259935907911 1209.9942952563053 6271.54508795872 6271.54508795872 1783.5219675166861 6.990941829832944 2933185.0983773824 2791048.92880773 4400.0 128.0 208761.0#208761.0#4400_210559.0#210559.0#4400_212567.0#212567.0#4400_214563.0#214563.0#4400 210967.0#210967.0#128_212965.0#212965.0#128_214965.0#214965.0#128
215000 220000 36.017886718705995 669.5264444444523 316.18470934026413 999.6849999999977 307.0450000000128 1134.4695647222538 1126.1102539271424 6978.883498736736 6978.883498736736 1754.0482110906835 8.454562734965766 2873597.204318494 2760778.0268243905 4400.0 128.0 214563.0#214563.0#4400_216549.0#216549.0#4400_218554.0#218554.0#4400 214965.0#214965.0#128_216968.0#216968.0#128_218968.0#218968.0#128
220000 225000 74.93299999996088 644.2084455295246 360.02261993813426 998.9070000000065 31.510009765595896 1122.0294158166598 1114.8768012455323 5962.215321913683 5962.215321913683 1700.2245906567211 7.598119135926455 2844904.594509167 2744768.202460437 4400.0 128.0 218554.0#218554.0#4400_220552.0#220552.0#4400_222558.0#222558.0#4400_224548.0#224548.0#4400 220969.0#220969.0#128_222964.0#222964.0#128_224968.0#224968.0#128
225000 230000 36.40218945319066 679.5808824218781 314.5877710523121 999.0239999999758 90.59400000001187 955.7181883816382 948.7618120823633 5807.356091390862 5807.356091390862 1495.9447038984138 6.956376299274835 2574594.3055513045 2502879.409304117 4400.0 128.0 224548.0#224548.0#4400_227083.0#227083.0#4400_229151.0#229151.0#4400 224968.0#224968.0#128_227468.0#227468.0#128_229276.0#229276.0#128
230000 235000 210.50101171873393 639.7546605902737 336.062720822906 999.6490000000049 27.1259765625 1247.141109958765 1239.6113145466159 6269.950343007554 6269.950343007554 1882.8444761923377 6.990893813270514 3162487.5157551845 3050974.120797319 4400.0 128.0 229151.0#229151.0#4400_230739.0#230739.0#4400_232593.0#232593.0#4400_234571.0#234571.0#4400 230869.0#230869.0#128_232970.0#232970.0#128_234972.0#234972.0#128
235000 240000 10.137939453183208 645.1068982204791 350.23467270441927 999.9219999999914 214.1469999999972 1109.2578351786885 1100.8729300581072 6999.251099158804 6999.251099158804 1757.9477524400686 8.923806719460039 2877604.203267943 2777142.092255656 4400.0 128.0 234571.0#234571.0#4400_236575.0#236575.0#4400_238560.0#238560.0#4400 234972.0#234972.0#128_236967.0#236967.0#128_238964.0#238964.0#128
240000 245000 8.315482421894558 666.6960142045493 395.9261692181582 999.8979999999865 43.772999999986496 1410.0221316134832 1399.8278444235043 9007.348244909801 9007.348244909801 2161.419577568476 11.19428718997916 3606503.373207918 3429654.2401947104 4400.0 128.0 238560.0#238560.0#4400_240115.0#240115.0#4400_241601.0#241601.0#4400_243450.0#243450.0#4400 240201.0#240201.0#128_241686.0#241686.0#128_243471.0#243471.0#128
245000 250000 284.3727343749488 742.731357910161 256.919893401803 999.9870000000228 407.96690039063105 1248.6243775984526 1240.2392339832782 6999.638009988941 6999.638009988941 1957.0606432492468 7.891012277290285 3239884.3446447607 3124005.942522272 4400.0 128.0 243450.0#243450.0#4400_245019.0#245019.0#4400_246625.0#246625.0#4400_248558.0#248558.0#4400 245099.0#245099.0#128_246697.0#246697.0#128_248965.0#248965.0#128
250000 255000 62.116802734322846 658.9330949929109 389.48700138053437 999.63400000002 34.60791015630821 1082.1696876577087 1075.118238528081 5877.973700929028 5877.973700929028 1718.0505500572467 7.545580467512142 2921469.3888140367 2780644.256300015 4400.0 128.0 248558.0#248558.0#4400_250566.0#250566.0#4400_252575.0#252575.0#4400_254563.0#254563.0#4400 250963.0#250963.0#128_253050.0#253050.0#128_254964.0#254964.0#128
255000 260000 66.33207617187873 714.6322237413195 282.6947798843447 999.7939999999944 283.837089843757 1166.9139175896298 1158.6405749081023 6907.363738857679 6907.363738857679 1762.0072561732345 8.273342681527339 2892675.346049986 2770051.8304711343 4400.0 128.0 254563.0#254563.0#4400_256575.0#256575.0#4400_258562.0#258562.0#4400 254964.0#254964.0#128_256970.0#256970.0#128_258965.0#258965.0#128
260000 265000 68.29594140622066 658.5642350260491 358.99014492140225 999.880999999994 32.758056640625 1015.9280088148623 1008.6760790688602 6044.9912949831205 6044.9912949831205 1587.681689085938 7.251929746002101 2688639.014340342 2623997.0224925 4400.0 128.0 258562.0#258562.0#4400_260550.0#260550.0#4400_262572.0#262572.0#4400_264577.0#264577.0#4400 260967.0#260967.0#128_262970.0#262970.0#128_264966.0#264966.0#128
265000 270000 132.84108398435637 683.871317708328 310.47228727727446 998.6680000000051 246.77099609375 1108.4433331069836 1101.019721338776 6195.383703325082 6195.383703325082 1715.4482586431945 7.423611768207529 2932847.09799434 2833248.305681131 4400.0 128.0 264577.0#264577.0#4400_266602.0#266602.0#4400_268629.0#268629.0#4400 264966.0#264966.0#128_266969.0#266969.0#128_268971.0#268971.0#128
270000 275000 155.92906445311382 660.4465457899302 365.44917707902914 998.7870000000112 34.7509765625 1085.255955727533 1077.6633398339773 6328.247532556189 6328.247532556189 1608.8976262018784 7.592615893555888 2700352.840501054 2582642.884685314 4400.0 128.0 268629.0#268629.0#4400_270612.0#270612.0#4400_272585.0#272585.0#4400_274611.0#274611.0#4400 270972.0#270972.0#128_272964.0#272964.0#128_274964.0#274964.0#128
275000 280000 10.422865234257188 683.0413509114684 335.4863140973955 999.7530000000261 208.7680664063082 1133.1170874438026 1125.7852162297613 6119.001253857064 6119.001253857064 1819.95373227668 7.331871214041286 3012693.214860862 2886150.306999456 4400.0 128.0 274611.0#274611.0#4400_276621.0#276621.0#4400_278603.0#278603.0#4400 274964.0#274964.0#128_276965.0#276965.0#128_278965.0#278965.0#128
280000 285000 20.818029296817258 662.0708027343886 379.0293148482241 999.6359999999986 35.38525390630821 1128.9312647621111 1121.295824708802 6363.540210717427 6363.540210717427 1671.3151578029797 7.635440053309298 2742905.155762552 2650341.562215867 4400.0 128.0 278603.0#278603.0#4400_280588.0#280588.0#4400_282588.0#282588.0#4400_284631.0#284631.0#4400 280964.0#280964.0#128_282966.0#282966.0#128_284964.0#284964.0#128
285000 290000 11.742716796812601 772.5082254774429 270.34227998136095 999.408000000054 193.9033203125 1225.9399385345541 1218.4924302884024 6214.887926064532 6214.887926064532 1827.621142244136 7.447508246151914 3055350.2823922588 2930848.118927077 4400.0 128.0 284631.0#284631.0#4400_286589.0#286589.0#4400_288605.0#288605.0#4400 284964.0#284964.0#128_286968.0#286968.0#128_288971.0#288971.0#128
290000 295000 6.131662109401077 675.478661914065 314.7767325916401 999.1869999999763 194.555908203125 1433.9784524099628 1425.2940840582169 7256.978329987278 7256.978329987278 2037.0122443294658 8.684368351746166 3312719.7181828683 3202249.3783320435 4400.0 128.0 288605.0#288605.0#4400_290162.0#290162.0#4400_292358.0#292358.0#4400_293805.0#293805.0#4400 290293.0#290293.0#128_292439.0#292439.0#128_293921.0#293921.0#128
295000 300000 5.766970703145489 777.360899023444 200.1209241229282 998.6840000000084 493.2529296875 1423.4032381478173 1415.589506569871 6518.444611657498 6518.444611657498 2153.641292540585 7.813731577946335 3530122.091319488 3399389.735357887 4400.0 128.0 293805.0#293805.0#4400_295383.0#295383.0#4400_296896.0#296896.0#4400_298619.0#298619.0#4400 295471.0#295471.0#128_296969.0#296969.0#128_298967.0#298967.0#128
