ts te idle avg_span std_span max_span min_span c_ack_cnt c_ack_cnt_p c_bytes_all c_bytes_uniq s_ack_cnt s_ack_cnt_p s_bytes_all s_bytes_uniq avg_video_rate avg_audio_rate video_requests_sequence audio_requests_sequence
0.0 7000.0 7000.0 0.0 0.0 0.0 0.0 0.0 0.0 0.0 0.0 0.0 0.0 0.0 0.0 0.0 0.0 - -
7000.0 14000.0 1597.25257421875 791.6184481026792 249.49393274614255 997.7379999999976 197.21299999999974 845.4061865651004 818.4820692735985 23827.657876069366 23827.657876069366 907.2247516004302 28.92411729150181 1667903.297829538 1627115.297829538 840.0 128.0 8941.0#8941.0#840_8943.0#8943.0#840_9915.0#9915.0#840_10465.0#10465.0#840_11204.0#11204.0#840_11867.0#11867.0#840_12613.0#12613.0#840_13386.0#13386.0#840 8937.0#8937.0#128_8939.0#8939.0#128_9928.0#9928.0#128_10474.0#10474.0#128_11496.0#11496.0#128_11973.0#11973.0#128_12732.0#12732.0#128_13474.0#13474.0#128
14000.0 21000.0 705.9249902343836 530.6626664268084 338.22130504401787 999.4979999999996 14.239990234375 837.888792487669 819.8129097791708 15090.342123930635 15090.342123930635 882.6724851866687 18.07588270849819 1757841.7133299888 1750581.7133299888 1387.5 128.0 13386.0#13386.0#840_14121.0#14121.0#840_14877.0#14877.0#840_15562.0#15562.0#840_17021.0#17021.0#840_18489.0#18489.0#2300_18490.0#18490.0#2300_20201.0#20201.0#2300 14287.0#14287.0#128_14975.0#14975.0#128_15764.0#15764.0#128_17018.0#17018.0#128_18485.0#18485.0#128_18486.0#18486.0#128_19978.0#19978.0#128
21000.0 28000.0 754.9159375000017 674.684288884943 357.6466001736319 998.4720000000016 51.730009765626164 849.7321533372134 839.7387267670108 8340.465172110577 8340.465172110577 880.0575878751123 9.993426570202587 1830683.7001851765 1830683.7001851765 2300.0 128.0 20201.0#20201.0#2300_23000.0#23000.0#2300_25007.0#25007.0#2300_27006.0#27006.0#2300 22996.0#22996.0#128_25003.0#25003.0#128_27003.0#27003.0#128_27473.0#27473.0#128
28000.0 35000.0 17.79790039063664 652.3466751302074 385.86526150673177 999.4879999999976 5.9873046875 981.4955656692548 968.1691402851014 11108.08400756488 11108.08400756488 1122.28766256808 13.32642538415348 2224909.9068735144 2224909.9068735144 1842.857142857143 128.0 27006.0#27006.0#2300_28687.0#28687.0#2300_30528.0#30528.0#2300_32136.0#32136.0#1500_32138.0#32138.0#1500_33427.0#33427.0#1500_34989.0#34989.0#1500 28994.0#28994.0#128_32368.0#32368.0#128_32371.0#32371.0#128_33474.0#33474.0#128_34987.0#34987.0#128
35000.0 42000.0 40.98122460936429 698.6760564903844 363.3388269346835 997.0480000000025 83.27300000000105 677.8461987560177 665.1724254900176 10566.083255864392 10566.083255864392 909.1136600256764 12.67377326600005 1911155.412591498 1911155.412591498 2140.0 128.0 34989.0#34989.0#1500_37018.0#37018.0#2300_37020.0#37020.0#2300_39006.0#39006.0#2300_41108.0#41108.0#2300 34987.0#34987.0#128_37012.0#37012.0#128_37014.0#37014.0#128_39004.0#39004.0#128_41053.0#41053.0#128
42000.0 49000.0 21.593912109383382 623.3403388671868 462.0699801096292 997.7750000000015 4.842041015625 730.0505994929761 719.0393468492831 9175.47472598958 9175.47472598958 843.3169979828225 11.011252643693089 2079146.1000995373 2079146.1000995373 2300.0 128.0 41108.0#41108.0#2300_43002.0#43002.0#2300_44999.0#44999.0#2300_47003.0#47003.0#2300_48994.0#48994.0#2300 42994.0#42994.0#128_44996.0#44996.0#128_47001.0#47001.0#128_48988.0#48988.0#128
49000.0 56000.0 59.009033203125 739.6160800781244 357.7173210198806 998.7489999999962 130.5440000000017 723.2983166809815 713.3062955011932 8341.28183338175 8341.28183338175 955.0136581887981 9.992021179788303 2061072.6075671606 2061072.6075671606 2300.0 128.0 48994.0#48994.0#2300_50997.0#50997.0#2300_53017.0#53017.0#2300_55005.0#55005.0#2300 48988.0#48988.0#128_50993.0#50993.0#128_53013.0#53013.0#128_55001.0#55001.0#128
56000.0 63000.0 60.87582812499022 688.7003707386386 426.7905822028226 999.7639999999956 3.0920781250024447 736.2821870107871 726.2790860546246 8328.611005088822 8328.611005088822 973.313196572412 10.003100956162495 2087485.2615235865 2087485.2615235865 2300.0 128.0 55005.0#55005.0#2300_57008.0#57008.0#2300_59006.0#59006.0#2300_60996.0#60996.0#2300 57007.0#57007.0#128_59004.0#59004.0#128_60993.0#60993.0#128
63000.0 70000.0 390.27070898437523 723.8651697591146 303.22116167958575 999.5040000000008 284.88700000000244 595.3693853167886 582.3693853167886 10847.0 10847.0 791.0173624652807 13.0 1620034.3141839101 1620034.3141839101 1660.0 128.0 63007.0#63007.0#2300_64988.0#64988.0#1500_64993.0#64993.0#1500_66997.0#66997.0#1500_68990.0#68990.0#1500 63003.0#63003.0#128_65475.0#65475.0#128_65477.0#65477.0#128_67475.0#67475.0#128_69479.0#69479.0#128
70000.0 77000.0 593.7580644531263 613.7000776041688 424.1889586222473 999.2409999999945 10.011962890625 631.5207849540013 618.3396084023494 10987.818046080129 10987.818046080129 850.5960535720827 12.181176551651937 1690334.251945408 1687430.251945408 1728.5714285714287 128.0 68990.0#68990.0#1500_70996.0#70996.0#1500_72985.0#72985.0#1500_73975.0#73975.0#1500_75084.0#75084.0#1500_76988.0#76988.0#2300_76989.0#76989.0#2300 71475.0#71475.0#128_73477.0#73477.0#128_73982.0#73982.0#128_75384.0#75384.0#128_76984.0#76984.0#128_76986.0#76986.0#128
77000.0 84000.0 24.423943359361147 684.1179860276438 383.6015747949733 999.4890000000014 35.04600000001665 762.7513793485789 750.9361404040371 9864.163801714956 9864.163801714956 1178.8094788498202 12.815238944541747 2126595.6859833864 2126595.6859833864 2300.0 128.0 76988.0#76988.0#2300_76989.0#76989.0#2300_78993.0#78993.0#2300_81000.0#81000.0#2300_83003.0#83003.0#2300 76984.0#76984.0#128_76986.0#76986.0#128_78990.0#78990.0#128_80998.0#80998.0#128_83001.0#83001.0#128
84000.0 91000.0 40.14293359374278 704.2674527698863 428.8185838784467 999.9809999999998 3.5839804687566357 707.3584503806312 696.354865876825 9169.018152204915 9169.018152204915 1074.5771051128163 10.003584503806312 1998031.7478872952 1998031.7478872952 2300.0 128.0 83003.0#83003.0#2300_84995.0#84995.0#2300_86991.0#86991.0#2300_88999.0#88999.0#2300 84992.0#84992.0#128_86987.0#86987.0#128_88996.0#88996.0#128_90999.0#90999.0#128
91000.0 98000.0 46.31227148437756 737.6943636363642 367.59351220506255 999.0390000000043 163.0570000000007 763.0 753.0 8348.0 8348.0 1163.0 11.0 2167517.0 2167517.0 2300.0 128.0 91002.0#91002.0#2300_92984.0#92984.0#2300_94983.0#94983.0#2300_96997.0#96997.0#2300 90999.0#90999.0#128_92981.0#92981.0#128_94979.0#94979.0#128_96994.0#96994.0#128
98000.0 105000.0 37.67505078125396 795.2294999999998 353.9842663632395 998.5559999999969 100.61600000000908 710.0 700.0 8326.0 8326.0 1054.0 10.0 1978042.0 1978042.0 2300.0 128.0 96997.0#96997.0#2300_99000.0#99000.0#2300_101004.0#101004.0#2300_102998.0#102998.0#2300 98998.0#98998.0#128_101002.0#101002.0#128_102994.0#102994.0#128
105000.0 112000.0 140.77225000000908 718.9910922851547 354.090641114151 998.6469999999827 85.46500000001106 776.1700138071545 763.208780741303 10814.358241446906 10814.358241446906 1158.9602985606862 12.961233065851431 2120089.471565699 2030065.4715656994 1980.0 128.0 105008.0#105008.0#2300_106996.0#106996.0#2300_109006.0#109006.0#2300_111030.0#111030.0#1500_111031.0#111031.0#1500 105005.0#105005.0#128_106994.0#106994.0#128_109003.0#109003.0#128_111476.0#111476.0#128_111478.0#111478.0#128
112000.0 119000.0 989.0375078124925 666.5630729758493 394.1339034236697 998.8319999999949 38.751892578118714 495.70577781081676 485.5931352460929 8420.845039497515 8420.845039497515 715.1660208025994 9.186518195299213 1331091.7774694061 1331091.7774694061 1500.0 128.0 111031.0#111031.0#1500_113017.0#113017.0#1500_114987.0#114987.0#1500_116992.0#116992.0#1500 113475.0#113475.0#128_115477.0#115477.0#128_117478.0#117478.0#128
119000.0 126000.0 304.6930781250121 619.7580049913215 343.23586335157967 999.1790000000037 156.24199999999837 668.1242083820288 648.1980840126041 16769.79671905558 16769.79671905558 969.8736806367147 20.852248738849354 1690137.750964895 1658193.750964895 1170.0 128.0 119020.0#119020.0#1500_121013.0#121013.0#1500_122916.0#122916.0#1500_123958.0#123958.0#840_123961.0#123961.0#840_125030.0#125030.0#840 119475.0#119475.0#128_121474.0#121474.0#128_122974.0#122974.0#128_123986.0#123986.0#128_123987.0#123987.0#128_125028.0#125028.0#128
126000.0 133000.0 969.320730468753 646.0196344105115 407.16951661955403 999.2099999999919 80.65400000000955 635.5527451534194 622.5845529522454 10798.599526974465 10798.599526974465 769.6163607510714 12.968192201174054 1761799.1948389038 1761799.1948389038 2300.0 128.0 127018.0#127018.0#2300_127019.0#127019.0#2300_129009.0#129009.0#2300_131014.0#131014.0#2300 127016.0#127016.0#128_127017.0#127017.0#128_129007.0#129007.0#128_131013.0#131013.0#128
133000.0 140000.0 141.7711074218969 645.2775789387985 443.82483015274886 999.7600000000093 15.885021484369645 717.0923043364426 707.0653588733719 8370.30638631956 8370.30638631956 946.9849277169928 10.02694546307063 2044638.6451119147 2044638.6451119147 2300.0 128.0 133012.0#133012.0#2300_135002.0#135002.0#2300_136997.0#136997.0#2300_139010.0#139010.0#2300 133010.0#133010.0#128_135001.0#135001.0#128_136994.0#136994.0#128_139007.0#139007.0#128
140000.0 147000.0 46.49747656250838 667.6121647135369 421.1398840111871 999.945000000007 4.833074218739057 766.5584746468978 755.5426711826265 9179.306516916446 9179.306516916446 882.2149388655915 11.015803464271313 2040798.0440793242 2016114.0440793242 2300.0 128.0 139010.0#139010.0#2300_141046.0#141046.0#2300_142993.0#142993.0#2300_145002.0#145002.0#2300_146988.0#146988.0#2300 141045.0#141045.0#128_142989.0#142989.0#128_145000.0#145000.0#128_146986.0#146986.0#128
147000.0 154000.0 39.18997851561289 704.656200639205 420.7591359807886 999.037109375 79.70900000000256 723.743285694809 713.7550987932992 8338.053371071184 8338.053371071184 961.1218627981704 9.988186901509719 2044856.9321451576 2044856.9321451576 2300.0 128.0 146988.0#146988.0#2300_149007.0#149007.0#2300_151001.0#151001.0#2300_153000.0#153000.0#2300 146986.0#146986.0#128_149005.0#149005.0#128_150999.0#150999.0#128_152998.0#152998.0#128
154000.0 161000.0 1040.0309941406304 585.7820908954332 419.14368560644874 998.6609999999928 0.8718906250142027 523.7326536191794 512.5757995341802 9292.277345246557 9292.277345246557 626.6131586992215 11.156854084999221 1427750.0301610073 1421942.0301610073 1424.0 128.0 153000.0#153000.0#2300_155023.0#155023.0#2300_157155.0#157155.0#840_157157.0#157157.0#840_158979.0#158979.0#840 155022.0#155022.0#128_157168.0#157168.0#128_157170.0#157170.0#128_159473.0#159473.0#128
161000.0 168000.0 3353.4691132812586 542.7487424045167 339.67451674639227 997.1199999999953 57.396972656279104 313.72895833824373 301.8265944834127 9922.300548753698 9922.300548753698 497.50709713880855 11.902363854831048 900025.1536636922 878245.1536636922 840.0 128.0 161001.0#161001.0#840_162994.0#162994.0#840_165017.0#165017.0#840_167008.0#167008.0#840 161474.0#161474.0#128_163473.0#163473.0#128_165475.0#165475.0#128_167474.0#167474.0#128
168000.0 175000.0 1300.1554628906888 665.609277180983 346.7687374293541 997.4230000000098 78.581298828125 368.67015943456335 355.7023116632343 9982.253044325193 9982.253044325193 538.0202352536993 11.967847771329097 943492.5198223739 943492.5198223739 840.0 128.0 169014.0#169014.0#840_171021.0#171021.0#840_171455.0#171455.0#840_173015.0#173015.0#840 169476.0#169476.0#128_171477.0#171477.0#128_171821.0#171821.0#128_173013.0#173013.0#128_174997.0#174997.0#128_174999.0#174999.0#128
175000.0 182000.0 37.22755078130285 624.626294020429 426.93777033581574 999.1739999999991 74.56970117188757 750.5937968591328 737.633006501468 10809.943871624499 10809.943871624499 954.6956996797747 12.960790357664797 2100016.374852586 2100016.374852586 2300.0 128.0 175002.0#175002.0#2300_175005.0#175005.0#2300_177007.0#177007.0#2300_179029.0#179029.0#2300_181013.0#181013.0#2300 174997.0#174997.0#128_174999.0#174999.0#128_177004.0#177004.0#128_179026.0#179026.0#128_181011.0#181011.0#128
182000.0 189000.0 41.99329101559124 713.7091376953225 369.69854211720303 999.7140000000363 13.005878906231374 718.7321325790087 708.5863629223506 8467.031910732532 8467.031910732532 798.8589522156955 10.145769656658187 2035225.8125943858 2035225.8125943858 2300.0 128.0 181013.0#181013.0#2300_183021.0#183021.0#2300_185038.0#185038.0#2300_187113.0#187113.0#2300 183017.0#183017.0#128_185037.0#185037.0#128_187110.0#187110.0#128
189000.0 196000.0 37.80991992188501 653.408677734374 419.73408472790135 998.9499999999825 26.853115234407596 724.1726999974607 713.3221924510963 9043.83349421246 9043.83349421246 998.0066104449886 10.850507546364371 2057038.1458085084 2057038.1458085084 2300.0 128.0 187113.0#187113.0#2300_189044.0#189044.0#2300_191013.0#191013.0#2300_193025.0#193025.0#2300_195020.0#195020.0#2300 189022.0#189022.0#128_191010.0#191010.0#128_193022.0#193022.0#128_195017.0#195017.0#128
196000.0 203000.0 49.82903515617363 736.8370010653479 385.7041741421449 999.2440000000352 5.31591796875 733.961991360279 722.9399140282956 9184.589113529993 9184.589113529993 918.9474061601246 11.022077331983366 2050480.4842589595 2050480.4842589595 2300.0 128.0 195020.0#195020.0#2300_197036.0#197036.0#2300_199015.0#199015.0#2300_201027.0#201027.0#2300_202993.0#202993.0#2300 197033.0#197033.0#128_199014.0#199014.0#128_201024.0#201024.0#128_202992.0#202992.0#128
203000.0 210000.0 54.89492382813478 753.536724786933 352.24059937213644 999.9489999999932 79.64499999998952 747.1354004751064 737.1534833157455 8332.774248181922 8332.774248181922 946.3227003634097 9.981917159360952 2146737.2460168027 2146737.2460168027 2300.0 128.0 202993.0#202993.0#2300_204992.0#204992.0#2300_207004.0#207004.0#2300_209017.0#209017.0#2300 202992.0#202992.0#128_204989.0#204989.0#128_207001.0#207001.0#128_209015.0#209015.0#128
210000.0 217000.0 1084.1288105468266 642.1687657877652 378.61796304329073 999.70100000003 12.67910937499255 554.4075925734395 543.2360297707819 9307.708875283155 9307.708875283155 608.886928661869 11.171562802657691 1469208.4882814246 1469208.4882814246 1660.0 128.0 209017.0#209017.0#2300_211014.0#211014.0#1500_211016.0#211016.0#1500_213010.0#213010.0#1500_215013.0#215013.0#1500 211479.0#211479.0#128_211480.0#211480.0#128_213477.0#213477.0#128_215475.0#215475.0#128
217000.0 224000.0 27.085968750005122 660.2226149902435 387.937523829436 999.4320000000007 39.562999999994645 756.3019834514149 737.467569316307 15316.323706315503 15316.323706315503 926.2286345120466 17.834414135107938 1887800.671619156 1884896.671619156 1766.6666666666667 128.0 217018.0#217018.0#1500_218181.0#218181.0#1500_219370.0#219370.0#1500_220990.0#220990.0#1500_223005.0#223005.0#2300_223006.0#223006.0#2300 217476.0#217476.0#128_218477.0#218477.0#128_219473.0#219473.0#128_220987.0#220987.0#128_223004.0#223004.0#128_223005.0#223005.0#128
224000.0 231000.0 76.94403515636805 723.7459396306764 383.01688521069343 998.0400000000664 6.763080078089843 733.7803598369719 722.7903018008269 9157.829377228558 9157.829377228558 931.1640889442142 10.990058036144998 2057082.6374885198 2057082.6374885198 2300.0 128.0 223006.0#223006.0#2300_225003.0#225003.0#2300_227008.0#227008.0#2300_229021.0#229021.0#2300 225000.0#225000.0#128_227006.0#227006.0#128_229019.0#229019.0#128
231000.0 238000.0 49.68638476569322 624.5977286783915 456.0776603054392 999.0700000000361 8.21174414062989 741.8354616436308 731.8187524107582 8361.86866328427 8361.86866328427 1012.8103977943218 10.016709232872614 2123846.6192572834 2123846.6192572834 2300.0 128.0 231005.0#231005.0#2300_232993.0#232993.0#2300_235010.0#235010.0#2300_236997.0#236997.0#2300 231003.0#231003.0#128_232991.0#232991.0#128_235007.0#235007.0#128_236995.0#236995.0#128
238000.0 245000.0 85.74450390622951 735.8721472355805 268.53456456951903 999.3539999999921 308.052001953125 716.603485084199 703.5363063369164 10887.611539690413 10887.611539690413 941.6133901664089 13.06717874728263 1998588.991978241 1986972.991978241 1900.0 128.0 236997.0#236997.0#2300_238999.0#238999.0#2300_240994.0#240994.0#2300_243459.0#243459.0#1500_243461.0#243461.0#1500_244519.0#244519.0#1500 238997.0#238997.0#128_240993.0#240993.0#128_241479.0#241479.0#128_244688.0#244688.0#128_244690.0#244690.0#128
245000.0 252000.0 26.452978515531868 597.4542860753752 425.644572112808 999.9440000000177 25.924998046888504 928.1606112644956 914.1588349947724 11682.931574254377 11682.931574254377 1198.7055930024767 14.001776269723212 2058247.2077102135 2058247.2077102135 2033.3333333333333 128.0 244519.0#244519.0#1500_245688.0#245688.0#1500_247484.0#247484.0#2300_247486.0#247486.0#2300_249467.0#249467.0#2300_251245.0#251245.0#2300 244690.0#244690.0#128_245867.0#245867.0#128_247479.0#247479.0#128_247481.0#247481.0#128_249043.0#249043.0#128_251407.0#251407.0#128
252000.0 259000.0 1907.9015605468303 647.2170193359431 431.75693877832157 999.9830000000075 5.594970703125 554.6894654775853 545.7528209658716 7432.171689237031 7432.171689237031 846.4425527369668 8.936644511713661 1540535.3078713364 1540535.3078713364 2300.0 128.0 251245.0#251245.0#2300_253167.0#253167.0#2300_256993.0#256993.0#2300_258993.0#258993.0#2300 253059.0#253059.0#128_256990.0#256990.0#128_258993.0#258993.0#128
259000.0 266000.0 410.2560019530938 703.2779143880276 326.51401460020776 998.2910000000265 127.39000000001397 604.8654613157262 592.8710608444457 10002.285196818179 10002.285196818179 900.6961401956769 11.994400471280496 1653900.987145841 1653900.987145841 1660.0 128.0 258993.0#258993.0#2300_260986.0#260986.0#1500_260989.0#260989.0#1500_262989.0#262989.0#1500_264986.0#264986.0#1500 258993.0#258993.0#128_261475.0#261475.0#128_261477.0#261477.0#128_263475.0#263475.0#128_265474.0#265474.0#128
266000.0 273000.0 614.6362968750182 674.1459574218917 416.68986941720993 999.314000000013 2.10498046875 643.2212456828422 630.1206422026279 10931.46013028984 10931.46013028984 952.2455316515367 13.100603480214438 1711551.4535854307 1698483.4535854307 1728.5714285714287 128.0 264986.0#264986.0#1500_266994.0#266994.0#1500_268048.0#268048.0#1500_269161.0#269161.0#1500_270987.0#270987.0#1500_272995.0#272995.0#2300_272996.0#272996.0#2300 267475.0#267475.0#128_268324.0#268324.0#128_269445.0#269445.0#128_270987.0#270987.0#128_272992.0#272992.0#128_272993.0#272993.0#128
273000.0 280000.0 34.050365234317724 635.3868996394315 428.41911158216345 999.2110000000102 65.68794335937127 742.4597311751519 730.5603346553663 9923.53986971016 9923.53986971016 1151.296792246934 11.899396519785562 2099738.051708938 2099738.051708938 2300.0 128.0 272995.0#272995.0#2300_272996.0#272996.0#2300_275018.0#275018.0#2300_276993.0#276993.0#2300_279145.0#279145.0#2300 272992.0#272992.0#128_272993.0#272993.0#128_275016.0#275016.0#128_276990.0#276990.0#128_279051.0#279051.0#128
280000.0 287000.0 44.61197851545876 706.2606447088236 407.8728774196171 998.9479999999749 6.819091796875 712.7029738244624 701.6961488358754 9171.746640390265 9171.746640390265 1089.0646982195742 11.006824988587015 2012492.820356667 2012492.820356667 2300.0 128.0 279145.0#279145.0#2300_280999.0#280999.0#2300_283027.0#283027.0#2300_284995.0#284995.0#2300_286992.0#286992.0#2300 280997.0#280997.0#128_283024.0#283024.0#128_284993.0#284993.0#128_286990.0#286990.0#128
287000.0 294000.0 47.562740234367084 676.0719916548273 441.27440569915956 998.7949999999837 79.68699999997625 714.2970261755376 704.3038511641246 8342.253359609735 8342.253359609735 1097.9353017804258 9.993175011412987 2063720.179643333 2063720.179643333 2300.0 128.0 286992.0#286992.0#2300_288994.0#288994.0#2300_291011.0#291011.0#2300_293001.0#293001.0#2300 286990.0#286990.0#128_288992.0#288992.0#128_291009.0#291009.0#128_292999.0#292999.0#128
