ts te idle avg_span std_span max_span min_span c_bytes_all s_bytes_all avg_video_rate avg_audio_rate video_requests_sequence audio_requests_sequence
0 2000 2000.0 0.0 0.0 0.0 0.0 0.0 0.0 0.0 0.0 - -
2000 4000 2000.0 0.0 0.0 0.0 0.0 0.0 0.0 0.0 0.0 - -
4000 6000 2000.0 0.0 0.0 0.0 0.0 0.0 0.0 0.0 0.0 - -
6000 8000 1386.604736328125 613.395263671875  613.395263671875 613.395263671875 3787.6260424609895 7467.034197994522 0.0 0.0 - -
8000 10000 1047.5922636718606 476.2038681640697 635.1206688788284 925.3020000000251 27.10573632811429 1400.3739575390105 7591.965802005478 0.0 0.0 - -
10000 12000 90.32203906250652 954.8389804687467 40.31077100323673 983.3429999999935 926.3349609375 9064.86291379369 281341.79024407605 288.0 128.0 10162.0#10162.0#288 10160.0#10160.0#128_11224.0#11224.0#128
12000 14000 57.31589257810265 647.5613691406325 531.5433743182467 996.7810000000172 35.83303906250512 4466.147049530736 122701.39163639708 288.0 128.0 10162.0#10162.0#288_12183.0#12183.0#288 11224.0#11224.0#128_12280.0#12280.0#128
14000 16000 61.523167968785856 646.1589440104048 499.5658178070212 994.1419999999925 73.7369316405966 3668.7381843091844 83756.353574516 288.0 128.0 12183.0#12183.0#288_14866.0#14866.0#288 12280.0#12280.0#128_15147.0#15147.0#128
16000 18000 32.57060937501956 655.8097968749935 465.761925568107 987.4789999999921 123.32709960936336 4815.166095316905 91208.50405821136 288.0 128.0 14866.0#14866.0#288_17837.0#17837.0#288 15147.0#15147.0#128_17846.0#17846.0#128
18000 20000 19.60232421872206 660.1325585937593 459.2185853062542 992.5179999999818 136.1387089844211 3614.301034550146 121183.69255049032 288.0 128.0 17837.0#17837.0#288 17846.0#17846.0#128
20000 22000 75.93902343750233 641.3536588541659 441.6317445732186 980.2810000000172 141.91303320310544 4378.606042509224 101112.57763035524 288.0 128.0 17837.0#17837.0#288_20297.0#20297.0#288 20394.0#20394.0#128
22000 24000 25.741650390671566 658.0861165364428 417.859797094933 992.6290000000154 189.70405664062127 4670.39823952618 117787.83950361423 288.0 128.0 20297.0#20297.0#288_22775.0#22775.0#288 22794.0#22794.0#128
24000 26000 60.935414062521886 646.3548619791594 410.89062324855536 997.725999999966 194.5627070312621 4512.805695284743 120039.1315774552 288.0 128.0 22775.0#22775.0#288_24758.0#24758.0#288 22794.0#22794.0#128_24789.0#24789.0#128
26000 28000 37.130777343700174 654.2897408854333 379.20492186595783 986.2580000000307 241.0321210937691 5071.312545645187 150258.88104821683 288.0 128.0 24758.0#24758.0#288_26942.0#26942.0#288 26957.0#26957.0#128
28000 30000 49.84299609391019 650.0523346353633 374.93502405442854 985.9309999999241 245.54289843747392 4861.245230708534 135272.18529132532 288.0 128.0 26942.0#26942.0#288_28693.0#28693.0#288 28707.0#28707.0#128
30000 32000 31.598984375072177 656.1336718749759 376.90038664830865 999.689000000013 252.987894531223 5880.618686920585 145347.0141818729 288.0 128.0 28693.0#28693.0#288_30673.0#30673.0#288_31988.0#31988.0#288 30705.0#30705.0#128
32000 34000 21.125232421793044 659.624922526069 356.1756524011791 989.119000000006 281.7198789063259 3860.085296313182 131831.40009119213 288.0 128.0 30673.0#30673.0#288_31988.0#31988.0#288 32052.0#32052.0#128
34000 36000 35.01398632809287 654.9953378906357 355.66865872421187 987.487000000081 279.9741113280761 4287.128246116592 84655.83076412954 288.0 128.0 31988.0#31988.0#288_34772.0#34772.0#288 32052.0#32052.0#128_34786.0#34786.0#128
36000 38000 132.96192968753166 622.3460234374894 351.78562382878636 995.8449999999721 297.2960976562463 3572.574707847196 97315.24127991256 288.0 128.0 34772.0#34772.0#288_37453.0#37453.0#288 34786.0#34786.0#128_37466.0#37466.0#128
38000 40000 80.65565820311895 639.781447265627 292.3446494465725 971.1259999999893 418.22102734376676 4713.931487417934 107749.82610849534 288.0 128.0 37453.0#37453.0#288_39286.0#39286.0#288 37466.0#37466.0#128_39731.0#39731.0#128
40000 42000 52.338376953150146 649.2205410156166 297.9962063055331 993.0479999999516 465.5276855468983 4055.7618568099797 111287.82711210527 288.0 128.0 39286.0#39286.0#288_41567.0#41567.0#288 39731.0#39731.0#128_41637.0#41637.0#128
42000 44000 30.446851562533993 656.517716145822 294.24480316198964 996.1259999999893 477.7880859375 4388.714221205311 110017.80022410136 288.0 128.0 41567.0#41567.0#288 41637.0#41637.0#128
44000 46000 34.89709375001257 655.0343020833292 285.13126319354365 983.3640000000014 469.6669921875 4758.0787378098175 131395.57809960583 288.0 128.0 41567.0#41567.0#288_44128.0#44128.0#288_45970.0#45970.0#288 44166.0#44166.0#128
46000 48000 32.71072851557983 655.7630904948068 297.5031624017742 998.079000000027 459.645263671875 4728.749752559647 125021.5193402424 288.0 128.0 45970.0#45970.0#288 46008.0#46008.0#128
48000 50000 36.52533789072186 654.491554036426 297.29471972700543 992.8289999999688 435.0239257811918 4105.326339019416 101608.99576305601 288.0 128.0 45970.0#45970.0#288_48034.0#48034.0#288 48077.0#48077.0#128
50000 52000 61.49196289066458 646.1693457031118 305.3228696176083 995.6209999999846 431.011962890625 4589.3575601643915 107792.59450048258 288.0 128.0 48034.0#48034.0#288_51087.0#51087.0#288 51099.0#51099.0#128
52000 54000 53.75996289064642 648.7466790364512 308.00690083822536 989.7509999999893 390.75 4507.770973585847 105265.56077604156 288.0 128.0 51087.0#51087.0#288_53487.0#53487.0#288 51099.0#51099.0#128_53499.0#53499.0#128
54000 56000 31.810044921934605 656.0633183593551 315.7925167282335 995.1829999999609 370.428955078125 5922.283015831609 121869.19853326013 288.0 128.0 53487.0#53487.0#288_55452.0#55452.0#288 53499.0#53499.0#128_55530.0#55530.0#128
56000 58000 54.684025390655734 648.4386582031148 322.61379666860853 992.4349999999977 352.6279296875 4457.309544764915 123036.11800854668 288.0 128.0 55452.0#55452.0#288_57399.0#57399.0#288 55530.0#55530.0#128_57513.0#57513.0#128
58000 60000 56.35398046876071 647.8820065104131 325.322933518032 982.4330000000191 332.6479492186918 2647.852577764507 87916.58734615475 288.0 128.0 57399.0#57399.0#288 57513.0#57513.0#128
60000 62000 26.43403320305515 657.8553222656483 340.899552866867 994.5370000000112 312.888916015625 4297.088424923433 102959.6202498291 288.0 128.0 57399.0#57399.0#288_60986.0#60986.0#288 57513.0#57513.0#128_61009.0#61009.0#128
62000 64000 43.16891601559473 652.2770279948018 344.34533075726404 986.3439999999828 298.5 4804.599163724896 110364.84535566632 288.0 128.0 60986.0#60986.0#288_63124.0#63124.0#288 61009.0#61009.0#128_63135.0#63135.0#128
64000 66000 38.173007812467404 653.9423307291776 342.1747143971428 980.1770000000251 297.7919921875 4645.500043317199 129224.50791964485 288.0 128.0 63124.0#63124.0#288_65211.0#65211.0#288 63135.0#63135.0#128_65226.0#65226.0#128
66000 68000 41.805671874957625 652.7314427083475 342.33699880712845 976.1070000000182 294.1533203125 5278.028944294872 151255.96073832363 288.0 128.0 65211.0#65211.0#288_67048.0#67048.0#288 65226.0#65226.0#128_67069.0#67069.0#128
68000 70000 71.6422285157023 642.7859238280993 363.90114672180437 974.5319999999483 253.569091796875 4610.03340696456 93601.03461360827 288.0 128.0 67048.0#67048.0#288_69540.0#69540.0#288 67069.0#67069.0#128_69569.0#69569.0#128
70000 72000 33.27580859372392 655.5747304687587 387.2138439101479 990.6560000000172 231.665283203125 4102.985438431114 120268.42627146964 288.0 128.0 69540.0#69540.0#288_71772.0#71772.0#288 69569.0#69569.0#128_71850.0#71850.0#128
72000 74000 45.59633789060172 651.4678873697994 404.7754953528508 995.1359999999986 205.2939453125 4353.606138740289 95268.75986129534 288.0 128.0 71772.0#71772.0#288 71850.0#71850.0#128
74000 76000 35.56069726560963 654.8131009114635 403.15220604775163 983.5030000000261 204.979248046875 4513.982533500758 95303.76389237693 288.0 128.0 71772.0#71772.0#288_74645.0#74645.0#288 74654.0#74654.0#128
76000 78000 36.738355468725786 654.4205481770914 420.23482276692124 998.0320000000065 185.889892578125 5232.12452932128 125949.76169574093 288.0 128.0 74645.0#74645.0#288_76965.0#76965.0#288 74654.0#74654.0#128_76986.0#76986.0#128
78000 80000 19.993628906202503 660.0021236979325 431.5492235363137 993.6650000000373 172.645263671875 4982.058960469675 120718.87034298427 288.0 128.0 76965.0#76965.0#288_79045.0#79045.0#288 76986.0#76986.0#128_79062.0#79062.0#128
80000 82000 27.14299999998184 657.619000000006 436.92118353222827 997.8830000000307 164.895263671875 5213.101846199887 115666.87563521956 288.0 128.0 79045.0#79045.0#288_80964.0#80964.0#288 79062.0#79062.0#128_81053.0#81053.0#128
82000 84000 60.234347656311 646.5885507812296 468.51345900450923 997.8689999999478 114.638916015625 3628.882946331641 91331.8205691392 288.0 128.0 80964.0#80964.0#288 81053.0#81053.0#128
84000 86000 44.47386523440946 651.8420449218635 493.5612358003708 992.6660000000265 85.85205078119179 5029.82466641677 105694.91273989092 288.0 128.0 80964.0#80964.0#288_84026.0#84026.0#288 84037.0#84037.0#128
86000 88000 34.35803125001257 655.2139895833292 508.05130071759675 997.9739999999874 71.52001953119179 5220.663501122942 151293.3000928694 288.0 128.0 84026.0#84026.0#288_86425.0#86425.0#288 86436.0#86436.0#128
88000 90000 11.356933593691792 662.8810221354361 521.5128149639916 998.179999999993 62.0380859375 5348.332269260347 139969.50082184927 288.0 128.0 86425.0#86425.0#288_88304.0#88304.0#288 88316.0#88316.0#128
90000 92000 19.753964843868744 660.0820117187104 528.8261987694515 998.9569999999367 50.72412109369179 6093.658546933124 126073.7438317189 288.0 128.0 88304.0#88304.0#288_90140.0#90140.0#288_91643.0#91643.0#288 90187.0#90187.0#128_91724.0#91724.0#128
92000 94000 34.69512890628539 655.1016236979049 543.8658909486758 991.9369999999763 27.6669921875 4909.64032804675 159384.746623557 288.0 128.0 91643.0#91643.0#288_93180.0#93180.0#288 91724.0#91724.0#128_93192.0#93192.0#128
94000 96000 14.694078125001397 661.7686406249995 557.7478129416347 998.4130000000005 17.9619140625 5726.651854006572 155627.47909572968 288.0 128.0 93180.0#93180.0#288_94781.0#94781.0#288 94812.0#94812.0#128
96000 98000 20.774853515671566 659.7417154947761 564.5795646333055 991.9879999999539 7.862060546875 5289.020711535177 108594.44522429722 288.0 128.0 94781.0#94781.0#288_96794.0#96794.0#288 96803.0#96803.0#128
98000 100000 12.653060546843335 993.6734697265783 4.099140823683821 996.5720000000438 990.7749394531129 5057.089711153255 102872.18518093287 288.0 128.0 96794.0#96794.0#288_99623.0#99623.0#288 96803.0#96803.0#128_99646.0#99646.0#128
100000 102000 55.36100000003353 972.3194999999832 31.116233906117316 994.3219999999856 950.3169999999809 3106.0 84214.0 288.0 128.0 99623.0#99623.0#288 99646.0#99646.0#128
102000 104000 40.981050781323574 979.5094746093382 28.26521527216639 999.4959999999846 959.5229492186918 5068.12897554778 117552.87551603299 288.0 128.0 99623.0#99623.0#288_102021.0#102021.0#288 102105.0#102105.0#128
104000 106000 30.624849609390367 656.4583834635365 548.961038271352 993.1080000000075 22.990050781227183 4865.355946413021 114102.5441569483 288.0 128.0 102021.0#102021.0#288_104567.0#104567.0#288 102105.0#102105.0#128_104723.0#104723.0#128
106000 108000 54.14908789069159 648.6169707031028 527.0599663586995 993.6149999999907 41.92390039062593 4673.728235991511 93067.5018045525 288.0 128.0 104567.0#104567.0#288_106928.0#106928.0#288 104723.0#104723.0#128_106943.0#106943.0#128
108000 110000 52.0750566405477 649.3083144531507 515.3125688562078 996.8620000000228 57.25898828130448 4550.808346257583 112851.55841502475 288.0 128.0 106928.0#106928.0#288_109528.0#109528.0#288 106943.0#106943.0#128_109538.0#109538.0#128
110000 112000 39.881076171877794 653.3729746093741 480.4758101408727 990.3969999999972 103.196044921875 5138.68558180562 128836.47909251972 288.0 128.0 109528.0#109528.0#288_111576.0#111576.0#288 109538.0#109538.0#128_111584.0#111584.0#128
112000 114000 30.950919921859168 656.3496933593802 459.191731725451 993.0040000000154 133.26212109375047 5922.1783552843135 135089.1406207825 288.0 128.0 111576.0#111576.0#288_113550.0#113550.0#288 111584.0#111584.0#128_113569.0#113569.0#128
114000 116000 113.09298046864569 628.9690065104514 426.5522863243031 966.9160000000265 149.68804101570277 4821.599158376364 132628.78908399324 288.0 128.0 113550.0#113550.0#288_115228.0#115228.0#288 113569.0#113569.0#128_115247.0#115247.0#128
116000 118000 36.51095117186196 654.4963496093793 393.2494152817966 999.9629999999888 226.54802148439921 5754.525062442136 136159.16572793128 288.0 128.0 115228.0#115228.0#288_117050.0#117050.0#288 115247.0#115247.0#128_117058.0#117058.0#128
118000 120000 45.12105078127934 651.6263164062402 365.4850526745811 983.6329999999725 259.99497265624814 5448.6288688816 116086.86009172387 288.0 128.0 117050.0#117050.0#288_119268.0#119268.0#288 117058.0#117058.0#128_119288.0#119288.0#128
120000 122000 66.7926601562067 644.4024466145978 356.9094913059518 979.5410000000265 269.11702343751676 4437.781912572515 114956.2384741168 288.0 128.0 119268.0#119268.0#288_121350.0#121350.0#288 119288.0#119288.0#128_121481.0#121481.0#128
122000 124000 34.57221875007963 655.1425937499735 344.819033662205 990.631999999925 301.69568359374534 5339.4912441886145 118108.95571132292 288.0 128.0 121350.0#121350.0#288_123803.0#123803.0#288 121481.0#121481.0#128_123829.0#123829.0#128
124000 126000 33.8028124999837 655.3990625000055 332.51602796546786 988.3800000000047 323.34990234376164 4097.147349617733 112118.751905285 288.0 128.0 123803.0#123803.0#288 123829.0#123829.0#128
126000 128000 35.51134375005495 654.829552083315 322.65007023674445 984.8410000000149 340.08271484368015 7179.538338495655 181527.62958947738 288.0 128.0 123803.0#123803.0#288_126681.0#126681.0#288_127701.0#127701.0#288 126687.0#126687.0#128_127726.0#127726.0#128
128000 130000 22.991025390685536 659.0029915364381 326.8018355267376 997.8030000000144 345.69205859367503 8034.816441301664 165792.841355223 288.0 128.0 127701.0#127701.0#288_128949.0#128949.0#288 127726.0#127726.0#128_129047.0#129047.0#128
130000 132000 62.02703515620669 645.9909882812644 322.16646864681934 997.0800000000163 363.940083984402 5940.473257288977 152662.79391410772 288.0 128.0 128949.0#128949.0#288_130209.0#130209.0#288_131561.0#131561.0#288 130221.0#130221.0#128_131711.0#131711.0#128
132000 134000 29.11483007814968 656.9617233072835 302.8207639500936 998.7250000000349 422.0581191406236 6369.0246385919545 145697.02678977186 288.0 128.0 131561.0#131561.0#288_133343.0#133343.0#288 131711.0#131711.0#128_133510.0#133510.0#128
134000 136000 51.0719707030803 649.6426764323065 293.84617873743525 983.7619999999879 431.4089492188068 5643.48621234176 109970.37981260933 288.0 128.0 133343.0#133343.0#288_134987.0#134987.0#288 133510.0#133510.0#128_134994.0#134994.0#128
136000 138000 37.82105078129098 654.0596497395696 283.60253762466317 979.234999999986 457.913919921848 3943.378346574207 87158.18826940651 288.0 128.0 134987.0#134987.0#288_137495.0#137495.0#288 134994.0#134994.0#128_137723.0#137723.0#128
138000 140000 30.44006054691272 656.5199798176958 288.8258724204221 988.8899999999558 466.5019707031315 5481.361070922684 126062.97258095269 288.0 128.0 134987.0#134987.0#288_137495.0#137495.0#288_139812.0#139812.0#288 137723.0#137723.0#128_139993.0#139993.0#128
140000 142000 11.815976562502328 662.7280078124992 289.0875586139289 996.2579999999725 484.13403125002515 6360.961091208666 144207.62544216283 288.0 128.0 139812.0#139812.0#288_141256.0#141256.0#288 139993.0#139993.0#128_141565.0#141565.0#128
142000 144000 39.994103515695315 653.3352988281016 293.4214186688022 992.1459999999497 482.660888671875 7351.629776752682 157064.44490605162 288.0 128.0 141256.0#141256.0#288_142707.0#142707.0#288 141565.0#141565.0#128_143158.0#143158.0#128
144000 146000 27.73064062499907 657.423119791667 290.00190474828 991.0800000000163 465.979248046875 6628.374152332135 168857.09471091116 288.0 128.0 142707.0#142707.0#288_144036.0#144036.0#288_145826.0#145826.0#288 143158.0#143158.0#128_144432.0#144432.0#128_145995.0#145995.0#128
146000 148000 27.08225976570975 657.6392467447635 297.7879475672677 997.6429999999818 443.1879882811918 8349.97785402497 188445.96699186374 288.0 128.0 145826.0#145826.0#288_146878.0#146878.0#288 145995.0#145995.0#128_147222.0#147222.0#128
148000 150000 26.614013671933208 657.7953287760223 290.99877907572454 987.8199999999488 438.073974609375 7400.859987155441 192611.33809692258 288.0 128.0 146878.0#146878.0#288_148162.0#148162.0#288_149667.0#149667.0#288 147222.0#147222.0#128_148422.0#148422.0#128_149724.0#149724.0#128
150000 152000 24.438896484440193 658.52036783852 292.62065354714895 989.8769999999786 435.580078125 8591.279433132579 182107.76428000862 288.0 128.0 149667.0#149667.0#288_150977.0#150977.0#288 149724.0#149724.0#128_150984.0#150984.0#128
152000 154000 99.29701562499395 633.5676614583354 252.2839085653003 916.2129999999888 431.1640625 6780.655341526608 174946.70125203748 288.0 128.0 150977.0#150977.0#288_152228.0#152228.0#288_153622.0#153622.0#288 152375.0#152375.0#128_153724.0#153724.0#128
154000 156000 27.133089843729977 657.6223033854234 304.79678715163715 998.9510000000009 412.64697265625 8230.630399215337 186888.87332084725 288.0 128.0 153622.0#153622.0#288_155059.0#155059.0#288 153724.0#153724.0#128_155100.0#155100.0#128
156000 158000 35.57995117187966 654.8066829427067 304.20497687778135 989.25 394.572021484375 7080.093008113551 182332.0419015131 288.0 128.0 155059.0#155059.0#288_156315.0#156315.0#288_157640.0#157640.0#288 156414.0#156414.0#128_157652.0#157652.0#128
158000 160000 34.06800000008661 655.3106666666378 306.06464842702974 988.3229999999166 386.322021484375 7108.614504407887 162866.33851555007 288.0 128.0 157640.0#157640.0#288_159281.0#159281.0#288 157652.0#157652.0#128_159480.0#159480.0#128
160000 162000 27.751015624962747 657.4163281250125 309.92313755719795 991.9990000000107 380.156005859375 7028.592230825495 165789.91853608715 288.0 128.0 159281.0#159281.0#288_160670.0#160670.0#288 159480.0#159480.0#128_161223.0#161223.0#128
162000 164000 28.49492773442762 657.1683574218574 305.7589561333764 984.5969999999506 379.080078125 7219.228566652584 175906.20863848517 288.0 128.0 160670.0#160670.0#288_162406.0#162406.0#288_163416.0#163416.0#288 161223.0#161223.0#128_163224.0#163224.0#128
164000 166000 16.835191406309605 661.0549361978968 314.27377209839614 994.2770000000019 369.9838867186918 6126.270013134352 153137.51509652898 288.0 128.0 162406.0#162406.0#288_163416.0#163416.0#288_165224.0#165224.0#288 163224.0#163224.0#128_165223.0#165223.0#128
166000 168000 14.726921875029802 661.7576927083234 319.30144130523803 998.4679999999935 363.31396484375 6332.643703950252 146047.68160188335 288.0 128.0 165224.0#165224.0#288_167219.0#167219.0#288 167226.0#167226.0#128
168000 170000 1132.898689453199 433.5506552734005 141.2892971406356 533.457275390625 333.64403515617596 3337.0648764151983 67055.18401926574 288.0 128.0 167219.0#167219.0#288_169466.0#169466.0#288 167226.0#167226.0#128_169723.0#169723.0#128
170000 172000 56.38321093749255 647.8722630208358 296.1986853430263 986.1450000000186 435.0057246093638 5737.159551802479 128898.75114464684 288.0 128.0 169466.0#169466.0#288_171722.0#171722.0#288 169723.0#169723.0#128_171857.0#171857.0#128
172000 174000 74.32903515617363 641.8903216146088 305.62341644545796 990.8810000000522 422.0099355468992 5369.117108842456 94844.51846380171 288.0 128.0 169466.0#169466.0#288_171722.0#171722.0#288 171857.0#171857.0#128_173692.0#173692.0#128
174000 176000 36.7147792968899 654.4284069010367 292.61238438934356 992.0050000000047 473.24897070310544 4755.2141118618065 88736.80366917516 288.0 128.0 171722.0#171722.0#288_174275.0#174275.0#288 173692.0#173692.0#128_175501.0#175501.0#128
176000 178000 37.34399218746694 654.2186692708443 296.4133677828277 996.4710000000196 480.1957500000135 4033.305230876691 74213.70280986174 288.0 128.0 174275.0#174275.0#288 175501.0#175501.0#128
178000 180000 38.335281250067055 653.888239583311 295.3078408802445 993.73199999996 459.7509765625 4022.8643176156447 74337.65106856803 288.0 128.0 174275.0#174275.0#288_178082.0#178082.0#288 178225.0#178225.0#128
180000 182000 27.78991406247951 657.4033619791735 301.3642167702738 999.9170000000158 432.9140625 5292.390340000587 102554.71640262604 288.0 128.0 178082.0#178082.0#288_181410.0#181410.0#288 178225.0#178225.0#128_181415.0#181415.0#128
182000 184000 24.643150390591472 658.4522832031362 300.172809493463 995.3390000000363 419.409912109375 6750.725292941814 143432.41959006427 288.0 128.0 181410.0#181410.0#288_183236.0#183236.0#288 181415.0#181415.0#128_183250.0#183250.0#128
184000 186000 33.90984570304863 655.3633847656505 301.9364753471444 993.6010000000242 413.01806640625 8135.294391896601 189669.73698989925 288.0 128.0 183236.0#183236.0#288_184836.0#184836.0#288_185919.0#185919.0#288 183250.0#183250.0#128_184842.0#184842.0#128_186000.0#186000.0#128
186000 188000 26.661138671799563 657.7796204427335 306.4739861279545 996.4100000000326 399.450927734375 9975.562613469883 206960.6700995204 288.0 128.0 185919.0#185919.0#288_187248.0#187248.0#288 186000.0#186000.0#128_187274.0#187274.0#128
188000 190000 120.0589394532144 626.6470201822618 246.26410288655453 885.6139999999432 395.43798828125 8730.226793680467 201308.49415441573 288.0 128.0 187248.0#187248.0#288_188273.0#188273.0#288_189169.0#189169.0#288 188315.0#188315.0#128
190000 192000 35.969699218752794 654.6767669270824 311.86029643281296 991.4279999999562 375.8212890625 7137.702100763668 163472.96774866167 288.0 128.0 189169.0#189169.0#288_190352.0#190352.0#288 190222.0#190222.0#128
192000 194000 18.478308593737893 660.5072304687541 313.3024186273895 992.545999999973 370.10498046875 5857.983446880376 127576.83627265968 288.0 128.0 190352.0#190352.0#288_192018.0#192018.0#288 192223.0#192223.0#128
194000 196000 31.128869140637107 656.2903769531209 313.00427718153827 983.844000000041 360.214111328125 5381.546051205692 111996.53735781254 288.0 128.0 192018.0#192018.0#288_194283.0#194283.0#288 192223.0#192223.0#128_194160.0#194160.0#128_195724.0#195724.0#128
196000 198000 30.525072265649214 656.491642578117 322.35754279314807 993.6280000000261 351.2900390625 6041.770316429962 123850.97859878879 288.0 128.0 194283.0#194283.0#288_196553.0#196553.0#288 195724.0#195724.0#128_197721.0#197721.0#128
198000 200000 24.192933593760245 658.6023554687466 322.97997370177444 988.5370000000112 343.05810546875 5964.857080051414 123784.39364092419 288.0 128.0 196553.0#196553.0#288_198051.0#198051.0#288_199954.0#199954.0#288 197721.0#197721.0#128_199721.0#199721.0#128
200000 202000 27.790066406247206 657.4033111979176 330.3494056488307 995.1979999999749 335.0400390625 6425.307188548572 148642.91087955443 288.0 128.0 198051.0#198051.0#288_199954.0#199954.0#288_201858.0#201858.0#288 199721.0#199721.0#128_201725.0#201725.0#128
202000 204000 105.93312890618108 631.3556236979397 348.03620496085114 964.1530000000494 269.85791015625 7288.797663296393 149247.00010162403 288.0 128.0 199954.0#199954.0#288_201858.0#201858.0#288_203434.0#203434.0#288 201725.0#201725.0#128_203729.0#203729.0#128
204000 206000 19.96991406241432 660.0100286458619 372.51330641949795 999.5080000000307 261.52099609375 7658.37617655992 159929.77437510653 288.0 128.0 203434.0#203434.0#288_205297.0#205297.0#288 203729.0#203729.0#128_205725.0#205725.0#128
206000 208000 51.673931640572846 649.4420227864757 378.31599167953664 976.1800000000512 234.966064453125 4690.139114614357 77018.36003945122 288.0 128.0 205297.0#205297.0#288_207727.0#207727.0#288 205725.0#205725.0#128_207724.0#207724.0#128
208000 210000 39.100144531344995 653.6332851562183 383.64134998361436 978.7589999999618 230.492919921875 4932.210629241051 140897.46831687322 288.0 128.0 207727.0#207727.0#288 207724.0#207724.0#128_209725.0#209725.0#128
210000 212000 35.76894140616059 654.7436861979464 410.08654378643456 997.219000000041 200.302978515625 4561.800482463888 91618.38128686303 288.0 128.0 207727.0#207727.0#288_210373.0#210373.0#288 209725.0#209725.0#128_211608.0#211608.0#128
212000 214000 21.828087890637107 659.3906373697877 425.63841362913 998.7929999999469 181.837890625 6206.171485019664 132860.84988221113 288.0 128.0 210373.0#210373.0#288_213278.0#213278.0#288 211608.0#211608.0#128_213389.0#213389.0#128
214000 216000 26.047638671821915 657.9841204427261 435.3365799599021 999.6620000000112 167.833251953125 6732.096911830453 148134.52166446482 288.0 128.0 213278.0#213278.0#288_214889.0#214889.0#288 213389.0#213389.0#128_215226.0#215226.0#128
216000 218000 34.24513867183123 655.2516204427229 438.95304709597764 981.26800000004 156.14111328125 7863.422104461374 178971.0039368199 288.0 128.0 214889.0#214889.0#288_216385.0#216385.0#288 215226.0#215226.0#128_217224.0#217224.0#128
218000 220000 146.5462070312351 617.8179309895883 499.1698664470291 995.4200000000419 51.87890625 7376.768930482867 170740.4627613686 288.0 128.0 216385.0#216385.0#288_218050.0#218050.0#288_219209.0#219209.0#288 217224.0#217224.0#128_219223.0#219223.0#128
220000 222000 117.97290625004098 941.0135468749795 9.607526127252894 947.807093749987 934.2199999999721 7451.1782834184905 147038.69852233597 288.0 128.0 219209.0#219209.0#288_220725.0#220725.0#288 219223.0#219223.0#128_220724.0#220724.0#128
222000 224000 144.3691132812528 927.8154433593736 98.22640439690495 997.2719999999972 858.35888671875 6040.171196523738 147243.02140739217 288.0 128.0 222728.0#222728.0#288 222727.0#222727.0#128
224000 226000 89.70092968747485 636.7663567708418 446.59733136463984 991.9290000000037 135.38911328127142 6267.979055658652 143759.59411778895 288.0 128.0 222728.0#222728.0#288_225052.0#225052.0#288 222727.0#222727.0#128_224797.0#224797.0#128
226000 228000 48.87707812502049 650.3743072916599 416.54011866728877 990.7229999999981 185.87404296873137 6682.482201075913 156813.71129629176 288.0 128.0 225052.0#225052.0#288_226576.0#226576.0#288 226724.0#226724.0#128
228000 230000 28.525845703086816 657.1580514323044 401.71508345138585 994.3800000000047 212.71012109378353 6901.27460009272 145502.76347878692 288.0 128.0 226576.0#226576.0#288_228606.0#228606.0#288 226724.0#226724.0#128_228485.0#228485.0#128
230000 232000 18.07412890624255 660.6419570312524 388.40654391765753 989.3159999999916 232.03296679689083 6282.175900223698 124648.85971989177 288.0 128.0 228606.0#228606.0#288_230293.0#230293.0#288 230426.0#230426.0#128
232000 234000 93.01593750005122 635.6613541666496 383.3459775114337 989.7770000000019 228.59109570307191 5756.336524513241 114392.4021935157 288.0 128.0 230293.0#230293.0#288_232731.0#232731.0#288 232729.0#232729.0#128
234000 236000 168.42397851566784 610.5253404947774 386.2437198489739 997.435999999987 224.9520332030952 6269.69843203917 116813.23860506697 288.0 128.0 232731.0#232731.0#288_234430.0#234430.0#288_235814.0#235814.0#288 234428.0#234428.0#128_235406.0#235406.0#128
236000 238000 30.71573046874255 656.4280898437524 311.62536665596576 993.4919999999693 378.8030117187882 6112.820148624678 93364.73015880004 288.0 128.0 235814.0#235814.0#288_237177.0#237177.0#288 235406.0#235406.0#128_236904.0#236904.0#128
238000 240000 34.697322265594266 655.1008925781352 303.43214335523123 991.1620000000112 401.23174218751956 4784.106815643622 91068.65199650658 288.0 128.0 237177.0#237177.0#288_239902.0#239902.0#288 236904.0#236904.0#128_239139.0#239139.0#128
240000 242000 20.494041015626863 659.8353196614577 299.04273173831785 993.0429999999469 414.7710644531762 5811.447221493452 111618.2358992463 288.0 128.0 237177.0#237177.0#288_239902.0#239902.0#288 239139.0#239139.0#128_241364.0#241364.0#128
242000 244000 20.002900390536524 659.9990332031545 302.84746645455465 998.1530000000494 413.7501054687891 10289.619539070958 239300.96903059032 288.0 128.0 239902.0#239902.0#288_242312.0#242312.0#288_243061.0#243061.0#288 241364.0#241364.0#128_242427.0#242427.0#128
244000 246000 430.5149765624665 523.1616744791778 405.10709985157513 966.4780000000028 172.218017578125 6222.597013625836 135988.93511243386 288.0 128.0 244229.0#244229.0#288_245816.0#245816.0#288 244226.0#244226.0#128_245814.0#245814.0#128
246000 248000 1428.4540175781585 571.5459824218415  571.5459824218415 571.5459824218415 3729.291351414322 85135.88698368872 288.0 128.0 245816.0#245816.0#288 245814.0#245814.0#128
248000 250000 1894.1639999999898 105.83600000001024  105.83600000001024 105.83600000001024 891.0 4679.0 0.0 0.0 - -
250000 252000 287.3378808593843 856.3310595703078 201.5734316541363 998.8649999999907 713.797119140625 17008.101139708582 334140.63025567145 2026.6666666666667 128.0 250288.0#250288.0#4400_250490.0#250490.0#840_251548.0#251548.0#840 250283.0#250283.0#128_250729.0#250729.0#128_251728.0#251728.0#128
252000 254000 13.784009765600786 662.0719967447998 362.09582522992173 996.6659999999683 277.6378808594309 13438.516194999767 342108.2298637956 840.0 128.0 250490.0#250490.0#840_251548.0#251548.0#840_253081.0#253081.0#840 251728.0#251728.0#128_253221.0#253221.0#128
254000 256000 11.618171875015832 662.793942708328 357.2142103004904 995.5740000000224 285.3468906249618 14694.82289515384 364426.86233358877 840.0 128.0 253081.0#253081.0#840_254527.0#254527.0#840_255960.0#255960.0#840 254728.0#254728.0#128
256000 258000 8.886042968719266 663.7046523437602 355.24080292578265 998.0620000000345 290.7350624999963 14005.825270677004 364792.85598274664 840.0 128.0 254527.0#254527.0#840_255960.0#255960.0#840_257371.0#257371.0#840 256222.0#256222.0#128_257713.0#257713.0#128
258000 260000 14.48477343749255 661.8384088541692 351.0312775090121 996.0520000000251 296.1141054687323 13875.66379203174 340184.5244884101 840.0 128.0 257371.0#257371.0#840_258866.0#258866.0#840 257713.0#257713.0#128_259141.0#259141.0#128
260000 262000 11.772099609370343 662.7426334635433 346.4899297858709 996.1500000000233 304.5058789062314 13719.205672765445 368313.5518805488 840.0 128.0 258866.0#258866.0#840_260184.0#260184.0#840_261507.0#261507.0#840 261222.0#261222.0#128
262000 264000 10.349906250019558 663.2166979166601 343.0777992038253 996.2770000000019 310.9299785156036 12247.545084034304 304304.76173513685 840.0 128.0 261507.0#261507.0#840_263228.0#263228.0#840 263226.0#263226.0#128
264000 266000 13.782181640621275 662.0726061197929 340.4541725627035 996.9409999999916 316.2948847656371 10069.551673496224 246698.56771426238 840.0 128.0 263228.0#263228.0#840_265231.0#265231.0#840 265228.0#265228.0#128
266000 268000 10.658923828043044 663.113692057319 335.399079752883 995.9100000000326 325.17106640629936 10040.55423881673 248331.09178805997 840.0 128.0 265231.0#265231.0#840_267225.0#267225.0#840 267224.0#267224.0#128
268000 270000 7.867064453079365 664.0443118489735 335.0600222679376 999.0420000000158 328.9219902344048 14798.435316565687 314361.01175475697 840.0 128.0 267225.0#267225.0#840_268731.0#268731.0#840 268729.0#268729.0#128
270000 272000 471.0679628906073 509.64401236979757 418.73740809521763 993.1589999999851 266.906982421875 10704.156757710305 250402.08411458562 840.0 128.0 268731.0#268731.0#840_270732.0#270732.0#840 270731.0#270731.0#128
272000 274000 46.771714843809605 651.0760950520635 390.6049235508405 994.6909999999916 226.249267578125 9948.732685214703 245370.09471584138 840.0 128.0 270732.0#270732.0#840_272731.0#272731.0#840 272730.0#272730.0#128
274000 276000 50.91433007805608 649.6952233073147 399.5096414498175 999.4910000000382 214.3359375 10066.549366262452 246695.4439660212 840.0 128.0 272731.0#272731.0#840_274734.0#274734.0#840 274732.0#274732.0#128
276000 278000 9.951820312417112 663.3493932291943 405.11570054072195 997.76800000004 212.8701171875 10294.411770138278 251125.4937384852 840.0 128.0 274734.0#274734.0#840_276733.0#276733.0#840 276731.0#276731.0#128
278000 280000 18.268136718776077 660.577287760408 411.8740234008489 998.6609999999637 201.85498046875 10233.012750202557 249831.15169725422 840.0 128.0 276733.0#276733.0#840_278733.0#278733.0#840 278731.0#278731.0#128
280000 282000 12.610029296949506 662.4633235676835 414.1269356309731 992.6829999999609 197.824951171875 10646.766906208246 272137.6076998798 840.0 128.0 278733.0#278733.0#840_280733.0#280733.0#840 280731.0#280731.0#128
282000 284000 424.8029511718778 787.5985244140611 12.17287776476874 796.206048828084 778.9910000000382 10227.148486014132 234823.03627095502 840.0 128.0 280733.0#280733.0#840_282239.0#282239.0#840 282237.0#282237.0#128
284000 286000 140.38188476557843 929.8090576172108 94.20916918807103 996.4250000000466 863.193115234375 10857.21423875682 255496.69416379914 840.0 128.0 284233.0#284233.0#840 284230.0#284230.0#128
286000 288000 49.34322656248696 650.218924479171 456.01179982492465 998.3449999999721 134.02588476566598 10367.16537359727 252742.78763736985 840.0 128.0 286221.0#286221.0#840 286220.0#286220.0#128
288000 290000 64.58979687502142 645.1367343749929 452.8979742143348 997.4379999999655 134.27811132813804 9934.832087712944 241565.10214491698 840.0 128.0 288229.0#288229.0#840 288226.0#288226.0#128
290000 292000 13.637187500018626 662.1209374999938 422.2273134506239 995.4579999999842 187.3279082031222 11546.772431662725 293216.9505896813 840.0 128.0 290225.0#290225.0#840 290219.0#290219.0#128
292000 294000 27.50295507814735 657.4990149739509 413.8790870334595 995.0030000000261 195.72109570307657 14014.252549310571 368800.7038029029 840.0 128.0 292216.0#292216.0#840_293728.0#293728.0#840 292214.0#292214.0#128_293727.0#293727.0#128
294000 296000 607.9629140624311 464.0123619791896 387.0813025189486 909.6750000000466 211.67605078127235 9845.925320371192 222189.34289676568 840.0 128.0 293728.0#293728.0#840_295733.0#295733.0#840 293727.0#293727.0#128_295728.0#295728.0#128
296000 298000 52.32175781240221 649.2260807291992 393.1656494117784 996.8000000000466 222.50927734375 11822.274647156622 261465.75770944916 840.0 128.0 295733.0#295733.0#840_297725.0#297725.0#840 295728.0#295728.0#128_297724.0#297724.0#128
