ts te idle avg_span std_span max_span min_span c_bytes_all s_bytes_all avg_video_rate avg_audio_rate video_requests_sequence audio_requests_sequence
0 7000 6918.85400390625 81.14599609375  81.14599609375 81.14599609375 677.2033401196076 13664.751668921403    
7000 14000 2268.8709960937376 788.5215006510438 318.5374383139644 997.9910000000018 171.70500000000175 43616.79665988039 9989056.248331077    
14000 21000 3200.4689999999973 759.9062000000006 286.46989037453756 998.3340000000026 358.2450000000026 26138.0 7873495.0    
21000 28000 4650.398017578133 587.4004956054669 164.67435941274263 748.4429999999993 376.8059999999896 24916.67241010454 7151432.586682331    
28000 35000 3167.7169824218727 766.4566035156255 269.8069992638367 967.3669999999984 376.1370175781267 30553.32758989546 8978053.41331767    
35000 42000 3791.68299999999 641.663400000002 398.05098094503126 999.2290000000066 92.09300000000076 28000.0 7927180.0    
42000 49000 3430.9870000000083 594.8354999999987 438.01042330051735 999.6739999999991 32.95200000000477 28585.0 7968810.0    
49000 56000 5598.784999999989 350.30375000000276 349.8069836908852 794.5299999999988 56.67200000000594 20819.0 6016175.0    
56000 63000 5077.655000000013 640.7816666666622 197.48173981999955 795.9499999999971 418.4869999999937 21203.0 6066402.0    
63000 70000 3075.763896484379 784.8472207031242 211.95425294426136 999.9499999999971 515.631103515625 34495.864653973425 9736634.786618143    
70000 77000 5633.161103515595 341.7097241211013 344.9343486403661 693.8680000000022 42.222896484381636 14367.135346026575 4052892.213381856    
77000 84000 4671.841070312497 582.0397324218757 363.5356552172482 926.8340000000026 91.2960000000021 33835.556624608405 9851856.984509936    
84000 91000 2908.791003906241 681.8681660156266 361.4739586644621 993.0770000000048 76.52907031250652 25716.895428254968 7327653.406650309    
91000 98000 1646.5566660156328 764.7776191406239 246.81628487754313 996.9279999999999 484.5610742187564 24842.303012285945 7007639.881786942    
98000 105000 3077.320259765678 653.7799567057203 402.4874436006526 999.9219999999914 48.54099999999744 20444.244934850685 5908711.727052812    
105000 112000 4440.476999999984 639.8807500000039 109.47348184338892 734.9130000000005 499.83100000002014 28711.0 8101931.0    
112000 119000 3096.930000000022 780.6139999999956 231.7417963812327 999.7049999999872 510.19899999999325 27456.0 7938349.0    
119000 126000 4768.879048828123 446.22419023437544 396.9804939187315 979.0290000000095 45.12299999999232 27379.071105646315 7744953.066420251    
126000 133000 5517.524951171887 370.61876220702834 326.54433327266526 696.7319999999891 61.931048828118946 21396.928894353685 6193672.93357975    
133000 140000 2507.628000000026 898.4743999999948 165.71872435636791 999.8520000000135 606.435999999987 29505.0 8140221.0    
140000 147000 3144.0079999999725 771.1984000000054 267.6687287129424 996.0450000000128 405.5659999999916 20901.0 5909351.0    
147000 154000 4722.878884765611 569.2802788085974 106.77232943600687 694.2760000000126 439.6849999999977 29302.074336163892 8450149.354134858    
154000 161000 5095.969115234417 476.00772119139583 354.9135174734595 949.43299999999 99.38800000000629 26386.925663836108 7507108.645865142    
161000 168000 5205.872007812461 448.53199804688484 225.0965033080617 606.7229999999981 114.62100000004284 19770.74401261122 5480019.012832611    
168000 175000 3672.412992187339 665.5174015625322 209.69608210814195 983.68299999999 456.80300781250116 30008.25598738878 8607540.987167388    
175000 182000 5508.417000000074 372.8957499999815 232.68236062547777 609.5689999999595 55.64499999998952 20692.0 5943425.0    
182000 189000 2540.061999999947 891.9876000000106 213.5977971159872 998.0130000000063 510.99199999999837 28021.0 8048286.0    
189000 196000 4779.11187890626 555.2220302734349 127.65175010735686 716.8839999999909 405.0350000000035 25257.454802424298 7225493.433955185    
196000 203000 4753.892121093755 561.5269697265612 185.3531771074559 793.2259999999951 341.7158789062523 23734.545197575702 6763097.566044815    
203000 210000 3068.230078124994 786.3539843750011 204.50986620719368 999.880999999994 541.794921875 34804.14733279188 9734211.437544053    
210000 217000 4670.477921874961 582.3805195312598 338.9158388444342 823.2259999999951 81.29807812499348 22350.85266720812 6265770.562455947    
217000 224000 4195.382076171867 701.1544809570332 115.60489907023657 798.4210000000603 540.096923828125 28780.449382896044 8070024.8348818915    
224000 231000 5139.7789238280675 465.0552690429831 266.08899727545986 647.4949999999953 77.17207617187523 21388.550617103956 6028371.1651181085    
231000 238000 3370.077919921867 725.9844160156266 400.0711074058433 999.0740000000224 103.43499999999767 25220.205753118495 6877383.39214642    
238000 245000 3432.792080078041 713.4415839843917 206.23121318389556 999.2190000000119 460.0639199218713 24603.79424688151 6845405.60785358    
245000 252000 2910.237054687459 817.9525890625082 206.26106386332762 998.460000000021 540.2939453125 31330.807989951718 8827882.419715026    
252000 259000 5216.122945312469 445.9692636718828 326.70046705891156 882.1780000000144 104.44500000000698 17447.192010048282 4854013.580284975    
259000 266000 4331.995000000054 533.6009999999893 402.5671661524346 999.7010000000009 106.83699999999953 27933.0 7833076.0    
266000 273000 3010.9369999999763 797.8126000000047 245.25247056922086 985.1930000000284 384.0769999999902 28343.0 8130785.0    
273000 280000 4299.624999999884 675.0937500000291 75.01330768323707 750.1660000000265 599.579000000027 27019.0 7660222.0    
280000 287000 1740.3199199219234 751.3828685825823 311.9229446622993 997.6620000000112 280.9459999999963 24430.852913455474 6691728.771892686    
287000 294000 3063.9350800780812 656.0108199869865 372.1180534937459 999.890000000014 63.68400000000838 24372.14708654453 6931613.228107315    
294000 301000 5662.439000000013 445.8536666666623 49.331040069423246 499.3879999999772 402.23100000002887 20000.0 5718711.0    
