ts te idle avg_span std_span max_span min_span c_bytes_all s_bytes_all avg_video_rate avg_audio_rate video_requests_sequence audio_requests_sequence
0 7000 7000.0 0.0 0.0 0.0 0.0 0.0 0.0 0.0 0.0 0 0
7000 14000 4783.613000000012 554.096749999997 325.0657489210223 996.369000000006 279.97299999999814 62267.0 9003888.0    
14000 21000 4820.705000000016 544.8237499999959 64.7524374901484 580.4720000000088 447.84700000000885 45273.0 8172410.0    
21000 28000 5191.050999999978 602.9830000000075 60.09765492928431 672.0869999999995 562.9349999999977 32280.0 6097404.0    
28000 35000 2497.8379882812733 750.3603352864544 260.8850437176328 999.1219999999739 409.8120117186918 45897.343158515 8391178.973184392    
35000 42000 1767.873011718737 872.0211647135438 159.17546668148387 998.9060000000172 589.671988281305 42321.656841485 7985343.026815609    
42000 49000 3879.275101562671 780.1812246093323 189.64363999978775 925.8709999998682 501.6708984375 38901.31110538581 7280304.617239074    
49000 56000 4688.081898437522 577.9795253906195 210.5084570927197 832.4670000000042 373.7391015624744 36478.68889461419 6722491.382760927    
56000 63000 5354.512734374963 411.3718164062593 62.32406969612954 501.197265625 357.07400000002235 40842.24322872854 7475396.220849329    
63000 70000 5428.818265624985 392.79543359375384 239.4276600030693 538.484999999986 38.38473437499488 33940.75677127146 6416909.779150671    
70000 77000 3917.4520000000484 616.5095999999903 230.3224165236474 999.9699999999721 377.40500000002794 41776.0 8343364.0    
77000 84000 2103.0007539063226 816.1665410156129 259.9698863515578 997.9239999999991 407.6772460936918 35209.776049591026 6767382.795380598    
84000 91000 1973.6052460937062 718.0563934151849 369.0059886740645 999.3180000000284 112.73600000003353 33424.22395040898 7002018.204619402    
91000 98000 1706.6670195312472 882.2221634114588 191.53604355041549 999.954000000027 501.6049804686918 38123.779591151026 7572976.479531687    
98000 105000 4584.312980468676 483.1374039062648 81.60688050647424 554.2020000000484 356.0370000000112 41044.220408848974 8466198.520468313    
105000 112000 5262.753000000026 579.0823333333246 115.12805489685117 706.9579999999842 483.67499999998836 30450.0 5839731.0    
112000 119000 4807.475999999908 548.131000000023 213.5106625549904 839.189000000013 361.24599999998463 41576.0 8274278.0    
119000 126000 4434.206689453218 641.4483276366955 268.3246382266656 994.3520000000135 344.143310546875 34595.51468353068 6672808.749378688    
126000 133000 1055.571333984204 849.2040951451137 240.18773025527088 998.237000000081 412.2509765625 36908.922547461654 7065167.222342215    
133000 140000 56.371990234358236 867.9535012207052 239.59054449703132 999.7739999999758 392.635986328125 33127.018911362036 6918218.178316366    
140000 147000 1553.5350898437318 778.0664157366098 274.97893385704816 998.0599999999977 426.55300000001444 39984.95033487852 8457476.78664981    
147000 154000 4873.468896484468 531.632775878883 288.19055460899295 962.6739999999991 358.99400000000605 32394.59352276711 6427752.063312922    
154000 161000 4995.900000000023 501.0249999999942 122.73217175351405 620.7889999999898 351.71100000001024 39249.0 8131699.0    
161000 168000 5182.6500000000815 605.7833333333061 65.29207978258233 680.7019999999902 561.0129999999772 29137.0 5832283.0    
168000 175000 4284.966999999946 543.0066000000108 324.19468574497046 961.3640000000014 49.737000000081025 37920.0 8132485.0    
175000 182000 698.0810937499627 900.274129464291 221.79787947725663 999.5779999999795 398.25390625 34599.86395754281 7154654.54309911    
182000 189000 2805.540841796843 699.0765263671929 334.6163233499171 995.0509999999776 169.0810000000056 28057.890006489317 5513165.7582306415    
189000 196000 3630.539117187436 673.8921765625128 310.0779791788972 998.2229999999981 227.23293554689735 24413.435788073777 4385336.084483736    
196000 203000 3165.5419472656213 639.0763421223965 288.54980552917846 999.9109999999637 319.0019999999786 39738.8102478941 8329092.614186512    
203000 210000 5027.314000000013 657.5619999999957 23.66552995390899 683.5239999999758 637.1959999999963 31252.0 5987624.0    
210000 217000 4558.015999999945 610.4960000000137 56.41882292285931 692.939000000013 565.7269999999553 38686.0 7990120.0    
217000 224000 3486.73401757807 702.653196484386 253.279345265183 989.3490000000456 426.656982421875 35609.39348458406 6953872.841815187    
224000 231000 1148.047083984362 835.9932737165198 245.3948760770204 995.5110000000568 400.0458984375 30817.911072555078 5230457.21645096    
231000 238000 1023.1136308594141 853.8409098772265 231.41749358245482 999.6689999999944 444.999267578125 40543.57300091154 8069195.879782921    
238000 245000 1124.1253828123445 839.4106595982365 204.5685003217945 999.9590000000317 549.6217324219178 38985.76629922491 6585679.528508245    
245000 252000 3921.1008847656194 615.7798230468761 232.03251878159566 809.6469999999972 231.8741152343573 39990.356142724406 7885262.533442686    
252000 259000 4003.7308964843396 749.0672758789151 169.20768636679398 871.4009999999544 500.506103515625 39999.247035613866 7785070.019847823    
259000 266000 5223.287103515584 444.178224121104 265.36285525362985 585.4810000000289 46.32389648433309 29897.752964386134 6293692.980152177    
266000 273000 3872.1219472655794 625.5756105468841 196.619274837032 962.2149999999674 443.404052734375 39494.23180825717 8069281.004207838    
273000 280000 1103.131771484157 842.4097469308347 256.7754500684857 999.7780000000494 402.86328125 32304.23214746501 6746060.719258947    
280000 287000 3492.5141699218657 584.580971679689 314.86030921870116 999.3719999999739 159.42399999999907 39387.55907771039 8156688.67921579    
287000 294000 3024.950111328275 795.0099777343451 253.5846340424227 998.4379999999655 478.7748886718182 35331.976966567425 7032025.597317424    
294000 301000 5740.915000000037 419.6949999999876 98.01252914293843 525.4429999999702 331.9000000000233 28126.0 6004495.0    
