ts te idle avg_span std_span max_span min_span c_bytes_all s_bytes_all avg_video_rate avg_audio_rate video_requests_sequence audio_requests_sequence
0 7000 6001.2970332031255 499.35148339843727 703.9043180527082 997.0869999999995 1.615966796875 9724.346266942397 432297.33890870743    
7000 14000 4702.021966796776 459.59560664064486 363.3488179518396 990.4910332031432 59.67300000000978 70963.65373305761 12556967.661091294    
14000 21000 5847.751914062537 288.0620214843657 197.5489059753608 499.429999999993 63.820999999996275 27209.967153935206 5148062.007592451    
21000 28000 5221.8110859374865 444.5472285156284 62.34954844356982 503.06300000002375 374.2019140624907 44739.032846064794 8619929.99240755    
28000 35000 5723.987013671896 319.0032465820259 225.26261115386347 515.4720000000088 68.00799999997253 38047.01124553036 6965096.140155614    
35000 42000 5507.901986328128 373.02450341796794 136.04719587338548 506.93599999998696 187.0240136719076 38774.98875446964 7137397.859844387    
42000 49000 5331.080044921837 417.2299887695408 338.26795397278164 778.3530000000028 74.51400000002468 50243.276145740456 9538077.459007291    
49000 56000 5528.782955078059 367.8042612304853 229.79506837059216 577.6410000000033 119.69100000004983 39438.723854259544 7719600.540992709    
56000 63000 5084.254000000015 478.93649999999616 296.1866849770183 721.7170000000042 93.81199999997625 35217.0 6918840.0    
63000 70000 5343.52899999998 552.1570000000065 176.80659382782184 739.5160000000033 388.2420000000275 40207.0 7972919.0    
70000 77000 5404.47900000005 398.8802499999874 233.0576984445153 622.2880000000005 70.94799999997485 34382.0 6044443.0    
77000 84000 5487.506000000052 504.1646666666493 147.7440476105165 666.5869999999995 377.7589999999618 37198.0 7878817.0    
84000 91000 5281.379880859458 429.6550297851354 191.9255964270733 658.8719999999157 190.172119140625 38857.76525231819 8308780.2644090885    
91000 98000 5989.330119140679 252.66747021483025 213.99214649896334 501.15299999993294 69.0800000000163 27188.234747681807 5734741.7355909115    
98000 105000 5378.825984374969 405.2935039062577 347.78508715946504 836.0669999999809 66.62800000002608 43871.85199507671 9164294.917126372    
105000 112000 5938.776015624986 265.3059960937535 260.35983094863803 626.7719999999972 74.82099999999627 28681.14800492329 6225379.082873628    
112000 119000 5285.0839999999735 428.72900000000664 252.0804338843922 707.9500000000698 101.85899999999674 39342.0 7722309.0    
119000 126000 5332.573999999964 555.8086666666786 455.22318916366964 999.8070000000298 90.13500000000931 36373.0 7898207.0    
126000 133000 5624.444962890586 343.88875927735353 105.05936764373789 415.9650000000256 188.488037109375 33957.8920706776 7342149.082346137    
133000 140000 5701.658037109475 324.5854907226312 217.20146175966042 544.8429999999935 74.08600000001024 41491.1079293224 8994183.917653862    
140000 147000 5511.882679687464 372.0293300781341 266.51033209520733 600.8410000000149 99.4780000000028 31791.428985814753 6725790.403350714    
147000 154000 5472.177320312476 381.95566992188105 245.58614846116987 703.7910000000265 116.6589999999851 33601.57101418525 7020278.596649286    
154000 161000 5913.151736328087 271.7120659179782 152.72200936400807 417.9780000000028 98.57600000000093 23738.962209341138 4835635.944280712    
161000 168000 5580.48626367189 354.8784340820275 209.55592824293487 584.61599999998 76.05900000000838 34127.03779065886 7238575.055719288    
168000 175000 5775.688744140614 306.0778139648464 186.83234292047538 474.1469999999972 104.75400000001537 34258.36695819278 7345220.038783553    
175000 182000 5647.131255859451 338.2171860351373 243.8758999044835 583.515000000014 72.99099999997998 32643.633041807218 6730079.961216447    
182000 189000 5496.722005859308 375.8194985351729 294.32252293110935 660.9300000000512 63.39500000001863 50243.36466071793 10836879.299491584    
189000 196000 5654.669994140451 336.3325014648872 170.37716930342884 433.485005859402 81.86599999997998 28469.63533928207 5936963.700508415    
196000 203000 5182.564722656272 454.3588193359319 214.56201215703547 696.0709999999963 189.75927734375 44126.14052068442 9234555.891769404    
203000 210000 5793.6792773436755 301.5801806640811 203.44221573534793 475.8780000000261 67.78300000005402 35497.85947931558 7275568.108230597    
210000 217000 5809.158945312607 297.7102636718482 204.85538960972636 525.4239999999991 71.86399999994319 24424.074214947374 4989289.329767285    
217000 224000 5266.043054687441 433.48923632813967 147.38056941713018 553.405999999959 232.74494531250093 44721.92578505263 9725087.670232715    
224000 231000 5577.844898437499 355.53877539062523 317.5955099993481 796.7129999999888 72.4429999999702 35205.059390220355 7154806.806160722    
231000 238000 5396.136101562413 400.96597460939665 229.09066173765922 566.6380000000354 74.8969999999972 40889.940609779645 9079435.193839278    
238000 245000 5114.128000000026 471.4679999999935 203.59073678833417 660.5250000000233 204.42799999995623 36428.0 7774300.0    
245000 252000 5694.079000000027 435.306999999991 308.18128550093024 662.3079999999609 84.46999999997206 29587.0 6096818.0    
252000 259000 5778.098999999929 305.4752500000177 214.62795645704637 563.1360000000568 78.3969999999972 34320.53994035082 7107074.880061273    
259000 266000 5278.5449999999255 430.3637500000186 129.13890371578037 562.5910000000149 289.7290000000503 32393.460059649184 6988026.119938727    
266000 273000 6125.416722656344 218.64581933591398 202.96051331394025 516.9329999999609 73.26699999999255 26675.049341824302 5707324.911363679    
273000 280000 5177.870277343667 455.5324306640832 96.593992757698 595.9290000000037 380.4817226562882 42243.9506581757 8837588.088636322    
280000 287000 5843.789111328195 289.0527221679513 327.5478833429891 775.7079999999842 76.07999999995809 40117.573145988674 7988623.963583678    
287000 294000 5540.978888671962 364.7552778320096 274.83080479797167 630.3299999999581 67.58400000003166 39564.426854011326 8654794.036416322    
294000 301000 5824.005999999936 391.9980000000214 274.20352346934163 666.1360000000568 117.72900000005029 29899.0 6190537.0    
