ts te idle avg_span std_span max_span min_span c_bytes_all s_bytes_all avg_video_rate avg_audio_rate video_requests_sequence audio_requests_sequence
0 7000 7000.0 0.0 0.0 0.0 0.0 0.0 0.0 0.0 0.0 0 0
7000 14000 2614.958999999988 877.0082000000024 162.85168771676933 997.1900000000023 606.4799999999996 29486.0 4760715.0    
14000 21000 2826.8640527343887 695.5226578776019 386.7874499864116 999.9510000000009 126.845947265625 24991.67394294339 7611535.699550535    
21000 28000 5173.058947265628 456.7352631835929 301.0476971009911 808.1330000000016 93.31099999999424 24248.32605705661 7432312.300449466    
28000 35000 5128.974724609376 467.7563188476561 237.40510143830684 648.224000000002 125.457275390625 23188.94537684525 6731788.844730249    
35000 42000 4605.682275390631 598.5794311523423 234.84939802031568 852.2589999999909 293.6987246093777 25472.05462315475 7275379.155269751    
42000 49000 3960.853023437492 607.8293953125016 457.918250860834 999.8950000000041 99.63300000000163 22927.20755340841 6483916.0220614355    
49000 56000 4372.124976562496 656.968755859376 186.00779367245732 923.6490000000049 513.522023437501 32988.792446591586 9469724.977938564    
56000 63000 5072.203103515611 481.94922412109736 242.03142559018602 653.7020000000048 124.993896484375 22430.673954539998 6406500.708438935    
63000 70000 4417.137896484375 645.7155258789062 211.28716720322873 946.1440000000002 467.04899999999907 27047.326045460002 7669984.291561065    
70000 77000 4709.283999999985 572.6790000000037 311.6021734562604 778.1560000000027 112.17600000000675 20943.0 5860064.0    
77000 84000 5104.689000000013 631.770333333329 181.76277815420005 817.1849999999977 453.89400000000023 27249.0 7991744.0    
84000 91000 5466.234919921873 383.44127001953166 171.88857968561277 476.6689999999944 125.757080078125 22379.303261765966 6537076.543604716    
91000 98000 3247.110080078084 750.5779839843832 243.74884291402077 999.9110000000073 479.2020000000193 33509.69673823404 9665201.456395283    
98000 105000 5764.523105468761 308.86922363280974 220.37869845439405 504.2130000000179 110.42499999998836 15405.106155573294 4449752.693536062    
105000 112000 5068.619894531221 482.8450263671948 128.4627053279104 648.3830000000016 339.9141054687643 25855.893844426704 7522503.306463938    
112000 119000 4607.440035156207 598.1399912109482 354.1192195334456 985.5670000000391 126.68896484375 29822.041866112744 8523156.739863694    
119000 126000 5053.065964843758 389.38680703124845 358.5707500114849 983.1600000000035 103.89000000001397 25322.958133887256 7430320.260136305    
126000 133000 4228.709111328149 554.2581777343701 443.0015109333258 999.9189999999944 101.9659999999858 22189.35473374473 6442270.842195514    
133000 140000 5134.521888671879 466.36952783203014 17.043260824396906 481.4679999999935 445.6811113281292 26122.64526625527 7588142.157804486    
140000 147000 5391.285042968753 402.1787392578117 192.58089052801526 571.3669999999984 125.10595703125 22046.906075706254 6402941.002636509    
147000 154000 5134.31795703122 466.4205107421949 18.580934777616516 490.6490000000049 445.36604296875885 25817.093924293746 7529038.997363491    
154000 161000 5423.311908203119 394.17202294922026 179.0939599323199 506.82600000000093 126.694091796875 22677.51485991433 6615478.000385176    
161000 168000 5140.005091796891 464.99872705077723 115.78809042686137 616.6529999999912 334.6819082031143 26002.48514008567 7510167.999614824    
168000 175000 5008.544984374981 497.8637539062547 310.74231066120547 885.5109999999986 126.166015625 28791.312294321 8456292.880366549    
175000 182000 5226.19501562501 443.4512460937476 68.1511780334434 507.3189999999886 346.961984374997 25722.687705679 7491857.119633452    
182000 189000 5225.015994140704 443.7460014648241 222.65858207837658 644.5509999999776 125.4060058593459 22612.178221385915 6546368.267248036    
189000 196000 4369.423695312464 526.1152609375073 339.62952464750055 999.4459999999963 122.393310546875 32741.461952886006 9449730.387485027    
196000 203000 2875.3333085937484 687.4444485677086 325.7123867868527 999.2989999999991 122.802001953125 22671.859997431366 6278102.403810602    
203000 210000 4810.4810019531 547.3797495117251 297.46913011534986 704.2109999999811 101.46800000002258 20618.499828296717 5821796.941456335    
210000 217000 2452.8198789062444 757.8633535156259 384.5288782188072 999.9560000000638 102.84912109375 29019.51568144667 8256298.8195491135    
217000 224000 4674.810121093731 581.2974697265672 106.6437256524135 737.926999999996 503.01887890623766 26283.48431855333 7611678.1804508865    
224000 231000 4121.803056640609 575.6393886718782 440.59414506555595 998.3440000000119 113.51999999998952 22460.571783026073 6408438.612001425    
231000 238000 4774.6069433593075 445.0786113281385 321.69249505129255 873.3940566406527 117.14100000003236 26645.428216973927 7648615.387998575    
238000 245000 4954.217999999906 511.44550000002346 329.95038596382176 800.4810000000289 67.04800000000978 27524.0 7959773.0    
245000 252000 4798.43200000003 733.8559999999901 118.75879051674934 834.0509999999776 602.6759999999776 27545.0 7954325.0    
252000 259000 5188.010003906209 452.99749902344774 222.07081558606467 613.2139999999781 124.27099609375 22691.950407076984 6472012.556867969    
259000 266000 4839.830996093631 540.0422509765922 102.25383567189019 629.1460000000661 438.6830000000773 26664.049592923016 7604989.443132031    
266000 273000 5693.421066406241 326.6447333984397 149.88715008288855 484.5480000000098 123.35693359375 22113.542577639237 6495239.55349245    
273000 280000 4526.6149335937225 618.3462666015694 178.82220435031107 803.5929999999935 374.4940664062742 26094.457422360763 7319735.44650755    
280000 287000 4650.267894531193 587.4330263672018 345.77325856664453 955.7980000000098 123.55810546875 23561.959145955036 6611574.586463322    
287000 294000 5293.739105468732 426.5652236328169 389.19714241556665 770.3608945312444 71.61099999997532 25415.040854044964 7387534.413536679    
294000 301000 4545.02899999998 818.3236666666731 69.18036299655675 897.3460000000196 768.6869999999763 28271.0 8058829.0    
