ts te idle avg_span std_span max_span min_span c_bytes_all s_bytes_all avg_video_rate avg_audio_rate video_requests_sequence audio_requests_sequence
0 10000 6822.5049687499995 794.3737578125001 399.19733657188755 995.0550000000003 195.58203125 23240.641190455884 890901.7878935322 1900.0 128.0 7002.0#7002.0#2300_7006.0#7006.0#2300_8744.0#8744.0#1500_8746.0#8746.0#1500 6995.0#6995.0#128_7000.0#7000.0#128_8808.0#8808.0#128_8811.0#8811.0#128
10000 20000 694.1540312500001 930.584596875 153.19200222514823 999.7880000000077 530.0670000000027 48862.358809544116 1886770.2121064677 565.0 128.0 8746.0#8746.0#1500_11231.0#11231.0#480_11232.0#11232.0#480_11923.0#11923.0#480_12680.0#12680.0#480_13518.0#13518.0#480_14311.0#14311.0#480_15220.0#15220.0#480_16020.0#16020.0#480_16841.0#16841.0#480_17746.0#17746.0#480_18789.0#18789.0#480 11393.0#11393.0#128_11394.0#11394.0#128_12029.0#12029.0#128_12831.0#12831.0#128_13619.0#13619.0#128_14399.0#14399.0#128_15340.0#15340.0#128_16125.0#16125.0#128_16907.0#16907.0#128_17835.0#17835.0#128_18952.0#18952.0#128
20000 30000 4593.159 675.855125 357.0266696146453 999.9559999999983 62.10399999999936 35383.0 2372205.0 1473.3333333333333 128.0 20658.0#20658.0#840_20660.0#20660.0#840_22901.0#22901.0#840_24163.0#24163.0#840_25674.0#25674.0#1500_25678.0#25678.0#1500_27666.0#27666.0#2300_27667.0#27667.0#2300_29037.0#29037.0#2300 20654.0#20654.0#128_20657.0#20657.0#128_22908.0#22908.0#128_24161.0#24161.0#128_25670.0#25670.0#128_25671.0#25671.0#128_27659.0#27659.0#128_27662.0#27662.0#128_29035.0#29035.0#128
30000 40000 4233.909742187512 823.7271796874983 355.9618027947658 998.2289999999921 22.7392578125 40262.85556980725 3868531.5713892453 3000.0 128.0 31043.0#31043.0#3000_31044.0#31044.0#3000_33034.0#33034.0#3000_35029.0#35029.0#3000_37034.0#37034.0#3000_39034.0#39034.0#3000 31040.0#31040.0#128_31042.0#31042.0#128_33032.0#33032.0#128_35028.0#35028.0#128_37031.0#37031.0#128_39032.0#39032.0#128
40000 50000 78.41423828125698 992.1585761718743 11.34376283591331 999.8479999999981 969.77001953125 51812.788354478296 5178538.8626460545 4400.0 128.0 41049.0#41049.0#4400_41051.0#41051.0#4400_43035.0#43035.0#4400_45036.0#45036.0#4400_47049.0#47049.0#4400_49054.0#49054.0#4400 41045.0#41045.0#128_41047.0#41047.0#128_43032.0#43032.0#128_45033.0#45033.0#128_47046.0#47046.0#128_49050.0#49050.0#128_49152.0#49152.0#128
50000 60000 111.00709765625652 898.9993547585221 289.31861455508425 999.9070000000065 29.985980468743946 64935.71361312701 6908149.182067259 4400.0 128.0 49054.0#49054.0#4400_50381.0#50381.0#4400_51561.0#51561.0#4400_53023.0#53023.0#4400_55040.0#55040.0#4400_57022.0#57022.0#4400_59041.0#59041.0#4400 51621.0#51621.0#128_53152.0#53152.0#128_55038.0#55038.0#128_57021.0#57021.0#128_59039.0#59039.0#128
60000 70000 220.60992773440375 889.0354611150542 277.93817613650674 999.9569999999949 87.6770781249943 54751.4534683872 5537418.534171197 4400.0 128.0 59041.0#59041.0#4400_61032.0#61032.0#4400_63033.0#63033.0#4400_65023.0#65023.0#4400_67032.0#67032.0#4400_69025.0#69025.0#4400 61031.0#61031.0#128_63031.0#63031.0#128_65022.0#65022.0#128_67031.0#67031.0#128_69153.0#69153.0#128
70000 80000 1415.483958984405 780.410549183236 365.7030619405328 999.7339999999967 26.936035156235448 55727.256147146094 5564629.159080813 4400.0 128.0 69025.0#69025.0#4400_71021.0#71021.0#4400_73036.0#73036.0#4400_75025.0#75025.0#4400_77028.0#77028.0#4400_79024.0#79024.0#4400 71154.0#71154.0#128_73155.0#73155.0#128_75155.0#75155.0#128_77185.0#77185.0#128_79153.0#79153.0#128
80000 90000 67.37807617180806 993.2621923828192 10.841639631619692 999.9330000000045 970.4579648437648 57338.611703109586 5678215.010040234 4400.0 128.0 79024.0#79024.0#4400_81021.0#81021.0#4400_83027.0#83027.0#4400_85021.0#85021.0#4400_87020.0#87020.0#4400_89034.0#89034.0#4400 81156.0#81156.0#128_83152.0#83152.0#128_85154.0#85154.0#128_87156.0#87156.0#128_89153.0#89153.0#128
90000 100000 207.94397460937034 890.1869113991481 293.6106365821561 999.9140000000043 24.06804101562011 62576.47436300124 6303620.880596614 4400.0 128.0 89034.0#89034.0#4400_91022.0#91022.0#4400_93206.0#93206.0#4400_95032.0#95032.0#4400_97027.0#97027.0#4400_98259.0#98259.0#4400_99607.0#99607.0#4400 91154.0#91154.0#128_93662.0#93662.0#128_95152.0#95152.0#128_97155.0#97155.0#128_98347.0#98347.0#128_99656.0#99656.0#128
100000 110000 882.8699999999808 911.7130000000019 249.97082172917652 999.8289999999834 201.13401562499348 59648.597079602034 5859505.512295345 4400.0 128.0 99607.0#99607.0#4400_101062.0#101062.0#4400_103054.0#103054.0#4400_105024.0#105024.0#4400_107020.0#107020.0#4400_109034.0#109034.0#4400 101154.0#101154.0#128_103153.0#103153.0#128_105151.0#105151.0#128_107152.0#107152.0#128_109156.0#109156.0#128
110000 120000 131.94701171881752 897.0957262073803 295.35512916036816 999.2259999999951 9.333015624986729 56705.97258778225 5697393.200010145 4400.0 128.0 109034.0#109034.0#4400_111028.0#111028.0#4400_113028.0#113028.0#4400_115020.0#115020.0#4400_117032.0#117032.0#4400_119031.0#119031.0#4400 111155.0#111155.0#128_113155.0#113155.0#128_115154.0#115154.0#128_117153.0#117153.0#128_119154.0#119154.0#128
120000 130000 2431.173685546906 699.4434568536897 317.3925957449897 998.7159999999858 70.44602734374348 61166.99238906104 5513571.112469064 4400.0 128.0 119031.0#119031.0#4400_121034.0#121034.0#4400_123454.0#123454.0#4400_124809.0#124809.0#4400_127033.0#127033.0#4400_129035.0#129035.0#4400 121154.0#121154.0#128_123653.0#123653.0#128_124858.0#124858.0#128_127153.0#127153.0#128_129159.0#129159.0#128
130000 140000 702.8701093750424 929.7129890624958 186.45047287900672 999.9029999999912 400.43300195311895 59763.451039450294 5981852.1319604665 4400.0 128.0 129035.0#129035.0#4400_131040.0#131040.0#4400_133037.0#133037.0#4400_135027.0#135027.0#4400_137029.0#137029.0#4400_139022.0#139022.0#4400 131160.0#131160.0#128_133159.0#133159.0#128_135154.0#135154.0#128_137156.0#137156.0#128_139155.0#139155.0#128
140000 150000 148.53986328127212 895.587285156248 291.6665836235093 999.429999999993 19.616111328126863 64820.13178927673 6568059.812031442 4400.0 128.0 139022.0#139022.0#4400_141027.0#141027.0#4400_143019.0#143019.0#4400_144134.0#144134.0#4400_145432.0#145432.0#4400_147022.0#147022.0#4400_149033.0#149033.0#4400 141154.0#141154.0#128_143157.0#143157.0#128_144158.0#144158.0#128_145579.0#145579.0#128_147154.0#147154.0#128_149030.0#149030.0#128
150000 160000 56.130064453027444 903.9881759588156 275.087751384394 998.7930000000051 79.5519746093778 73414.47691917347 7570979.297373781 6200.0 128.0 149033.0#149033.0#4400_151056.0#151056.0#6500_151057.0#151057.0#6500_153023.0#153023.0#6500_155033.0#155033.0#6500_157055.0#157055.0#6500_159097.0#159097.0#6500 151053.0#151053.0#128_151055.0#151055.0#128_153022.0#153022.0#128_155031.0#155031.0#128_157053.0#157053.0#128_159093.0#159093.0#128
160000 170000 80.32197070302209 901.7889117542708 269.0473165303128 999.7330000000075 103.41803906249697 61630.68766041852 6068283.02422888 4700.0 128.0 159097.0#159097.0#6500_161160.0#161160.0#4400_161163.0#161163.0#4400_163028.0#163028.0#4400_165023.0#165023.0#4400_167024.0#167024.0#4400_169031.0#169031.0#4400 161172.0#161172.0#128_161175.0#161175.0#128_163155.0#163155.0#128_165153.0#165153.0#128_167153.0#167153.0#128_169152.0#169152.0#128
170000 180000 921.0709550780593 907.892904492194 262.73516209580436 999.445000000007 161.13000976559124 57935.38030170629 5791317.917489222 4400.0 128.0 169031.0#169031.0#4400_171029.0#171029.0#4400_173024.0#173024.0#4400_175025.0#175025.0#4400_177024.0#177024.0#4400_179022.0#179022.0#4400 171154.0#171154.0#128_173155.0#173155.0#128_175151.0#175151.0#128_177151.0#177151.0#128_179153.0#179153.0#128
180000 190000 131.1220703125291 897.1707208806791 294.06290462644984 999.8319999999949 13.960964843718102 62770.26228060164 6241268.566063628 4400.0 128.0 179022.0#179022.0#4400_181021.0#181021.0#4400_183038.0#183038.0#4400_185036.0#185036.0#4400_187027.0#187027.0#4400_188355.0#188355.0#4400_189563.0#189563.0#4400 181154.0#181154.0#128_183151.0#183151.0#128_185158.0#185158.0#128_187152.0#187152.0#128_188419.0#188419.0#128_189639.0#189639.0#128
190000 200000 260.70670117175905 885.3902998934765 272.739691067713 999.0329999999958 77.98303515624139 71106.35534764515 7180623.701393996 5600.0 128.0 189563.0#189563.0#4400_191037.0#191037.0#4400_193036.0#193036.0#4400_195065.0#195065.0#6500_195066.0#195066.0#6500_197082.0#197082.0#6500_199030.0#199030.0#6500 191156.0#191156.0#128_193033.0#193033.0#128_195063.0#195063.0#128_195064.0#195064.0#128_197080.0#197080.0#128_199027.0#199027.0#128
200000 210000 2811.007171874953 798.776980902783 370.3643474574129 996.1410000000033 68.67873632808914 54971.51832578332 4961151.198578293 5825.0 128.0 199030.0#199030.0#6500_201034.0#201034.0#6500_203073.0#203073.0#8000_203074.0#203074.0#8000_205202.0#205202.0#4400_205204.0#205204.0#4400_207037.0#207037.0#4400_209047.0#209047.0#4400 201031.0#201031.0#128_203070.0#203070.0#128_203071.0#203071.0#128_205308.0#205308.0#128_205309.0#205309.0#128_207152.0#207152.0#128_209151.0#209151.0#128
210000 220000 150.82217968752957 827.9177361653614 330.4435811289752 999.6849999999977 30.55690820311429 69618.98411187483 6382356.020899689 4400.0 128.0 209047.0#209047.0#4400_211037.0#211037.0#4400_213040.0#213040.0#4400_215045.0#215045.0#4400_217031.0#217031.0#4400_218386.0#218386.0#4400_219450.0#219450.0#4400 211152.0#211152.0#128_213153.0#213153.0#128_215154.0#215154.0#128_217155.0#217155.0#128_218646.0#218646.0#128_219651.0#219651.0#128
220000 230000 98.28095703123836 900.1562766335238 216.36323656255578 999.3479999999981 387.8640742188145 72293.35096503474 7559796.387755544 5900.0 128.0 219450.0#219450.0#4400_221036.0#221036.0#4400_223049.0#223049.0#6500_223050.0#223050.0#6500_225035.0#225035.0#6500_227030.0#227030.0#6500_229046.0#229046.0#6500 221034.0#221034.0#128_223046.0#223046.0#128_223046.0#223046.0#128_225033.0#225033.0#128_227029.0#227029.0#128_229042.0#229042.0#128
230000 240000 57.16167578124441 903.8943931107959 209.3587924446102 999.8989999999758 443.3680312499928 74909.90344792393 8259969.013757674 6500.0 128.0 229046.0#229046.0#6500_231036.0#231036.0#6500_233030.0#233030.0#6500_235045.0#235045.0#6500_237031.0#237031.0#6500_239030.0#239030.0#6500 231036.0#231036.0#128_233030.0#233030.0#128_235044.0#235044.0#128_237031.0#237031.0#128_239028.0#239028.0#128
240000 250000 720.920023437473 927.9079976562527 165.53238098275574 999.8389999999781 478.60570703126723 73290.8538225529 7567645.399095858 5975.0 128.0 239030.0#239030.0#6500_241047.0#241047.0#6500_243151.0#243151.0#6500_245061.0#245061.0#4400_245064.0#245064.0#4400_247050.0#247050.0#6500_247052.0#247052.0#6500_249042.0#249042.0#6500 241047.0#241047.0#128_243060.0#243060.0#128_245058.0#245058.0#128_245059.0#245059.0#128_247046.0#247046.0#128_247047.0#247047.0#128_249041.0#249041.0#128
250000 260000 140.98721289052628 830.4730546875071 326.6974437098315 999.984999999986 11.402730468777008 70803.54017408795 6870140.989350882 5000.0 128.0 249042.0#249042.0#6500_251103.0#251103.0#6500_253125.0#253125.0#4400_253126.0#253126.0#4400_255036.0#255036.0#4400_257030.0#257030.0#4400_259030.0#259030.0#4400 251065.0#251065.0#128_253163.0#253163.0#128_253164.0#253164.0#128_255154.0#255154.0#128_257154.0#257154.0#128_259155.0#259155.0#128
260000 270000 836.8796699217637 916.3120330078236 239.32355083805615 998.8890000000247 236.10107421875 65492.388417232585 6805062.24651102 4400.0 128.0 259030.0#259030.0#4400_261020.0#261020.0#4400_263046.0#263046.0#4400_264207.0#264207.0#4400_265399.0#265399.0#4400_267032.0#267032.0#4400_269044.0#269044.0#4400 261156.0#261156.0#128_263154.0#263154.0#128_264306.0#264306.0#128_265456.0#265456.0#128_267031.0#267031.0#128_269042.0#269042.0#128
270000 280000 101.04437304683961 899.9050569957418 286.8938013278511 999.6630000000005 38.385744140599854 73924.23235079291 7634456.02347324 6200.0 128.0 269044.0#269044.0#4400_271030.0#271030.0#6500_271031.0#271031.0#6500_273115.0#273115.0#6500_275031.0#275031.0#6500_277038.0#277038.0#6500_279042.0#279042.0#6500 271026.0#271026.0#128_271028.0#271028.0#128_273048.0#273048.0#128_275030.0#275030.0#128_277035.0#277035.0#128_279039.0#279039.0#128
280000 290000 83.41385351552162 901.507831498589 271.7742874307725 999.8489999999874 88.7221171875135 75101.81259902108 8100491.78989638 6500.0 128.0 279042.0#279042.0#6500_281036.0#281036.0#6500_283092.0#283092.0#6500_285043.0#285043.0#6500_287113.0#287113.0#6500_289044.0#289044.0#6500 281036.0#281036.0#128_283062.0#283062.0#128_285041.0#285041.0#128_287063.0#287063.0#128_289043.0#289043.0#128
