ts te idle avg_span std_span max_span min_span c_bytes_all s_bytes_all avg_video_rate avg_audio_rate video_requests_sequence audio_requests_sequence
0 4000 4000.0 0.0 0.0 0.0 0.0 0.0 0.0 0.0 0.0 - -
4000 8000 1894.4280957031297 701.8573014322901 511.9613111083177 999.8549999999814 110.701904296875 20812.216408745404 836127.0308741236 2300.0 128.0 6445.0#6445.0#2300 6442.0#6442.0#128
8000 12000 26.52195117174415 794.6956097656512 395.8579858617357 998.813000000082 91.626953125 36953.692686142575 1607760.8847589272 1048.5714285714287 128.0 6445.0#6445.0#2300_8114.0#8114.0#840_8708.0#8708.0#840_9203.0#9203.0#840_9791.0#9791.0#840_10310.0#10310.0#840_11182.0#11182.0#840 8125.0#8125.0#128_8791.0#8791.0#128_9305.0#9305.0#128_9898.0#9898.0#128_10457.0#10457.0#128_11458.0#11458.0#128
12000 16000 27.041867187421303 794.5916265625158 404.6424339851168 997.9440000000759 74.0380859375 23749.9033582457 975760.5978715911 840.0 128.0 11182.0#11182.0#840_12096.0#12096.0#840_12887.0#12887.0#840_14550.0#14550.0#840_15517.0#15517.0#840 12177.0#12177.0#128_12957.0#12957.0#128_14549.0#14549.0#128_15459.0#15459.0#128
16000 20000 879.8849843749776 780.0287539062556 250.14650351675377 996.5009999999893 521.8291015625 17668.571582549415 626265.0550221903 1280.0 128.0 15517.0#15517.0#840_17470.0#17470.0#1500_19976.0#19976.0#1500 17467.0#17467.0#128_19464.0#19464.0#128
20000 24000 87.46384179685265 782.5072316406295 269.92628299608816 999.9180000000051 470.490898437507 19271.970524669327 752528.108732303 1500.0 128.0 17470.0#17470.0#1500_19976.0#19976.0#1500_22807.0#22807.0#1500 22807.0#22807.0#128_23457.0#23457.0#128
24000 28000 22.244179687520955 795.5511640624958 275.4643169123658 999.015000000014 492.4717402343522 29439.805809200057 1391764.2265465416 1500.0 128.0 22807.0#22807.0#1500_24555.0#24555.0#1500_25839.0#25839.0#1500_26930.0#26930.0#1500 24963.0#24963.0#128_26958.0#26958.0#128
28000 32000 2246.638080078177 438.3404799804557 409.7687989037161 992.5590000000084 55.13799999997718 15030.839630447525 869107.0961943235 1500.0 128.0 26930.0#26930.0#1500_29974.0#29974.0#1500_30590.0#30590.0#1500 29970.0#29970.0#128_30458.0#30458.0#128
32000 36000 474.66599609382683 881.3335009765433 232.82825077771122 999.4599999999627 532.10400390625 24411.53535429646 1512338.8181363665 3000.0 128.0 32582.0#32582.0#3000_34468.0#34468.0#3000 32576.0#32576.0#128_34464.0#34464.0#128
36000 40000 93.46392187505262 781.3072156249895 293.1883343566928 999.4949999999953 428.8249960937537 23198.098597105774 1658225.8263567516 3000.0 128.0 36525.0#36525.0#3000_38470.0#38470.0#3000 36523.0#36523.0#128_38469.0#38469.0#128
40000 44000 44.42612499988172 791.1147750000237 282.83752616113355 999.0420000000158 460.2309570311918 24747.078467348507 1737093.9739453392 3000.0 128.0 40522.0#40522.0#3000_42467.0#42467.0#3000 40521.0#40521.0#128_42464.0#42464.0#128
44000 48000 1230.864001953043 553.8271996093914 434.9275104072813 999.3969999999972 26.553955078125 19317.958313694362 1339184.8185470246 3000.0 128.0 44686.0#44686.0#3000_45963.0#45963.0#3000_47976.0#47976.0#3000 44683.0#44683.0#128_45961.0#45961.0#128_47972.0#47972.0#128
48000 52000 1249.2558867187472 687.6860283203132 372.98787777128854 999.6979999999749 214.55200000002515 28414.863053974506 1782054.232860204 3700.0 128.0 47976.0#47976.0#3000_50552.0#50552.0#4400 47972.0#47972.0#128_50549.0#50549.0#128
52000 56000 62.51774999994086 787.4964500000118 285.807216827696 999.6880000000237 429.1209316406166 30864.205056517505 2299885.8245041682 4400.0 128.0 50552.0#50552.0#4400_52513.0#52513.0#4400_54515.0#54515.0#4400 52512.0#52512.0#128_54513.0#54513.0#128
56000 60000 121.32834570313571 775.7343308593729 280.41713163137274 998.6089999999967 429.5336816406343 33749.153508832125 2375450.972467454 4400.0 128.0 54515.0#54515.0#4400_56545.0#56545.0#4400_58541.0#58541.0#4400 56541.0#56541.0#128_58538.0#58538.0#128_59461.0#59461.0#128
60000 64000 1526.8549726562924 618.2862568359269 476.75679492530463 999.3819999999832 0.0 17121.10764823076 1236190.5331826909 4400.0 0.0 58541.0#58541.0#4400_60089.0#60089.0#4400 -
64000 68000 451.0740996094537 887.2314750976366 219.36426353871786 999.9199999999837 558.222900390625 37556.242682551965 2483131.11276778 3466.6666666666665 128.0 64530.0#64530.0#4400_66196.0#66196.0#3000_67368.0#67368.0#3000 64529.0#64529.0#128_64958.0#64958.0#128_67448.0#67448.0#128
68000 72000 21.236779296887107 795.7526441406226 281.2931309884203 999.8889999999665 437.2650996093871 38159.843957230994 2590512.111477457 3350.0 128.0 67368.0#67368.0#3000_68602.0#68602.0#3000_69628.0#69628.0#3000_70970.0#70970.0#4400 68608.0#68608.0#128_69723.0#69723.0#128_70968.0#70968.0#128
72000 76000 65.78901562513784 786.8421968749724 277.1359482853618 998.9529999998631 453.50787890632637 31666.792780254505 2197262.1288597886 4400.0 128.0 70970.0#70970.0#4400_72735.0#72735.0#4400_74964.0#74964.0#4400 72766.0#72766.0#128_74962.0#74962.0#128
76000 80000 13.180027343740221 797.3639945312519 276.49654552508855 999.5639999999548 483.49389453127515 40957.424192177605 2598108.5357134966 4400.0 128.0 74964.0#74964.0#4400_76711.0#76711.0#4400_78639.0#78639.0#4400 76717.0#76717.0#128_78561.0#78561.0#128
80000 84000 130.6759746093303 773.8648050781339 308.3448480008026 999.3859999999986 391.506103515625 32999.61559505858 2276719.8677157336 4400.0 128.0 78639.0#78639.0#4400_80628.0#80628.0#4400_82343.0#82343.0#4400 80626.0#80626.0#128_82352.0#82352.0#128
84000 88000 40.94021874997998 791.811956250004 294.1476721198898 999.8360000000102 360.306884765625 33006.66397411614 2338958.8985726307 4400.0 128.0 82343.0#82343.0#4400_84525.0#84525.0#4400_86468.0#86468.0#4400 84524.0#84524.0#128_86468.0#86468.0#128
88000 92000 6.7808847655542195 798.6438230468891 292.33476428688203 999.8460000000196 356.625 34159.945730103274 2496813.558064304 4400.0 128.0 86468.0#86468.0#4400_88163.0#88163.0#4400_89963.0#89963.0#4400 88168.0#88168.0#128_89961.0#89961.0#128
92000 96000 16.798031249956694 796.6403937500087 295.1260875491573 998.390000000014 346.54296875 34424.507784452544 2401773.403407339 4400.0 128.0 92547.0#92547.0#4400_93956.0#93956.0#4400_95855.0#95855.0#4400 92542.0#92542.0#128_93961.0#93961.0#128_95957.0#95957.0#128
96000 100000 813.8699218750698 796.5325195312325 217.6299838691542 996.4339999999502 568.248046875 32359.869934673607 2191158.6078056563 4400.0 128.0 95855.0#95855.0#4400_98528.0#98528.0#4400_99993.0#99993.0#4400 95957.0#95957.0#128_98526.0#98526.0#128_99958.0#99958.0#128
100000 104000 17.089089843793772 796.5821820312412 278.23945202229413 998.6790000000037 431.3569531249814 34631.63980628963 2463598.5124989906 4400.0 128.0 98528.0#98528.0#4400_99993.0#99993.0#4400_101681.0#101681.0#4400 99958.0#99958.0#128_101686.0#101686.0#128
104000 108000 95.03602148435311 780.9927957031293 295.617951990345 998.7359999999753 428.5310429687961 29329.443603479125 1979991.7880506096 4400.0 128.0 104521.0#104521.0#4400_106524.0#106524.0#4400_107897.0#107897.0#4400 104519.0#104519.0#128_106523.0#106523.0#128_107465.0#107465.0#128
108000 112000 13.211904296826106 797.3576191406348 275.31932125023445 998.835000000021 481.33203125 37168.53958795362 2673330.1001951084 4400.0 128.0 106524.0#106524.0#4400_107897.0#107897.0#4400_110029.0#110029.0#4400_111769.0#111769.0#4400 109461.0#109461.0#128_111461.0#111461.0#128
112000 116000 1104.2770429687807 723.9307392578048 223.65657479665188 999.6780000000726 518.338968749973 28640.029846946687 1892245.3033406856 4400.0 128.0 111769.0#111769.0#4400_114528.0#114528.0#4400 114526.0#114526.0#128_114960.0#114960.0#128
116000 120000 23.60487304686103 795.2790253906278 278.2154860950216 996.494000000006 430.0870117187733 40488.86189303817 2857364.1337402747 4400.0 128.0 114528.0#114528.0#4400_116121.0#116121.0#4400_117870.0#117870.0#4400_119461.0#119461.0#4400 117458.0#117458.0#128_118960.0#118960.0#128
120000 124000 1800.1572128906264 733.2809290364579 278.49553696063583 994.52490234375 440.2598847656045 21347.872822038167 1195154.986116139 4400.0 128.0 119461.0#119461.0#4400_123073.0#123073.0#4400 123071.0#123071.0#128_123457.0#123457.0#128
124000 128000 105.86890234379098 778.8262195312418 435.811257292125 999.5729999999749 3.450097656226717 33762.70580963537 1958712.9516740055 2080.0 128.0 123073.0#123073.0#4400_124887.0#124887.0#1500_125555.0#125555.0#1500_126521.0#126521.0#1500_127206.0#127206.0#1500 124960.0#124960.0#128_125593.0#125593.0#128_126959.0#126959.0#128_127225.0#127225.0#128
128000 132000 482.4279238281888 879.3930190429528 238.57906170037418 999.8219999999856 521.528076171875 25239.84159396025 1550295.58439097 3000.0 128.0 128527.0#128527.0#3000_130533.0#130533.0#3000 128524.0#128524.0#128_130530.0#130530.0#128
132000 136000 50.339031249983236 789.9321937500033 283.5847160864487 999.9809999999707 478.1509238281287 26293.056810516187 1642029.47683132 3000.0 128.0 132517.0#132517.0#3000_134467.0#134467.0#3000 132515.0#132515.0#128_134463.0#134463.0#128
136000 140000 38.7250019533094 792.2549996093381 278.6396145973786 997.2739999999176 465.3940429686918 25591.1257537119 1640212.2716831286 3000.0 128.0 136468.0#136468.0#3000_138534.0#138534.0#3000 136465.0#136465.0#128_138533.0#138533.0#128
140000 144000 83.49296289059566 783.3014074218809 292.39544555717663 999.3869999999879 424.632080078125 27446.44337834252 1853776.0087284802 3466.6666666666665 128.0 140470.0#140470.0#3000_142534.0#142534.0#3000_143821.0#143821.0#4400 140466.0#140466.0#128_142531.0#142531.0#128_143805.0#143805.0#128
144000 148000 1033.7220976562821 741.5694755859295 210.7850533844231 999.795999999973 565.656982421875 30785.5126261082 1982986.7567479855 4400.0 128.0 143821.0#143821.0#4400_146523.0#146523.0#4400 146521.0#146521.0#128_147962.0#147962.0#128
148000 152000 11.95709179691039 797.6085816406179 278.55455976190086 999.8130000000237 431.1280175780994 39167.240583523155 2741336.3375956435 4400.0 128.0 146523.0#146523.0#4400_148144.0#148144.0#4400_149888.0#149888.0#4400_151530.0#151530.0#4400 147962.0#147962.0#128_149964.0#149964.0#128_151458.0#151458.0#128
152000 156000 450.20495703129563 709.9590085937409 226.7962902571299 998.1140000000014 436.2971093750093 34281.40480744407 2319179.749959474 4400.0 128.0 151530.0#151530.0#4400_153463.0#153463.0#4400_155462.0#155462.0#4400 153459.0#153459.0#128_155460.0#155460.0#128
156000 160000 897.3189335937495 775.6702666015626 231.5163620997318 993.4870000000228 457.18306640622905 30568.37444639372 2136523.814062998 4400.0 128.0 155462.0#155462.0#4400_157472.0#157472.0#4400 157469.0#157469.0#128
160000 164000 437.9709511718247 890.5072622070438 216.63929756675893 999.8209999999963 565.550048828125 36135.84012352575 2505811.6351644895 4400.0 128.0 160526.0#160526.0#4400_161976.0#161976.0#4400_163547.0#163547.0#4400 160524.0#160524.0#128_161459.0#161459.0#128_162959.0#162959.0#128
164000 168000 1117.9711074218503 720.5072231445374 265.93894325170015 993.6589999999851 429.60295117192436 26693.74882280466 1860536.7129127877 4400.0 128.0 163547.0#163547.0#4400_166540.0#166540.0#4400 166537.0#166537.0#128_166965.0#166965.0#128
168000 172000 631.1619414061424 842.2095146484644 276.37660042291407 996.4239999999991 429.1190585937584 35574.411053669595 2429715.6519227233 4400.0 128.0 166540.0#166540.0#4400_168176.0#168176.0#4400_169817.0#169817.0#4400 168966.0#168966.0#128
172000 176000 445.18789453135105 888.7030263671622 216.0208342159526 999.2060000000056 564.6831054686918 36929.478090316836 2540914.705704436 4400.0 128.0 172528.0#172528.0#4400_173795.0#173795.0#4400_175547.0#175547.0#4400 172526.0#172526.0#128_172958.0#172958.0#128_174639.0#174639.0#128
176000 180000 14.45698632823769 797.1086027343524 278.61107310144473 998.8670000000275 431.02389453118667 37630.62725198567 2654927.1135984375 4400.0 128.0 175547.0#175547.0#4400_177223.0#177223.0#4400_178621.0#178621.0#4400 176461.0#176461.0#128_178573.0#178573.0#128
180000 184000 1521.0281191405957 619.7429702148511 457.35448083566877 999.4670000000042 57.85800000000745 17173.8946576975 1258109.180697126 4400.0 128.0 178621.0#178621.0#4400_180199.0#180199.0#4400 180206.0#180206.0#128
184000 188000 598.431736328057 850.3920659179857 256.2373781281803 999.7079999999842 468.895263671875 33929.66245870682 2331411.076300376 4400.0 128.0 184491.0#184491.0#4400_186086.0#186086.0#4400_187992.0#187992.0#4400 184491.0#184491.0#128_184961.0#184961.0#128_186571.0#186571.0#128
188000 192000 198.49418359377887 760.3011632812443 337.99211433831067 998.7430000000168 276.257080078125 36421.61481787597 2471585.1481854627 3700.0 128.0 186086.0#186086.0#4400_187992.0#187992.0#4400_190105.0#190105.0#3000_191312.0#191312.0#3000 188806.0#188806.0#128_191422.0#191422.0#128
192000 196000 319.34108007809846 920.1647299804754 133.31111291651524 999.5100000000093 721.9809199218871 33355.72272341721 2078284.7755141612 3000.0 128.0 191312.0#191312.0#3000_192420.0#192420.0#3000_193967.0#193967.0#3000_195965.0#195965.0#3000 192462.0#192462.0#128_193965.0#193965.0#128_195963.0#195963.0#128
196000 200000 41.471099609392695 989.6322250976518 16.91003157747791 999.1310000000522 964.347900390625 33665.496891305505 2140170.7720562974 3933.3333333333335 128.0 195965.0#195965.0#3000_197974.0#197974.0#4400_199649.0#199649.0#4400 195963.0#195963.0#128_197970.0#197970.0#128_199662.0#199662.0#128
200000 204000 945.1397812499199 610.972043750016 406.7895492224411 999.8079999999609 33.236099609406665 29802.872891561485 1953274.6757282224 4400.0 128.0 199649.0#199649.0#4400_202504.0#202504.0#4400 202500.0#202500.0#128
204000 208000 70.44512304686941 785.9109753906262 285.96842513568964 996.0010000000475 429.47888085932937 36970.68179233551 2403803.858162742 4400.0 128.0 202504.0#202504.0#4400_204503.0#204503.0#4400_206494.0#206494.0#4400 204501.0#204501.0#128_206491.0#206491.0#128_207461.0#207461.0#128
208000 212000 18.45710156240966 796.3085796875181 274.1287118616073 997.9590000000317 479.06400390621275 38860.21954766096 2717168.125097981 4400.0 128.0 206494.0#206494.0#4400_208118.0#208118.0#4400_209842.0#209842.0#4400_211590.0#211590.0#4400 209461.0#209461.0#128_211475.0#211475.0#128
212000 216000 1124.140894531156 718.964776367211 324.6167248816889 999.1790000000037 393.86999999999534 29191.728877136542 2027945.568954757 4400.0 128.0 211590.0#211590.0#4400_213193.0#213193.0#4400 212960.0#212960.0#128
216000 220000 449.26106640626676 887.6847333984333 217.05521780992723 997.4860000000335 562.10693359375 35407.627104657135 2293363.5374537134 4400.0 128.0 216622.0#216622.0#4400_218329.0#218329.0#4400_219710.0#219710.0#4400 216620.0#216620.0#128_216959.0#216959.0#128_218958.0#218958.0#128
220000 224000 1062.0720351561904 734.4819912109524 274.4715362569638 999.8449999999721 435.20506640628446 27609.964738241622 1893337.9937965344 4400.0 128.0 219710.0#219710.0#4400_222498.0#222498.0#4400 222497.0#222497.0#128
224000 228000 185.50484179682098 762.8990316406358 340.58541144637417 999.3760000000475 254.30310156254563 37700.09182602776 2601849.8839945532 4400.0 128.0 222498.0#222498.0#4400_224527.0#224527.0#4400_226199.0#226199.0#4400_227735.0#227735.0#4400 224523.0#224523.0#128_224957.0#224957.0#128_226567.0#226567.0#128
228000 232000 14.59674023441039 797.0806519531179 279.5643780435069 999.9769999999553 428.2389433593489 37672.737770517764 2783191.7669369034 4400.0 128.0 227735.0#227735.0#4400_229668.0#229668.0#4400_231404.0#231404.0#4400 228461.0#228461.0#128_230460.0#230460.0#128
232000 236000 26.50723242177628 794.6985535156448 276.7288124648344 999.89300000004 437.1426835937891 38253.17897691483 2745343.937942882 4400.0 128.0 231404.0#231404.0#4400_233132.0#233132.0#4400_234897.0#234897.0#4400 232462.0#232462.0#128_234570.0#234570.0#128
236000 240000 60.9111562500475 787.8177687499905 279.8715040369951 999.3549999999814 445.36191601562314 34038.839321868676 2441146.8198805423 4400.0 128.0 234897.0#234897.0#4400_236534.0#236534.0#4400_238532.0#238532.0#4400 236532.0#236532.0#128_238530.0#238530.0#128
240000 244000 2186.041830078233 453.48954248044174 415.4710179394124 999.216999999946 0.0 17334.067529205386 1138293.8885792762 4400.0 128.0 238532.0#238532.0#4400_242763.0#242763.0#4400_243996.0#243996.0#4400 242760.0#242760.0#128_242956.0#242956.0#128
244000 248000 19.797982421820052 796.040403515636 300.04674672059605 999.0749999999534 327.818115234375 40629.0649759572 2825218.6978047187 4400.0 128.0 242763.0#242763.0#4400_243996.0#243996.0#4400_245410.0#245410.0#4400_246983.0#246983.0#4400 245463.0#245463.0#128_247029.0#247029.0#128
248000 252000 12.982136718812399 797.4035726562375 301.19612199431367 999.9479999999749 322.552978515625 38064.06272766673 2800952.6185588557 4400.0 128.0 246983.0#246983.0#4400_248486.0#248486.0#4400_250444.0#250444.0#4400 248567.0#248567.0#128_250462.0#250462.0#128
252000 256000 526.4869785156334 868.3782553710917 168.30164976203798 999.6990000000224 645.4050214843592 29560.3650289429 2244390.8550520195 4400.0 128.0 250444.0#250444.0#4400_252636.0#252636.0#4400_253967.0#253967.0#4400 252961.0#252961.0#128_254085.0#254085.0#128
256000 260000 440.4609023438534 889.8847744140367 216.85714896567046 998.890999999945 564.60009765625 38836.82758028305 2491729.4979265546 4400.0 128.0 256532.0#256532.0#4400_258160.0#258160.0#4400_259866.0#259866.0#4400 256530.0#256530.0#128_257463.0#257463.0#128_259457.0#259457.0#128
260000 264000 18.418796874932013 796.3162406250136 279.4176184713632 998.5600000000559 434.48490234371275 35358.067019740214 2638361.788125822 4400.0 128.0 259866.0#259866.0#4400_261277.0#261277.0#4400_263147.0#263147.0#4400 261373.0#261373.0#128_262958.0#262958.0#128
264000 268000 18.016009765677154 796.3967980468645 277.779046016299 999.1300000000047 443.94169921870343 34064.82817256367 2481429.909361672 4400.0 128.0 263147.0#263147.0#4400_264792.0#264792.0#4400_266967.0#266967.0#4400 264890.0#264890.0#128_266964.0#266964.0#128
268000 272000 1551.5212910156697 612.1196772460826 461.9383536725354 998.2939999999944 30.81099999998696 24010.27722741307 1612199.8045859514 4400.0 128.0 266967.0#266967.0#4400_268730.0#268730.0#4400 268738.0#268738.0#128
272000 276000 443.0431191405514 889.2392202148621 218.69363318400795 999.6589999999851 561.202880859375 42513.75708439921 2521017.9153340044 4400.0 128.0 272541.0#272541.0#4400_274139.0#274139.0#4400 272538.0#272538.0#128_272959.0#272959.0#128_274548.0#274548.0#128
276000 280000 10.138990234350786 797.9722019531298 278.2446278327549 999.9610000000102 434.41511914064176 38951.71585604524 2820932.371742031 4400.0 128.0 274139.0#274139.0#4400_276148.0#276148.0#4400_277511.0#277511.0#4400_279252.0#279252.0#4400 276581.0#276581.0#128_278584.0#278584.0#128
280000 284000 1549.275890625082 612.6810273437295 470.5755472795907 998.841999999946 25.17599999997765 21491.52705955556 1501635.712923965 4400.0 128.0 279252.0#279252.0#4400_280517.0#280517.0#4400 280459.0#280459.0#128
284000 288000 438.82371484371834 890.2940712890704 216.55214337519217 999.1389999999665 565.46728515625 39581.330501443124 2440545.0949821398 3466.6666666666665 128.0 284528.0#284528.0#4400_286086.0#286086.0#3000_287209.0#287209.0#3000 284526.0#284526.0#128_284957.0#284957.0#128_287308.0#287308.0#128
288000 292000 80.61740429676138 783.8765191406477 295.8972307246219 999.765000000014 428.7837148437975 32622.896143904596 2153123.134268771 3466.6666666666665 128.0 287209.0#287209.0#3000_288545.0#288545.0#3000_290526.0#290526.0#4400 288544.0#288544.0#128_290524.0#290524.0#128_291960.0#291960.0#128
292000 296000 25.583796874969266 794.8832406250061 279.63883426399644 999.219000000041 473.361083984375 34647.55947481472 2430256.7674245536 4400.0 128.0 290526.0#290526.0#4400_292486.0#292486.0#4400_294020.0#294020.0#4400 291960.0#291960.0#128_293462.0#293462.0#128
