ts te idle avg_span std_span max_span min_span c_bytes_all s_bytes_all avg_video_rate avg_audio_rate video_requests_sequence audio_requests_sequence
0 1000 1000.0 0.0 0.0 0.0 0.0 0.0 0.0 0.0 0.0 0 0
1000 2000 1000.0 0.0 0.0 0.0 0.0 0.0 0.0 0.0 0.0 0 0
2000 3000 1000.0 0.0 0.0 0.0 0.0 0.0 0.0 0.0 0.0 0 0
3000 4000 1000.0 0.0 0.0 0.0 0.0 0.0 0.0 0.0 0.0 0 0
4000 5000 1000.0 0.0 0.0 0.0 0.0 0.0 0.0 0.0 0.0 0 0
5000 6000 1000.0 0.0 0.0 0.0 0.0 0.0 0.0 0.0 0.0 0 0
6000 7000 1000.0 0.0 0.0 0.0 0.0 0.0 0.0 0.0 0.0 0 0
7000 8000 1000.0 0.0 0.0 0.0 0.0 0.0 0.0 0.0 0.0 0 0
8000 9000 1000.0 0.0 0.0 0.0 0.0 0.0 0.0 0.0 0.0 0 0
9000 10000 52.27905273437136 947.7209472656286  947.7209472656286 947.7209472656286 8070.273869835066 48238.51570090189    
10000 11000 107.38795117187692 446.30602441406154 595.511148928718 867.39599609375 25.21605273437308 6901.9624920262095 471139.5064663342    
11000 12000 0.5557265625029686 499.7221367187485 519.8353948687808 867.30126953125 132.14300390624703 5228.466783224741 272401.913414025    
12000 13000 2.2873710937492433 498.8563144531254 518.930936242244 865.7958984375 131.91673046875076 4106.64353408739 255809.99360044385    
13000 14000 20.145779296872206 489.9271103515639 528.3784836034451 863.547119140625 116.3071015625028 4801.110684022722 256466.4646618539    
14000 15000 4.569007812504424 497.7154960937478 517.2466520836248 863.4641113281177 131.96688085937785 5172.322061632051 296429.70268978906    
15000 16000 7.256103515617724 496.37194824219114 514.5418899247161 860.2080078125 132.53588867188228 4387.470522022993 242304.09889810244    
16000 17000 13.794117187499069 493.10294140625047 507.1510537870825 851.712890625 134.49299218750093 4070.0335011928064 196564.47131034316    
17000 18000 7.688951171883673 496.15552441405816 496.8944215885905 847.5129394531177 144.7981093749986 2850.2789848121156 104583.18391782981    
18000 19000 20.662988281248545 489.6685058593757 487.2410426249408 834.199951171875 145.13706054687646 2435.957724888169 125198.13834374497    
19000 20000 12.439869140624069 493.78006542968797 470.09026846522045 826.18408203125 161.37604882812593 2192.309315509392 104770.06245485446    
20000 21000 6.585101562501222 496.7074492187494 457.70672812232095 820.35498046875 173.05991796874878 2788.3099521704976 103068.58265265971    
21000 22000 2.8150312500001746 498.5924843749999 453.1571091795466 819.02294921875 178.16201953124983 1907.2410160671718 66237.1309561394    
22000 23000 38.04390625000087 480.97804687499956 468.6929964631706 812.39404296875 149.56205078124913 3256.699940708446 99641.56663328446    
23000 24000 1.5439550781229627 499.2280224609385 441.39311591094145 811.340087890625 187.11595703125204 2101.57805971824 69091.98835314353    
24000 25000 5.879167968749243 497.0604160156254 438.13397374917383 806.867919921875 187.25291210937576 3317.61607137952 149528.55987761513    
25000 26000 10.39893359375128 494.80053320312436 437.11283974159915 803.8859863281177 185.715080078131 2775.356761261077 119428.29423037637    
26000 27000 144.51490820312756 427.7425458984362 331.756869638442 662.330078125 193.15501367187244 2259.8625980823886 92385.53067294804    
27000 28000 20.576093750001746 489.7119531249991 239.5282236804309 659.083984375 320.33992187499825 1941.5734022393597 54187.826298664426    
28000 29000 34.658906249998836 482.6705468750006 205.10980110617365 627.705078125 337.63601562500116 2123.706675552239 77012.54693482677    
29000 30000 12.811089843751688 493.59445507812416 173.72699070569018 616.43798828125 370.7509218749983 1580.2952690015427 41033.84284634116    
30000 31000 68.3240332031346 465.8379833984327 143.3177765734783 567.1789550781177 364.4970117187477 1244.401595871351 41224.99958394903    
31000 32000 10.826945312503085 494.58652734374846 96.76541682581487 563.010009765625 426.1630449218719 2470.6982724990976 87674.42156597535    
32000 33000 4.486937499998021 497.756531250001 88.2717330342744 560.174072265625 435.338990234377 2778.4471322984955 90289.06917123478    
33000 34000 591.3809921875072 204.3095039062464 56.67118070148936 244.38208007811772 164.23692773437506 926.4863163895557 25474.54382558551    
34000 35000 20.481021484367375 489.7594892578163 353.12832136196283 739.4589199218826 240.06005859375 2025.138795217386 52022.106539313354    
35000 36000 10.221115234380704 494.88944238280965 368.78800481287624 755.6619414062516 234.11694335936772 2187.6517636443878 77866.0660198596    
36000 37000 9.104943359372555 495.4475283203137 372.74784421955434 759.0200566406274 231.875 2746.9157226674806 92637.25015858302    
37000 38000 18.95688867188437 490.5215556640578 375.55493936902474 756.0789999999979 224.96411132811772 914.5367827752523 24506.46656984376    
38000 39000 14.87000390625326 492.56499804687337 384.95584806615767 764.7698886718717 220.360107421875 2359.2022445318476 81419.90690582049    
39000 40000 59.88580468750297 470.0570976562485 434.6893610694751 777.428892578122 162.685302734375 603.8982989241786 14830.105591307845    
40000 41000 23.46935156249674 488.26532421875163 468.19714059500103 819.3306972656283 157.199951171875 1825.26155468411 63555.497289683684    
41000 42000 31.976912109377736 484.01154394531113 487.5098274469346 828.7330488281223 139.2900390625 2581.9952358387604 89607.54230310218    
42000 43000 254.06703906250186 745.9329609374981  745.9329609374981 745.9329609374981 2740.297065223959 111094.10356151954    
43000 44000 757.153076171875 242.846923828125  242.846923828125 242.846923828125 762.9170606166023 31924.09067760402    
44000 45000 9.967970703131869 495.01601464843407 360.1140143163974 749.6550761718681 240.376953125 2467.4500839679076 101617.02738306473    
45000 46000 20.463693359371973 489.768153320314 377.20879031468604 756.495046875003 223.041259765625 927.4985197008997 36052.8931578061    
46000 47000 6.240351562504657 496.8798242187477 389.5435927702612 772.3287402343703 221.430908203125 2016.886288679001 91401.8716960169    
47000 48000 28.019974609371275 485.99001269531436 409.95658196790504 775.8730917968787 196.10693359375 760.2456110865357 30562.565951258523    
48000 49000 478.34093359374674 521.6590664062533  521.6590664062533 521.6590664062533 1745.0024359490535 81234.55113424972    
49000 50000 756.09912109375 243.90087890625  243.90087890625 243.90087890625 844.3928354353018 39004.61543233299    
50000 51000 17.825841796875466 491.08707910156227 354.75411729364924 741.9361210937495 240.238037109375 2761.1488442550976 125510.55545305662    
51000 52000 18.470925781250116 490.76453710937494 376.0753437196836 756.6899628906249 224.839111328125 1273.1442894247562 55466.28999390756    
52000 53000 2.4370058593776776 498.78149707031116 388.87109969465587 773.7548886718723 223.80810546875 2473.727193764743 124087.98980977257    
53000 54000 20.65619335937663 489.6719033203117 377.6119792867523 756.6838945312484 222.659912109375 1212.8032235152161 44515.018042345415    
54000 55000 17.88298437499907 491.05850781250047 384.2879000851181 762.7910878906259 219.325927734375 2532.132781264193 81145.10315643271    
55000 56000 53.854896484379424 473.0725517578103 427.4326432008489 775.3130722656206 170.83203125 2013.2250243220458 71415.61135233687    
56000 57000 6.126939453126397 496.9365302734368 467.21011206001276 827.3039687499986 166.569091796875 2405.7231843571626 101259.05007104186    
57000 58000 672.5218105468812 163.73909472655941 46.4934212925985 196.61490820311883 130.86328125 1027.5138490381576 69391.53877649784    
58000 59000 434.7752812499966 565.2247187500034  565.2247187500034 565.2247187500034 2137.188774623326 123502.2279122756    
59000 60000 756.89111328125 243.10888671875  243.10888671875 243.10888671875 884.1512916564094 59302.445290819174    
60000 61000 596.6708867187554 403.32911328124464  403.32911328124464 403.32911328124464 1466.8487083435905 98385.55470918081    
61000 62000 757.1259765625 242.8740234375  242.8740234375 242.8740234375 1002.0297031770402 72296.54900702507    
62000 63000 440.34702343749814 559.6529765625019  559.6529765625019 559.6529765625019 2308.97029682296 166592.45099297495    
63000 64000 757.2119140625 242.7880859375  242.7880859375 242.7880859375 1073.4980992741698 83141.46960852046    
64000 65000 520.6420859375066 479.35791406249336  479.35791406249336 479.35791406249336 2119.50190072583 164153.53039147955    
65000 66000 756.3779296875 243.6220703125  243.6220703125 243.6220703125 1009.7054257048351 87455.03751441883    
66000 67000 19.609099609369878 490.19545019531506 359.52912099865836 744.4209296875051 235.969970703125 3245.992529345783 280274.12135794404    
67000 68000 27.442937499989057 486.27853125000547 382.3955663289637 756.6730292968859 215.884033203125 1479.4792065597953 133805.60899306988    
68000 69000 5.527052734352765 497.2364736328236 400.5851742628542 780.4929667968827 213.97998046876455 3594.50251843206 338049.9602644671    
69000 70000 49.84288671876129 475.07855664061935 434.4569604821432 782.2860195312387 167.87109375 1312.5654212688498 96193.08449544596    
70000 71000 5.248107421881286 497.37594628905936 473.3937912449802 832.1159062499937 162.635986328125 5088.714025504247 434527.3399770885    
71000 72000 49.71402929688338 475.1429853515583 444.82253131913086 789.6800136718812 160.60595703123545 3493.2185867313633 352888.62637131807    
72000 73000 347.6789570312394 652.3210429687606  652.3210429687606 652.3210429687606 3302.822286453066 298577.22102624754    
73000 74000 756.410888671875 243.589111328125  243.589111328125 243.589111328125 1262.1957045402107 111594.37249078597    
74000 75000 6.292019531247206 496.8539902343764 362.79513259231896 753.3888886718778 240.319091796875 4330.943530867908 387894.53899144375    
75000 76000 28.743111328119994 485.62844433594 383.285058322294 756.6519082031155 214.60498046876455 2400.590718626334 236712.90443234658    
76000 77000 3.5380117187596625 498.23099414062017 402.2561131620378 782.6690195312403 213.79296875 4209.311574872456 406699.82516400213    
77000 78000 5.462986328129773 497.2685068359351 407.4512253023509 785.3800312499952 209.156982421875 2287.2749225228663 220997.37746638124    
78000 79000 4.780060546880122 497.60996972655994 411.45136150915334 788.5500175781199 206.669921875 3994.796620970532 390548.7309143821    
79000 80000 36.267847656228696 481.86607617188565 437.89709021533554 791.5060781250068 172.22607421876455 2131.5431335996736 196509.59997562057    
80000 81000 83.29075585938699 458.3546220703065 487.9083511715233 803.357925781238 113.351318359375 4100.461743823373 365022.37999164057    
81000 82000 14.574248046876164 492.7128759765619 545.6613002870781 878.5536816406238 106.8720703125 2841.5170867358543 202002.81032972678    
82000 83000 18.800824218735215 490.5995878906324 543.3017360577627 874.7719296875002 106.42724609376455 4112.031053291198 455875.14672899345    
83000 84000 97.0042011718906 451.4978994140547 617.7311066925597 888.2997539062344 14.696044921875 1825.5504076222278 107209.92233233704    
84000 85000 24.48409179688315 487.7579541015584 687.3162779757606 973.7639550781169 1.751953125 4454.517694485671 506713.13672669855    
85000 86000 121.23195312499593 878.7680468750041  878.7680468750041 878.7680468750041 368.26580804169697 23447.25445564127    
86000 87000 1000.0 0.0 0.0 0.0 0.0 0.0 0.0 0.0 0.0 0 0
87000 88000 757.1240234375 242.8759765625  242.8759765625 242.8759765625 1163.6167085683355 111803.05704015918    
88000 89000 6.850861328130122 496.57456933593494 366.113663437294 755.4560234374949 237.693115234375 3921.1147178505867 370612.10988759535    
89000 90000 19.23921679687919 490.3803916015604 376.30029896978533 756.4648847656208 224.2958984375 1927.6013398521868 165742.35312140535    
90000 91000 5.160857421869878 497.41957128906506 389.37192740738783 772.7471015625051 222.092041015625 3731.5375593891504 359299.62273239344    
91000 92000 27.31897851564281 486.3405107421786 382.44075072847477 756.7669589843572 215.9140625 2270.1594739177963 220320.10513943512    
92000 93000 7.6750683593709255 496.16246582031454 404.0315823308707 781.8559375000041 210.468994140625 3745.6524032404345 361607.87779751513    
93000 94000 5.519035156248719 497.24048242187564 405.8192214703087 784.1980058593763 210.282958984375 2580.021806504901 245271.3846645201    
94000 95000 63.85102539061336 468.0744873046933 419.26843526156944 764.5420410156221 171.60693359376455 3347.2636265749443 306207.6108947125    
95000 96000 53.828994140640134 473.08550292967993 452.4741835167707 793.0330664062349 153.137939453125 773.092459161426 63201.5671291632    
96000 97000 188.45293945311278 811.5470605468872  811.5470605468872 811.5470605468872 3656.9399049402386 334563.31159310054    
97000 98000 755.856689453125 244.143310546875  244.143310546875 244.143310546875 848.5364077479826 76396.14565453056    
98000 99000 3.7700546874984866 498.11497265625076 362.64355486250884 754.5426894531265 241.687255859375 3859.8285696570024 340606.04816454346    
99000 100000 4.799324218751281 497.60033789062436 367.40618696097704 757.3957441406237 237.804931640625 4770.53998970288 409649.34569739853    
100000 101000 7.050041015623719 496.47497949218814 366.8287389804527 755.8620683593763 237.087890625 3355.982940089838 303436.794229555    
101000 102000 19.387593749997905 490.30620312500105 376.21885877490735 756.3331093750021 224.279296875 2552.866535300409 210767.90680659632    
102000 103000 5.937390624996624 497.0313046875017 388.0635934180207 771.4337031250034 222.62890625 3141.7022584052665 262275.0201076676    
103000 104000 26.035785156229394 486.9821074218853 380.25796595660785 755.865093750006 218.09912109376455 924.3568088101765 63858.70429214809    
104000 105000 4.440195312519791 497.7799023437401 401.1147737638195 781.4108789062448 214.14892578123545 3818.57226535343 333667.06975250656    
105000 106000 6.647847656233353 496.6760761718833 404.6008405785689 782.7720742187666 210.580078125 4578.0952136955875 489861.88446622324    
106000 107000 6.694042968767462 496.65297851561627 413.25716445404686 788.8699218749971 204.43603515623545 3839.4404959823023 347860.7656115219    
107000 108000 18.80506054685975 490.5974697265701 423.7669657394255 790.2459648437653 190.948974609375 4159.057182740385 433980.2026002854    
108000 109000 5.808087890618481 497.09595605469076 438.0343642245831 806.8330253906315 187.35888671875 4171.725197302631 409521.8473705718    
109000 110000 47.316572265612194 476.3417138671939 433.58995779900994 782.9361132812628 169.747314453125 3850.007669701796 396461.38834720553    
110000 111000 32.28427148438641 483.8578642578068 485.02408747028653 826.8216855468636 140.89404296875 3913.750593190305 355217.2576312665    
111000 112000 11.655164062511176 494.1724179687444 506.14213946857177 852.0689570312388 136.27587890625 4146.992012292194 383018.4290855407    
112000 113000 0.597806640638737 499.70109667968063 514.1048482154928 863.2281210937363 136.174072265625 4645.924547289365 498532.84127704846    
113000 114000 5.983962890633848 497.0080185546831 516.1468096335469 861.9789277343662 132.037109375 5236.262668502071 527141.5961705403    
114000 115000 185.51010937499814 814.4898906250019  814.4898906250019 814.4898906250019 3859.358644236378 399038.75273485016    
115000 116000 756.2060546875 243.7939453125  243.7939453125 243.7939453125 1095.7124455695143 99345.57098342449    
116000 117000 5.353041015623603 497.3234794921882 365.0390323823186 755.4450546875014 239.201904296875 4163.531313857209 382420.1902767105    
117000 118000 26.865597656258615 486.5672011718707 382.23066405573263 756.8450957031164 216.289306640625 3393.908875148533 314902.3401870452    
118000 119000 5.62538085936103 497.1873095703195 400.0999443313666 780.100693359389 214.27392578125 4657.123771894223 401164.0380926324    
119000 120000 6.170011718757451 496.9149941406213 405.8129376112119 783.8680742187425 209.9619140625 5391.996520805862 540934.817051199    
120000 121000 4.150630859367084 497.92468457031646 410.8423354103711 788.4340859375079 207.415283203125 4857.933274570647 502927.3873949063    
121000 122000 3.9704003906226717 498.01479980468866 411.3733947001252 788.8997167968773 207.1298828125 3949.142902036191 325274.4940877737    
122000 123000 125.80462109376094 437.09768945311953 357.44873965179573 689.8521171874891 184.34326171875 2542.02606358441 193208.93344291893    
123000 124000 4.692261718737427 497.6538691406313 443.57355562947674 811.3077382812626 184.0 2089.115495195761 114314.73671927395    
124000 125000 4.334095703117782 497.8329521484411 449.374912397759 815.5890000000072 180.076904296875 3221.5162262335016 255395.29742333826    
125000 126000 6.048802734381752 496.9755986328091 451.51808123599307 816.2470957031182 177.7041015625 4547.170310530788 386579.6484261315    
126000 127000 5.254136718751397 497.3729316406243 453.8691684703362 818.3068984374986 176.43896484375 5335.080748126781 456563.4915007752    
127000 128000 3.3868593749939464 498.306570312503 456.9655863030215 821.430035156256 175.18310546875 3778.3015872072037 353842.9920275152    
128000 129000 8.221841796883382 495.8890791015583 456.4286809526971 818.6328945312416 173.145263671875 5011.203418083789 410758.9811088009    
129000 130000 3.33018554688897 498.3349072265555 463.1617710581025 825.839736328111 170.830078125 4286.542109396556 450517.3082350599    
130000 131000 7.875779296882683 496.06211035155866 460.29937794864105 821.5429218749923 170.581298828125 4716.847681787434 498750.1746589453    
131000 132000 5.743267578131054 497.1283662109345 464.281129379134 825.424701171869 168.83203125 3806.3590066630163 337106.79246261425    
132000 133000 1.9577597656170838 499.02112011719146 468.3420629584493 830.1889687500079 167.853271484375 5531.865118600882 516233.33841836255    
133000 134000 5.894289062503958 497.052855468748 470.7858585209199 829.948728515621 164.156982421875 4914.311626280123 508089.87256856053    
134000 135000 17.788919921877095 491.10554003906145 482.8711682924492 832.5470175781229 149.6640625 4795.712555824415 418049.50149516854    
135000 136000 0.5270957031170838 499.73645214844146 495.67546893472576 850.2319375000079 149.240966796875 4988.885146418496 468823.0841280044    
136000 137000 7.818951171881054 496.0905244140595 492.03955901148504 844.015033203119 148.166015625 4209.892075532356 427387.73270802037    
137000 138000 6.527925781236263 496.73603710938187 499.7038024055003 850.0799843750137 143.39208984375 4955.896101374071 407572.8931769148    
138000 139000 7.905175781255821 496.0474121093721 505.3487076552311 853.3829101562442 138.7119140625 4580.215604253156 425286.0866812254    
139000 140000 4.699003906251164 497.6504980468744 512.8894214280575 860.3180859374988 134.98291015625 4450.465411568485 469274.6303603551    
140000 141000 169.90091015625512 830.0990898437449  830.0990898437449 830.0990898437449 4549.244609456596 396593.6663843231    
141000 142000 756.341064453125 243.658935546875  243.658935546875 243.658935546875 1164.591741982816 101832.85360725858    
142000 143000 7.089027343754424 496.4554863281228 358.1843433886959 749.7300644531206 243.180908203125 3648.4097771952256 314115.67772011255    
143000 144000 30.784828125004424 484.6075859374978 383.39401215253173 755.7080917968706 213.507080078125 1116.6772361508931 85068.85185768455    
144000 145000 2.7779785156308208 498.6110107421846 403.8030984521928 784.1429199218692 213.0791015625 4059.1105540776553 371590.85652570333    
145000 146000 65.35220117188874 467.32389941405563 445.44332964095037 782.2998984374863 152.347900390625 3031.3845212859665 279964.04216217785    
146000 147000 198.48887890623882 400.7555605468806 378.5616913662236 668.4390996093862 133.072021484375 2559.836313620285 190258.94746168703    
147000 148000 4.349117187492084 497.82544140625396 518.8375318558727 864.6989785156329 130.951904296875 4097.935170334924 438000.27450964286    
148000 149000 759.9239042968838 240.07609570311615  240.07609570311615 240.07609570311615 1175.0546853522358 109662.49615573324    
149000 150000 755.839111328125 244.160888671875  244.160888671875 244.160888671875 1016.1945543442064 87236.46964832058    
150000 151000 8.080914062506054 495.959542968747 358.6948606740321 749.595111328119 242.323974609375 4299.8940308928195 366254.31901070557    
151000 152000 8.877976562507683 495.56101171874616 369.2695652468716 756.6740253906173 234.447998046875 4733.34890102094 400630.10800476954    
152000 153000 3.650876953121042 498.1745615234395 375.9339430794681 764.000001953129 232.34912109375 4281.888661036672 392203.49703828327    
153000 154000 19.971154296887107 490.01442285155645 376.21397946189353 756.0378789062379 223.990966796875 3764.6212540502 357893.9041601185    
154000 155000 7.371056640637107 496.31447167968145 389.0240750652057 771.3960332031129 221.23291015625 3505.6889825937797 262253.01663391525    
155000 156000 27.866939453117084 486.06653027344146 382.15099438995077 756.2880898437579 215.844970703125 1704.695577662888 141505.75913821207    
156000 157000 2.63885937500163 498.6805703124992 402.649877726545 783.3970292968734 213.964111328125 3350.0429787282555 287163.44010651705    
157000 158000 5.676005859364523 497.16199707031774 407.08687748481185 785.0158886718855 209.30810546875 1488.8472313740706 113221.78366913498    
158000 159000 285.05410546876374 714.9458945312363  714.9458945312363 714.9458945312363 3689.7778282961694 320173.7025900232    
159000 160000 756.833984375 243.166015625  243.166015625 243.166015625 1125.617737563609 90863.29728714215    
160000 161000 3.8059550781326834 498.09702246093366 365.906492198948 756.8319843749923 239.362060546875 3519.7266135445707 282809.71166547114    
161000 162000 88.34004492187523 455.8299775390624 425.2030526556947 756.4939394531248 155.166015625 724.3501190699739 58506.426519321176    
162000 163000 6.346916015667375 496.8265419921663 490.09492145061813 843.3759843749867 150.2770996093459 3795.109294879565 326783.7301021968    
163000 164000 13.301121093769325 493.34943945311534 493.8030156514674 842.5209003906348 144.1779785155959 1296.2026824940328 96320.21751473291    
164000 165000 5.225068359315628 497.3874658203422 500.6733991010386 851.4170214844053 143.3579101562791 3260.727279038827 284398.1532847933    
165000 166000 15.907654296897817 492.0461728515511 511.3922346854233 853.6550898437563 130.4372558593459 1816.5742880385305 118045.84220161603    
166000 167000 222.28525585937314 777.7147441406269  777.7147441406269 777.7147441406269 3668.691985370891 355943.6214247264    
167000 168000 755.9650878906541 244.0349121093459  244.0349121093459 244.0349121093459 1118.2075460479016 94666.28887490675    
168000 169000 290.5549121093645 709.4450878906355  709.4450878906355 709.4450878906355 3250.7924539520986 275208.7111250933    
169000 170000 755.7119140625 244.2880859375  244.2880859375 244.2880859375 844.1125484014048 58259.63545788531    
170000 171000 137.57506054683472 431.21246972658264 416.18388080242505 725.4989140625112 136.9260253906541 2879.1883538949182 202780.59401285488    
171000 172000 20.23472460938501 489.8826376953075 514.7727989586737 853.881974609365 125.88330078125 2904.4530563689596 241251.25858114555    
172000 173000 276.29830078122905 723.701699218771  723.701699218771 723.701699218771 3350.246041334717 320083.51194811426    
173000 174000 756.32470703125 243.67529296875  243.67529296875 243.67529296875 872.6596923204879 74368.59022728425    
174000 175000 0.5213457031641155 499.73932714841794 362.7717718282606 756.25770703124 243.2209472655959 3424.16414987219 292001.11591398704    
175000 176000 689.8198652343417 155.09006738282915 124.58375027969088 243.18408203125 66.9960527344083 1263.1040621648865 111136.28489480334    
176000 177000 7.3360664062493015 496.33196679687535 361.21270219369035 751.7479179687507 240.916015625 3413.1026328762837 295791.62228602584    
177000 178000 27.268080078123603 486.3659599609382 383.0143220513294 757.1979843750014 215.533935546875 1380.038022498642 102875.43942828344    
178000 179000 5.955861328082392 497.0220693359588 404.17657236667156 782.8180644531676 211.22607421875 3686.5655458162614 324031.5223209103    
179000 180000 5.681185546825873 497.15940722658706 406.58430410216437 784.6579257812409 209.6608886719332 878.6885733856012 70398.53803404883    
180000 181000 6.46281054688734 496.76859472655633 408.97432226047795 785.9571113281127 207.580078125 3182.998051548958 277279.3640873067    
181000 182000 52.750115234346595 473.6249423828267 449.52613657415145 791.4879218749993 155.7619628906541 1545.1043490569068 122786.80407798388    
182000 183000 317.85896289063385 682.1410371093662  682.1410371093662 682.1410371093662 3588.574920459783 312846.7187293663    
183000 184000 756.3039550780668 243.6960449219332  243.6960449219332 243.6960449219332 1034.8750589073913 90937.40965777106    
184000 185000 6.8999238281394355 496.5500380859303 359.4943843780187 750.7509550781106 242.34912109375 3288.1707696780063 284174.977964705    
185000 186000 36.98608007817529 481.50695996091235 387.72774669938684 755.6718789062288 207.3420410155959 1424.1560643258815 109562.6234245423    
186000 187000 312.13004101559636 687.8699589844036  687.8699589844036 687.8699589844036 3689.798107088721 321839.98895298166    
187000 188000 756.5458984375 243.4541015625  243.4541015625 243.4541015625 1090.975834887891 96191.89351627104    
188000 189000 6.918011718749767 496.5409941406251 363.84024470131845 753.8148984375002 239.26708984375 3419.1170160771753 297842.106483729    
189000 190000 35.73907617182704 482.1304619140865 387.87133080795167 756.3969101562398 207.8640136719332 765.9072275464771 47305.867977573216    
190000 191000 59.11298437503865 470.4435078124807 428.73790293297395 773.6069863280864 167.280029296875 3265.14862880109 261919.9093847595    
191000 192000 5.724066406226484 497.13796679688676 473.23263304690647 831.7639707031194 162.5119628906541 5237.105868662935 495181.6729489162    
192000 193000 5.391841796896188 497.3040791015519 479.35469864823636 836.2590371093538 158.34912109375 4049.998501432866 354579.4935581453    
193000 194000 58.54705273441505 470.7264736327925 458.07283127722434 794.6328789062391 146.8200683593459 1037.0196079129905 73709.8214154793    
194000 195000 7.348109374957858 496.32594531252107 498.394295889439 848.743931640638 143.9079589844041 3749.9425643817276 335207.8103876124    
195000 196000 72.79371289061964 463.6031435546902 535.5285899330651 842.2790410156304 84.92724609375 1056.5150061328304 76355.11186179906    
196000 197000 7.197308593749767 496.4013457031251 586.4607994668945 911.0917539062502 81.7109375 4572.061429471856 419848.4961816427    
197000 198000 100.45993750001071 899.5400624999893  899.5400624999893 899.5400624999893 3124.2083146921605 228456.81628407235    
198000 199000 95.5458984375 904.4541015625  904.4541015625 904.4541015625 4078.126007974715 425167.83852083376    
199000 200000 134.53710156248417 432.7314492187579 485.300890772696 775.8910000000033 89.57189843751257 3956.8739920252856 395047.16147916624    
200000 201000 1000.0 0.0 0.0 0.0 0.0 0.0 0.0 0.0 0.0 0 0
201000 202000 756.106689453125 243.893310546875  243.893310546875 243.893310546875 987.6238639822736 78410.06245249136    
202000 203000 6.875029296876164 496.5624853515619 366.2094764061476 755.5116894531238 237.61328125 4439.842172095279 365571.0172649274    
203000 204000 6.241199218755355 496.8794003906223 374.33570912048845 761.5747187499946 232.18408203125 5577.76693574847 495874.1659105908    
204000 205000 106.65908984371345 446.6704550781433 440.5324219461318 758.1739179687866 135.1669921875 4434.486200586596 408677.4858370373    
205000 206000 1.1470468750048894 499.42647656249756 516.3753777573645 864.5590078124951 134.2939453125 4847.737518701375 516469.2400265517    
206000 207000 5.920693359366851 497.0396533203166 515.7727390977678 861.7460546875081 132.333251953125 4084.7547448236205 339809.66460913944    
207000 208000 12.49419726562337 493.7529013671883 514.839987913574 857.7997480468766 129.7060546875 3312.674872284385 306107.9327420152    
208000 209000 6.833091796841472 496.58345410157926 523.7136753087193 866.9049453125044 126.2619628906541 3916.8581352448196 385023.0184211955    
209000 210000 55.70269140624441 472.1486542968778 544.1828491119472 856.9440371093515 87.3532714844041 1473.7173832977767 58131.642247993615    
210000 211000 342.05027148436056 657.9497285156394  657.9497285156394 657.9497285156394 3189.538173235404 346468.77048805775    
211000 212000 756.8479003906541 243.1520996093459  243.1520996093459 243.1520996093459 988.7505069105194 87890.94029666149    
212000 213000 4.392980468692258 497.80350976565387 361.3406028948725 753.3099003906536 242.2971191406541 3206.741618754486 280950.1556885514    
213000 214000 48.1891953125014 475.9054023437493 398.00704222263295 757.3388808593736 194.471923828125 1412.610603120832 106512.53713480932    
214000 215000 7.016861328127561 496.4915693359362 428.6163206176054 799.5690761718724 193.4140625 4744.451184813474 398339.5426596446    
215000 216000 49.117048828076804 475.4414755859616 452.65788764877675 795.51893749999 155.3640136719332 4051.9329972999035 368148.89985272253    
216000 217000 316.7730136718892 683.2269863281108  683.2269863281108 683.2269863281108 3700.5130891007852 323143.9243676108    
217000 218000 755.8820800780668 244.1179199219332  244.1179199219332 244.1179199219332 975.1707989031938 83966.32001696166    
218000 219000 4.552615234366385 497.7236923828168 360.60520769924113 752.7100800781336 242.7373046875 4115.843347120702 371146.7503225707    
219000 220000 239.37932421875303 380.3103378906235 195.45189085863456 518.515695312497 242.10498046875 3465.1272065542025 338198.75217180385    
220000 221000 5.940035156207159 497.0299824218964 367.49900301244656 756.8910195312928 237.1689453125 4380.00726221157 402939.3533121849    
221000 222000 24.647960937494645 487.6760195312527 381.08393573044015 757.1430546875054 218.208984375 4035.5373437800245 390040.99050390447    
222000 223000 137.08496874998673 431.45751562500664 407.7057492168925 719.7490156250133 143.166015625 3796.2431097788863 334492.8526777025    
223000 224000 72.22296679686406 463.88851660156797 464.69426756459774 792.4769843750109 135.300048828125 3558.6485393770145 343638.7211162708    
224000 225000 6.217960937472526 496.89101953126374 514.4922115301174 860.6919511718734 133.0900878906541 4867.593456762744 450575.47360816976    
225000 226000 12.053039062506286 493.97348046874686 518.5545399880514 860.6469121093687 127.300048828125 4519.949959218307 384771.46695177053    
226000 227000 6.3221503906243015 496.83892480468785 523.8501966359518 867.2569511718757 126.4208984375 4432.129656204753 475875.8671437401    
227000 228000 18.254810546844965 490.8725947265775 515.5268150932259 855.4051015625009 126.3400878906541 3517.5288063151597 279890.70918093727    
228000 229000 5.030058593751164 497.4849707031244 527.7914896813742 870.6899121093738 124.280029296875 4444.508036946295 488342.039361142    
229000 230000 102.7507187500014 448.6246406249993 482.22042151250037 789.6059707031236 107.643310546875 2846.5329607204694 274766.8703594033    
230000 231000 0.6119980468356516 499.6940009765822 555.0769684572349 892.1926894531643 107.1953125 5074.027747725036 483584.0825031899    
231000 232000 18.343044921872206 490.8284775390639 567.5652117032392 892.1576875000028 89.499267578125 3727.353458167314 294412.34881054715    
232000 233000 0.08425195311428979 499.95787402344286 580.5938640689326 910.4997324218857 89.416015625 4344.836254031436 470426.0818816919    
233000 234000 87.2590468749986 456.3704765625007 549.3548048862791 844.8229843750014 67.91796875 3784.6714285683515 301571.2372572438    
234000 235000 5.427019531256519 497.28649023437174 613.7878359578639 931.3000312499935 63.27294921875 4675.527600955232 522502.9814788709    
235000 236000 110.28494921870879 889.7150507812912  889.7150507812912 889.7150507812912 1015.7630266593105 70039.10134189474    
236000 237000 1000.0 0.0 0.0 0.0 0.0 0.0 0.0 0.0 0.0 0 0
237000 238000 756.987060546875 243.012939453125  243.012939453125 243.012939453125 1209.9375746060937 110774.36731344786    
238000 239000 6.67268749998766 496.66365625000617 363.9201477676011 753.9940605468873 239.333251953125 4713.962221134285 440773.33991751535    
239000 240000 19.357208984380122 490.32139550780994 375.3709617855233 755.7487480468699 224.89404296875 3987.098734571099 394432.72187667264    
240000 241000 1.2150800781091675 499.3924599609454 389.6236104651881 774.8979570312658 223.886962890625 4556.77243545539 416002.6544702219    
241000 242000 5.914972656231839 497.0425136718841 394.1095331738714 775.7200371093932 218.364990234375 5491.659481639917 484561.6492494915    
242000 243000 7.171003906230908 496.41449804688455 399.0253229438657 778.5680097656441 214.260986328125 5017.041968126983 410997.7597599438    
243000 244000 5.0949648437672295 497.4525175781164 404.649628184311 783.5830136718578 211.322021484375 4991.9631088948045 403008.1847723982    
244000 245000 84.03071874997113 457.98464062501444 352.91605812616837 707.5339785156539 208.435302734375 5059.314771966224 472123.6404579421    
245000 246000 4.440324218769092 497.77983789061545 411.50342086484034 788.7566972656059 206.802978515625 4966.809119228208 528193.5184172033    
246000 247000 5.676097656250931 497.16195117187453 414.12991376085336 789.9960214843741 204.327880859375 4424.874020896918 392834.37730507617    
247000 248000 53.540828125027474 473.22958593748626 446.2911990089609 788.8051191405975 157.654052734375 2444.356169440901 208102.44252031264    
248000 249000 1.6500976562383585 499.1749511718808 483.6553759530855 841.1709472656366 157.178955078125 4255.068830278603 397873.0157455496    
249000 250000 12.59905468748184 493.7004726562591 483.2757673348916 835.4280449218932 151.972900390625 2049.265982531577 173994.22297709098    
250000 251000 6.08482421876397 496.957587890618 494.8750613472413 846.887099609361 147.028076171875 4470.651050284796 413664.0045696953    
251000 252000 16.808187499991618 491.5959062500042 502.66102240130976 847.0309238281334 136.160888671875 2228.3275336090433 173896.92687485932    
252000 253000 6.233951171860099 496.88302441406995 511.30479375036185 858.4301113281399 135.3359375 4352.214330427274 437218.0274331271    
253000 254000 6.868912109348457 496.56554394532577 512.4961720019141 858.9550625000265 134.176025390625 2184.736723426197 168979.6291518475    
254000 255000 5.292994140705559 497.3535029296472 518.3396361503034 863.8749746092944 130.83203125 4222.772702765446 427134.75717193045    
255000 256000 20.465054687520023 489.76747265624 517.625492828046 855.78396874998 123.7509765625 2327.099438137195 183500.43722033928    
256000 257000 1.2050039062160067 499.397498046892 532.8057026385527 876.1480234374758 122.64697265630821 4408.565510409232 459259.77947457804    
257000 258000 140.81587890622905 429.5920605468855 498.82277497750556 782.313027343771 76.87109375 1033.129123138619 77567.580311052    
258000 259000 5.174058593693189 497.4129707031534 599.5939323837321 921.3899062499986 73.43603515630821 4585.680235779106 427755.1099100751    
259000 260000 105.45773437502794 447.27113281248603 607.2460955765545 876.6589648437221 17.88330078125 2387.4341272323613 176867.57603778772    
260000 261000 4.630345703102648 497.6848271484487 678.8308143005765 977.6906992187724 17.678955078125 5701.37630683476 554539.0831946615    
261000 262000 124.67495507810963 875.3250449218904  875.3250449218904 875.3250449218904 1490.8884991849673 63762.193867180875    
262000 263000 29.85595703125 970.14404296875  970.14404296875 970.14404296875 5061.357428566493 522990.4129571924    
263000 264000 5.49604687502142 497.2519765624893 663.4698351273371 966.39599609375 28.10795703122858 1466.7255253263763 27228.79233902249    
264000 265000 31.37502929684706 484.31248535157647 660.1598144229187 951.115966796875 17.50900390627794 5206.059756028832 502190.9134344161    
265000 266000 6.279718749981839 496.8601406250091 638.3323133522413 948.229248046875 45.49103320314316 4016.3367919569596 306908.27912602574    
266000 267000 380.71224804688245 309.6438759765588 394.30412978864956 588.4589999999735 30.828751953144092 3060.5204981213383 329889.60214334325    
267000 268000 892.9579999999842 107.04200000001583  107.04200000001583 107.04200000001583 146.0 2335.0    
268000 269000 1000.0 0.0 0.0 0.0 0.0 0.0 0.0 0.0 0.0 0 0
269000 270000 756.0327148436918 243.9672851563082  243.9672851563082 243.9672851563082 1050.550426047326 94756.01907692317    
270000 271000 5.900380859384313 497.04980957030784 358.99515041768944 750.8977148437407 243.201904296875 4196.395032845793 387991.8871490486    
271000 272000 19.884916015609633 490.0575419921952 375.9963286801007 755.9270957031404 224.18798828125 3931.9423411669527 384964.0802135656    
272000 273000 2.128712890553288 498.93564355472336 388.87813761689 773.9140117188217 223.957275390625 3741.453765678935 341459.19280435424    
273000 274000 21.972332031233236 489.0138339843834 376.74209569590886 755.4107246093918 222.616943359375 2675.0624773835693 247212.86847456466    
274000 275000 3.973919921903871 498.01304003904806 390.16598898768524 773.9020566405961 222.1240234375 4077.258120843475 379412.1573256426    
275000 276000 27.18591015622951 486.40704492188524 381.86019258299285 756.4229765625205 216.39111328125 3189.9340522362186 306356.6048325349    
276000 277000 0.07813671877374873 499.9609316406131 401.0496895564325 783.5458867187263 216.3759765625 3941.328310662893 362507.58019518113    
277000 278000 35.44971679686569 482.27514160156716 387.4717215640169 756.2590234375093 208.291259765625 2266.919460751653 201011.36718295093    
278000 279000 334.4612597656087 665.5387402343913  665.5387402343913 665.5387402343913 3447.1560123831855 302172.24274523417    
279000 280000 757.2958984375 242.7041015625  242.7041015625 242.7041015625 1381.0514355669814 109898.66384053114    
280000 281000 6.545160156209022 496.7274199218955 365.4504318031896 755.1398984374828 238.3149414063082 5139.825476348711 426768.29209213186    
281000 282000 30.260941406304482 484.86952929684776 383.9512454417017 756.3640585936955 213.375 3753.9911134049253 362832.45092377404    
282000 283000 303.6020000000135 696.3979999999865  696.3979999999865 696.3979999999865 3521.131974679382 305440.59314356296    
283000 284000 757.188720703125 242.811279296875  242.811279296875 242.811279296875 1080.5163443255208 97574.22437186904    
284000 285000 2.7963828124920838 498.60180859375396 363.78227299381007 755.8347207031329 241.368896484375 4351.298381093571 400516.61813123256    
285000 286000 75.57188281248091 462.21405859375955 414.8596120512858 755.5641035156441 168.864013671875 3433.8863774314286 317919.1500748363    
286000 287000 55.41412890626816 472.2929355468659 473.5650395253366 807.1539863281068 137.431884765625 1778.3202802482829 83731.59904897434    
287000 288000 5.215888671868015 497.392055664066 512.1165136652563 859.513115234382 135.27099609375 1188.8044723500873 99880.83960380487    
288000 289000 5.296943359368015 497.351528320316 518.5885432616146 864.049003906257 130.654052734375 2142.6752355676026 168060.98911609847    
289000 290000 168.20405273436336 831.7959472656366  831.7959472656366 831.7959472656366 2180.4989089835067 120830.57965318432    
290000 291000 1000.0 0.0 0.0 0.0 0.0 0.0 0.0 0.0 0.0 0 0
291000 292000 755.5107421875 244.4892578125  244.4892578125 244.4892578125 843.1048846676433 42147.30912858529    
292000 293000 258.5342578124837 741.4657421875163  741.4657421875163 741.4657421875163 2556.895115332357 127820.69087141471    
293000 294000 88.652099609375 911.347900390625  911.347900390625 911.347900390625 2285.8571178918496 153516.08598569126    
294000 295000 136.5069003906101 431.74654980469495 485.33044700754044 774.9270000000251 88.56609960936476 3054.1428821081504 281644.9140143087    
295000 296000 756.2119140625 243.7880859375  243.7880859375 243.7880859375 732.4661267961928 57763.878285709616    
296000 297000 7.037990234384779 496.4810048828076 367.0703153831112 756.0389140624902 236.923095703125 2774.6049864937377 220725.17457172443    
297000 298000 28.57697656250093 485.71151171874953 381.3630412730863 755.3759042968741 216.047119140625 2419.6345745051026 201007.90945504757    
298000 299000 7.107216796954162 496.4463916015229 401.8791741481028 780.6178808592958 212.27490234375 3160.7770324539974 263900.2839808482    
299000 300000 123.74590234376956 438.1270488281152 489.21755247158075 784.0560976562556 92.19799999997485 865.51727975097 63971.75370667018    
300000 301000 1000.0 0.0 0.0 0.0 0.0 0.0 0.0 0.0 0.0 0 0
