ts te idle avg_span std_span max_span min_span c_bytes_all s_bytes_all avg_video_rate avg_audio_rate video_requests_sequence audio_requests_sequence
0 1000 1000.0 0.0 0.0 0.0 0.0 0.0 0.0 0.0 0.0 0 0
1000 2000 1000.0 0.0 0.0 0.0 0.0 0.0 0.0 0.0 0.0 0 0
2000 3000 1000.0 0.0 0.0 0.0 0.0 0.0 0.0 0.0 0.0 0 0
3000 4000 1000.0 0.0 0.0 0.0 0.0 0.0 0.0 0.0 0.0 0 0
4000 5000 1000.0 0.0 0.0 0.0 0.0 0.0 0.0 0.0 0.0 0 0
5000 6000 1000.0 0.0 0.0 0.0 0.0 0.0 0.0 0.0 0.0 0 0
6000 7000 1000.0 0.0 0.0 0.0 0.0 0.0 0.0 0.0 0.0 0 0
7000 8000 1000.0 0.0 0.0 0.0 0.0 0.0 0.0 0.0 0.0 0 0
8000 9000 1000.0 0.0 0.0 0.0 0.0 0.0 0.0 0.0 0.0 0 0
9000 10000 971.4130859375 28.5869140625  28.5869140625 28.5869140625 250.37914797080361 535.542207695536    
10000 11000 588.900914062513 411.09908593748696  411.09908593748696 411.09908593748696 3600.6208520291966 7701.457792304464    
11000 12000 228.875 771.125  771.125 771.125 5809.0955106392885 161659.1419222538    
12000 13000 16.196066406264435 491.9019667968678 390.61281003896124 768.10693359375 215.69699999998556 8937.56286126464 234090.83215135278    
13000 14000 23.80496679688804 488.097516601556 384.5154047866338 759.990966796875 216.20406640623696 7713.716323868298 255968.04716570798    
14000 15000 6.583859374979511 496.70807031251024 363.6678984719331 753.860107421875 239.5560332031455 6893.054383968286 214551.34000223846    
15000 16000 10.534003906243015 494.7329980468785 355.5306103088031 746.131103515625 243.33489257813198 8586.033906868286 272117.2392947988    
16000 17000 176.7781035156222 411.6109482421889 228.34040919090032 573.0719999999856 250.14989648439223 4410.537013391203 188976.3994636482    
17000 18000 397.9010000000126 602.0989999999874  602.0989999999874 602.0989999999874 4536.0 121978.0    
18000 19000 1000.0 0.0 0.0 0.0 0.0 0.0 0.0 0.0 0.0 0 0
19000 20000 282.7241210936918 717.2758789063082  717.2758789063082 717.2758789063082 5021.777470190053 126359.40949559504    
20000 21000 17.307912109361496 491.34604394531925 317.69589661492773 715.990966796875 266.7011210937635 4452.004155164838 128477.74490225106    
21000 22000 408.40596679691225 295.7970166015439 19.44258457735376 309.5449999999837 282.04903320310405 1996.2183746451096 39242.8456021539    
22000 23000 1000.0 0.0 0.0 0.0 0.0 0.0 0.0 0.0 0.0 0 0
23000 24000 282.925048828125 717.074951171875  717.074951171875 717.074951171875 3680.462944041521 82793.20441111017    
24000 25000 3.007648437516764 498.4961757812416 305.0304885935335 714.185302734375 282.80704882810824 4451.583896631685 124228.04286883718    
25000 26000 13.692369140626397 493.1538154296868 298.15598403721566 703.98193359375 282.3256972656236 5615.032388895988 134843.82519911393    
26000 27000 17.519851562508848 491.2400742187456 293.7236826720673 698.93408203125 283.54606640624115 5160.654774743602 130553.74760698699    
27000 28000 584.5880820312304 207.70595898438478 105.60916819244164 282.3829179687309 133.02900000003865 1695.2659956872033 41820.179913951724    
28000 29000 1000.0 0.0 0.0 0.0 0.0 0.0 0.0 0.0 0.0 0 0
29000 30000 283.972900390625 716.027099609375  716.027099609375 716.027099609375 4197.852841110057 96291.83377523746    
30000 31000 10.999201171915047 494.5003994140425 299.3472904732546 706.1708984375 282.82990039058495 4360.830036350282 119432.18939837287    
31000 32000 557.975898437493 221.0120507812535 89.58908677830995 284.3611015625065 157.66300000000047 1361.3171225396607 37903.97682638966    
32000 33000 1000.0 0.0 0.0 0.0 0.0 0.0 0.0 0.0 0.0 0 0
33000 34000 282.657958984375 717.342041015625  717.342041015625 717.342041015625 6314.49548464316 154542.63133748065    
34000 35000 2.9049707031226717 498.54751464843866 305.5755671038558 714.6220703125 282.4729589843773 6745.963178850772 201924.9749312718    
35000 36000 51.37499218748417 474.3125039062579 269.43253733056775 664.830078125 283.79492968751583 5651.624254374171 186888.64782077423    
36000 37000 744.6640781249735 255.33592187502654  255.33592187502654 255.33592187502654 1520.9170821318983 50260.74591047333    
37000 38000 283.210693359375 716.789306640625  716.789306640625 716.789306640625 5562.572198129116 150035.2536952893    
38000 39000 10.719427734380588 494.6402861328097 306.3689933929341 711.27587890625 278.0046933593694 4022.946137755742 110674.09082519694    
39000 40000 523.9938789062435 238.00306054687826 64.30154788015018 283.4711210937239 192.5350000000326 1019.4816641151419 26007.655479513767    
40000 41000 1000.0 0.0 0.0 0.0 0.0 0.0 0.0 0.0 0.0 0 0
41000 42000 283.01708984375 716.98291015625  716.98291015625 716.98291015625 5097.041728294021 197811.56888657136    
42000 43000 662.0919101562467 168.95404492187663 155.93549355708362 279.21708984376164 58.69099999999162 2400.9582717059793 77077.43111342864    
43000 44000 544.7970000000787 455.2029999999213  455.2029999999213 455.2029999999213 3905.0 127390.0    
44000 45000 1000.0 0.0 0.0 0.0 0.0 0.0 0.0 0.0 0.0 0 0
45000 46000 283.71875 716.28125  716.28125 716.28125 7526.941617923861 268074.79061778524    
46000 47000 869.1462499999907 130.8537500000093  130.8537500000093 130.8537500000093 1375.0583820761392 48973.20938221476    
47000 48000 284.3159179688082 715.6840820311918  715.6840820311918 715.6840820311918 6851.25109432464 246949.8442491772    
48000 49000 776.4810820312705 223.5189179687295  223.5189179687295 223.5189179687295 2139.74890567536 77126.15575082283    
49000 50000 930.0719999999274 69.92800000007264  69.92800000007264 69.92800000007264 886.0 3567.0    
50000 51000 1000.0 0.0 0.0 0.0 0.0 0.0 0.0 0.0 0.0 0 0
51000 52000 284.531005859375 715.468994140625  715.468994140625 715.468994140625 7718.869101164181 328235.95807582274    
52000 53000 20.250984375015832 489.8745078124921 291.5196225487062 696.010009765625 283.73900585935917 7265.927618537598 390122.0959541301    
53000 54000 643.519009765645 178.2404951171775 157.63742914494102 289.7069902343792 66.77399999997579 2081.2032802982203 113269.94597004713    
54000 55000 1000.0 0.0 0.0 0.0 0.0 0.0 0.0 0.0 0.0 0 0
55000 56000 283.9970703125 716.0029296875  716.0029296875 716.0029296875 6216.373613824365 206406.37562750245    
56000 57000 0.7718789062928408 499.6140605468536 305.09959170851545 715.3520507811918 283.87607031251537 9763.164011055742 472123.90593748324    
57000 58000 7.281054687569849 496.3594726562151 302.69335428846637 710.3959960936918 282.32294921873836 10862.68013751125 490488.40074453456    
58000 59000 5.147990234312601 497.4260048828437 298.72433216109266 708.656005859375 286.1960039063124 9548.34386760965 515984.41170715296    
59000 60000 402.81100585940294 298.59449707029853 16.74499982849889 310.4349999999977 286.7539941405994 4335.438369998992 232012.90598332678    
60000 61000 1000.0 0.0 0.0 0.0 0.0 0.0 0.0 0.0 0.0 0 0
61000 62000 284.169921875 715.830078125  715.830078125 715.830078125 7259.708854100309 389958.57138766506    
62000 63000 383.04107812501024 308.4794609374949 35.72662536213137 333.74199999996927 283.2169218750205 6167.291145899691 282195.4286123349    
63000 64000 285.3330078125 714.6669921875  714.6669921875 714.6669921875 7764.318684415504 387468.6775413486    
64000 65000 1.4561035156366415 499.2719482421817 303.3685238737665 713.785888671875 284.75800781248836 10723.755042782033 543945.5646326689    
65000 66000 3.9247734375530854 498.03761328122346 302.1545085377782 711.693115234375 284.3821113280719 11485.916917697123 546543.7797152466    
66000 67000 3.074083984422032 498.462958007789 298.2139032641804 709.33203125 287.59388476557797 10409.119507994845 522069.9585155216    
67000 68000 664.6890312500182 167.65548437499092 167.51993832702271 286.1099687499809 49.20100000000093 3101.8898471104962 151846.01959521428    
68000 69000 1000.0 0.0 0.0 0.0 0.0 0.0 0.0 0.0 0.0 0 0
69000 70000 282.750732421875 717.249267578125  717.249267578125 717.249267578125 6859.720293031174 369583.3848826588    
70000 71000 7.4910156250116415 496.2544921874942 309.47059989783895 715.083251953125 277.42573242186336 9686.68579702448 526693.8788359069    
71000 72000 5.460292968724389 497.2698535156378 303.013789670065 711.532958984375 283.0067480469006 9215.22701906597 519840.45445545495    
72000 73000 1.1789003906887956 499.4105498046556 298.9640524084653 710.8100585936918 288.0110410156194 9566.45353611315 510453.8327599782    
73000 74000 3.6599804686848074 498.1700097656576 295.97378207596233 707.455078125 288.8849414063152 9137.911261310772 495701.72883011546    
74000 75000 887.3990781250177 112.6009218749823  112.6009218749823 112.6009218749823 1004.0020934544573 55512.72023588567    
75000 76000 283.6220703125 716.3779296875  716.3779296875 716.3779296875 5933.021316885991 333843.5140874115    
76000 77000 0.8959589843871072 499.55202050780645 305.7076469166112 715.719970703125 283.3840703124879 7976.049693363537 488498.22611268645    
77000 78000 3.921929687494412 498.0390351562528 306.959304640171 715.092041015625 280.9860292968806 7055.546143610667 522667.1034843131    
78000 79000 1.785126953094732 499.10743652345263 305.2643296346794 714.9619140625 283.25295898440527 4151.157437204254 191605.4067577383    
79000 80000 113.69196679687593 443.15401660156203 225.66171745136515 602.720947265625 283.58708593749907 5149.5498770183585 269066.29247955943    
80000 81000 1.1719980469206348 499.4140009765397 145.46451961548374 602.2729492186918 396.5550527343876 7397.140755724682 424776.8809558018    
81000 82000 15.578984374995343 492.2105078125023 142.62832674580264 593.06396484375 391.35705078125466 8245.868702177551 512601.4606634336    
82000 83000 3.29999609378865 498.3500019531057 130.73409739017367 590.79296875 405.90703515621135 8730.077261080996 510318.4859042053    
83000 84000 0.8076523437630385 499.5961738281185 127.92006099326086 590.04931640625 409.14303124998696 7892.773896644991 463377.6320016024    
84000 85000 870.6303164062556 129.3696835937444  129.3696835937444 129.3696835937444 951.8149162889699 59945.99755324809    
85000 86000 284.22412109375 715.77587890625  715.77587890625 715.77587890625 6752.622953603907 367416.2178753772    
86000 87000 7.189986328128725 496.40500683593564 304.56487120772437 711.764892578125 281.0451210937463 8409.952244088094 487430.59463710245    
87000 88000 120.73789257818135 439.6310537109093 218.57370117377653 594.1859999999288 285.0761074218899 6535.424802307998 368565.1874875204    
88000 89000 1000.0 0.0 0.0 0.0 0.0 0.0 0.0 0.0 0.0 0 0
89000 90000 284.47509765625 715.52490234375  715.52490234375 715.52490234375 6245.511068076613 333718.0928367077    
90000 91000 9.094796875084285 495.45260156245786 299.4321501922856 707.1831054686918 283.7220976562239 8524.168844226651 463090.2190776565    
91000 92000 1.7830312500009313 499.10848437499953 292.20139778179106 705.7260742186918 292.4908945313073 10507.448479002795 520590.95440150786    
92000 93000 5.09204882819904 497.4539755859005 293.76334003778095 705.176025390625 289.73192578117596 9445.129536821987 457140.77688234026    
93000 94000 47.23504882812267 476.38247558593866 269.22171592968886 666.7509765625 286.0139746093773 9162.535191728479 483506.34651071375    
94000 95000 1.2006660156184807 499.39966699219076 236.5182289357261 666.643310546875 332.1560234375065 9574.35981638526 524750.5419083307    
95000 96000 53.8023105468601 473.09884472656995 199.3675623318221 614.0730000000331 332.12468945310684 9343.847063758218 468876.0683827432    
96000 97000 1000.0 0.0 0.0 0.0 0.0 0.0 0.0 0.0 0.0 0 0
97000 98000 283.865966796875 716.134033203125  716.134033203125 716.134033203125 8476.955518457558 367934.828972815    
98000 99000 2.0269316406338476 498.9865341796831 304.7171560443184 714.4541015625 283.51896679686615 10103.54732117138 518880.62569520215    
99000 100000 1.7069824218633585 499.1465087890683 303.9153577214274 714.047119140625 284.24589843751164 9103.068907589077 557354.7339394287    
100000 101000 7.927027343772352 496.0364863281138 301.9807066627854 709.569091796875 282.50388085935265 10275.442146465473 516315.8602304371    
101000 102000 3.4521015625214204 498.2739492187393 298.5278130997673 709.364990234375 287.1829082031036 10569.468340049438 532873.2428342588    
102000 103000 7.5879707031999715 496.2060146484 297.0753646716522 706.2700195311918 286.14200976560824 8151.689587740543 473015.78480898857    
103000 104000 353.09501953131985 323.4524902343401 42.32247598502655 353.37899999995716 293.525980468723 5823.82817852653 283061.9235188696    
104000 105000 1000.0 0.0 0.0 0.0 0.0 0.0 0.0 0.0 0.0 0 0
105000 106000 284.883056640625 715.116943359375  715.116943359375 715.116943359375 7063.383514020661 355665.85264782334    
106000 107000 10.710031250026077 494.64498437498696 302.83959004756605 708.784912109375 280.5050566405989 9922.891437606153 535626.8094949988    
107000 108000 1.63883984379936 499.1805800781003 295.91498448990615 708.424072265625 289.93708789057564 9531.949726059825 528963.0892359508    
108000 109000 4.153751953097526 497.92312402345124 292.00709395343154 704.4033203125 291.4429277344025 9550.771067265705 577199.0818149743    
109000 110000 1.991265624994412 499.0043671875028 290.1990094843417 704.2060546875 293.8026796875056 9372.129606716546 553774.1903389199    
110000 111000 7.45993750001071 496.27003124999464 286.51978927077465 698.8701171875 293.6699453124893 7686.817431531668 405281.1060183018    
111000 112000 62.182214843749534 468.90889257812523 261.9703483182335 654.14990234375 283.66788281250047 8062.047348369241 433670.2990255626    
112000 113000 6.1269179687369615 496.9365410156315 217.1135215274742 650.458984375 343.41409765626304 7124.376504732544 381168.74021933065    
113000 114000 20.241093749995343 489.8794531250023 217.37655696367395 643.587890625 336.17101562500466 7642.931720936393 447818.1917817181    
114000 115000 3.762773437483702 498.11861328125815 204.17920991221936 642.4951171875 353.7421093750163 7205.232014524274 341880.9304390279    
115000 116000 16.03287109383382 491.9835644530831 208.16330087177647 639.1772460936918 344.7898828124744 8121.356072984101 416752.78808072297    
116000 117000 2.905283203057479 498.54735839847126 197.58628853439677 638.261962890625 358.8327539063175 7348.945750753295 382871.7599772266    
117000 118000 16.70399414061103 491.6480029296945 198.37168805668654 631.91796875 351.37803710938897 7840.303188427424 432538.0339644309    
118000 119000 2.7380507813068107 498.6309746093466 187.29129303089863 631.0659179686918 366.1960312500014 7715.006587340838 404718.25453033514    
119000 120000 640.1909179686918 179.9045410156541 254.42344183684477 359.8090820313082 0.0 2541.8580287313307 123386.87243067626    
120000 121000 1000.0 0.0 0.0 0.0 0.0 0.0 0.0 0.0 0.0 0 0
121000 122000 284.2607421875 715.7392578125  715.7392578125 715.7392578125 6602.4450124619425 338339.6924856202    
122000 123000 0.2561484375037253 499.87192578124814 305.173404265264 715.662109375 284.0817421874963 10163.279059150998 536699.1691197036    
123000 124000 4.868175781331956 497.565912109334 307.1191328697857 714.7319335936918 280.39989062497625 10421.656943505775 495457.09303899674    
124000 125000 2.6618242186959833 498.669087890652 303.33894001754857 713.162109375 284.176066406304 10001.816798808624 494723.52779672976    
125000 126000 4.945052734401543 497.52747363279923 302.2606891835758 711.258056640625 283.79689062497346 7439.288525592399 312061.87263651995    
126000 127000 4.440763671940658 497.77961816402967 296.13020321101936 707.1752929686918 288.38394335936755 7808.474583162439 403428.33512454864    
127000 128000 5.4673789063235745 497.2663105468382 289.6600753452913 702.0869140625 292.4457070311764 9540.021603582121 439866.5267062152    
128000 129000 733.5829140624846 266.41708593751537  266.41708593751537 266.41708593751537 2690.017473735701 114335.783091666    
129000 130000 283.660888671875 716.339111328125  716.339111328125 716.339111328125 7505.298352071114 340591.3002454788    
130000 131000 5.678832031204365 497.1605839843978 304.26903126490674 712.311279296875 282.00988867192063 7903.332172265675 364522.54586872907    
131000 132000 666.5232792968745 166.73836035156273 166.71648962796283 284.62472070311196 48.852000000013504 2270.3694756632112 97132.15388579211    
132000 133000 1000.0 0.0 0.0 0.0 0.0 0.0 0.0 0.0 0.0 0 0
133000 134000 282.969970703125 717.030029296875  717.030029296875 717.030029296875 7325.742493744789 373230.77943523205    
134000 135000 2.829767578106839 498.5851162109466 307.2494159130806 715.8432617186918 281.32697070320137 10659.336696510909 476195.4354578194    
135000 136000 1.5573593749431893 499.2213203125284 305.369129212545 715.14990234375 283.2927382813068 8690.803205986123 485677.85405780724    
136000 137000 718.1259023437742 281.8740976562258  281.8740976562258 281.8740976562258 2211.11760375818 139991.9310491413    
137000 138000 284.270751953125 715.729248046875  715.729248046875 715.729248046875 7234.601374737684 359788.7277743193    
138000 139000 5.718150390544906 497.14092480472755 305.9427212513885 713.47509765625 280.8067519532051 9404.31569070607 501422.37239113706    
139000 140000 5.846179687534459 497.07691015623277 301.56549687536193 710.3159179686918 283.83790234377375 9149.9295559374 547321.4398559012    
140000 141000 7.08097070310032 496.45951464844984 298.59200651828223 707.595947265625 285.3230820312747 9954.335343816289 547557.9212484019    
141000 142000 5.251960937457625 497.3740195312712 295.94111153297894 706.635986328125 288.1120527344174 10061.518916189285 533057.8684933423    
142000 143000 4.984005859412719 497.50799707029364 290.40448891441747 702.8549804686918 292.1610136718955 10868.974422000276 563258.6691440977    
143000 144000 1.9098964844015427 499.04505175779923 287.3555135274121 702.236083984375 295.85401953122346 8247.961342765482 508505.0411062608    
144000 145000 1.0329707032069564 499.4835146483965 285.54046433268246 701.3911132811918 297.57591601560125 8324.941643164828 417596.5599441322    
145000 146000 56.30722265626537 471.8463886718673 268.3350054071613 661.587890625 282.10488671873463 8973.033671572843 481397.7826627078    
146000 147000 4.269001953129191 497.8654990234354 229.166787760856 659.910888671875 335.8201093749958 7158.577093788491 353516.6858979614    
147000 148000 24.421875 487.7890625 219.3090991316111 642.864013671875 332.714111328125 8567.857579798789 426930.8974960032    
148000 149000 1.0427480468642898 499.47862597656786 201.481082403658 641.947265625 357.0099863281357 9930.080271983727 524778.5338118537    
149000 150000 2.445162109390367 498.7774189453048 201.14173467783175 641.006103515625 356.54873437498463 10434.092021958377 553598.4177699989    
150000 151000 13.219101562455762 493.3904492187721 197.51126201900706 633.052001953125 353.72889648441924 9480.697614315157 545787.9321231963    
151000 152000 3.7319785156287253 498.13401074218564 190.5511533480366 632.8740234375 363.3939980468713 9603.687530423043 543657.9192802719    
152000 153000 3.7459804688114673 498.12700976559427 187.40738560126627 630.6440429686918 365.60997656249674 9211.425392518868 509169.3004862515    
153000 154000 1.0539648437406868 499.47301757812966 184.5294996717714 629.955078125 368.9909570312593 9106.095977064871 521293.4793642736    
154000 155000 2.0020839843782596 498.99895800781087 182.39117423877386 627.968994140625 370.02892187499674 9132.410991108656 451573.4926037387    
155000 156000 640.8749941406422 179.56250292967889 253.9397269368105 359.12500585935777 0.0 3251.4635661498664 143814.95854615048    
156000 157000 1000.0 0.0 0.0 0.0 0.0 0.0 0.0 0.0 0.0 0 0
157000 158000 283.826904296875 716.173095703125  716.173095703125 716.173095703125 8195.914121521064 382986.07182021625    
158000 159000 3.029990234412253 498.4850048827939 304.6896258360996 713.9331054686918 283.03690429689595 10261.143980765179 538349.6477756619    
159000 160000 4.552177734440193 497.7239111327799 303.3163056952952 712.200927734375 283.2468945311848 9711.839955844525 529600.6217320595    
160000 161000 5.6690371094155125 497.16548144529224 299.52676853742656 708.962890625 285.3680722655845 10575.027375284002 579053.9710733631    
161000 162000 5.321957031323109 497.33902148433845 295.5959660839551 706.3569335936918 288.3211093749851 9647.646425087163 574161.7896204598    
162000 163000 4.623828125069849 497.6880859374651 289.7299601447017 702.5581054686918 292.81806640623836 8129.284755201705 498701.73546336533    
163000 164000 548.9481054687058 225.52594726564712 100.23655429626228 296.40389453130774 154.6479999999865 3417.1433862963613 166811.1625148741    
164000 165000 1000.0 0.0 0.0 0.0 0.0 0.0 0.0 0.0 0.0 0 0
165000 166000 283.631103515625 716.368896484375  716.368896484375 716.368896484375 6580.198741371811 330939.92773346277    
166000 167000 2.1195761717972346 498.9402119141014 307.18572382223255 716.1533203125 281.72710351570277 9459.830431069471 530418.4289022153    
167000 168000 1.0094121093861759 499.4952939453069 306.2629577592546 716.055908203125 282.9346796874888 9348.766946646576 557372.5164694922    
168000 169000 7.12495312502142 496.4375234374893 306.5186721543481 713.178955078125 279.6960917968536 3427.724972872913 156005.66736866088    
169000 170000 74.13501953124069 462.93249023437966 253.818023087444 642.408935546875 283.4560449218843 6495.351683522331 336512.6846453093    
170000 171000 0.7958593749208376 499.6020703125396 201.77434251149532 642.278076171875 356.92606445320416 10144.554435527745 532007.793487874    
171000 172000 3.317152343748603 498.3414238281257 199.0583370786052 639.096923828125 357.5859238281264 9783.939768092261 496012.6872222043    
172000 173000 930.7599238281255 69.24007617187453  69.24007617187453 69.24007617187453 654.6330208968952 32925.294170781264    
173000 174000 282.887939453125 717.112060546875  717.112060546875 717.112060546875 6722.255511354872 345019.3697058947    
174000 175000 2.337810546858236 498.8310947265709 305.3996383842592 714.78125 282.88093945314176 9859.727166368619 513655.0917911109    
175000 176000 3.258357421902474 498.37082128904876 301.60801305172606 711.639892578125 285.1017499999725 9232.564231853354 475249.46520602144    
176000 177000 1.2899843750637956 499.3550078124681 299.92061458495255 711.430908203125 287.2791074218112 7605.396837266133 416121.6696575866    
177000 178000 671.0699082031497 164.46504589842516 167.95631021830508 283.2280917968601 45.70199999999022 2293.0562531570213 118556.40363938645    
178000 179000 1000.0 0.0 0.0 0.0 0.0 0.0 0.0 0.0 0.0 0 0
179000 180000 282.777099609375 717.222900390625  717.222900390625 717.222900390625 5637.681520498977 277787.33686275815    
180000 181000 2.7386074219248258 498.6306962890376 306.24030548297884 715.1752929686918 282.0860996093834 9900.893198088448 491554.6184585884    
181000 182000 3.19532031257404 498.402339843713 305.28576242798994 714.27197265625 282.53270703117596 9531.203072134675 476435.35184135486    
182000 183000 3.7850800781161524 498.1074599609419 304.27855925259564 713.264892578125 282.95002734375885 9852.618031476697 528938.362041135    
183000 184000 29.855994140612893 485.07200292969355 284.75033879598305 686.4208984375 283.7231074218871 7716.589977945538 455760.4978142455    
184000 185000 0.34578906249953434 499.82710546875023 263.87104305965534 686.412109375 313.24210156250047 4159.366040280207 175891.23886892194    
185000 186000 58.103005859360565 470.9484970703197 264.89295737059285 658.256103515625 283.64089062501444 6240.010475359201 290281.21056573174    
186000 187000 2.377849609358236 498.8110751953209 225.3184143469507 658.13525390625 339.48689648439176 6489.21083093201 299323.145693048    
187000 188000 59.01027929689735 470.4948603515513 264.5698206201601 657.573974609375 283.41574609372765 8635.662241613338 393879.07649128453    
188000 189000 3.8119999999762513 498.0940000000119 220.9425489417656 654.323974609375 341.86402539064875 8474.011467136286 363527.4378448286    
189000 190000 21.930005859350786 489.0349970703246 226.1086669419104 648.91796875 329.1520253906492 9129.956392776407 454446.10530306445    
190000 191000 6.64070898439968 496.67964550780016 214.0576477061007 648.041259765625 345.3180312499753 7647.833448432371 378570.22359520977    
191000 192000 17.103972656244878 491.44801367187756 220.71811159214866 647.519287109375 335.3767402343801 8357.041496907636 442834.84304431523    
192000 193000 3.550359375018161 498.2248203124909 208.56271124201993 645.700927734375 350.74871289060684 7648.075880116735 382141.05248329137    
193000 194000 19.28987109370064 490.3550644531497 201.3882428740375 632.758056640625 347.95207226567436 8256.781653100632 475755.16782958794    
194000 195000 6.456998046836816 496.7715009765816 188.49848589134726 630.06005859375 363.4829433594132 8038.235181570417 361408.46488366474    
195000 196000 21.180113281239755 489.4099433593801 180.14818319146295 616.7939453125 362.02594140626024 8085.233745758969 435528.58729839744    
196000 197000 4.099867187556811 497.9500664062216 164.05586087594625 613.955078125 381.9450546874432 7516.253633227151 370722.7401024197    
197000 198000 634.8290781249525 182.58546093752375 258.2148351499891 365.1709218750475 0.0 2469.3417126443096 91521.5389781529    
198000 199000 1000.0 0.0 0.0 0.0 0.0 0.0 0.0 0.0 0.0 0 0
199000 200000 284.000732421875 715.999267578125  715.999267578125 715.999267578125 8409.85241949931 367518.1621081142    
200000 201000 2.9252324218396097 498.5373837890802 307.44812120507174 715.93603515625 281.1387324219104 11558.37854348415 549527.4372850847    
201000 202000 32.47603515628725 483.7619824218564 282.79323985912185 683.7269999999553 283.79696484375745 8363.769037016538 421599.400606801    
202000 203000 1000.0 0.0 0.0 0.0 0.0 0.0 0.0 0.0 0.0 0 0
203000 204000 283.06689453125 716.93310546875  716.93310546875 716.93310546875 8696.55444793151 307418.437509955    
204000 205000 64.73520312504843 467.6323984374758 291.3527481105051 673.64990234375 261.61489453120157 9747.321593024579 468328.2884271201    
205000 206000 3.6756152344169095 498.16219238279155 247.99238162067786 673.519287109375 322.8050976562081 9129.174975903865 505536.503227929    
206000 207000 5.807306640665047 497.0963466796675 248.0299135227967 672.47998046875 321.71271289058495 5768.963978165311 252420.4595410535    
207000 208000 79.47767968755215 460.2611601562239 248.36721312490678 635.88330078125 284.63901953119785 8620.79640800369 373153.46689350967    
208000 209000 5.024341796874069 497.48782910156297 190.09877073622573 631.907958984375 363.06769921875093 8502.526924664953 419671.86921618704    
209000 210000 21.747843750054017 489.126078124973 172.6288593988162 611.193115234375 367.059041015571 7132.407600630205 412144.50428506196    
210000 211000 1.8512128905858845 499.07439355470706 158.14515114873626 610.89990234375 387.2488847656641 8088.20718578626 407240.2690743623    
211000 212000 22.856607421883382 488.5716962890583 147.65181357421125 592.977294921875 384.1660976562416 9257.118935908089 471814.16680420516    
212000 213000 2.0523476562229916 498.9738261718885 132.4016733888984 592.595947265625 405.351705078152 7831.683164871964 394064.0920139013    
213000 214000 59.26403515622951 470.36798242188524 158.804769909094 582.659912109375 358.0760527343955 7758.200853862976 410896.6931053341    
214000 215000 4.4329394531669095 497.78353027341655 115.06528369916497 579.14697265625 416.4200878905831 8058.921108420373 405607.986449706    
215000 216000 201.34566015622113 399.32716992188944 66.98866965838643 446.6953125 351.95902734377887 5767.364266654304 289865.50076494145    
216000 217000 4.598427734337747 497.7007861328311 78.33880658626043 553.0946875000373 442.306884765625 8581.993779046144 443002.7891612549    
217000 218000 573.5208847656613 426.4791152343387  426.4791152343387 426.4791152343387 4377.7647771257725 215749.97352547845    
218000 219000 1000.0 0.0 0.0 0.0 0.0 0.0 0.0 0.0 0.0 0 0
219000 220000 864.3209999999963 135.67900000000373  135.67900000000373 135.67900000000373 988.0 5091.0    
220000 221000 1000.0 0.0 0.0 0.0 0.0 0.0 0.0 0.0 0.0 0 0
221000 222000 282.91796875 717.08203125  717.08203125 717.08203125 7681.879053650234 317668.0816314624    
222000 223000 1.057140624965541 499.47142968751723 306.8722669769398 716.462890625 282.47996875003446 10726.154453477811 509837.43715629546    
223000 224000 2.092865234357305 498.95356738282135 305.0776258230964 714.676025390625 283.2311093750177 9422.064168233766 527432.6840419264    
224000 225000 3.8989609375130385 498.0505195312435 305.3506919557021 713.966064453125 282.13497460936196 9474.1951755266 469963.2860002149    
225000 226000 4.9840957031119615 497.507952148444 302.86799999596764 711.66796875 283.34793554688804 8508.684461912151 510361.67740665283    
226000 227000 5.374865234363824 497.3125673828181 296.7282194362848 707.131103515625 287.4940312500112 3610.005436380594 185670.86552252446    
227000 228000 60.48409375001211 469.75795312499395 264.46084469284216 656.760009765625 282.7558964843629 7131.332761414273 358565.8613928489    
228000 229000 5.8769296874525025 497.06153515627375 221.0706347060347 653.382080078125 340.7409902344225 9022.999666187283 433247.8136020404    
229000 230000 3.6651289062574506 498.1674355468713 217.1277658621394 651.699951171875 344.63491992186755 9205.46068015072 420078.7511677854    
230000 231000 6.939931640634313 496.53003417968284 218.12827914441377 650.77001953125 342.2900488281157 10167.29446951523 515783.1774252481    
231000 232000 16.82209960941691 491.58895019529155 207.57680965848425 638.367919921875 344.8099804687081 8832.23629844144 508491.686262785    
232000 233000 4.697039062506519 497.65148046874674 193.11284239346523 634.202880859375 361.1000800781185 5551.534088059821 246493.15894983918    
233000 234000 7.217857421841472 496.39107128907926 187.0056343209291 628.6240234375 364.1581191406585 6075.050415715586 332497.65383266757    
234000 235000 2.5490429687779397 498.72547851561103 180.84892601164583 626.60498046875 370.84597656247206 6084.034502874207 308985.2160610346    
235000 236000 31.546974609373137 484.22651269531343 189.75845902496388 618.406005859375 350.04701953125186 7785.821966512274 375918.98848296877    
236000 237000 6.047093749977648 496.9764531250112 166.0759903720719 614.409912109375 379.54299414064735 7603.203651162279 393427.6661780805    
237000 238000 26.984822265570983 486.5075888672145 159.81956895803202 599.51708984375 373.498087890679 7753.229094125161 413430.58483243786    
238000 239000 4.150792968692258 497.92460351565387 143.33718195895358 599.279296875 396.56991015630774 8771.203823520318 462307.5399746755    
239000 240000 1.4514082031091675 499.2742958984454 139.66998394175278 598.035888671875 400.51270312501583 9734.014826286348 522431.0858439978    
240000 241000 3.2509316406212747 498.37453417968936 138.21310366669687 596.10595703125 400.6431113281287 9519.273931550539 563502.7313230009    
241000 242000 5.376908203121275 497.31154589843936 134.6875825032712 592.550048828125 402.0730429687537 9099.00273259156 512655.8836248482    
242000 243000 877.629048828152 122.37095117184799  122.37095117184799 122.37095117184799 1134.3243427118061 59104.16928666507    
243000 244000 281.97802734375 718.02197265625  718.02197265625 718.02197265625 6347.05686987885 278383.84464793076    
244000 245000 5.69169726560358 497.1541513671982 308.72723870234597 715.457275390625 278.8510273437714 8670.166230777297 407514.2735610771    
245000 246000 7.549154296866618 496.2254228515667 302.63986138428305 710.22412109375 282.2267246093834 5774.854763638087 274117.2982049591    
246000 247000 5.535169921931811 497.2324150390341 299.59058768657604 709.074951171875 285.3898789061932 7565.857766988049 446418.02514891373    
247000 248000 6.066001953091472 496.96699902345426 294.0587698033118 704.89794921875 289.0360488281585 10414.888594650707 457042.9636094739    
248000 249000 46.66391992184799 476.668040039076 262.84854593802186 662.530029296875 290.806050781277 8276.434209632247 424332.49108147883    
249000 250000 644.4150292967679 177.79248535161605 217.809373986098 331.80697070318274 23.77800000004936 2612.7415644347625 151938.10374616663    
250000 251000 1000.0 0.0 0.0 0.0 0.0 0.0 0.0 0.0 0.0 0 0
251000 252000 283.104736328125 716.895263671875  716.895263671875 716.895263671875 7571.83935281873 340625.86250353005    
252000 253000 3.4933339843992144 498.2533330078004 305.46955909154974 714.2529296875 282.2537363281008 6177.4791581264635 283313.6839948419    
253000 254000 47.1080390624702 476.4459804687649 273.4974621961868 669.837890625 283.0540703125298 6862.686416469451 408628.0034354991    
254000 255000 4.45161328127142 497.7741933593643 242.16297812481423 669.00927734375 326.5391093749786 4544.719447499272 223389.45329193876    
255000 256000 56.95400390622672 471.52299804688664 264.6450018151424 658.6552734375 284.3907226562733 8902.768025114032 353940.43334994465    
256000 257000 8.375246093724854 495.8123769531376 225.44777483693187 655.22802734375 336.39672656252515 6117.268362566693 250661.29489895815    
257000 258000 25.004144531209022 487.4979277343955 204.01014233810173 631.7548828125 343.240972656291 6566.71108205469 357040.27875718835    
258000 259000 5.1839433594141155 497.40802832029294 189.47620740959312 631.387939453125 363.4281171874609 8561.295597615977 462762.71173878387    
259000 260000 201.6939394531073 399.15303027344635 47.54440294029873 432.7719999999972 365.5340605468955 6648.232557734693 344077.2780293152    
260000 261000 1000.0 0.0 0.0 0.0 0.0 0.0 0.0 0.0 0.0 0 0
261000 262000 283.39794921875 716.60205078125  716.60205078125 716.60205078125 7651.371143159621 334419.22271672345    
262000 263000 4.659771484322846 497.6701142578386 306.3768737665133 714.311279296875 281.02894921880215 9944.538640927598 525862.5066229498    
263000 264000 3.692261718795635 498.1538691406022 304.8537422817518 713.718017578125 282.58972070307937 8187.166591563011 486043.35978329286    
264000 265000 3.0110449218191206 498.49447753909044 301.44314944835196 711.64697265625 285.3419824219309 7407.632455175075 432945.7110579504    
265000 266000 4.30807617190294 497.84596191404853 301.2599231658721 710.868896484375 284.82302734372206 8777.317299729937 505126.87922906    
266000 267000 4.145630859420635 497.9271845702897 297.72035377945457 708.447265625 287.40710351557937 8797.289985744297 508260.99638049863    
267000 268000 247.97726562502794 376.01136718748603 123.67811360220787 463.4649999999674 288.55773437500466 6426.683883700462 340761.3242095248    
268000 269000 1000.0 0.0 0.0 0.0 0.0 0.0 0.0 0.0 0.0 0 0
269000 270000 281.968017578125 718.031982421875  718.031982421875 718.031982421875 6595.184011689776 334378.7888163827    
270000 271000 6.73890624998603 496.630546875007 310.98206826396574 716.528076171875 276.73301757813897 8156.266372490701 438317.8903632668    
271000 272000 4.173955078120343 497.9130224609398 306.08686607364103 714.34912109375 281.47692382812966 8754.599094985886 520288.1629255951    
272000 273000 7.622851562453434 496.1885742187733 299.26554368123004 707.80126953125 284.57587890629657 8899.763753170557 531948.0349541876    
273000 274000 5.995343749993481 497.00232812500326 292.9495278049069 704.14892578125 289.8557304687565 9314.977261206044 495027.1595917025    
274000 275000 4.52802929689642 497.7359853515518 288.33397806014705 701.618896484375 293.8530742187286 8275.707923085216 493885.93036156014    
275000 276000 3.0849921874469146 498.45750390627654 285.30966716521226 700.201904296875 296.7131035156781 9097.100655383521 536599.8459538859    
276000 277000 4.247953125042841 497.8760234374786 282.94726207923793 697.949951171875 297.80209570308216 8016.081062992245 455235.6922949205    
277000 278000 52.20984179689549 473.89507910155226 268.54788459927215 663.787109375 284.0030488281045 8028.412630077498 411034.72485291096    
278000 279000 2.5888222656212747 498.70558886718936 232.3746605377791 663.019287109375 334.3918906250037 7139.4706363944615 358946.6788686997    
279000 280000 65.08826953126118 467.4558652343694 255.989840798884 648.468017578125 286.4437128906138 7316.351228882679 359814.89556686144    
280000 281000 11.220722656231374 494.3896386718843 210.48823206056147 643.227294921875 345.5519824218936 8194.427787261593 389855.63314342    
281000 282000 618.1492949218955 190.92535253905226 146.78879527201778 294.72070507809985 87.13000000000466 2692.657582379826 118171.56230660663    
282000 283000 1000.0 0.0 0.0 0.0 0.0 0.0 0.0 0.0 0.0 0 0
283000 284000 282.943115234375 717.056884765625  717.056884765625 717.056884765625 5821.870262596581 285646.32123945234    
284000 285000 2.57958984375 498.710205078125 306.55495833317843 715.477294921875 281.943115234375 9183.861143146769 436222.9815367378    
285000 286000 52.576371093746275 473.71181445312686 270.1290872284906 664.721923828125 282.7017050781287 6854.965136173722 373512.942793862    
286000 287000 8.28788867185358 495.8560556640732 238.05453995182137 664.18603515625 327.5260761718964 7521.9882899691265 407127.3515492121    
287000 288000 1.0740332030691206 499.46298339846544 232.76402225767654 664.052001953125 334.8739648438059 8382.246150562554 491610.0333256674    
288000 289000 5.13908398442436 497.4304580077878 234.06713719140183 662.94091796875 331.91999804682564 8394.847654947067 508156.00565125095    
289000 290000 50.129939453094266 474.93503027345287 204.3438870713535 619.427978515625 330.44208203128073 9043.068088724647 496330.63366196404    
290000 291000 5.177978515625 497.4110107421875 170.36180738596528 617.875 376.947021484375 9264.20813748669 534023.621163826    
291000 292000 3.7980449218302965 498.10097753908485 166.633923862703 615.928955078125 380.2730000000447 5506.08544900071 282581.05121906335    
292000 293000 2.321857421891764 498.8390712890541 164.59469695920106 615.22509765625 382.45304492185824 6353.3309363279295 405103.96487487975    
293000 294000 5.3119765624869615 497.3440117187565 161.58112524853715 611.59912109375 383.08890234376304 8488.417659135299 444117.42238793947    
294000 295000 2.377224609372206 498.8113876953139 158.8268020858258 611.118896484375 386.5038789062528 7490.8568848970335 358763.76860480336    
295000 296000 596.7248964844039 201.63755175779806 255.13904909115448 382.04810351564083 21.226999999955297 2658.25420703187 138205.90199134155    
296000 297000 1000.0 0.0 0.0 0.0 0.0 0.0 0.0 0.0 0.0 0 0
297000 298000 284.01708984375 715.98291015625  715.98291015625 715.98291015625 6363.977379961932 305299.72790234705    
298000 299000 3.0579218750353903 498.4710390624823 303.83239835185304 713.31298828125 283.6290898437146 9022.71401743381 414549.46765274706    
299000 300000 3.6350566406035796 498.1824716796982 303.8755470572125 713.054931640625 283.3100117187714 8453.026454412951 531723.7299782012    
300000 301000 715.3859316406306 284.6140683593694  284.6140683593694 284.6140683593694 2343.2821481913074 165690.07446670457    
