ts te idle avg_span std_span max_span min_span c_bytes_all s_bytes_all avg_video_rate avg_audio_rate video_requests_sequence audio_requests_sequence
0 9000 5736.060726562457 815.9848183593858 362.3916561652812 999.1010000000242 272.4052734375 32603.082442386647 962508.4179916683 530.4 128.0 5980.0#5980.0#1500_6988.0#6988.0#288_7575.0#7575.0#288_8066.0#8066.0#288_8434.0#8434.0#288 5975.0#5975.0#128_6338.0#6338.0#128_6986.0#6986.0#128_7588.0#7588.0#128_7722.0#7722.0#128_8076.0#8076.0#128_8445.0#8445.0#128
9000 18000 64.94637695304118 893.5053623046958 249.25746159207802 999.6599999999744 226.993896484375 60062.30892365313 2501645.5111501813 2153.6 128.0 9586.0#9586.0#288_10187.0#10187.0#4400_12233.0#12233.0#4400_16321.0#16321.0#840_17197.0#17197.0#840 10102.0#10102.0#128_10751.0#10751.0#128_12338.0#12338.0#128_16360.0#16360.0#128_17259.0#17259.0#128
18000 27000 159.30299414054025 884.069700585946 266.50820122551477 999.4290000000037 152.64990234375 63081.43616074554 2424567.457160803 840.0 128.0 17197.0#17197.0#840_18112.0#18112.0#840_19593.0#19593.0#840_20574.0#20574.0#840_21516.0#21516.0#840_22326.0#22326.0#840_23032.0#23032.0#840_23878.0#23878.0#840_24821.0#24821.0#840_25681.0#25681.0#840 18273.0#18273.0#128_19604.0#19604.0#128_20711.0#20711.0#128_21596.0#21596.0#128_22335.0#22335.0#128_23131.0#23131.0#128_23951.0#23951.0#128_25840.0#25840.0#128
27000 36000 73.13496093748836 892.6865039062511 277.7672235801678 999.6830000000191 114.18994140625 49292.91764963986 1884933.2298907433 1390.0 128.0 25681.0#25681.0#840_27373.0#27373.0#1500_29571.0#29571.0#1500_31366.0#31366.0#1500_33437.0#33437.0#1500_35976.0#35976.0#1500 27360.0#27360.0#128_29339.0#29339.0#128_31344.0#31344.0#128_32839.0#32839.0#128_35347.0#35347.0#128
36000 45000 1889.5629414062714 888.8046323242161 165.6297143837507 999.9949999999953 580.0219999999972 46350.254823574825 1860767.383806604 1390.0 128.0 33437.0#33437.0#1500_35976.0#35976.0#1500_37373.0#37373.0#1500_38878.0#38878.0#1500_40567.0#40567.0#1500_43877.0#43877.0#840 36839.0#36839.0#128_38839.0#38839.0#128_40840.0#40840.0#128_44345.0#44345.0#128
45000 54000 1067.234966796881 991.5956291503899 12.887217227498232 999.5530000000144 968.634033203125 51802.45222852625 2454965.7044127043 1820.0 128.0 46191.0#46191.0#1500_47100.0#47100.0#1500_48849.0#48849.0#1500_50364.0#50364.0#2300_52355.0#52355.0#2300 46186.0#46186.0#128_46291.0#46291.0#128_48844.0#48844.0#128_50359.0#50359.0#128_52350.0#52350.0#128
54000 63000 154.16495507821674 884.5835044921783 306.1976908089798 999.8339999999735 25.745966796879657 57776.048977872146 3080034.009072112 2440.0 128.0 54170.0#54170.0#2300_56169.0#56169.0#2300_58172.0#58172.0#2300_59848.0#59848.0#2300_61864.0#61864.0#3000 54169.0#54169.0#128_56165.0#56165.0#128_58168.0#58168.0#128_59844.0#59844.0#128_61855.0#61855.0#128
63000 72000 423.49679492175346 857.6503205078246 269.43341667807135 999.4060000000754 164.48292187502375 66082.09486625768 3618511.713230957 3000.0 128.0 61864.0#61864.0#3000_63845.0#63845.0#3000_65844.0#65844.0#3000_67843.0#67843.0#3000_69413.0#69413.0#3000_71361.0#71361.0#3000 63843.0#63843.0#128_65841.0#65841.0#128_67842.0#67842.0#128_69841.0#69841.0#128_71355.0#71355.0#128
72000 81000 95.09417187504005 890.490582812496 230.4113157163433 999.5119999999879 346.63571679685265 64587.87214771068 3690021.4939015466 3000.0 128.0 71361.0#71361.0#3000_73353.0#73353.0#3000_75346.0#75346.0#3000_77359.0#77359.0#3000_79082.0#79082.0#3000_80851.0#80851.0#3000 73346.0#73346.0#128_75340.0#75340.0#128_77354.0#77354.0#128_79341.0#79341.0#128_80845.0#80845.0#128
81000 90000 502.0438124999637 849.7956187500037 306.60236115904496 999.6680000000051 151.081298828125 61549.803470277315 3492569.3658248535 3000.0 128.0 80851.0#80851.0#3000_83350.0#83350.0#3000_85129.0#85129.0#3000_86687.0#86687.0#3000_88849.0#88849.0#3000 83348.0#83348.0#128_84841.0#84841.0#128_86841.0#86841.0#128_88846.0#88846.0#128
90000 99000 94.53532421862474 890.5464675781375 294.1561759496702 999.9969999999739 64.323974609375 68265.22215153585 3809293.741984892 3000.0 128.0 88849.0#88849.0#3000_90848.0#90848.0#3000_92847.0#92847.0#3000_94845.0#94845.0#3000_96672.0#96672.0#3000_98228.0#98228.0#3000 90842.0#90842.0#128_92845.0#92845.0#128_94843.0#94843.0#128_96342.0#96342.0#128_98206.0#98206.0#128
99000 108000 210.8598593751085 976.571126736099 55.0686119680726 999.9319999999716 830.3130253906129 65234.70667732439 3547814.9442379232 3000.0 128.0 98228.0#98228.0#3000_100404.0#100404.0#3000_102234.0#102234.0#3000_104352.0#104352.0#3000_106119.0#106119.0#3000 100400.0#100400.0#128_102232.0#102232.0#128_104350.0#104350.0#128_106116.0#106116.0#128
108000 117000 52.69002734386595 894.7309972656134 311.13047491575384 999.9739999999874 10.251884765573777 67026.08532419107 3814396.506833318 3000.0 128.0 108042.0#108042.0#3000_109848.0#109848.0#3000_112050.0#112050.0#3000_113656.0#113656.0#3000_115844.0#115844.0#3000 108038.0#108038.0#128_109844.0#109844.0#128_112048.0#112048.0#128_113843.0#113843.0#128_115841.0#115841.0#128
117000 126000 174.32401953148656 882.5675980468513 296.55181802225167 999.8469999999506 47.5689121093601 62682.5302080299 3428195.0461002192 3000.0 128.0 115844.0#115844.0#3000_118076.0#118076.0#3000_119867.0#119867.0#3000_122135.0#122135.0#3000_124091.0#124091.0#3000_125927.0#125927.0#3000 118074.0#118074.0#128_119351.0#119351.0#128_122133.0#122133.0#128_124162.0#124162.0#128_125344.0#125344.0#128
126000 135000 1569.8700839844532 743.0129916015546 386.5925771357535 999.7949999998673 43.208984375 64556.26607741259 3654978.9779715757 3000.0 128.0 124091.0#124091.0#3000_125927.0#125927.0#3000_126997.0#126997.0#3000_128847.0#128847.0#3000_131355.0#131355.0#3000_134042.0#134042.0#3000 127344.0#127344.0#128_128845.0#128845.0#128_131350.0#131350.0#128_134039.0#134039.0#128_134841.0#134841.0#128
135000 144000 54.43802539061289 894.5561974609387 308.7283347427713 999.9810000000289 16.782958984375 66758.82211263388 3751660.5048678457 3000.0 128.0 134042.0#134042.0#3000_135512.0#135512.0#3000_136779.0#136779.0#3000_138842.0#138842.0#3000_140525.0#140525.0#3000_142849.0#142849.0#3000 134841.0#134841.0#128_136842.0#136842.0#128_138840.0#138840.0#128_140843.0#140843.0#128_142846.0#142846.0#128
144000 153000 288.217035156209 967.9758849826435 71.28769315850778 999.3420000000042 779.596923828125 64238.76284040401 3667653.591450979 3000.0 128.0 142849.0#142849.0#3000_144777.0#144777.0#3000_146168.0#146168.0#3000_148352.0#148352.0#3000_150101.0#150101.0#3000_152586.0#152586.0#3000 144344.0#144344.0#128_146094.0#146094.0#128_148347.0#148347.0#128_150099.0#150099.0#128_152583.0#152583.0#128
153000 162000 943.191962890618 805.6808037109382 332.10527330773584 999.8520000000135 155.0849609375 65825.29287197524 3773418.865684206 3000.0 128.0 152586.0#152586.0#3000_154117.0#154117.0#3000_156347.0#156347.0#3000_158148.0#158148.0#3000_159653.0#159653.0#3000_161847.0#161847.0#3000 153839.0#153839.0#128_156343.0#156343.0#128_158119.0#158119.0#128_159841.0#159841.0#128_161844.0#161844.0#128
162000 171000 920.194673828315 897.7561473524095 148.04309832686678 999.6379999999772 650.269287109375 64802.78022105151 3593392.832531587 3000.0 128.0 161847.0#161847.0#3000_164064.0#164064.0#3000_165848.0#165848.0#3000_167406.0#167406.0#3000_169348.0#169348.0#3000 164062.0#164062.0#128_165845.0#165845.0#128_167344.0#167344.0#128_169344.0#169344.0#128
171000 180000 134.67017187492456 886.5329828125075 229.66771211116762 999.8879999999772 347.17771289061056 67487.58373592846 3801707.1683198293 3000.0 128.0 171346.0#171346.0#3000_173348.0#173348.0#3000_175351.0#175351.0#3000_177360.0#177360.0#3000_178988.0#178988.0#3000 171343.0#171343.0#128_173345.0#173345.0#128_175350.0#175350.0#128_177357.0#177357.0#128_178838.0#178838.0#128
180000 189000 38.83416210935684 896.1165837890643 216.1008787721499 999.204000000027 414.78788476565387 70571.97783618991 3822174.669113519 3000.0 128.0 178988.0#178988.0#3000_181347.0#181347.0#3000_182794.0#182794.0#3000_184848.0#184848.0#3000_186491.0#186491.0#3000_188356.0#188356.0#3000 181344.0#181344.0#128_182839.0#182839.0#128_184845.0#184845.0#128_186850.0#186850.0#128_188351.0#188351.0#128
189000 198000 721.9610683593783 827.8038931640622 313.28820681596727 999.9590000000317 110.556884765625 67814.6054234291 3700949.3810983133 3000.0 128.0 188356.0#188356.0#3000_190852.0#190852.0#3000_192738.0#192738.0#3000_194317.0#194317.0#3000_196205.0#196205.0#3000 190849.0#190849.0#128_192340.0#192340.0#128_194247.0#194247.0#128_196201.0#196201.0#128
198000 207000 210.22680664050858 976.6414659288324 37.10332979545036 999.8360000000102 884.5961152344244 67195.46183840747 3621142.7490308913 3000.0 128.0 198353.0#198353.0#3000_200085.0#200085.0#3000_202080.0#202080.0#3000_203847.0#203847.0#3000_206034.0#206034.0#3000 198349.0#198349.0#128_200080.0#200080.0#128_202078.0#202078.0#128_203845.0#203845.0#128_206027.0#206027.0#128
207000 216000 78.14707226573955 892.185292773426 307.74597873025016 999.6670000000158 18.314921875018626 67228.50015904536 3553586.267285244 3000.0 128.0 206034.0#206034.0#3000_207846.0#207846.0#3000_210049.0#210049.0#3000_211822.0#211822.0#3000_214070.0#214070.0#3000_215975.0#215975.0#3000 207844.0#207844.0#128_210043.0#210043.0#128_211840.0#211840.0#128_214067.0#214067.0#128_215840.0#215840.0#128
216000 225000 433.62075976561755 856.6379240234382 304.0440397799506 999.0870000000577 67.41399414057378 76787.51942751966 3767891.9728759117 3000.0 128.0 214070.0#214070.0#3000_215975.0#215975.0#3000_217650.0#217650.0#3000_219351.0#219351.0#3000_221104.0#221104.0#3000_223349.0#223349.0#3000 215840.0#215840.0#128_217340.0#217340.0#128_219348.0#219348.0#128_221341.0#221341.0#128_223345.0#223345.0#128
225000 234000 554.5432480470045 844.5456751952995 317.20217450199203 999.10699999996 152.697998046875 69379.69117538561 3811311.8968651234 3000.0 128.0 225345.0#225345.0#3000_227167.0#227167.0#3000_229088.0#229088.0#3000_230647.0#230647.0#3000_232849.0#232849.0#3000 225343.0#225343.0#128_227342.0#227342.0#128_228840.0#228840.0#128_230842.0#230842.0#128_232846.0#232846.0#128
234000 243000 2197.1569980467902 850.3553752441512 320.85514556405946 999.939000000013 78.79200000001583 65737.92022889196 3432844.5973064485 3000.0 128.0 232849.0#232849.0#3000_236076.0#236076.0#3000_237245.0#237245.0#3000_238794.0#238794.0#3000_240540.0#240540.0#3000 236072.0#236072.0#128_236845.0#236845.0#128_238342.0#238342.0#128_240237.0#240237.0#128
243000 252000 258.2060097656213 971.3104433593754 78.62235439698075 999.564000000013 761.739990234375 72243.01526724263 3984213.538407682 3000.0 128.0 243205.0#243205.0#3000_246047.0#246047.0#3000_247237.0#247237.0#3000_248860.0#248860.0#3000_250284.0#250284.0#3000 243202.0#243202.0#128_246042.0#246042.0#128_246173.0#246173.0#128_248349.0#248349.0#128_250103.0#250103.0#128_251841.0#251841.0#128
252000 261000 242.38271875004284 875.7617281249957 255.72281676254156 999.670999999973 238.20100976561662 68769.31450556355 3860703.789649814 3000.0 128.0 250284.0#250284.0#3000_252080.0#252080.0#3000_253681.0#253681.0#3000_255851.0#255851.0#3000_257848.0#257848.0#3000_259582.0#259582.0#3000 251841.0#251841.0#128_253840.0#253840.0#128_255847.0#255847.0#128_257845.0#257845.0#128_259841.0#259841.0#128
261000 270000 1557.9241699217819 826.8973144531353 262.19571830402515 999.4139999999898 273.34772851562593 70694.189888522 3824337.361427456 3000.0 128.0 259582.0#259582.0#3000_262084.0#262084.0#3000_263570.0#263570.0#3000_265349.0#265349.0#3000_267348.0#267348.0#3000_269355.0#269355.0#3000 262080.0#262080.0#128_263342.0#263342.0#128_265345.0#265345.0#128_267346.0#267346.0#128_269352.0#269352.0#128
270000 279000 92.17102929693647 890.7828970703064 229.50908740721792 999.5929999999935 352.02889843750745 68913.82935929955 3789781.0862862677 3000.0 128.0 269355.0#269355.0#3000_271346.0#271346.0#3000_273349.0#273349.0#3000_274996.0#274996.0#3000_276849.0#276849.0#3000_278817.0#278817.0#3000 271342.0#271342.0#128_273345.0#273345.0#128_275338.0#275338.0#128_276846.0#276846.0#128_278842.0#278842.0#128
279000 288000 1034.4100351562956 796.5589964843705 326.7181922970802 999.3320000000531 48.238037109375 69244.71171654749 3783010.4805547865 3000.0 128.0 278817.0#278817.0#3000_280846.0#280846.0#3000_282645.0#282645.0#3000_284460.0#284460.0#3000_286348.0#286348.0#3000 278842.0#278842.0#128_280844.0#280844.0#128_282840.0#282840.0#128_284841.0#284841.0#128_286344.0#286344.0#128
288000 297000 294.68401757790707 967.2573313802326 45.03798486600449 999.4520000000484 863.27001953125 69719.29611253458 3628288.6767157856 3000.0 128.0 288354.0#288354.0#3000_290352.0#290352.0#3000_292350.0#292350.0#3000_294064.0#294064.0#3000_296159.0#296159.0#3000 288348.0#288348.0#128_290349.0#290349.0#128_292346.0#292346.0#128_294062.0#294062.0#128_296157.0#296157.0#128
