ts te idle avg_span std_span max_span min_span c_bytes_all s_bytes_all avg_video_rate avg_audio_rate video_requests_sequence audio_requests_sequence
0 2000 2000.0 0.0 0.0 0.0 0.0 0.0 0.0 0.0 0.0 0 0
2000 4000 2000.0 0.0 0.0 0.0 0.0 0.0 0.0 0.0 0.0 0 0
4000 6000 2000.0 0.0 0.0 0.0 0.0 0.0 0.0 0.0 0.0 0 0
6000 8000 694.0599355468876 652.9700322265562 487.9092902977166 997.9739999999874 307.966064453125 13740.006832840387 399769.02034258004    
8000 10000 368.8059785156511 543.731340494783 411.41772774724205 997.875 195.9130859375 17592.615670046624 661883.3196910844    
10000 12000 19.445998046838213 660.1846673177206 423.5136549895492 994.1990000000224 183.840087890625 22271.06939602586 800981.4777938187    
12000 14000 744.3590351562598 627.8204824218701 64.22853081861965 673.2369121093652 582.404052734375 9683.072428771786 486212.71265226766    
14000 16000 44.55699023435591 651.814336588548 305.99097299324114 997.3589999999967 415.16994726564735 14169.578181699215 763430.2165483525    
16000 18000 5.531957031227648 664.8226809895908 293.31887962108647 999.5979999999981 452.9369375000242 13219.46910100806 827249.5022058049    
18000 20000 5.086140625004191 664.971286458332 293.08014031316594 999.6739999999991 454.30089453124674 14730.29688245774 887636.9559218106    
20000 22000 106.00264648435405 631.332451171882 318.8581632422065 999.4110000000219 439.601318359375 13339.227425185447 716732.2980457346    
22000 24000 470.30036328121787 509.8998789062607 453.7540306486691 937.2270000000135 33.678955078125 9713.920843858466 626976.6310264346    
24000 26000 7.840703124995343 664.0530989583349 549.7708958985318 999.5650000000023 29.583251953125 17588.550348106648 1031688.7601439701    
26000 28000 11.886214843718335 662.7045950520939 556.145678567674 998.0830000000424 20.738037109375 15957.084339410592 985769.8233101737    
28000 30000 478.9891093749902 760.5054453125049 250.39290003841685 937.5599628906348 583.450927734375 13261.685888783943 748148.1728698567    
30000 32000 10.80185156245716 663.066049479181 302.44297017600866 997.9920000000275 409.92807226564037 16838.744818910796 965956.8195303283    
32000 34000 54.97981250000885 648.3400624999971 306.47203600883586 995.9679999999935 417.1569238281227 10195.674083763126 620551.9006721536    
34000 36000 9.044359374966007 663.6518802083447 288.2393490277683 994.3560000000871 465.7727363280719 16141.153277289908 911049.1899149898    
36000 38000 6.320021484338213 664.559992838554 291.49965365818656 999.454000000027 467.8460957031348 13974.62209680719 783702.4763251592    
38000 40000 1100.867882812512 449.56605859374395 466.32128297926477 779.304999999993 119.82711718749488 8055.228385034206 415364.72300548037    
40000 42000 474.6510957031278 762.6744521484361 333.3620241288186 998.3969999999972 526.951904296875 16748.186279035697 860586.3464209568    
42000 44000 8.682783203257713 663.7724055989141 287.7045010099473 994.4719999999506 470.99609570309985 15194.729761610673 935905.2012925034    
44000 46000 6.698832031164784 664.4337226562784 291.96880059162777 999.9170000000158 467.8128789063194 13847.289210788542 790489.1944367108    
46000 48000 56.43228906253353 647.8559036458222 305.32745541902466 999.9990000000107 456.9087109374814 20106.794748565088 1083699.257849829    
48000 50000 1417.28271484375 582.71728515625  582.71728515625 582.71728515625 5974.372434663836 313965.54195965955    
50000 52000 8.397392578190193 663.86753580727 301.0008371349105 999.1570000000065 416.9307148436783 18572.19031146552 1035239.5072724486    
52000 54000 9.1498007812188 663.6167330729271 299.60561945123965 998.8670000000275 422.0391074218787 16912.4872710894 965987.9953583803    
54000 56000 5.96915429685032 664.6769485677165 296.394596841107 997.3180000000284 428.6269082031213 13770.7409117252 803830.3996008711    
56000 58000 7.407861328159925 664.19737955728 296.6899682354104 998.1819999999716 431.1320624999935 17770.478956645507 987262.2167018284    
58000 60000 3.4061640625586733 665.5312786458138 295.9137619620455 999.4879999999539 435.9459238281124 14232.138316738796 822629.3519098692    
60000 62000 10.35379101568833 663.2154029947706 296.6597117820617 998.3399999999674 434.2070878906525 16172.900896848787 905955.9497401887    
62000 64000 553.1571210937109 482.2809596354297 472.0860946918773 973.1689999999944 31.564000000071246 11110.690900822949 603421.0374567544    
64000 66000 1417.4790039063082 582.5209960936918  582.5209960936918 582.5209960936918 6323.221196101311 303567.6655486466    
66000 68000 9.046744140563533 663.6510852864789 299.88910904777686 997.3709999999846 416.74900390632683 19829.598569500857 1069242.5545786533    
68000 70000 6.31914648442762 664.5602845051908 298.49833111505836 997.5370000000112 420.9607480468694 16717.28105123136 998515.3103050119    
70000 72000 1264.9061660156003 367.54691699219984 303.65431102304643 582.262939453125 152.83089453127468 6296.6551800587395 347868.68602584006    
72000 74000 9.464980468852445 663.5116731770491 300.2245297741523 997.4149999999208 415.8370605468517 17849.86274495256 1049829.3058852458    
74000 76000 13.281841796822846 662.2393860677257 301.9015419469914 999.7629999999772 417.96004101569997 16538.622773546074 1061899.8253524958    
76000 78000 8.23016406246461 663.9232786458451 295.0332127527996 995.195000000007 429.4478828125284 15936.395341241081 1003069.146151012    
78000 80000 8.340019531315193 663.8866601562282 298.50496231372716 1000.0 429.678046874993 18281.928872886565 1059822.9642921383    
80000 82000 982.7536621093168 508.6231689453416 102.8558974034869 581.353271484375 435.8930664063082 8831.384217149698 543354.2466078962    
82000 84000 53.493371093820315 648.8355429687266 305.6276470739586 995.0499999999302 416.48372851562453 13133.312117516925 724379.2698957631    
84000 86000 7.862654296972323 664.0457819010093 291.2002766637466 997.7199999999721 461.2400996093638 16650.38801078114 963437.174304159    
86000 88000 11.849298828223255 662.7169003905923 290.2235304467588 996.0239999999176 465.90575390623417 15723.917919806368 906876.5319887084    
88000 90000 561.3300351562211 479.5566549479263 484.66752761470076 998.6699999999837 38.909912109375 11267.826209462264 648993.434642958    
90000 92000 10.320896484365221 663.2263678385449 547.4849956623567 997.8819999999832 31.416015625 15687.083752041086 1013552.8735237125    
92000 94000 674.1111328125116 441.9629557291628 500.99171112243624 998.609999999986 27.2548828125 11730.772079172355 686475.9979835047    
94000 96000 8.396849609329365 663.8677167968902 554.5788469777575 995.5310000000172 23.634033203125 15890.376240897924 988663.5932612641    
96000 98000 9.709134765609633 663.4302884114635 559.9112966373601 998.5 17.0458984375 14134.948988599961 799526.6747559849    
98000 100000 260.23489843751304 869.8825507812435 158.71796702743427 982.1131015624851 757.6520000000019 13798.42473505374 788287.7448970051    
100000 102000 467.0600722656818 766.4699638671591 329.89223458068284 999.7389999999432 533.200927734375 12210.65145459723 679621.2302916491    
102000 104000 15.94565429695649 661.3514485676811 287.00181015676367 990.7199999999721 464.92907226557145 14903.788680285743 798401.2714671132    
104000 106000 7.356345703126863 664.214551432291 291.60050395905233 999.6529999999912 471.164726562507 15992.239813100643 978339.8125154093    
106000 108000 14.820855468860827 661.7263815103797 292.74827009102194 999.0239999999176 473.7310722655966 15701.57230575657 882636.172505752    
108000 110000 61.05681640619878 646.3143945312671 299.1294674190767 991.3620000000228 460.187255859375 14097.132727008913 765390.0666850116    
110000 112000 22.57626171875745 659.1412460937476 288.7462154587537 988.5819999999949 449.968994140625 13825.348815006502 802150.5534467748    
112000 114000 426.1939628905966 524.6020123698012 477.65361468489795 989.1390000000247 34.83203125 12626.664361756808 665289.4241810809    
114000 116000 13.366097656311467 662.2113007812295 547.0858607999212 996.5079999999725 30.856933593691792 16043.94754688474 926122.3054476881    
116000 118000 509.33993359375745 745.3300332031213 313.1253144419961 966.7430664062267 523.9170000000158 11314.654295602852 661286.163459521    
118000 120000 1416.514892578125 583.485107421875  583.485107421875 583.485107421875 5476.1511650868 284921.526829199    
120000 122000 11.009226562513504 662.9969244791622 303.0310060230492 999.8850000000093 412.6528925781022 16915.779653449856 964375.2734352613    
122000 124000 11.372787109285127 662.8757376302383 298.39211107529246 996.9180000000051 422.71311914070975 19779.57750632047 977191.189940716    
124000 126000 2.3360253906575963 665.8879915364474 297.07340895922584 999.716999999946 430.6269062500214 10683.364185261036 626930.3624667267    
126000 128000 16.032105468737427 661.3226315104208 296.7149240301781 995.9670000000042 430.3639316406334 15641.582024892206 926617.696514522    
128000 130000 4.73599999997532 665.0880000000083 295.41493706567906 999.5310000000172 439.72103710938245 17064.858723944257 1048465.3085967356    
130000 132000 4.142667968757451 665.2857773437476 294.6644842797344 999.4409999999916 442.68903710937593 16579.34230600761 917837.7315344834    
132000 134000 9.6121992188273 663.4626002603909 295.37469222160667 999.512999999919 444.9517050781287 17119.945714938254 1067522.359832837    
134000 136000 3.8181562499376014 665.3939479166875 293.1282988637378 999.9430000000284 453.600904296909 14217.321804670933 811576.8923796858    
136000 138000 12.833019531273749 662.3889934895755 293.47321189230473 997.8819999999832 453.292060546868 13165.935493769019 771292.7709702996    
138000 140000 9.814968749997206 663.3950104166676 289.67834666347284 995.0520000000251 459.93308007810265 13959.964521999023 790734.8465198649    
140000 142000 18.301027343724854 660.5663242187584 294.29963931078424 998.9380000000237 464.1640488281264 15610.08140057296 865744.3126471291    
142000 144000 38.12404101563152 653.9586529947895 295.85439697690714 995.2359999999753 470.01007617189316 15013.421895453423 929638.0236741622    
144000 146000 1378.0558828124776 310.9720585937612 380.63974008931393 580.125 41.81911718752235 5802.461256203422 314416.1179692885    
146000 148000 55.17290624999441 648.2756979166685 270.39291741297467 946.5300000000279 419.17599999997765 17719.578206179416 937932.8190778524    
148000 150000 7.515132812608499 664.1616223957972 300.80962690879096 999.7519999999204 418.77290624997113 18793.056174356425 1053998.956788008    
150000 152000 1269.5029746093787 365.24851269531064 303.36644950972703 579.760986328125 150.73603906249627 6489.368747913641 356279.6375356591    
152000 154000 4.634091796935536 665.1219694010215 299.4175650391589 998.4199999999837 418.87901367188897 17015.77434835619 957413.5177027967    
154000 156000 6.465958984394092 664.511347005202 297.5755329657002 996.3249999999534 421.3001054687775 20734.675184887063 1058837.1002689332    
156000 158000 63.975833984382916 645.3413886718723 304.0946609224781 991.6049999999814 421.7150644531357 12972.393449456125 638138.1429030489    
158000 160000 6.960083984362427 664.3466386718792 288.3712129533355 996.2829999999958 475.53889843751676 15318.553681014615 916621.0064954441    
160000 162000 6.836044921830762 664.3879850260564 290.1054660131786 998.5680000000284 477.19898242189083 17035.17508043366 1015842.0836905311    
162000 164000 13.64291406259872 662.1190286458004 288.28328137860586 994.310999999987 477.4860273437225 12067.432701328693 673613.6767892228    
164000 166000 19.790136718773283 660.0699544270756 285.6739212738201 989.6459999999497 483.268941406277 15460.511883181218 879168.367969981    
166000 168000 7.037664062518161 664.3207786458273 289.7871084191021 998.8939999999711 492.3290781250107 16339.121035280914 914459.386896922    
168000 170000 8.830263671872672 663.7232454427091 290.0013076719526 998.5750000000116 493.7507421874907 15742.689568267146 866311.0519553788    
170000 172000 28.4688925780938 657.1770358073021 279.34203423538327 979.7050000000163 492.2041015625 13032.058710617988 758931.1677105506    
172000 174000 12.161783203133382 662.6127389322888 288.778371199568 995.9500000000116 488.351318359375 13549.227388146694 769838.0584947392    
174000 176000 41.53027929685777 652.8232402343807 293.1723391536475 989.9120000000112 457.2900390625 14325.08132082489 732708.1011862896    
176000 178000 2.901146484480705 665.6996178385065 291.8373797959427 999.0239999999176 456.139892578125 18265.72146125381 1071779.8878063078    
178000 180000 12.955839843896683 662.3480533853677 291.9932466461563 996.1219999999157 454.154052734375 13127.837246273346 652082.0367899414    
180000 182000 7.705960937542841 664.098013020819 293.24754149288935 998.2220000000088 449.444091796875 15962.578886406853 914518.892151076    
182000 184000 888.3018417968997 555.8490791015502 32.78454048983864 579.03125 532.6669082031003 9889.92178712416 574415.265886476    
184000 186000 6.901306640647817 664.3662311197841 299.2297436290053 997.6259999999893 418.7307499999879 18597.676298294355 1023836.6677163374    
186000 188000 13.81000585941365 662.0633313801955 299.6377251860645 997.3929999999818 420.5860566406045 18193.495412164968 985976.3134669343    
188000 190000 1266.9859140624758 366.5070429687621 301.03937076029786 579.3740234375 153.64006250002421 6836.445456161729 371801.0029837473    
190000 192000 9.541082031209953 663.4863059895966 297.3464808879067 994.3670000000275 418.6519765625126 18691.001892873363 1067352.058737578    
192000 194000 67.9896582030924 644.0034472656358 307.8508516069868 994.9670000000042 419.6280585937784 8280.871842756897 483966.17053208733    
194000 196000 4.853263671917375 665.0489121093609 289.25670109279855 998.3959999999497 480.2307167968829 17533.34504325422 974127.3394760778    
196000 198000 10.350119140581228 663.2166269531396 288.25683839961056 995.5350000000326 480.7669804687612 19385.331305614745 1075846.8991206426    
198000 200000 11.035820312448777 662.9880598958504 288.55266569683215 995.7920000000158 482.6650996094104 16194.00429704803 860901.9232200509    
200000 202000 30.81577734381426 656.3947408853952 296.4787632472963 998.1639999999898 468.334919921821 15055.166917631643 877451.9946735103    
202000 204000 9.590324218734168 663.4698919270886 288.090580316394 996.1269999999786 496.35469726566225 16109.336247308554 905023.3591821315    
204000 206000 26.432060546823777 657.8559798177254 278.82928291305626 979.7920000000158 493.19091796875 13350.92955213513 757509.0889045014    
206000 208000 9.685833984403871 663.4380553385321 288.4539731038265 996.4189999999944 489.986083984375 15989.86096774997 879161.3628765164    
208000 210000 8.273777343798429 663.9087408854006 290.7228701379411 999.3819999999832 485.539306640625 18615.539829048852 920178.3819116362    
210000 212000 20.756341796834022 659.747886067722 287.8392256031005 991.4020000000019 475.06396484375 14810.23216266061 738526.2340874698    
212000 214000 7.5038828124525025 664.1653723958492 290.02590966780207 997.7820000000065 472.05908203125 16558.21702750206 857221.0673007304    
214000 216000 5.321109375101514 664.8929635416329 290.38205080719746 998.5749999999534 469.52197265625 20202.716604115274 824828.4894275267    
216000 218000 5.683912109350786 664.772029296883 291.8254406351692 999.6850000000559 465.112060546875 16173.518830968942 795896.2440083463    
218000 220000 9.063097656238824 663.6456341145871 292.92600579112695 998.9150000000373 457.261962890625 15286.648902949077 841336.1214136573    
220000 222000 26.566023437539116 657.8113255208203 288.3225199537312 985.9479999999749 445.012939453125 12396.988580733107 690603.5948137543    
222000 224000 10.557966796914116 663.1473444010286 297.5332081113818 999.8519999999553 435.64697265625 18768.304270856537 1028465.3696305922    
224000 226000 121.33995312498882 626.2200156250037 345.5165156833499 998.60699999996 316.02001953125 11002.305208245762 573596.7897986203    
226000 228000 184.34706835937686 605.2176438802077 397.7984620320038 960.2989999999991 175.324951171875 16595.54553515903 923483.9282049262    
228000 230000 7.532960937474854 664.1556796875084 434.4594357673923 999.5420000000158 173.364990234375 17424.184942245396 983862.0131775688    
230000 232000 6.68296875001397 664.439010416662 436.70367141235323 997.7099999999627 170.072021484375 17389.952611650162 1010447.7896785301    
232000 234000 1099.1279335936997 450.43603320315015 189.89926028166548 584.715087890625 316.1569785156753 7928.277292134766 434861.7298687529    
234000 236000 8.617837890633382 663.7940540364556 298.1688211907303 993.8789999999572 413.97191210940946 16612.77661631009 919330.6273687792    
236000 238000 8.217128906282596 663.9276236979058 301.73388977758015 999.3819999999832 414.67674999998417 17549.04135716818 1015141.366115506    
238000 240000 72.19812109379563 642.6006263020681 308.30040560279963 994.908000000054 422.18887890619226 17227.740481386434 969278.500893419    
240000 242000 1416.093017578125 583.906982421875  583.906982421875 583.906982421875 5663.822094782738 310517.36329855426    
242000 244000 35.09703515621368 654.9676549479287 296.58524758399176 986.0280000000494 413.52901757811196 18246.329882964208 885623.1985348639    
244000 246000 8.41496289067436 663.8616790364418 294.5349289577922 995.9579999999842 434.2930527343415 18074.019895795667 1023905.6240990758    
246000 248000 115.28698437497951 628.2376718750069 321.7359924556703 999.6620000000112 435.6680156249786 17036.828126457385 965512.814067506    
248000 250000 485.8870781250298 757.0564609374851 340.3114571446895 997.6929999999702 516.419921875 16226.339882291864 813435.738168941    
250000 252000 8.160042968811467 663.9466523437295 290.9114235344243 999.4679999999935 482.09607812494505 19599.785992405676 978360.6039433209    
252000 254000 492.5148789063096 502.49504036456347 478.1019567092289 987.3819999999832 31.479999999981374 12499.87412530246 610731.6578877381    
254000 256000 1417.39404296875 582.60595703125  582.60595703125 582.60595703125 8532.578178840778 316467.2195219502    
256000 258000 5.730837890645489 664.7563873697849 301.8056977685563 999.9710000000196 414.62604296870995 20997.07131356343 1082798.6427807417    
258000 260000 997.8581562499749 501.0709218750126 115.52857812865587 582.761962890625 419.37988085940015 10501.217636613845 463107.9907812996    
260000 262000 164.5359394530533 611.8213535156489 340.4060725242438 999.283000000054 360.8070371093927 18871.145471139665 1011318.9864089424    
262000 264000 10.06605468748603 663.3113151041713 291.78927404686226 998.7920000000158 468.54296875 19116.342511958304 1058535.0136457793    
264000 266000 4.6660507812630385 665.1113164062457 291.0182854323851 998.984999999986 465.19091796875 17295.32427930698 949368.6568970993    
266000 268000 5.215021484415047 664.9283261718616 289.8617776871438 997.0979999999981 463.243896484375 18811.25548934015 1001913.3907796156    
268000 270000 38.03200195310637 653.9893326822979 303.5411990270677 998.9340000000084 427.69189453125 15498.274131029933 847045.3160252959    
270000 272000 5.91880859376397 664.6937304687453 299.66244422053313 999.9100000000326 422.7880859375 18000.981077729233 1026202.6557842173    
272000 274000 6.443990234402008 664.518669921866 299.7673334946172 998.4170000000158 418.548095703125 13901.811194625094 705895.7214282937    
274000 276000 7.44479492190294 664.1850683593657 301.11545748001436 998.1389999999665 413.38330078125 16570.24351000701 907368.8111296621    
276000 278000 123.81335546879563 625.3955481770681 323.0634276974956 966.4070000000065 323.9189453125 15492.478665303626 816989.2651785372    
278000 280000 11.226001953124069 662.9246660156253 338.2519981758484 996.4290000000037 320.116943359375 19149.458292649055 1064867.101055551    
280000 282000 935.8790585937677 354.7069804687441 558.3964102031554 999.4830000000075 30.206056640599854 11614.668449385046 605825.1772518494    
282000 284000 7.621765625081025 664.126078124973 547.4802169936652 998.170999999973 32.297119140625 18787.166626894512 997889.9987553845    
284000 286000 1285.6548476562602 357.1725761718699 318.80714668614166 582.603271484375 131.74188085936476 6504.42200975125 336415.0849473828    
286000 288000 21.81129687500652 659.3962343749978 299.05084355101627 993.7219999999506 417.39272851566784 19980.32726627137 1013581.5909517067    
288000 290000 41.752716796821915 652.7490944010593 305.4150864947981 999.0720000000438 421.9360253906343 15881.20052951515 905726.7123743608    
290000 292000 4.987957031233236 665.0040143229222 291.2417382745372 998.6219999999739 461.50674218754284 15787.013630030782 858252.4821286506    
292000 294000 24.16441406251397 658.611861979162 296.596877213402 999.9760000000242 464.0006992187118 18093.806282667185 1011179.4588614588    
294000 296000 9.191937500028871 663.6026874999903 290.05895800436355 998.1990000000224 483.3361132811988 17375.660791301358 916457.6984590869    
296000 298000 31.953041015658528 656.0156529947805 282.5217222172245 982.2249999999767 489.89105078123976 12447.142780722817 623370.7269457417    
298000 300000 7.605953125050291 664.1313489583166 290.79359835702553 999.8429999999935 490.428955078125 15157.019999104901 811334.8323279407    
300000 302000 1490.7829550781753 509.2170449218247  509.2170449218247 509.2170449218247 5604.389882248513 287183.4655794516    
