ts te idle avg_span std_span max_span min_span c_bytes_all s_bytes_all avg_video_rate avg_audio_rate video_requests_sequence audio_requests_sequence
0 2000 2000.0 0.0 0.0 0.0 0.0 0.0 0.0 0.0 0.0 0 0
2000 4000 2000.0 0.0 0.0 0.0 0.0 0.0 0.0 0.0 0.0 0 0
4000 6000 2000.0 0.0 0.0 0.0 0.0 0.0 0.0 0.0 0.0 0 0
6000 8000 19.0711093749851 990.4644453125075 11.31590715914305 998.4660000000149 982.462890625 16700.68989971588 350613.3853239359    
8000 10000 13.958574218675494 662.0138085937748 561.6811604409617 999.6170000000275 13.625109374988824 13784.899583867207 487983.031411422    
10000 12000 14.842208984307945 661.7192636718974 552.0446423096117 998.5500000000466 24.62268359377049 15077.802221676246 472382.87593878224    
12000 14000 229.90210742189083 590.0326308593698 496.5103601039097 996.2029999999795 36.53089257812826 10454.60829474067 357684.7073258599    
14000 16000 1834.011999999988 165.9880000000121  165.9880000000121 165.9880000000121 990.0 5060.0    
16000 18000 273.1177265624865 863.4411367187568 189.9088890873325 997.7270000000135 729.1552734375 11305.28796136652 398224.67043243255    
18000 20000 15.888376953138504 661.3705410156205 366.345776118044 996.570000000007 270.2977265624795 9709.162681761652 380251.54627287795    
20000 22000 1551.1368964843568 224.43155175782158 64.18203440455876 269.8151035156334 179.04800000000978 1080.5493568718275 32858.78329468946    
22000 24000 279.1339042968466 860.4330478515767 186.51348800126706 992.3180000000284 728.548095703125 13639.519570165648 418966.63401594805    
24000 26000 11.559990234381985 662.8133365885393 367.2760993010104 995.929999999993 268.951904296875 9484.79686678254 374059.2465766374    
26000 28000 68.50219921872485 643.832600260425 359.91415913881207 986.6520000000019 268.9668945312733 12015.525324475304 433091.9004261387    
28000 30000 9.331988281337544 663.5560039062208 339.04682929438013 999.3009999999776 321.301093749993 10766.856451764495 440100.4025192908    
30000 32000 125.39080664061476 624.8697311197951 307.03470697507055 935.4799999999814 321.54008203127887 18598.001485841392 501244.6818265108    
32000 34000 20.715123046946246 659.7616256510179 316.21550988418124 995.3059999999823 367.29088867187966 9745.57616179393 370488.4231532293    
34000 36000 359.3449882811983 546.8850039062672 395.40537966920215 999.9890000000014 271.670999999973 11809.72413917669 446263.71148224495    
36000 38000 807.5636835937621 596.218158203119 570.5203973859781 999.6369999999879 192.79931640625 7445.372412359198 370620.3052460934    
38000 40000 1209.519316406222 395.24034179688897 557.7648981601612 789.639683593763 0.8410000000149012 7070.627587640801 370297.6947539066    
40000 42000 968.2697011719574 515.8651494140213 626.5444800889499 958.8989999999176 72.831298828125 8805.086232263731 447635.7115476472    
42000 44000 1011.2963378906134 494.3518310546933 594.3471075358268 914.6187011718866 74.0849609375 7775.086021582683 442145.0176609694    
44000 46000 54.94406054686988 648.35197981771 541.5318000564225 995.2949999999837 24.347900390625 14105.524846428973 639116.1493760326    
46000 48000 855.0879003906739 572.456049804663 568.6016037493222 974.518099609355 170.39399999997113 8453.302899724611 557182.1214153508    
48000 50000 272.31209179689176 863.8439541015541 192.38684950829204 999.8819999999832 727.805908203125 11353.494349868468 548992.9510258782    
50000 52000 45.716644531232305 651.4277851562559 366.6129998889224 997.4349999999977 267.203091796895 18462.61745648797 1018482.097289288    
52000 54000 1125.4422636718955 437.27886816405226 184.18453238052192 567.5169999999925 307.04073632811196 7433.888193643563 411333.95168483385    
54000 56000 272.206888671848 863.896555664076 189.40907922168154 997.829000000027 729.964111328125 16410.67781913932 850547.6282734366    
56000 58000 1009.8661113281269 495.06694433593657 320.2444972795263 721.5139999999665 268.61988867190666 8963.322180860681 491238.37172656343    
58000 60000 271.9170761718997 864.0414619140502 187.48163871865194 996.6109999999753 731.471923828125 17668.76618774669 878326.3378963718    
60000 62000 11.022960937465541 662.9923463541782 370.1687066613853 999.25 266.34007617190946 17979.147778291837 1050424.4137236187    
62000 64000 7.664984375005588 664.1116718749981 362.8711357353682 994.5260000000126 275.75603710935684 17141.896579341825 941834.4723807    
64000 66000 11.399050781270489 662.8669830729099 360.65984388043506 992.5079999999725 277.642021484382 14587.598100762902 752260.0859277783    
66000 68000 9.077015625021886 663.6409947916594 362.716632687921 999.5810000000056 279.0570722655975 16763.061362522567 956169.6085460631    
68000 70000 57.16101562499534 647.6129947916683 362.3320753802344 995.7560000000522 272.5890878905775 12495.806269467892 688722.355796485    
70000 72000 9.099812500004191 663.633395833332 337.5122691060392 999.9000000000233 324.8891035155975 14465.57004833869 756213.4617479009    
72000 74000 12.07018945319578 662.6432701822681 332.61764518718024 997.4029999999912 332.2099160156213 18238.69933036047 989733.3185907635    
74000 76000 7.941925781255122 664.019358072915 327.4801005150607 996.0750000000116 341.31510546873324 17726.670538965285 896824.9949634192    
76000 78000 28.591972656315193 657.1360091145616 337.9743925913826 998.429999999993 322.58203125 14894.388060928595 871102.556194462    
78000 80000 24.0526972655789 658.6491009114737 332.4133301989767 997.8730000000214 333.4930039062747 15993.4292518936 828514.8410988317    
80000 82000 25.182310546922963 658.2725631510257 327.9404805972719 994.7089999999735 339.5457011719118 12827.863439751578 773018.6261817049    
82000 84000 19.538109374931082 660.1539635416897 327.8529824451939 998.0599999999977 343.37601171882125 16188.973051021905 861071.0456991513    
84000 86000 9.93376757815713 663.3554108072809 322.8505938663356 999.0289999999804 355.0731210937374 16572.619821662924 936488.8654760553    
86000 88000 569.7930820311885 476.7356393229372 472.5785624136794 997.1070000000182 74.280029296875 12005.272482900531 738212.1192703391    
88000 90000 338.3839765624143 553.8720078125285 438.5066900006758 925.3489707031986 70.154052734375 14509.789492727323 814240.1891037074    
90000 92000 24.916103515657596 658.3612988281142 515.1223515088935 982.8510000000242 64.39794921869179 15848.510489120226 820821.9794662598    
92000 94000 680.02294921875 659.988525390625 387.61405304404246 934.0730507812696 385.90399999998044 10526.937714195157 688642.7279363874    
94000 96000 271.60911914060125 864.1954404296994 188.96376491554767 997.8130000000237 730.577880859375 16308.581841895933 848581.0436163468    
96000 98000 10.100982421892695 663.2996725260358 367.75185350928257 995.9560000000056 268.3971191406017 18164.95613978776 1064410.9032927293    
98000 100000 471.86301171884406 509.3789960937186 213.30018658641066 686.8939999999711 272.759101562493 13570.530275061119 773379.1838254516    
100000 102000 1044.5578867187141 477.7210566406429 70.74029650153803 527.7420000000275 427.7001132812584 8404.931743255187 469200.86926547217    
102000 104000 269.3150234374916 865.3424882812542 188.7501509952898 998.8090000000084 731.8759765625 15006.896937717176 857932.2450299157    
104000 106000 4.791892578126863 665.0693691406244 370.4134333740068 999.9949999999953 267.2270234375028 16875.155898117093 1067337.7492980412    
106000 108000 6.942181640653871 664.3526061197821 368.210140276108 997.2829999999958 268.8749160156003 17866.511046577776 1069096.1517368807    
108000 110000 960.8398417969001 346.3867194010333 194.44825433910478 567.612060546875 202.53800000000047 9380.260936866869 479069.3597079617    
110000 112000 4.714037109282799 665.0953209635724 297.0163056995895 999.0210000000079 430.3909394532093 17878.29015805247 1033015.170993363    
112000 114000 8.17776367184706 663.9407454427177 297.6015027171717 999.1070000000182 430.6739765625098 14652.079524089771 830584.7220614383    
114000 116000 10.055349609348923 663.3148834635504 296.940725303346 998.7820000000065 434.17974023439456 16213.949973389957 887927.1714814759    
116000 118000 556.0260039062123 481.3246653645959 474.7928666019523 999.5470000000205 67.25390625 11002.195342147907 650754.4249881752    
118000 120000 54.35194140631938 648.5493528645602 545.9128680380468 995.8469999999506 19.31396484375 12857.176434787212 663690.6696879036    
120000 122000 6.575679687550291 664.4747734374832 559.3358840591144 997.5800000000163 18.71728515625 17999.622993397996 985206.1391724414    
122000 124000 62.27518554701237 645.9082714843292 548.7487806319409 999.826999999932 13.777099609375 15617.132444875486 808053.2293889758    
124000 126000 6.004218749993015 664.665260416669 565.4332904531921 999.289000000048 11.827880859375 17916.7613825189 1065019.3419863984    
126000 128000 8.829974609368946 663.723341796877 567.4902961376202 999.13400000002 8.50390625 15815.08520475428 905556.4852838448    
128000 130000 6.6239453126327135 664.4586848957891 570.1775499403259 996.8809999998775 6.0849609375 16029.377464567704 988713.9999533851    
130000 132000 6.133863281225786 664.6220455729248 574.6375705192995 999.8910000000033 1.10009765625 16311.77527313789 954152.3536967142    
132000 134000 3.1561777343740687 998.421911132813 0.6066851886473282 998.8509023437509 997.992919921875 16877.712843577996 1061051.9542340701    
134000 136000 10.24091992189642 663.2530266927012 572.9048757016159 994.804999999993 1.7200800781138241 15995.016141423519 1044111.8312990146    
136000 138000 9.230042968818452 995.3849785155908 4.990790045143072 998.9139999999898 991.8559570311918 16630.398205608675 882196.297199119    
138000 140000 6.38095898431493 664.5396803385617 570.8158328990992 999.2260000000824 5.445042968727648 15017.06518859386 1037855.9332690691    
140000 142000 7.838062499999069 664.053979166667 566.8128576788849 996.5449999999837 9.58300195314223 17810.0078603679 1077152.8335286817    
142000 144000 20.835822265711613 659.7213925780961 559.2531941564441 983.3911132811918 13.95206445310032 13858.233204929908 925707.9256448422    
144000 146000 12.03903710929444 662.6536542969019 563.4035398269137 993.5590000000084 12.123886718822177 14491.022445534356 942950.2195047595    
146000 148000 991.2210761719034 336.2596412760322 568.9356890855221 993.1479999999865 0.0 8612.273094965303 519217.7908535284    
148000 150000 273.7539433593629 863.1230283203186 191.78853221026583 998.7380000000121 727.508056640625 15495.069213465204 855806.2844913378    
150000 152000 32.77578515623463 655.7414049479218 365.42243155027535 992.6140000000014 267.25694335938897 16975.578551513834 1027505.9130735947    
152000 154000 593.7193437499227 468.7602187500258 154.93388437743874 570.825927734375 290.48172851570416 11886.79178373884 697212.7905825183    
154000 156000 948.8459277343354 525.5770361328323 140.56853435972158 624.9740000000456 426.18007226561895 8451.560451282121 521032.01185254916    
156000 158000 273.14207031263504 863.4289648436825 192.7587724833653 999.729999999865 727.1279296875 19935.385656607094 845348.4077951757    
158000 160000 57.27081249997718 647.5763958333409 366.0842332851488 999.5970000000088 268.88707031251397 12160.424407185568 709403.5198229272    
160000 162000 20.81314843747532 659.7289505208415 344.698738133487 997.8420000000042 308.8018828125205 19020.823620850744 943122.6762205928    
162000 164000 12.06498632824514 662.6450045572516 334.209366444197 994.7029999998631 326.32503125001676 14040.914678775565 721935.1555114224    
164000 166000 28.141029296966735 657.2863235676778 339.0020511174897 999.5689999999595 321.6630175780738 16931.13938718404 897830.5841950779    
166000 168000 10.128892578184605 663.2903691406051 325.66893570723585 996.9779999999446 346.2810468749958 18344.163543956038 1037653.9173688504    
168000 170000 807.527060546854 596.236469726573 350.11760155662154 843.8070000000298 348.66593945311615 9701.148705440948 586076.7390859534    
170000 172000 270.6850273437449 864.6574863281276 188.4588257635745 997.9180000000051 731.39697265625 16805.32348754297 825935.2619687379    
172000 174000 5.657984375022352 664.7806718749925 369.45362136585334 998.4270000000251 267.7270273437607 18131.329839070422 1058546.8323229593    
174000 176000 10.587976562557742 663.137341145814 368.582991333254 999.7920000000158 269.30801171873463 17549.171528863924 979499.5070683402    
176000 178000 2.400103515596129 665.8666321614679 363.12558372973086 999.6929999999702 279.2259882813087 17890.114644322966 961845.4017683452    
178000 180000 3.2189980468829162 665.5936673177057 362.3483155394968 999.4280000000144 280.24509179685265 16607.57517016919 899030.6300684491    
180000 182000 50.60695898439735 649.7976803385342 367.1997056105184 999.8640000000014 267.57908984372625 13843.559595543618 701508.559872553    
182000 184000 55.67599609377794 648.1080013020741 363.46093927437045 995.5289999999804 270.4910488281166 16744.664454848058 903774.1444685459    
184000 186000 10.884851562557742 663.0383828124808 338.77543441437587 998.4049999999697 320.9540449218475 15566.429728739146 833205.9926548644    
186000 188000 7.280789062497206 664.2397369791676 336.1605346796593 999.0129999999772 326.7088964844006 17312.821329113813 877011.8431101126    
188000 190000 726.2023144531413 636.8988427734294 430.5815830469694 941.36599999998 332.4316855468787 12008.010221785886 646558.8266970923    
190000 192000 270.65403320320183 864.6729833983991 187.64070736088752 997.3549999999232 731.990966796875 15613.175501136411 807779.9563016213    
192000 194000 3.4686699219746515 665.5104433593418 370.02298320395766 999.0309999999008 267.47103320312453 20078.295783105266 1125409.2474144585    
194000 196000 255.52220117184334 581.4925996093856 315.20852774372605 900.1160000000382 269.8137031249935 16360.716836215906 908047.4287867292    
196000 198000 496.21103710937314 501.26298763020895 74.8808240472653 572.31005859375 423.06190429686103 15289.031139328868 750707.3919341429    
198000 200000 61.55115820316132 646.1496139322795 305.18273309882164 993.9749999999767 423.25094140623696 14987.485849092333 791113.9126591183    
200000 202000 9.524785156245343 663.4917382812515 291.20017161184234 998.9329999999609 475.5990996094188 13239.850456165022 695485.4643241089    
202000 204000 842.425115234335 578.7874423828325 136.6619019761515 675.4220000000205 482.15288476564456 8102.4444349561945 474806.5985798207    
204000 206000 274.15173828124534 862.9241308593773 187.851216640481 995.7550000000047 730.09326171875 16599.212311652853 911116.1728917388    
206000 208000 11.079378906288184 662.9735403645706 367.87027502677597 996.9020000000019 268.63873828120995 12851.463139984084 695103.5281631332    
208000 210000 62.52596093749162 645.8246796875028 365.46160805981896 998.5050000000047 268.7991171875037 16435.507750688917 809901.884658592    
210000 212000 6.525611328193918 664.4914628906021 334.84837133716985 996.8619999999646 327.2190781249665 17384.48497586573 1031020.9911536333    
212000 214000 748.7573105468182 625.6213447265909 419.1427138855554 922.0 329.2426894531818 11262.331821808417 630543.4231329026    
214000 216000 273.3597382812295 863.3201308593852 190.53256555475159 998.0470000000205 728.59326171875 16420.044313070197 780267.0354422673    
216000 218000 12.685353515669703 662.4382154947767 364.4904731609069 992.6629999999423 271.34573828126304 12651.161225572989 758264.6206645491    
218000 220000 57.59865820314735 647.4671139322842 366.3973322675167 999.9980000000214 268.6220917968312 18256.05690374408 947030.3408479216    
220000 222000 5.323318359442055 664.8922272135193 336.5611097294917 999.2889999999898 326.2077499999432 20640.78530969558 1097253.302359176    
222000 224000 13.403867187560536 662.1987109374799 335.5393590226852 998.7249999999767 327.65506835933775 19574.343105729473 1048344.5002564597    
224000 226000 22.84595898434054 659.0513470052198 336.11446491073934 996.158000000054 323.93793554685544 18875.805255871383 940276.7374765407    
226000 228000 10.100107421865687 663.2999641927114 327.1502267230643 996.155999999959 342.1708945313003 15063.388392302619 841833.3397406923    
228000 230000 10.315021484391764 663.2283261718694 325.30093376979124 997.9440000000177 348.24000195309054 12537.827982930507 673091.7540161952    
230000 232000 11.016050781239755 662.9946497395867 321.95103230441583 994.8619999999646 351.97302343754563 16284.473059019785 910982.4399729327    
232000 234000 5.327953125000931 664.8906822916664 320.42148489937586 996.6899999999441 357.21007421880495 17017.613762544155 937071.8837235176    
234000 236000 5.990089843748137 664.669970052084 320.5280471263383 997.204000000027 357.67602734372485 15286.895465055648 833492.0430589579    
236000 238000 6.78279101557564 664.4057363281414 322.39733738157554 999.6010000000242 356.54711718752515 17547.593967605233 963288.2371895567    
238000 240000 54.528164062532596 648.4906119791558 297.64116481608784 956.6500000000233 362.6209082030691 17848.92364846457 901834.0236381214    
240000 242000 1081.2889277344802 459.3555361327599 124.50094697077984 547.390999999945 371.3200722655747 8790.087608393787 465076.7416131116    
242000 244000 490.70394335943274 754.6480283202836 345.9731658479431 999.2879999999423 510.008056640625 15429.170313377237 781192.4703238913    
244000 246000 770.1130566406064 614.9434716796968 178.43772917662466 741.1180000000168 488.76894335937686 10744.829686622763 589575.5296761087    
246000 248000 274.3401113281725 862.8299443359138 190.80435834265415 997.7489999999525 727.910888671875 16436.427627637626 881699.4356191617    
248000 250000 9.287847656290978 663.570717447903 367.04944116195406 999.3889999999665 271.73111132811755 19079.858181839558 1103244.2174834344    
250000 252000 6.144949218723923 664.6183502604254 361.41340062456305 997.7010000000009 280.33495898440015 17190.850605317737 931704.389569523    
252000 254000 537.2710332031129 487.576322265629 177.94104407039273 614.4880000000121 284.180908203125 13126.077233986585 738464.5850195517    
254000 256000 7.567013671854511 664.1443287760485 293.4951375001931 995.0189999999711 435.21794140629936 17679.07084362074 1015978.357018542    
256000 258000 3.9957695313496515 665.3347434895501 295.38045196010046 998.7879999999423 436.5089550780831 14562.204450118585 831417.6246372347    
258000 260000 9.732351562473923 663.4225494791754 295.7317171563271 998.3549999999814 438.3157246094197 13684.973046408884 737635.9982196477    
260000 262000 1638.176923828083 361.8230761719169  361.8230761719169 361.8230761719169 3269.5380110702845 180840.39243290466    
262000 264000 273.55503515619785 863.2224824219011 191.67333871515353 998.7560000000522 727.68896484375 16795.32938646875 895559.0374800367    
264000 266000 12.500666015665047 662.4997779947784 367.07252157548066 997.841999999946 270.32603515626397 17362.08905311735 1051352.9637172574    
266000 268000 3.7609824219252914 665.4130058593582 363.92274335859526 999.5409999999683 277.6487011718564 17656.735288431504 990354.1668238165    
268000 270000 4.463324218755588 665.1788919270815 363.2750585930882 999.5069999999832 278.6126835937612 16785.64946660905 955502.3647003958    
270000 272000 65.19900000002235 644.9336666666592 364.38343753285017 997.0760000000009 269.4330078124767 11742.043738775017 673521.6174507872    
272000 274000 11.244005859363824 662.9186647135454 335.53269932595913 999.5250000000233 328.4700078124879 17211.912786729466 993686.1856796063    
274000 276000 23.954023437574506 658.6819921874752 334.1331660378587 998.9109999999637 330.9980136718368 15614.321197250361 800605.7912911841    
276000 278000 21.7430253905477 659.4189915364841 327.01044978853935 999.8370000000577 347.70903710939456 15597.092759845607 772963.8253587371    
278000 280000 38.43993750005029 653.8533541666499 320.2272316702521 998.3329999999842 365.22706249996554 15058.767805217796 827366.0149884312    
280000 282000 39.13472851563711 653.6217571614543 292.434529600665 974.3120000000345 401.69999999995343 14379.449609302508 785644.9680360616    
282000 284000 7.465373046812601 664.1782089843958 298.1082217968451 994.454000000027 415.0347285156604 16551.825659551032 893710.6626439805    
284000 286000 7.130962890689261 664.289679036437 301.2309415062347 999.0649999999441 415.1451015624916 13273.51553049349 721617.6821850485    
286000 288000 113.02587695315015 628.99137434895 321.535546886897 999.3190000000177 420.84506445308216 12979.492416228752 690150.6706532757    
288000 290000 4.844798828125931 665.051733723958 290.75807020595755 998.5169999999925 464.541259765625 17761.705865336877 1069751.0671861537    
290000 292000 582.3781503905775 472.54061653647415 378.6511480828133 816.8969999999972 67.037109375 11712.964255664077 672563.0271567642    
292000 294000 10.523052734322846 663.1589824218923 520.7336596364146 998.5030000000261 63.258056640625 18287.130515914483 1043184.5249972472    
294000 296000 5.394765624892898 664.868411458369 525.7558064818693 999.4350000000559 58.873291015625 14814.02431326229 779963.9728464428    
296000 298000 548.2333398438059 725.8833300780971 216.28045858872264 878.8167089843191 572.949951171875 13627.774036453982 739989.7528105616    
298000 300000 4.720029296819121 665.093323567727 297.03877405110353 997.5489999999991 425.8110488281818 15026.953051839304 775537.3399311178    
300000 302000 1574.3969218749553 425.6030781250447  425.6030781250447 425.6030781250447 3585.2232635083005 213749.364063094    
