ts te idle avg_span std_span max_span min_span c_ack_cnt c_ack_cnt_p c_bytes_all c_bytes_uniq s_ack_cnt s_ack_cnt_p s_bytes_all s_bytes_uniq avg_video_rate avg_audio_rate video_requests_sequence audio_requests_sequence
0 1000 1000.0 0.0 0.0 0.0 0.0 0.0 0.0 0.0 0.0 0.0 0.0 0.0 0.0 0.0 0.0 - -
1000 2000 1000.0 0.0 0.0 0.0 0.0 0.0 0.0 0.0 0.0 0.0 0.0 0.0 0.0 0.0 0.0 - -
2000 3000 1000.0 0.0 0.0 0.0 0.0 0.0 0.0 0.0 0.0 0.0 0.0 0.0 0.0 0.0 0.0 - -
3000 4000 1000.0 0.0 0.0 0.0 0.0 0.0 0.0 0.0 0.0 0.0 0.0 0.0 0.0 0.0 0.0 - -
4000 5000 1000.0 0.0 0.0 0.0 0.0 0.0 0.0 0.0 0.0 0.0 0.0 0.0 0.0 0.0 0.0 - -
5000 6000 353.8359375 646.1640625  646.1640625 646.1640625 6.588797834406199 3.9532787006437196 2294.8782857236793 2294.8782857236793 8.56543718472806 3.2943989172030994 4554.835942925006 4554.835942925006 0.0 0.0 - -
6000 7000 0.0 375.8805714843751 283.83571681068895 694.783935546875 102.48300000000017 1086.7147822504844 1072.9524917905087 12614.331987230682 12614.331987230682 1605.5240395571682 16.799314321046044 2621181.519192589 2621181.519192589 4400.0 128.0 6303.0#6303.0#4400_6304.0#6304.0#4400_6782.0#6782.0#4400_6970.0#6970.0#4400 6301.0#6301.0#128_6302.0#6302.0#128_6791.0#6791.0#128
7000 8000 0.0 452.18129541015605 145.10807604553239 599.2041015625 303.6070644531246 1127.6494113687156 1119.2081956466805 7233.536840400657 7233.536840400657 2586.125598882016 8.745312077524257 4217301.954836496 4217301.954836496 4400.0 128.0 6970.0#6970.0#4400_7161.0#7161.0#4400_7334.0#7334.0#4400_7585.0#7585.0#4400_7764.0#7764.0#4400 7011.0#7011.0#128_7210.0#7210.0#128_7373.0#7373.0#128_7619.0#7619.0#128_7790.0#7790.0#128
8000 9000 535.9081601562502 183.27263802083326 168.87864921248206 378.27689843749977 85.72607421875 251.06188423291235 249.34809795542355 1433.1674365784827 1433.1674365784827 728.3611852356803 1.713786277488786 1169073.6723008682 1169073.6723008682 4400.0 128.0 8913.0#8913.0#4400 8911.0#8911.0#128
9000 10000 464.2770742187495 534.8439921874997 1.2429998087077678 535.7229257812505 533.9650585937488 423.9851243134813 420.5379359067435 2899.0854500665 2899.0854500665 1088.423739140407 3.447188406737812 1889219.0177271217 1889219.0177271217 4400.0 128.0 8913.0#8913.0#4400_9218.0#9218.0#4400 9345.0#9345.0#128
10000 11000 360.25 639.75  639.75 639.75 17.23515513660164 15.511639622941477 1430.5178763379363 1430.5178763379363 18.09691289343172 1.723515513660164 30795.775198079813 30795.775198079813 0.0 0.0 - -
11000 12000 84.09898828125006 256.68675000000076 218.1809568078374 493.33899999999994 42.67700000000332 471.76484486339837 468.48836037705854 1901.482123662064 1901.482123662064 1208.9030871065684 3.276484486339836 1981926.2248019201 1981926.2248019201 8000.0 128.0 11034.0#11034.0#8000_11036.0#11036.0#8000 11032.0#11032.0#128
12000 13000 292.595947265625 707.404052734375  707.404052734375 707.404052734375 17.07148311629936 15.445627581413705 1349.4600939550921 1349.4600939550921 17.884410883742184 1.6258555348856532 29215.811034127746 29215.811034127746 0.0 0.0 - -
13000 14000 665.5998847656228 231.18547363281323 96.72729520768758 299.58200000000215 162.7889472656243 349.92851688370064 348.5543724185863 1152.5399060449079 1152.5399060449079 1056.1155891162578 1.3741444651143468 1755268.1889658722 1755268.1889658722 8000.0 128.0 13034.0#13034.0#8000 13032.0#13032.0#128
14000 15000 490.2878691406222 288.0320000000029 25.70898835038062 306.21100000000297 269.8530000000028 470.0 467.0 2502.0 2502.0 1270.0 3.0 2020730.0 2020730.0 8000.0 128.0 14531.0#14531.0#8000 14529.0#14529.0#128
15000 16000 1000.0 0.0 0.0 0.0 0.0 0.0 0.0 0.0 0.0 0.0 0.0 0.0 0.0 0.0 0.0 - -
16000 17000 519.6009609375033 284.46949999999924 146.74516319285948 388.23399999999674 180.70500000000175 401.0 398.0 2502.0 2502.0 1175.0 3.0 2023135.0 2023135.0 8000.0 128.0 16384.0#16384.0#8000 16380.0#16380.0#128
17000 18000 1000.0 0.0 0.0 0.0 0.0 0.0 0.0 0.0 0.0 0.0 0.0 0.0 0.0 0.0 0.0 - -
18000 19000 509.83400000000256 487.7199999999975 3.459166373564467 490.16599999999744 485.2739999999976 439.0 436.0 2502.0 2502.0 1117.0 3.0 1947773.0 1947773.0 8000.0 128.0 18036.0#18036.0#8000 18032.0#18032.0#128
19000 20000 1000.0 0.0 0.0 0.0 0.0 0.0 0.0 0.0 0.0 0.0 0.0 0.0 0.0 0.0 0.0 - -
20000 21000 585.7989999999991 410.3209999999963 5.487148622014194 414.20100000000093 406.4409999999916 460.0 457.0 2502.0 2502.0 1148.0 3.0 2063932.0 2063932.0 8000.0 128.0 20036.0#20036.0#8000 20034.0#20034.0#128
21000 22000 1000.0 0.0 0.0 0.0 0.0 0.0 0.0 0.0 0.0 0.0 0.0 0.0 0.0 0.0 0.0 - -
22000 23000 649.8340000000026 348.15699999999924 2.841155046804996 350.16599999999744 346.14800000000105 304.0 301.0 2502.0 2502.0 1065.0 3.0 1851980.0 1851980.0 8000.0 128.0 22035.0#22035.0#8000 22033.0#22033.0#128
23000 24000 1000.0 0.0 0.0 0.0 0.0 0.0 0.0 0.0 0.0 0.0 0.0 0.0 0.0 0.0 0.0 - -
24000 25000 626.7099999999991 369.1304999999993 5.882421312693111 373.2900000000009 364.97099999999773 460.0 457.0 2502.0 2502.0 1256.0 3.0 2060736.0 2060736.0 8000.0 128.0 24041.0#24041.0#8000 24037.0#24037.0#128
25000 26000 1000.0 0.0 0.0 0.0 0.0 0.0 0.0 0.0 0.0 0.0 0.0 0.0 0.0 0.0 0.0 - -
26000 27000 542.7189999999973 455.53899999999703 2.4635600256619163 457.2810000000027 453.7969999999914 433.0 430.0 2502.0 2502.0 1085.0 3.0 1849165.0 1849165.0 8000.0 128.0 26035.0#26035.0#8000 26034.0#26034.0#128
27000 28000 530.1298828125 300.28914062499825 237.339175765487 468.11328125 132.4649999999965 293.7057601138836 291.5776050415473 1777.4968651114468 1777.4968651114468 656.8435383338287 2.128155072336278 1170914.632119939 1170914.632119939 8000.0 128.0 27531.0#27531.0#8000 27529.0#27529.0#128
28000 29000 638.2392812499966 361.76071875000343  361.76071875000343 361.76071875000343 212.2942398861164 211.42239495845266 724.5031348885533 724.5031348885533 492.15646166617125 0.8718449276637223 879512.3678800609 879512.3678800609 0.0 0.0 - -
29000 30000 530.520751953125 277.271056640624 269.57746936150085 467.89111328125 86.65099999999802 249.5491274896993 247.41474150194466 1782.6747558240982 1782.6747558240982 662.4656270323849 2.134385987754631 1126728.516935013 1126728.516935013 8000.0 128.0 29531.0#29531.0#8000 29530.0#29530.0#128
30000 31000 642.9671132812509 357.03288671874907  357.03288671874907 357.03288671874907 177.45087251030068 176.5852584980553 719.3252441759017 719.3252441759017 492.53437296761507 0.8656140122453692 834554.483064987 834554.483064987 0.0 0.0 - -
31000 32000 531.5546875 290.85412890624866 248.73913471896074 466.7392578125 114.96899999999732 267.82026447427484 265.6663602503752 1798.8944100606116 1798.8944100606116 672.840647063053 2.153904223899653 1158581.352013802 1158581.352013802 8000.0 128.0 31532.0#31532.0#8000 31531.0#31531.0#128
32000 33000 657.765257812498 342.234742187502  342.234742187502 342.234742187502 183.1797355257252 182.33363974962484 703.1055899393886 703.1055899393886 480.1593529369471 0.8460957761003473 825546.6479861981 825546.6479861981 0.0 0.0 - -
33000 34000 529.1530761718823 284.91346289062494 261.0786203758969 469.52392578125 100.30299999999988 232.9906957488128 230.8339892853057 1801.2230711743969 1801.2230711743969 559.7602716895675 2.1567064635070965 1159076.9314625217 1159076.9314625217 8000.0 128.0 33530.0#33530.0#8000 33528.0#33528.0#128
34000 35000 657.6949257812521 342.3050742187479  342.3050742187479 342.3050742187479 156.0093042511872 155.1660107146943 700.776928825603 700.776928825603 394.2397283104325 0.8432935364929037 821036.0685374782 821036.0685374782 0.0 0.0 - -
35000 36000 531.3701171875 269.6890410156266 278.41628202924215 466.55908203125 72.81900000000314 249.29799417528147 247.16971127686546 1777.603088583702 1777.603088583702 690.3283245575243 2.128282898416007 1139546.968786131 1139546.968786131 8000.0 128.0 35533.0#35533.0#8000 35530.0#35530.0#128
36000 37000 639.5340820312485 360.46591796875146  360.46591796875146 360.46591796875146 178.70200582471853 177.83028872313454 724.396911416298 724.396911416298 518.6716754424757 0.8717171015839928 854974.0312138691 854974.0312138691 0.0 0.0 - -
37000 38000 529.318115234375 281.37104003905915 264.4735491367345 468.3820800781177 94.36000000000058 271.6771962121928 269.5241180475919 1798.2079547833282 1798.2079547833282 693.9384136331091 2.1530781646008763 1108489.492467709 1108489.492467709 8000.0 128.0 37531.0#37531.0#8000 37528.0#37528.0#128
38000 39000 655.9790800781266 344.0209199218734  344.0209199218734 344.0209199218734 186.32280378780723 185.47588195240812 703.7920452166719 703.7920452166719 492.06158636689094 0.8469218353991238 790106.5075322912 790106.5075322912 0.0 0.0 - -
39000 40000 1000.0 0.0 0.0 0.0 0.0 0.0 0.0 0.0 0.0 0.0 0.0 0.0 0.0 0.0 0.0 - -
40000 41000 292.8127441406323 420.29953515624584 304.1584961119389 635.3720703125 205.22699999999168 584.8306583756332 581.4506807240168 2821.9411826609644 2821.9411826609644 1728.2024332687645 3.3799776516163473 2748797.674541558 2748797.674541558 8000.0 128.0 40364.0#40364.0#8000 40360.0#40360.0#128
41000 42000 241.86010156250268 379.06994921874866 132.36758863235747 472.66796875 285.4719296874973 271.94057439025056 270.159530881332 1485.7063805829885 1485.7063805829885 778.1493100773866 1.7810435089185357 1239738.6933350917 1239738.6933350917 8000.0 128.0 41031.0#41031.0#8000 41527.0#41527.0#128
42000 43000 658.4399687499972 341.5600312500028  341.5600312500028 341.5600312500028 9.228767234116287 8.38978839465117 696.352436756047 696.352436756047 9.648256653848845 0.838978839465117 15041.63212335035 15041.63212335035 0.0 0.0 - -
43000 44000 722.890015625002 171.82749999999942 146.82860179304106 275.650999999998 68.00400000000081 366.0 364.0 1682.0 1682.0 1242.0 2.0 2021234.0 2021234.0 8000.0 128.0 43034.0#43034.0#8000 43033.0#43033.0#128
44000 45000 291.37890625 708.62109375  708.62109375 708.62109375 17.57878635935719 15.82090772342147 1459.039267826647 1459.039267826647 18.45772567732505 1.757878635935719 31361.433804411194 31361.433804411194 0.0 0.0 - -
45000 46000 532.9879882812529 263.0884531249976 234.0333189809152 428.5749999999971 97.60190624999814 375.4212136406428 374.1790922765785 1042.960732173353 1042.960732173353 1203.542274322675 1.242121364064281 1826060.5661955888 1826060.5661955888 8000.0 128.0 45037.0#45037.0#8000 45035.0#45035.0#128
46000 47000 292.43701171875 707.56298828125  707.56298828125 707.56298828125 17.40525045249332 15.822954956812108 1313.3052614154049 1313.3052614154049 20.56984144385574 1.5822954956812108 28192.549994299974 28192.549994299974 0.0 0.0 - -
47000 48000 632.2130390624952 257.5570058593803 100.0838855227356 328.3270000000048 186.78701171875582 411.5947495475067 410.1770450431879 1188.6947385845951 1188.6947385845951 1201.4301585561443 1.4177045043187892 2002635.4500057 2002635.4500057 8000.0 128.0 47039.0#47039.0#8000 47034.0#47034.0#128
48000 49000 292.341064453125 707.658935546875  707.658935546875 707.658935546875 16.777015660093678 15.011014011662766 1465.7813681976584 1465.7813681976584 16.777015660093678 1.7660016484309136 31615.84451103443 31615.84451103443 0.0 0.0 - -
49000 50000 697.7909824218805 179.00353222656122 120.543982947529 264.24099999999453 93.76606445312791 370.2229843399063 368.9889859883372 1036.2186318023419 1036.2186318023419 1129.2229843399064 1.2339983515690864 1856722.1554889656 1856722.1554889656 8000.0 128.0 49037.0#49037.0#8000 49036.0#49036.0#128
50000 51000 292.802734375 707.197265625  707.197265625 707.197265625 17.810072383829834 16.11387501394128 1407.843817007501 1407.843817007501 17.810072383829834 1.6961973698885555 30323.76848018265 30323.76848018265 0.0 0.0 - -
51000 52000 662.523976562501 214.00836718749633 123.52255011037688 301.35199999999895 126.66473437499371 423.18992761617017 421.88612498605875 1094.156182992499 1094.156182992499 1266.1899276161703 1.3038026301114445 1988915.2315198174 1988915.2315198174 8000.0 128.0 51035.0#51035.0#8000 51033.0#51033.0#128
52000 53000 453.21697656250035 307.690499999997 1.723219225755403 308.90899999999965 306.4719999999943 377.0 374.0 2502.0 2502.0 1207.0 3.0 1944407.0 1944407.0 8000.0 128.0 52530.0#52530.0#8000 52529.0#52529.0#128
53000 54000 1000.0 0.0 0.0 0.0 0.0 0.0 0.0 0.0 0.0 0.0 0.0 0.0 0.0 0.0 0.0 - -
54000 55000 485.13972656249825 313.9314999999988 53.883658046754284 352.0329999999958 275.83000000000175 296.0 293.0 2502.0 2502.0 1034.0 3.0 1928321.0 1928321.0 8000.0 128.0 54531.0#54531.0#8000 54529.0#54529.0#128
55000 56000 1000.0 0.0 0.0 0.0 0.0 0.0 0.0 0.0 0.0 0.0 0.0 0.0 0.0 0.0 0.0 - -
56000 57000 301.32783398438187 344.96333333333314 134.42680103808792 423.1380000000063 189.74199999999837 615.0 611.0 2502.0 2502.0 1102.0 3.0 2023441.0 2022041.0 8000.0 128.0 56378.0#56378.0#8000 56373.0#56373.0#128
57000 58000 1000.0 0.0 0.0 0.0 0.0 0.0 0.0 0.0 0.0 0.0 0.0 0.0 0.0 0.0 0.0 - -
58000 59000 607.8848613281298 261.578499999996 49.1007877788116 296.2979999999952 226.85899999999674 460.0 457.0 2502.0 2502.0 1194.0 3.0 1986860.0 1986860.0 8000.0 128.0 58387.0#58387.0#8000 58383.0#58383.0#128
59000 60000 1000.0 0.0 0.0 0.0 0.0 0.0 0.0 0.0 0.0 0.0 0.0 0.0 0.0 0.0 0.0 - -
60000 61000 603.3889824218786 249.97499999999854 84.20651814437815 309.5179999999964 190.4320000000007 434.0 431.0 2502.0 2502.0 1214.0 3.0 1963132.0 1963132.0 8000.0 128.0 60379.0#60379.0#8000 60377.0#60377.0#128
61000 62000 1000.0 0.0 0.0 0.0 0.0 0.0 0.0 0.0 0.0 0.0 0.0 0.0 0.0 0.0 0.0 - -
62000 63000 328.53011523437453 366.7425000000003 88.6294710607033 429.41300000000047 304.0720000000001 421.0 418.0 2502.0 2502.0 1138.0 3.0 1954580.0 1954580.0 8000.0 128.0 62533.0#62533.0#8000 62530.0#62530.0#128
63000 64000 1000.0 0.0 0.0 0.0 0.0 0.0 0.0 0.0 0.0 0.0 0.0 0.0 0.0 0.0 0.0 - -
64000 65000 607.2951582031237 234.16150000000198 119.33204749982197 318.5420000000013 149.78100000000268 411.0 408.0 2502.0 2502.0 1173.0 3.0 1947742.0 1947742.0 8000.0 128.0 64365.0#64365.0#8000 64362.0#64362.0#128
65000 66000 1000.0 0.0 0.0 0.0 0.0 0.0 0.0 0.0 0.0 0.0 0.0 0.0 0.0 0.0 0.0 - -
66000 67000 528.9302539062483 271.64050000000134 89.35779104532462 334.82600000000093 208.45500000000175 424.0 421.0 2502.0 2502.0 1193.0 3.0 2007042.0 2007042.0 8000.0 128.0 66028.0#66028.0#8000 66402.0#66402.0#128
67000 68000 1000.0 0.0 0.0 0.0 0.0 0.0 0.0 0.0 0.0 0.0 0.0 0.0 0.0 0.0 0.0 - -
68000 69000 574.7000000000116 397.7109999999884 39.01673797231124 425.29999999998836 370.1219999999885 342.0 339.0 2502.0 2502.0 1076.0 3.0 2012172.0 2012172.0 8000.0 128.0 68040.0#68040.0#8000 68038.0#68038.0#128
69000 70000 1000.0 0.0 0.0 0.0 0.0 0.0 0.0 0.0 0.0 0.0 0.0 0.0 0.0 0.0 0.0 - -
70000 71000 637.0829999999987 338.7094999999972 34.23457481115246 362.9170000000013 314.50199999999313 426.0 423.0 2502.0 2502.0 1184.0 3.0 1894294.0 1894294.0 8000.0 128.0 70036.0#70036.0#8000 70031.0#70031.0#128
71000 72000 1000.0 0.0 0.0 0.0 0.0 0.0 0.0 0.0 0.0 0.0 0.0 0.0 0.0 0.0 0.0 - -
72000 73000 684.8369999999995 308.72649999999703 9.102585594219283 315.16300000000047 302.2899999999936 381.0 378.0 2502.0 2502.0 1183.0 3.0 1845004.0 1845004.0 8000.0 128.0 72038.0#72038.0#8000 72035.0#72035.0#128
73000 74000 533.429931640625 272.05104980468604 273.0861235422736 465.152099609375 78.94999999999709 262.22707943558635 260.06885524779784 1802.4843000522487 1802.4843000522487 735.2034359594026 2.158224187788506 1171218.15264645 1171218.15264645 8000.0 128.0 73534.0#73534.0#8000 73533.0#73533.0#128
74000 75000 661.9360996093601 338.0639003906399  338.0639003906399 338.0639003906399 176.7729205644137 175.93114475220221 699.5156999477514 699.5156999477514 519.7965640405974 0.8417758122114939 827296.8473535501 827296.8473535501 0.0 0.0 - -
75000 76000 1000.0 0.0 0.0 0.0 0.0 0.0 0.0 0.0 0.0 0.0 0.0 0.0 0.0 0.0 0.0 - -
76000 77000 597.6413183593686 362.4919999999911 53.16453045029283 400.08499999999185 324.89899999999034 402.0 399.0 2502.0 2502.0 1069.0 3.0 1842057.0 1842057.0 8000.0 128.0 76038.0#76038.0#8000 76036.0#76036.0#128
77000 78000 535.604736328125 259.0284619140584 284.5305224996677 460.221923828125 57.83499999999185 229.8704231106322 227.76057877847097 1762.2806400259756 1762.2806400259756 680.8024554698466 2.109844332161222 1075634.0894647432 1075634.0894647432 8000.0 128.0 77539.0#77539.0#8000 77535.0#77535.0#128
78000 79000 630.8769238281238 369.12307617187616  369.12307617187616 369.12307617187616 169.12957688936783 168.23942122152903 739.7193599740245 739.7193599740245 529.1975445301536 0.890155667838778 836218.9105352568 836218.9105352568 0.0 0.0 - -
79000 80000 536.384033203125 337.18403320311336 171.94578872387595 458.76806640623545 215.59999999999127 246.7719010945423 244.64951900691742 1772.6995148162937 1772.6995148162937 687.8680615311289 2.122382087624902 1125001.1439603826 1125001.1439603826 8000.0 128.0 79540.0#79540.0#8000 79535.0#79535.0#128
80000 81000 641.2780664062448 358.72193359375524  358.72193359375524 358.72193359375524 181.2280989054577 180.35048099308258 729.3004851837063 729.3004851837063 526.1319384688711 0.8776179123750978 853985.8560396173 853985.8560396173 0.0 0.0 - -
81000 82000 529.9760742187646 333.1481259765569 190.47353180599143 467.833251953125 198.46299999998882 239.6391351257651 237.49371323881024 1791.8455880594875 1791.8455880594875 719.5709057598508 2.1454218869548587 1148141.1064072065 1147339.311086338 8000.0 128.0 81531.0#81531.0#8000 81529.0#81529.0#128
82000 83000 650.958251953125 349.041748046875  349.041748046875 349.041748046875 165.3608648742349 164.50628676118976 710.1544119405127 710.1544119405127 523.4290942401492 0.8545781130451415 832183.8935927936 831585.688913662 0.0 0.0 - -
83000 84000 532.3090820312354 269.0051250000106 279.3441248979883 466.53125 71.47900000002119 227.32024131911632 225.17482562122063 1791.8404449513018 1791.8404449513018 725.8579463568893 2.14541569789567 1159355.8237669503 1159355.8237669503 8000.0 128.0 83533.0#83533.0#8000 83531.0#83531.0#128
84000 85000 651.9252500000002 348.07474999999977  348.07474999999977 348.07474999999977 154.6797586808837 153.8251743787794 710.1595550486982 710.1595550486982 525.1420536431107 0.8545843021043299 840216.1762330498 840216.1762330498 0.0 0.0 - -
85000 86000 531.4829101562354 263.8501279296979 287.2085706615491 466.937255859375 60.76300000002084 291.8395241892788 289.73223488504544 1760.1574118178846 1760.1574118178846 702.9829221034886 2.1072893042333147 1114503.9885059353 1114503.9885059353 8000.0 128.0 85532.0#85532.0#8000 85531.0#85531.0#128
86000 87000 623.5492558593542 376.45074414064584  376.45074414064584 376.45074414064584 219.1604758107212 218.26776511495453 741.8425881821154 741.8425881821154 549.0170778965114 0.8927106957666852 872281.0114940646 872281.0114940646 0.0 0.0 - -
87000 88000 532.2099609375 264.1080380859348 285.2045029854352 465.778076171875 62.437999999994645 271.26418091650004 269.1597229784055 1757.8045465565342 1757.8045465565342 697.3760291447902 2.1044579380945057 1136624.2526459896 1136624.2526459896 8000.0 128.0 87533.0#87533.0#8000 87531.0#87531.0#128
88000 89000 622.3270761718741 377.67292382812593  377.67292382812593 377.67292382812593 203.73581908349993 202.84027702159443 744.1954534434657 744.1954534434657 547.6239708552097 0.8955420619054942 894811.7473540104 894811.7473540104 0.0 0.0 - -
89000 90000 714.749982421883 179.53949999999895 146.36049710388767 283.03199999999197 76.04700000000594 380.0 378.0 1682.0 1682.0 1193.0 2.0 1897691.0 1897691.0 8000.0 128.0 89035.0#89035.0#8000 89032.0#89032.0#128
90000 91000 932.8579999999783 67.14200000002165  67.14200000002165 67.14200000002165 4.0 3.0 820.0 820.0 4.0 1.0 2917.0 2917.0 0.0 0.0 - -
91000 92000 1000.0 0.0 0.0 0.0 0.0 0.0 0.0 0.0 0.0 0.0 0.0 0.0 0.0 0.0 0.0 - -
92000 93000 661.4013281250081 221.73749999999563 43.97850625589197 252.83499999999185 190.63999999999942 438.0 435.0 2502.0 2502.0 1130.0 3.0 1876098.0 1876098.0 8000.0 128.0 92376.0#92376.0#8000 92374.0#92374.0#128
93000 94000 1000.0 0.0 0.0 0.0 0.0 0.0 0.0 0.0 0.0 0.0 0.0 0.0 0.0 0.0 0.0 - -
94000 95000 292.37109375 591.3599882812487 47.398765183683366 624.8759765625 557.8439999999973 496.0585095652494 491.1489899381762 4107.815525995629 4107.815525995629 1446.9992838476996 4.909519627073193 3849901.7250060486 3849901.7250060486 8000.0 128.0 94374.0#94374.0#8000_94716.0#94716.0#8000 94373.0#94373.0#128_94727.0#94727.0#128
95000 96000 970.3909765624994 29.609023437500582  29.609023437500582 29.609023437500582 21.941490434750637 21.85101006182383 76.18447400437128 76.18447400437128 67.0007161523004 0.09048037292680675 179170.27499395137 179170.27499395137 8000.0 0.0 94716.0#94716.0#8000 -
96000 97000 292.595947265625 707.404052734375  707.404052734375 707.404052734375 329.70329905646264 327.14083818296683 2137.092368495517 2137.092368495517 980.5683609244019 2.562460873495824 1682230.7929948978 1682230.7929948978 8000.0 0.0 96534.0#96534.0#8000 -
97000 98000 879.2110527343757 120.7889472656243  120.7889472656243 120.7889472656243 56.29670094353734 55.85916181703316 364.90763150448294 364.90763150448294 167.4316390755981 0.4375391265041762 287240.20700510213 287240.20700510213 0.0 128.0 - 97032.0#97032.0#128
98000 99000 947.0099999999802 52.99000000001979  52.99000000001979 52.99000000001979 3.0 2.0 820.0 820.0 3.0 1.0 2915.0 2915.0 0.0 0.0 - -
99000 100000 1000.0 0.0 0.0 0.0 0.0 0.0 0.0 0.0 0.0 0.0 0.0 0.0 0.0 0.0 0.0 - -
100000 101000 645.4890546874813 225.7740000000049 71.33717472676446 276.21699999998964 175.33100000002014 352.0 349.0 2502.0 2502.0 1143.0 3.0 1990218.0 1990218.0 8000.0 128.0 100370.0#100370.0#8000 100368.0#100368.0#128
101000 102000 1000.0 0.0 0.0 0.0 0.0 0.0 0.0 0.0 0.0 0.0 0.0 0.0 0.0 0.0 0.0 - -
102000 103000 352.4800624999916 547.0225000000064 14.797623609888081 557.4860000000044 536.5590000000084 422.0 419.0 2502.0 2502.0 1150.0 3.0 1957348.0 1954548.0 8000.0 128.0 102403.0#102403.0#8000 102401.0#102401.0#128
103000 104000 1000.0 0.0 0.0 0.0 0.0 0.0 0.0 0.0 0.0 0.0 0.0 0.0 0.0 0.0 0.0 - -
104000 105000 674.4250000000029 310.91949999999633 20.726006863359963 325.5749999999971 296.2639999999956 428.0 425.0 2502.0 2502.0 1231.0 3.0 1991030.0 1991030.0 8000.0 128.0 104041.0#104041.0#8000 104035.0#104035.0#128
105000 106000 1000.0 0.0 0.0 0.0 0.0 0.0 0.0 0.0 0.0 0.0 0.0 0.0 0.0 0.0 0.0 - -
106000 107000 631.718000000008 341.3764999999912 38.050123002430375 368.28199999999197 314.47099999999045 436.0 433.0 2502.0 2502.0 1236.0 3.0 1990523.0 1990523.0 8000.0 128.0 106034.0#106034.0#8000 106030.0#106030.0#128
107000 108000 533.752685546875 242.67549023438187 311.55759794115505 462.97998046876455 22.370999999999185 227.1900740615254 225.05912369121776 1779.8197577256378 1779.8197577256378 698.230903294652 2.1309503703076267 1094531.5064829807 1094531.5064829807 8000.0 0.0 107536.0#107536.0#8000 -
108000 109000 311.95373046875466 344.0231347656227 16.605532683365613 355.76501953124534 332.28125 177.19170539967985 174.63176603938487 2142.5276159805517 2142.5276159805517 539.1508761665532 2.5599393602949796 841532.8699723964 841532.8699723964 0.0 0.0 - -
109000 110000 278.53035937499953 297.6578802083289 150.47861028835393 464.212890625 171.50399999998626 180.62759292833155 175.69143526969088 4657.610148922717 4657.610148922717 643.7090514734266 5.936157658640687 1071111.4331511236 1071111.4331511236 8000.0 128.0 109539.0#109539.0#8000 109535.0#109535.0#128
110000 111000 263.3518984375114 381.6430546874908 14.24686476715388 391.717109374993 371.5689999999886 147.99062761046324 145.6176749997065 1985.042477371094 1985.042477371094 537.9091690653681 2.3729526107567076 903346.1903934997 903346.1903934997 0.0 0.0 - -
111000 112000 480.31792773437337 259.8410361328133 140.95037202152693 359.50800000000163 160.174072265625 425.50275120846266 424.1815409355589 1108.9257367829964 1108.9257367829964 1346.7989021048134 1.3212102729037263 2237863.5051418617 2237863.5051418617 8000.0 0.0 111027.0#111027.0#8000 -
112000 113000 34.221087890618946 486.9613092447883 426.22634969967754 837.1419277343666 12.372999999992317 290.49724879153734 285.8184590644411 3915.074263217003 3915.074263217003 1127.2010978951866 4.678789727096274 1739080.4948581383 1739080.4948581383 8000.0 128.0 112531.0#112531.0#8000 112353.0#112353.0#128_112780.0#112780.0#128_112901.0#112901.0#128
113000 114000 1000.0 0.0 0.0 0.0 0.0 0.0 0.0 0.0 0.0 0.0 0.0 0.0 0.0 0.0 0.0 - -
114000 115000 550.2479335937533 192.23733333333317 121.81668089524486 304.34500000000116 62.60899999999674 163.0 160.0 2502.0 2502.0 455.0 3.0 1968144.0 1968144.0 8000.0 128.0 114379.0#114379.0#8000 114378.0#114378.0#128
115000 116000 1000.0 0.0 0.0 0.0 0.0 0.0 0.0 0.0 0.0 0.0 0.0 0.0 0.0 0.0 0.0 - -
116000 117000 357.1860019531159 375.2277499999982 247.6619558758425 549.2779999999912 20.114000000001397 353.0 347.0 4607.0 4607.0 1142.0 7.0 1975659.0 1974259.0 8000.0 128.0 116046.0#116046.0#8000 116040.0#116040.0#128
117000 118000 1000.0 0.0 0.0 0.0 0.0 0.0 0.0 0.0 0.0 0.0 0.0 0.0 0.0 0.0 0.0 - -
118000 119000 603.310999999987 375.1915000000008 30.4020560571329 396.68900000001304 353.6939999999886 258.0 255.0 2502.0 2502.0 679.0 3.0 1972710.0 1972710.0 8000.0 128.0 118045.0#118045.0#8000 118043.0#118043.0#128
119000 120000 1000.0 0.0 0.0 0.0 0.0 0.0 0.0 0.0 0.0 0.0 0.0 0.0 0.0 0.0 0.0 - -
120000 121000 451.01800000001094 535.3244999999879 19.31462172811219 548.9819999999891 521.6669999999867 436.0 432.0 3322.0 2502.0 1108.0 4.0 1972910.0 1972910.0 8000.0 128.0 120049.0#120049.0#8000 120042.0#120042.0#128
121000 122000 612.8740234375 387.1259765625  387.1259765625 387.1259765625 2.6596786287017142 1.7731190858011427 0.0 0.0 2.6596786287017142 0.8865595429005714 21.277429029613714 21.277429029613714 0.0 0.0 - -
122000 123000 573.1522460937558 277.5443411458303 197.51258516197433 396.0249999999942 49.53502343749278 444.3403213712983 441.2268809141989 2502.0 2502.0 1166.3403213712984 3.1134404570994287 1972881.7225709704 1972881.7225709704 8000.0 128.0 122032.0#122032.0#8000 122029.0#122029.0#128
123000 124000 530.8740234375 264.2629570312565 287.7202742842456 467.7119140625 60.81400000001304 231.49706260640824 229.35459789608416 1789.3881742792887 1789.3881742792887 679.3432290534373 2.142464710324054 1142190.8049570115 1142190.8049570115 8000.0 128.0 123532.0#123532.0#8000 123530.0#123530.0#128
124000 125000 648.9349140624981 351.06508593750186  351.06508593750186 351.06508593750186 162.50293739359176 161.64540210391584 712.6118257207112 712.6118257207112 498.65677094656263 0.857535289675946 832667.1950429884 832667.1950429884 0.0 0.0 - -
125000 126000 1000.0 0.0 0.0 0.0 0.0 0.0 0.0 0.0 0.0 0.0 0.0 0.0 0.0 0.0 0.0 - -
126000 127000 333.75407421874115 413.76200000000244 216.8484365864876 567.0970000000088 260.42699999999604 385.0 382.0 2502.0 2502.0 1073.0 3.0 1843780.0 1843780.0 8000.0 128.0 126392.0#126392.0#8000 126390.0#126390.0#128
127000 128000 535.88671875 270.8771230468701 270.8927818871327 462.42724609375 79.32699999999022 200.9357089210864 198.8901013985514 1708.8998512265678 1708.8998512265678 598.2209599618435 2.0456075225349792 1012264.6878630221 1012264.6878630221 8000.0 128.0 127537.0#127537.0#8000 127535.0#127535.0#128
128000 129000 577.9132460937544 422.0867539062456  422.0867539062456 422.0867539062456 166.0642910789136 165.1098986014486 793.1001487734322 793.1001487734322 527.7790400381565 0.9543924774650208 894170.3121369779 894170.3121369779 0.0 0.0 - -
129000 130000 535.044921875 277.47804589843145 262.81892755517976 463.319091796875 91.63699999998789 263.22942087956227 261.13422168279294 1750.1105325153194 1750.1105325153194 610.7647674602882 2.0951991967693377 970102.4026253202 970102.4026253202 8000.0 128.0 129536.0#129536.0#8000 129534.0#129534.0#128
130000 131000 617.2280917968892 382.7719082031108  382.7719082031108 382.7719082031108 201.77057912043773 200.86577831720706 751.8894674846805 751.8894674846805 487.2352325397117 0.9048008032306625 774294.5973746798 774294.5973746798 0.0 0.0 - -
131000 132000 664.0763632812595 233.3735000000015 140.49858188784543 332.72099999999045 134.02600000001257 360.0 358.0 1682.0 1682.0 1143.0 2.0 1959739.0 1959739.0 8000.0 128.0 131537.0#131537.0#8000 131534.0#131534.0#128
132000 133000 1000.0 0.0 0.0 0.0 0.0 0.0 0.0 0.0 0.0 0.0 0.0 0.0 0.0 0.0 0.0 - -
133000 134000 564.31591796875 375.32958984375 85.35414140170352 435.68408203125 314.97509765625 176.0189903506438 173.35842558237664 2209.180542317833 2209.180542317833 545.8296147170823 2.660564768267179 912441.4540588774 910579.0587210903 8000.0 128.0 133684.0#133684.0#8000 133672.0#133672.0#128
134000 135000 624.0770976562635 219.25541015624185 221.56129223453584 375.9229023437365 62.587917968747206 199.9810096493562 198.64157441762336 1112.819457682167 1112.819457682167 632.1703852829177 1.3394352317328209 1054895.5459411226 1053957.9412789096 8000.0 0.0 133684.0#133684.0#8000 -
135000 136000 1000.0 0.0 0.0 0.0 0.0 0.0 0.0 0.0 0.0 0.0 0.0 0.0 0.0 0.0 0.0 - -
136000 137000 309.24036132812034 573.1680000000051 8.961871344757645 579.5050000000047 566.8310000000056 375.0 372.0 2502.0 2502.0 1245.0 3.0 1932886.0 1932886.0 8000.0 128.0 136404.0#136404.0#8000 136402.0#136402.0#128
137000 138000 1000.0 0.0 0.0 0.0 0.0 0.0 0.0 0.0 0.0 0.0 0.0 0.0 0.0 0.0 0.0 - -
138000 139000 370.25206640624674 493.23249999999825 41.41312285375961 522.5160000000033 463.94899999999325 308.0 305.0 2502.0 2502.0 1100.0 3.0 1993271.0 1993271.0 8000.0 128.0 138399.0#138399.0#8000 138397.0#138397.0#128
139000 140000 1000.0 0.0 0.0 0.0 0.0 0.0 0.0 0.0 0.0 0.0 0.0 0.0 0.0 0.0 0.0 - -
140000 141000 292.1298828125 635.964599609375 101.68975816844136 707.8701171875 564.05908203125 366.7217467379561 363.16028310089746 2980.3246205307896 2980.3246205307896 971.1980750215415 3.5614636370586266 1534273.953471706 1534273.953471706 8000.0 128.0 140435.0#140435.0#8000 140429.0#140429.0#128
141000 142000 0.0951230468635913 406.8369316406315 263.1166884793926 707.843994140625 220.60591796875815 389.22289331470677 387.07642446606405 1784.1800177443074 1784.1800177443074 1142.121414621695 1.4385363629413732 1837862.4685944798 1837862.4685944798 8000.0 128.0 141030.0#141030.0#8000 141028.0#141028.0#128
142000 143000 19.744873046875 490.1275634765625 280.1508384416498 688.22412109375 292.031005859375 118.61456139380894 117.4445338071867 976.9818224767174 976.9818224767174 332.1176718755587 1.7559201446471768 540935.8363269763 540935.8363269763 0.0 0.0 - -
143000 144000 571.7670527343871 245.27643945312593 211.5812837996133 394.8869999999879 95.66587890626397 421.4407985535282 420.31875862585184 944.5135392481857 944.5135392481857 1183.5628384812046 1.2440798553528232 1995301.7416068378 1995301.7416068378 8000.0 128.0 143032.0#143032.0#8000 143031.0#143031.0#128
144000 145000 292.146728515625 707.853271484375  707.853271484375 707.853271484375 18.67744973176923 16.979499756153846 1409.2984797607692 1409.2984797607692 19.526424719576923 1.6979499756153846 30277.84396517354 30277.84396517354 0.0 0.0 - -
145000 146000 557.2880644531106 267.92436425782216 200.8234675728971 409.92800000001444 125.92072851562989 446.32255026823077 445.02050024384613 1092.7015202392308 1092.7015202392308 1122.4735752804231 1.3020500243846154 1958290.1560348265 1958290.1560348265 8000.0 128.0 145032.0#145032.0#8000 145029.0#145029.0#128
146000 147000 293.166015625 706.833984375  706.833984375 706.833984375 18.904542892598183 17.18594808418017 1426.433690986954 1426.433690986954 19.763840296807192 1.7185948084180167 31025.792076370457 31025.792076370457 0.0 0.0 - -
147000 148000 661.3239433593699 210.26550781249534 133.68206146869312 304.7930000000051 115.73801562498556 449.09545710740184 447.81405191581985 1075.566309013046 1075.566309013046 1197.2361597031927 1.2814051915819833 1966228.2079236296 1966228.2079236296 8000.0 128.0 147033.0#147033.0#8000 147032.0#147032.0#128
148000 149000 410.64382812500116 353.69349999999395 2.175767565704092 355.23199999998906 352.15499999999884 443.0 440.0 2502.0 2502.0 1202.0 3.0 1982523.0 1982523.0 8000.0 128.0 148530.0#148530.0#8000 148528.0#148528.0#128
149000 150000 1000.0 0.0 0.0 0.0 0.0 0.0 0.0 0.0 0.0 0.0 0.0 0.0 0.0 0.0 0.0 - -
150000 151000 487.9277441406157 331.48150000000896 116.18259389641857 413.6350000000093 249.32800000000861 333.0 330.0 2502.0 2502.0 1150.0 3.0 1971692.0 1971692.0 8000.0 128.0 150389.0#150389.0#8000 150387.0#150387.0#128
151000 152000 1000.0 0.0 0.0 0.0 0.0 0.0 0.0 0.0 0.0 0.0 0.0 0.0 0.0 0.0 0.0 - -
152000 153000 294.44189453125 402.5535361328075 93.5085589504108 468.674072265625 336.43299999999 407.9624797208712 404.97026823440746 2495.442071602496 2495.442071602496 1097.549462813193 2.9922114864637726 1951799.6716068126 1951799.6716068126 8000.0 128.0 152531.0#152531.0#8000 152529.0#152529.0#128
153000 154000 996.3210722656222 3.678927734377794  3.678927734377794 3.678927734377794 3.0375202791288105 3.029731765592583 6.55792839750374 6.55792839750374 8.450537186807075 0.00778851353622772 15040.328393187523 15040.328393187523 0.0 0.0 - -
154000 155000 527.7232617187547 306.8319999999949 82.43168012360363 365.11999999999534 248.5439999999944 467.0 464.0 2502.0 2502.0 1251.0 3.0 1968640.0 1968640.0 8000.0 128.0 154399.0#154399.0#8000 154396.0#154396.0#128
155000 156000 1000.0 0.0 0.0 0.0 0.0 0.0 0.0 0.0 0.0 0.0 0.0 0.0 0.0 0.0 0.0 - -
156000 157000 515.1411777343892 329.8484999999928 83.25121688298829 388.7159999999858 270.98099999999977 447.0 444.0 2502.0 2502.0 1286.0 3.0 1964858.0 1964858.0 8000.0 128.0 156388.0#156388.0#8000 156386.0#156386.0#128
157000 158000 1000.0 0.0 0.0 0.0 0.0 0.0 0.0 0.0 0.0 0.0 0.0 0.0 0.0 0.0 0.0 - -
158000 159000 620.564000000013 334.1354999999894 64.06458148227894 379.43599999998696 288.83499999999185 293.0 290.0 2502.0 2502.0 762.0 3.0 1344258.0 1344258.0 8000.0 128.0 158035.0#158035.0#8000 158032.0#158032.0#128
159000 160000 1000.0 0.0 0.0 0.0 0.0 0.0 0.0 0.0 0.0 0.0 0.0 0.0 0.0 0.0 0.0 - -
160000 161000 562.9408964843315 289.3755000000092 155.1356922584152 399.07300000000396 179.67800000001444 489.0 486.0 2502.0 2502.0 1423.0 3.0 2379841.0 2379841.0 8000.0 128.0 160035.0#160035.0#8000 160407.0#160407.0#128
161000 162000 1000.0 0.0 0.0 0.0 0.0 0.0 0.0 0.0 0.0 0.0 0.0 0.0 0.0 0.0 0.0 - -
162000 163000 530.5646738281648 338.8373333333293 112.02864834648804 421.1160000000382 211.2509999999602 326.0 321.0 4639.0 4639.0 1080.0 6.0 1785076.0 1785076.0 8000.0 128.0 162043.0#162043.0#8000 162033.0#162033.0#128
163000 164000 1000.0 0.0 0.0 0.0 0.0 0.0 0.0 0.0 0.0 0.0 0.0 0.0 0.0 0.0 0.0 - -
164000 165000 665.4200000000128 307.35749999999825 38.49842870168594 334.5799999999872 280.1350000000093 228.0 225.0 2502.0 2502.0 1018.0 3.0 1963704.0 1963704.0 8000.0 128.0 164048.0#164048.0#8000 164046.0#164046.0#128
165000 166000 1000.0 0.0 0.0 0.0 0.0 0.0 0.0 0.0 0.0 0.0 0.0 0.0 0.0 0.0 0.0 - -
166000 167000 670.3250000000407 290.3545000000013 55.60758437923185 329.67499999995925 251.0340000000433 331.0 328.0 2502.0 2502.0 1060.0 3.0 1768353.0 1768353.0 8000.0 128.0 166042.0#166042.0#8000 166039.0#166039.0#128
167000 168000 443.2399902344041 556.7600097655959  556.7600097655959 556.7600097655959 2.7369749687378913 1.8246499791585942 0.0 0.0 2.7369749687378913 0.9123249895792971 21.89579974990313 21.89579974990313 0.0 0.0 - -
168000 169000 449.7731015624886 275.5189967448144 230.51259909190304 513.6810000000114 53.50499023438897 340.2630250312621 337.1753500208414 2502.0 2502.0 1211.263025031262 3.087675010420703 2045665.10420025 2045665.10420025 8000.0 128.0 168039.0#168039.0#8000 168035.0#168035.0#128
169000 170000 1000.0 0.0 0.0 0.0 0.0 0.0 0.0 0.0 0.0 0.0 0.0 0.0 0.0 0.0 0.0 - -
170000 171000 653.4059999999881 302.06700000001 62.97068729178944 346.5940000000119 257.54000000000815 322.0 319.0 2502.0 2502.0 1138.0 3.0 1919320.0 1919320.0 8000.0 128.0 170040.0#170040.0#8000 170036.0#170036.0#128
171000 172000 1000.0 0.0 0.0 0.0 0.0 0.0 0.0 0.0 0.0 0.0 0.0 0.0 0.0 0.0 0.0 - -
172000 173000 663.4679999999353 320.2930000000197 22.965414039440404 336.5320000000647 304.0539999999746 352.0 349.0 2502.0 2502.0 1181.0 3.0 2099668.0 2099668.0 8000.0 128.0 172040.0#172040.0#8000 172038.0#172038.0#128
173000 174000 536.3000488280668 463.2136230469332 0.6877718301384779 463.6999511719332 462.7272949219332 200.7347822670713 198.72447489927168 1678.690594576994 1678.690594576994 635.986403295159 2.010307367799623 1056085.111832904 1054045.9388582378 8000.0 128.0 173537.0#173537.0#8000 173535.0#173535.0#128
174000 175000 627.1102949219057 211.40787695310428 228.36979141116194 372.88970507809427 49.92604882811429 147.2652177329287 146.27552510072832 823.309405423006 823.309405423006 498.013596704841 0.9896926322003773 829517.8881670962 828757.0611417621 8000.0 0.0 173537.0#173537.0#8000 -
175000 176000 528.5966796875 273.29797363279795 274.9556061484095 467.7209472655959 78.875 262.46388485830954 260.3450570099877 1769.7459419554016 1769.7459419554016 686.7025697514608 2.118827848321783 1186478.4497868132 1186478.4497868132 8000.0 128.0 175531.0#175531.0#8000 175528.0#175528.0#128
176000 177000 631.6299472656101 368.3700527343899  368.3700527343899 368.3700527343899 192.5361151416905 191.65494299001224 732.2540580445985 732.2540580445985 524.2974302485393 0.8811721516782173 908354.5502131869 908354.5502131869 8000.0 0.0 175531.0#175531.0#8000 -
177000 178000 1000.0 0.0 0.0 0.0 0.0 0.0 0.0 0.0 0.0 0.0 0.0 0.0 0.0 0.0 0.0 - -
178000 179000 946.4590000000026 53.54099999999744  53.54099999999744 53.54099999999744 3.0 2.0 820.0 820.0 3.0 1.0 2912.0 2912.0 0.0 0.0 - -
179000 180000 535.2626953125 281.6390283203218 255.78743286385736 462.5080566406541 100.76999999998952 199.9035889903608 197.74765551438406 1800.5807185366762 1800.5807185366762 622.9294740319314 2.155933475976746 1105159.7298803169 1105159.7298803169 8000.0 128.0 179537.0#179537.0#8000 179534.0#179534.0#128
180000 181000 662.2750566406467 337.72494335935335  337.72494335935335 337.72494335935335 132.0964110096392 131.25234448561596 701.4192814633238 701.4192814633238 438.0705259680687 0.8440665240232538 783139.2701196832 783139.2701196832 0.0 0.0 - -
181000 182000 496.9088125000126 280.18599999998696 310.8271704468585 499.9739999999874 60.397999999986496 411.0 409.0 1682.0 1682.0 1203.0 2.0 2041551.0 2040151.0 8000.0 128.0 181040.0#181040.0#8000 181037.0#181037.0#128
182000 183000 456.58795312501024 340.76699999999255 55.29999292947909 379.86999999999534 301.66399999998976 337.0 334.0 2502.0 2502.0 1117.0 3.0 1923856.0 1923856.0 8000.0 128.0 182533.0#182533.0#8000 182530.0#182530.0#128
183000 184000 1000.0 0.0 0.0 0.0 0.0 0.0 0.0 0.0 0.0 0.0 0.0 0.0 0.0 0.0 0.0 - -
184000 185000 605.871025390632 225.66800000000512 96.71382289003289 294.0550000000221 157.28099999998813 330.0 327.0 2502.0 2502.0 1206.0 3.0 1999183.0 1999183.0 8000.0 128.0 184392.0#184392.0#8000 184390.0#184390.0#128
185000 186000 1000.0 0.0 0.0 0.0 0.0 0.0 0.0 0.0 0.0 0.0 0.0 0.0 0.0 0.0 0.0 - -
186000 187000 309.9361640624993 558.7630000000063 107.58578525066554 642.097000000038 437.3070000000007 316.0 311.0 4671.0 4671.0 1031.0 6.0 1884738.0 1884738.0 8000.0 128.0 186042.0#186042.0#8000 186041.0#186041.0#128
187000 188000 1000.0 0.0 0.0 0.0 0.0 0.0 0.0 0.0 0.0 0.0 0.0 0.0 0.0 0.0 0.0 - -
188000 189000 664.4109999999346 315.38950000004843 28.56640685317937 335.5890000000654 295.19000000003143 440.0 437.0 2502.0 2502.0 1360.0 3.0 2084770.0 2084770.0 8000.0 128.0 188039.0#188039.0#8000 188035.0#188035.0#128
189000 190000 536.2727050780668 262.66101953128236 281.2574066925116 461.5400390625 63.78200000006473 205.50128316663518 203.38920682659705 1764.1354385716886 1764.1354385716886 592.5038494999055 2.1120763400381333 1041639.3064229839 1041639.3064229839 8000.0 128.0 189538.0#189538.0#8000 189535.0#189535.0#128
190000 191000 631.4890390624932 368.51096093750675  368.51096093750675 368.51096093750675 154.49871683336482 153.61079317340295 737.8645614283114 737.8645614283114 463.4961505000945 0.8879236599618668 805509.6935770162 805509.6935770162 0.0 0.0 - -
191000 192000 536.72705078125 333.36241406249854 114.18013388870203 463.27294921875 248.92529296875 357.5853600104957 355.00487902231447 1786.1804592560477 1786.1804592560477 1331.9795443299708 2.5804809881812547 2003441.0204406842 2003441.0204406842 8000.0 128.0 191539.0#191539.0#8000 191536.0#191536.0#128
192000 193000 648.7749492187577 332.15837890624243 26.964345954942488 351.2250507812423 313.09170703124255 6.414639989504286 4.99512097768554 715.8195407439524 715.8195407439524 12.020455670029214 1.4195190118187453 15459.979559315823 15459.979559315823 0.0 128.0 - 191536.0#191536.0#128
193000 194000 28.748046875 495.4425468749978 36.870602600146285 521.5139999999956 469.37109375 378.9201916972094 376.836537906554 1741.4326462439817 1741.4326462439817 1163.5456723831926 2.0836537906554 1866098.7942032698 1866098.7942032698 8000.0 128.0 193028.0#193028.0#8000 193530.0#193530.0#128
194000 195000 603.0960937500058 396.9039062499942  396.9039062499942 396.9039062499942 10.079808302790605 9.163462093446004 760.5673537560184 760.5673537560184 11.454327616807506 0.9163462093446004 16330.205796730124 16330.205796730124 0.0 0.0 - -
195000 196000 439.6459785155894 320.8900000000285 334.30877243655186 557.2820000000647 84.49799999999232 429.0 427.0 1682.0 1682.0 1215.0 2.0 2048121.0 2048121.0 8000.0 128.0 195033.0#195033.0#8000 195030.0#195030.0#128
196000 197000 293.3466796875 706.6533203125  706.6533203125 706.6533203125 19.683936498955298 18.04360845737569 1361.4722745110748 1361.4722745110748 22.964592582114516 1.6403280415796082 29360.231616233406 29360.231616233406 0.0 0.0 - -
197000 198000 707.9351074218866 208.3733398437762 75.55670738529582 261.80000000004657 154.94667968750582 326.3160635010447 324.9563915426243 1140.5277254889252 1140.5277254889252 1168.0354074178854 1.3596719584203918 1938766.7683837665 1938766.7683837665 8000.0 128.0 197030.0#197030.0#8000 197028.0#197028.0#128
198000 199000 291.99609375 390.73964062500454 105.53376464552444 465.36328125 316.1160000000091 425.00542121234105 422.07880327378064 2440.2123042678695 2440.2123042678695 1208.997579295892 2.9266179385604154 1859010.786808401 1859010.786808401 8000.0 128.0 198534.0#198534.0#8000 198531.0#198531.0#128
199000 200000 963.1462812499958 36.85371875000419  36.85371875000419 36.85371875000419 31.994578787658906 31.92119672621932 61.787695732130274 61.787695732130274 94.00242070410793 0.07338206143958464 144390.2131915987 144390.2131915987 8000.0 0.0 198534.0#198534.0#8000 -
200000 201000 434.7750449218729 313.1725000000006 166.16797225849726 430.6710000000021 195.67399999999907 341.0 338.0 2502.0 2502.0 1233.0 3.0 1995826.0 1994426.0 8000.0 128.0 200427.0#200427.0#8000 200424.0#200424.0#128
201000 202000 1000.0 0.0 0.0 0.0 0.0 0.0 0.0 0.0 0.0 0.0 0.0 0.0 0.0 0.0 0.0 - -
202000 203000 618.8349023437477 230.2045000000362 59.9067936089399 272.56500000006054 187.84400000001187 400.0 397.0 2502.0 2502.0 1211.0 3.0 1894581.0 1894581.0 8000.0 128.0 202400.0#202400.0#8000 202396.0#202396.0#128
203000 204000 1000.0 0.0 0.0 0.0 0.0 0.0 0.0 0.0 0.0 0.0 0.0 0.0 0.0 0.0 0.0 - -
204000 205000 613.2063183594146 245.22550000001502 88.9816102376979 308.1449999999895 182.3060000000405 362.0 359.0 2502.0 2502.0 1153.0 3.0 1875314.0 1875314.0 8000.0 128.0 204371.0#204371.0#8000 204368.0#204368.0#128
205000 206000 1000.0 0.0 0.0 0.0 0.0 0.0 0.0 0.0 0.0 0.0 0.0 0.0 0.0 0.0 0.0 - -
206000 207000 600.5337089843524 301.4525000000285 25.257147117251847 319.31200000006356 283.5929999999935 458.0 455.0 2502.0 2502.0 1324.0 3.0 2100947.0 2100947.0 8000.0 128.0 206407.0#206407.0#8000 206404.0#206404.0#128
207000 208000 1000.0 0.0 0.0 0.0 0.0 0.0 0.0 0.0 0.0 0.0 0.0 0.0 0.0 0.0 0.0 - -
208000 209000 607.0659999999334 371.3195000000269 30.567519043969405 392.9340000000666 349.7049999999872 428.0 425.0 2502.0 2502.0 1146.0 3.0 1894307.0 1894307.0 8000.0 128.0 208031.0#208031.0#8000 208030.0#208030.0#128
209000 210000 1000.0 0.0 0.0 0.0 0.0 0.0 0.0 0.0 0.0 0.0 0.0 0.0 0.0 0.0 0.0 - -
210000 211000 434.4110000000219 555.3224999999802 14.519023538100418 565.5889999999781 545.0559999999823 435.0 431.0 3322.0 2502.0 1248.0 4.0 2038055.0 2036655.0 8000.0 128.0 210033.0#210033.0#8000 210031.0#210031.0#128
211000 212000 1000.0 0.0 0.0 0.0 0.0 0.0 0.0 0.0 0.0 0.0 0.0 0.0 0.0 0.0 0.0 - -
212000 213000 583.9820000000182 415.0104999999894 1.4248201640801919 416.01799999998184 414.002999999997 455.0 452.0 2502.0 2502.0 1168.0 3.0 1940488.0 1940488.0 8000.0 128.0 212031.0#212031.0#8000 212029.0#212029.0#128
213000 214000 1000.0 0.0 0.0 0.0 0.0 0.0 0.0 0.0 0.0 0.0 0.0 0.0 0.0 0.0 0.0 - -
214000 215000 465.9070000000065 283.18125000000146 242.80182025315983 534.0929999999935 0.0 450.0 447.0 2502.0 2502.0 1196.0 4.0 1893428.0 1893428.0 8000.0 128.0 214029.0#214029.0#8000 214028.0#214028.0#128
215000 216000 1000.0 0.0 0.0 0.0 0.0 0.0 0.0 0.0 0.0 0.0 0.0 0.0 0.0 0.0 0.0 - -
216000 217000 538.0299999999988 264.4363333333361 118.21782108181156 334.0309999999881 127.93900000001304 514.0 508.0 4639.0 4639.0 1268.0 6.0 2064617.0 2064617.0 8000.0 128.0 216031.0#216031.0#8000 216029.0#216029.0#128
217000 218000 1000.0 0.0 0.0 0.0 0.0 0.0 0.0 0.0 0.0 0.0 0.0 0.0 0.0 0.0 0.0 - -
218000 219000 648.5389999999898 312.25650000000314 55.44353560606605 351.46100000001024 273.05199999999604 491.0 488.0 2502.0 2502.0 1208.0 3.0 1923386.0 1923386.0 8000.0 128.0 218030.0#218030.0#8000 218029.0#218029.0#128
219000 220000 528.487060546875 471.512939453125  471.512939453125 471.512939453125 446.23819407338436 445.30853116906485 782.7761654370618 782.7761654370618 1103.5098674273067 0.9296629043195508 1785332.0787584998 1785332.0787584998 8000.0 0.0 219528.0#219528.0#8000 -
220000 221000 605.9839179687551 198.87803027343762 230.8052674204253 362.0819999999949 35.674060546880355 55.76180592661561 53.69146883093516 1719.2238345629382 1719.2238345629382 106.49013257269318 2.070337095680449 170822.92124150007 170822.92124150007 8000.0 128.0 219528.0#219528.0#8000 220031.0#220031.0#128
221000 222000 527.2580566406541 472.7419433593459  472.7419433593459 472.7419433593459 2.691212313994441 1.7941415426629606 0.0 0.0 2.691212313994441 0.8970707713314803 21.529698511955527 21.529698511955527 0.0 0.0 - -
222000 223000 468.3051113281108 276.66076416016585 169.1637678413686 409.54200000001583 54.242056640650844 437.30878768600553 432.20585845733706 4639.0 4639.0 1247.3087876860056 6.10292922866852 1923962.470301488 1923962.470301488 8000.0 128.0 222031.0#222031.0#8000 222030.0#222030.0#128
223000 224000 528.5859375 299.18650781249744 240.74087866453786 469.416015625 128.95699999999488 234.31270327213687 232.20719484009658 1758.677507025474 1758.677507025474 617.2107822216512 2.1055084320402813 1035769.9675541206 1035769.9675541206 8000.0 128.0 223530.0#223530.0#8000 223528.0#223528.0#128
224000 225000 620.1850156250002 379.81498437499977  379.81498437499977 379.81498437499977 180.68729672786313 179.79280515990342 743.3224929745261 743.3224929745261 480.7892177783487 0.8944915679597185 811510.0324458794 811510.0324458794 0.0 0.0 - -
225000 226000 538.8359375 280.92904980467574 249.92413381770046 457.6520996093459 104.20600000000559 210.1516116258292 208.04653212371184 1758.3210662595159 1758.3210662595159 588.0888013499621 2.1050795021173476 1136129.9142693095 1136129.9142693095 8000.0 128.0 225541.0#225541.0#8000 225538.0#225538.0#128
226000 227000 629.3820996093855 370.6179003906145  370.6179003906145 370.6179003906145 158.8483883741708 157.95346787628816 743.6789337404841 743.6789337404841 464.91119865003793 0.8949204978826524 893425.0857306905 893425.0857306905 0.0 0.0 - -
227000 228000 461.49072265625 341.3233131510303 219.3188734177098 469.4919433593459 88.08199999999488 204.9947573533265 202.01393409528114 1653.437600086343 1653.437600086343 618.775484504855 2.980823258045362 1153821.3263502044 1151861.2577523 8000.0 128.0 227533.0#227533.0#8000 227530.0#227530.0#128
228000 229000 663.3369960937707 220.11453027340758 164.82443208541952 336.6630039062293 103.56605664058588 138.0052426466735 136.98606590471888 848.562399913657 848.562399913657 434.22451549514517 1.019176741954638 818621.6736497957 817781.7422476999 8000.0 0.0 227533.0#227533.0#8000 -
229000 230000 528.4780273437209 303.1746269531577 231.8753423322999 467.1352539062791 139.21400000003632 271.4966026094663 269.3939973578965 1756.2649640544387 1756.2649640544387 586.1877966810521 2.102605251569722 1052955.2491043657 1052955.2491043657 8000.0 128.0 229532.0#229532.0#8000 229528.0#229528.0#128
230000 231000 619.8052539062919 380.1947460937081  380.1947460937081 380.1947460937081 205.5033973905337 204.60600264210345 745.7350359455612 745.7350359455612 460.81220331894787 0.8973947484302782 830517.7508956344 830517.7508956344 0.0 0.0 - -
231000 232000 530.5048828125 343.68696191406343 174.17448848021974 466.846923828125 220.52700000000186 207.79530888095692 205.6821399139132 1765.0434116133442 1765.0434116133442 657.1760646654949 2.1131689670437357 1102479.9070958402 1102479.9070958402 8000.0 128.0 231532.0#231532.0#8000 231530.0#231530.0#128
232000 233000 628.0759238281171 371.9240761718829  371.9240761718829 371.9240761718829 151.20469111904308 150.3178600860868 736.9565883866557 736.9565883866557 506.82393533450505 0.8868310329562643 851994.0929041598 851994.0929041598 0.0 0.0 - -
233000 234000 654.0200039062765 210.39949999999953 189.41198636966357 344.33400000000256 76.46499999999651 524.0 522.0 1682.0 1682.0 1250.0 2.0 1974652.0 1974652.0 8000.0 128.0 233031.0#233031.0#8000 233029.0#233029.0#128
234000 235000 293.31591796875 706.68408203125  706.68408203125 706.68408203125 17.075438119925824 15.449205918028127 1349.772727575089 1349.772727575089 20.32790252372122 1.6262322018976976 29044.50712589288 29044.50712589288 0.0 0.0 - -
235000 236000 596.2268964844116 264.96945898437116 145.02412329230302 367.51699999999255 162.42191796874977 354.9245618800742 353.55079408197184 1152.227272424911 1152.227272424911 1098.6720974762789 1.3737677981023024 1928671.492874107 1928671.492874107 8000.0 128.0 235036.0#235036.0#8000 235034.0#235034.0#128
236000 237000 291.4970703125 708.5029296875  708.5029296875 708.5029296875 19.96100712031627 18.22526737072355 1440.663992161957 1440.663992161957 21.69674686990899 1.7357397495927191 31188.639690556774 31188.639690556774 0.0 0.0 - -
237000 238000 616.0629121093662 228.60703515623754 170.7520958024709 349.34699999997974 107.86707031249534 443.03899287968375 441.77473262927646 1061.336007838043 1061.336007838043 1216.303253130091 1.2642602504072809 1926052.3603094432 1926052.3603094432 8000.0 128.0 237034.0#237034.0#8000 237030.0#237030.0#128
238000 239000 295.5991210937209 704.4008789062791  704.4008789062791 704.4008789062791 3.658778688867809 1.8293893444339044 1518.3931558801407 1518.3931558801407 3.658778688867809 1.8293893444339044 2672.7378322179343 2672.7378322179343 0.0 0.0 - -
239000 240000 395.52696874999674 232.1740403645963 292.91626433708205 570.3910000000033 60.43800000002375 302.3412213111322 301.1706106555661 983.6068441198593 983.6068441198593 1117.3412213111321 1.1706106555660956 1964738.262167782 1964738.262167782 8000.0 128.0 239033.0#239033.0#8000 239032.0#239032.0#128
240000 241000 292.8830566406541 707.1169433593459  707.1169433593459 707.1169433593459 20.43374760782808 18.656899989756077 1474.7835229997659 1474.7835229997659 22.21059522590009 1.7768476180720072 31810.01448253411 31810.01448253411 0.0 0.0 - -
241000 242000 726.5909531249781 162.29602832032833 103.93051464783728 235.7860000000219 88.80605664063478 423.5662523921719 422.3431000102439 1027.2164770002341 1027.2164770002341 1112.7894047741 1.2231523819279928 1749180.985517466 1749180.985517466 8000.0 128.0 241037.0#241037.0#8000 241033.0#241033.0#128
242000 243000 343.480712890625 656.519287109375  656.519287109375 656.519287109375 16.95750898823305 15.261758089409746 1407.473246023343 1407.473246023343 16.95750898823305 1.695750898823305 30181.822372706592 30181.822372706592 0.0 0.0 - -
243000 244000 635.4150800781208 223.44185644530808 149.41186588171567 329.0920000000042 117.79171289061196 476.04249101176697 474.73824191059026 1094.526753976657 1094.526753976657 1283.042491011767 1.304249101176695 2053029.1776272934 2053029.1776272934 8000.0 128.0 243035.0#243035.0#8000 243034.0#243034.0#128
244000 245000 524.2979296874837 371.6195000000007 35.057647104425776 396.4089999999851 346.8300000000163 499.0 496.0 2502.0 2502.0 1300.0 3.0 2039058.0 2039058.0 8000.0 128.0 244422.0#244422.0#8000 244420.0#244420.0#128
245000 246000 1000.0 0.0 0.0 0.0 0.0 0.0 0.0 0.0 0.0 0.0 0.0 0.0 0.0 0.0 0.0 - -
246000 247000 294.10107421875 705.89892578125  705.89892578125 705.89892578125 4.5576916298289705 2.7346149778973823 1513.1536211032183 1513.1536211032183 4.5576916298289705 1.8230766519315882 2659.868835168187 2659.868835168187 0.0 0.0 - -
247000 248000 0.0 416.64878515625605 302.04454814235294 608.8279999999795 68.50507421878865 358.9363317822267 357.18470726355554 1472.7447645443262 1472.7447645443262 1014.9363317822267 1.1769233480684118 1687704.566578376 1685499.9849395324 8000.0 128.0 247036.0#247036.0#8000 247033.0#247033.0#128
248000 249000 173.85612109373324 361.25623958334717 74.87331391686389 423.7537187500275 278.2719999999972 533.5059765879444 531.0806777585472 2018.1016143524557 2018.1016143524557 1738.5059765879444 3.0 2752122.5645864555 2751527.1462252997 8000.0 128.0 248423.0#248423.0#8000 248421.0#248421.0#128
249000 250000 1000.0 0.0 0.0 0.0 0.0 0.0 0.0 0.0 0.0 0.0 0.0 0.0 0.0 0.0 0.0 - -
250000 251000 515.6340996093932 300.4604999999865 86.5251212798853 361.64299999998184 239.27799999999115 334.0 331.0 2502.0 2502.0 912.0 3.0 1476161.0 1476161.0 8000.0 128.0 250413.0#250413.0#8000 250410.0#250410.0#128
251000 252000 1000.0 0.0 0.0 0.0 0.0 0.0 0.0 0.0 0.0 0.0 0.0 0.0 0.0 0.0 0.0 - -
252000 253000 410.8433066406287 352.5439999999944 227.54979061295836 513.4459999999963 191.64199999999255 439.0 436.0 2502.0 2502.0 1080.0 3.0 1819604.0 1819604.0 8000.0 128.0 252368.0#252368.0#8000 252367.0#252367.0#128
253000 254000 1000.0 0.0 0.0 0.0 0.0 0.0 0.0 0.0 0.0 0.0 0.0 0.0 0.0 0.0 0.0 - -
254000 255000 518.1022910156171 278.12100000001374 107.33880938410968 354.0210000000079 202.22100000001956 439.0 436.0 2502.0 2502.0 1167.0 3.0 1949930.0 1949930.0 8000.0 128.0 254419.0#254419.0#8000 254417.0#254417.0#128
255000 256000 1000.0 0.0 0.0 0.0 0.0 0.0 0.0 0.0 0.0 0.0 0.0 0.0 0.0 0.0 0.0 - -
256000 257000 916.140000000014 83.85999999998603  83.85999999998603 83.85999999998603 2.0 1.0 820.0 820.0 3.0 1.0 2920.0 2920.0 0.0 0.0 - -
257000 258000 1000.0 0.0 0.0 0.0 0.0 0.0 0.0 0.0 0.0 0.0 0.0 0.0 0.0 0.0 0.0 - -
258000 259000 639.8099980468978 235.77349999998114 171.81209858592055 357.2629999999772 114.2839999999851 518.0 515.0 2502.0 2502.0 1294.0 3.0 1896189.0 1896189.0 8000.0 128.0 258035.0#258035.0#8000 258032.0#258032.0#128
259000 260000 1000.0 0.0 0.0 0.0 0.0 0.0 0.0 0.0 0.0 0.0 0.0 0.0 0.0 0.0 0.0 - -
260000 261000 616.0759999999427 350.55950000003213 47.184528401832694 383.9240000000573 317.195000000007 419.0 416.0 2502.0 2502.0 1248.0 3.0 1977377.0 1977377.0 8000.0 128.0 260039.0#260039.0#8000 260037.0#260037.0#128
261000 262000 536.3920898436918 266.42497167972033 277.98767726397574 462.991943359375 69.85800000006566 208.62473832676557 206.5537761479803 1729.9695705705321 1729.9695705705321 669.1384752044175 2.070962178785237 1069162.6041063666 1069162.6041063666 8000.0 128.0 261536.0#261536.0#8000 261535.0#261535.0#128
262000 263000 598.3639433593489 401.6360566406511  401.6360566406511 401.6360566406511 178.37526167323443 177.4462238520197 772.0304294294679 772.0304294294679 577.8615247955825 0.9290378212147627 898951.3958936332 898951.3958936332 0.0 0.0 - -
263000 264000 760.5429941406474 189.11899999997695 67.07897769048162 236.55099999997765 141.68699999997625 466.0 464.0 1682.0 1682.0 1124.0 2.0 2012228.0 2012228.0 8000.0 128.0 263036.0#263036.0#8000 263033.0#263033.0#128
264000 265000 292.3720703125 707.6279296875  707.6279296875 707.6279296875 19.00330859397853 17.27573508543503 1433.8860120911074 1433.8860120911074 19.00330859397853 1.727573508543503 30924.42958968297 30924.42958968297 0.0 0.0 - -
265000 266000 661.6770644531352 207.93853515625233 136.26013412296555 304.28899999998976 111.5880703125149 444.99669140602145 443.72426491456497 1068.1139879088926 1068.1139879088926 1251.9966914060215 1.272426491456497 1958276.570410317 1958276.570410317 8000.0 128.0 265033.0#265033.0#8000 265031.0#265031.0#128
266000 267000 538.582378906256 287.237999999983 88.18611510888361 349.59499999997206 224.88099999999395 450.0 447.0 2502.0 2502.0 1311.0 3.0 2039047.0 2039047.0 8000.0 128.0 266529.0#266529.0#8000 266527.0#266527.0#128
267000 268000 1000.0 0.0 0.0 0.0 0.0 0.0 0.0 0.0 0.0 0.0 0.0 0.0 0.0 0.0 0.0 - -
268000 269000 484.6323281250079 298.43899999998393 29.641916267328547 319.3989999999758 277.4789999999921 389.0 386.0 2502.0 2502.0 1125.0 3.0 1972536.0 1972536.0 8000.0 128.0 268530.0#268530.0#8000 268529.0#268529.0#128
269000 270000 1000.0 0.0 0.0 0.0 0.0 0.0 0.0 0.0 0.0 0.0 0.0 0.0 0.0 0.0 0.0 - -
270000 271000 668.7170781249879 240.21550000002026 38.85905316011824 267.6930000000284 212.7380000000121 507.0 504.0 2502.0 2502.0 1237.0 3.0 1959121.0 1959121.0 8000.0 128.0 270410.0#270410.0#8000 270408.0#270408.0#128
271000 272000 1000.0 0.0 0.0 0.0 0.0 0.0 0.0 0.0 0.0 0.0 0.0 0.0 0.0 0.0 0.0 - -
272000 273000 621.6027109374991 225.0219999999972 212.20840188833768 375.07600000000093 74.96799999999348 237.0 234.0 2502.0 2502.0 753.0 3.0 1158444.0 1158444.0 8000.0 128.0 272036.0#272036.0#8000 272032.0#272032.0#128
273000 274000 1000.0 0.0 0.0 0.0 0.0 0.0 0.0 0.0 0.0 0.0 0.0 0.0 0.0 0.0 0.0 - -
274000 275000 489.9560000000056 386.66949999998906 174.477891151007 510.0439999999944 263.2949999999837 418.0 415.0 2502.0 2502.0 1544.0 3.0 2383463.0 2383463.0 8000.0 128.0 274029.0#274029.0#8000 274029.0#274029.0#128
275000 276000 538.464111328125 266.3994990234205 274.0724656865184 460.197998046875 72.600999999966 164.28482775722622 162.20751716398445 1735.2451029839067 1735.2451029839067 497.7124563655525 2.077310593241765 961946.1766350023 961946.1766350023 8000.0 128.0 275539.0#275539.0#8000 275538.0#275538.0#128
276000 277000 605.8519980468554 394.14800195314456  394.14800195314456 394.14800195314456 128.7151722427738 127.79248283601555 766.7548970160933 766.7548970160933 414.28754363444756 0.9226894067582351 795685.8233649979 795685.8233649979 0.0 0.0 - -
277000 278000 529.303955078125 355.2085273437551 161.9239560277083 469.7060546875 240.71100000001024 202.25665182521115 200.1674316390988 1745.1419746593592 1745.1419746593592 604.723510593723 2.089220186112346 956435.8163324317 956435.8163324317 8000.0 128.0 277530.0#277530.0#8000 277528.0#277528.0#128
278000 279000 607.2430546875112 392.7569453124888  392.7569453124888 392.7569453124888 155.74334817478885 154.83256836090118 756.8580253406406 756.8580253406406 492.276489406277 0.910779813887654 772337.1836675681 772337.1836675681 0.0 0.0 - -
279000 280000 601.3360937500256 249.65750000000116 206.65549233563658 395.7849999999744 103.53000000002794 544.0 542.0 1682.0 1682.0 1382.0 2.0 2156451.0 2156451.0 8000.0 128.0 279037.0#279037.0#8000 279034.0#279034.0#128
280000 281000 884.3009999999776 115.69900000002235  115.69900000002235 115.69900000002235 3.0 2.0 820.0 820.0 3.0 1.0 2914.0 2914.0 0.0 0.0 - -
281000 282000 529.530029296875 303.73644140624674 233.54809457368992 468.8798828125 138.59299999999348 218.51186657341898 216.42065013066605 1746.8008639276738 1746.8008639276738 720.4714302397607 2.0912164427529167 1075501.8160881898 1075501.8160881898 8000.0 128.0 281530.0#281530.0#8000 281528.0#281528.0#128
282000 283000 609.5088828125154 390.49111718748463  390.49111718748463 390.49111718748463 169.48813342658102 168.57934986933395 755.1991360723262 755.1991360723262 587.5285697602393 0.9087835572470833 868223.18391181 868223.18391181 0.0 0.0 - -
283000 284000 576.3953476562165 246.51350000003004 249.393026190512 422.8609999999753 70.16600000008475 371.0 369.0 1682.0 1682.0 1177.0 2.0 1913134.0 1913134.0 8000.0 128.0 283029.0#283029.0#8000 283028.0#283028.0#128
284000 285000 291.785888671875 708.214111328125  708.214111328125 708.214111328125 18.68529008156031 16.98662734687301 1409.8900697904598 1409.8900697904598 19.534621448903962 1.6986627346873011 30400.117631331283 30400.117631331283 0.0 0.0 - -
285000 286000 673.4628964843578 208.08294433593983 116.59915851143013 290.53100000001723 125.63488867186243 395.3147099184397 394.01337265312696 1092.1099302095402 1092.1099302095402 1250.4653785510961 1.3013372653126989 1986351.8823686687 1986351.8823686687 8000.0 128.0 285035.0#285035.0#8000 285032.0#285032.0#128
286000 287000 291.46875 708.53125  708.53125 708.53125 18.38323009638188 16.78468834887041 1326.7896504345183 1326.7896504345183 21.580313591404817 1.5985417475114678 28461.236543567928 28461.236543567928 0.0 0.0 - -
287000 288000 630.2568808593787 257.44337500000256 112.43369051925339 336.9459999999963 177.94075000000885 356.6167699036181 355.2153116511296 1175.2103495654817 1175.2103495654817 1140.4196864085952 1.4014582524885322 1896514.7634564321 1896514.7634564321 8000.0 128.0 287032.0#287032.0#8000 287030.0#287030.0#128
288000 289000 291.770751953125 708.229248046875  708.229248046875 708.229248046875 13.085248258347507 11.449592226054069 1357.594506803554 1357.594506803554 13.085248258347507 1.6356560322934384 29554.668847510136 29554.668847510136 0.0 0.0 - -
289000 290000 559.9528847655747 281.1813759765937 174.5459487976477 404.6040000000503 157.7587519531371 475.9147517416525 474.55040777394595 1144.405493196446 1144.405493196446 1252.9147517416525 1.3643439677065614 1970710.3311524899 1970710.3311524899 8000.0 128.0 289035.0#289035.0#8000 289033.0#289033.0#128
290000 291000 292.905029296875 707.094970703125  707.094970703125 707.094970703125 17.962029671127677 16.251360178639327 1419.8556787653308 1419.8556787653308 17.962029671127677 1.7106694924883503 30486.696360381135 30486.696360381135 0.0 0.0 - -
291000 292000 672.5621015625075 205.43001464844565 121.39182883737831 291.26699999999255 119.59302929689875 478.03797032887235 476.74863982136065 1082.1443212346692 1082.1443212346692 1197.0379703288722 1.2893305075116497 1881186.303639619 1881186.303639619 8000.0 128.0 291035.0#291035.0#8000 291033.0#291033.0#128
292000 293000 479.6701562500093 327.36699999999837 81.8504383494785 385.24400000000605 269.4899999999907 310.0 307.0 2502.0 2502.0 1152.0 3.0 2051900.0 2051900.0 8000.0 128.0 292541.0#292541.0#8000 292539.0#292539.0#128
293000 294000 1000.0 0.0 0.0 0.0 0.0 0.0 0.0 0.0 0.0 0.0 0.0 0.0 0.0 0.0 0.0 - -
294000 295000 571.9530527344323 286.35050000000047 33.729700569380164 310.20100000000093 262.5 419.0 416.0 2502.0 2502.0 1306.0 3.0 1985445.0 1985445.0 8000.0 128.0 294410.0#294410.0#8000 294407.0#294407.0#128
295000 296000 1000.0 0.0 0.0 0.0 0.0 0.0 0.0 0.0 0.0 0.0 0.0 0.0 0.0 0.0 0.0 - -
296000 297000 397.1240000000107 410.13649999999325 272.57481490500356 602.8759999999893 217.3969999999972 399.0 396.0 2502.0 2502.0 1075.0 3.0 1942752.0 1942752.0 8000.0 128.0 296410.0#296410.0#8000 296527.0#296527.0#128
297000 298000 1000.0 0.0 0.0 0.0 0.0 0.0 0.0 0.0 0.0 0.0 0.0 0.0 0.0 0.0 0.0 - -
298000 299000 548.1771308594034 261.8989999999758 66.33792978379122 308.8069999999716 214.99099999997998 334.0 331.0 2502.0 2502.0 1102.0 3.0 1905793.0 1905793.0 8000.0 128.0 298434.0#298434.0#8000 298430.0#298430.0#128
299000 300000 1000.0 0.0 0.0 0.0 0.0 0.0 0.0 0.0 0.0 0.0 0.0 0.0 0.0 0.0 0.0 - -
