ts te idle avg_span std_span max_span min_span c_bytes_all s_bytes_all avg_video_rate avg_audio_rate video_requests_sequence audio_requests_sequence
0 9000 9000.0 0.0 0.0 0.0 0.0 0.0 0.0 0.0 0.0 0 0
9000 18000 1112.856951171765 985.8928811035294 17.782980276458453 998.938000000082 942.800048828125 28861.44447481224 766850.4764518226    
18000 27000 160.40574023447698 883.9594259765523 296.20463260356473 996.7700000000186 47.4839511718601 29224.96909627313 848646.8925158519    
27000 36000 259.20336328150006 874.07966367185 278.8962233335926 997.0530000000144 114.06269140623044 27555.37092969492 783300.6771632113    
36000 45000 479.2566796877072 852.0743320312292 290.92094316645114 999.570000000007 256.91505468747346 20130.02835216018 450453.6001741181    
45000 54000 139.4962597656413 886.0503740234359 242.68107030013567 997.9020000000019 266.156005859375 26191.331226668277 595015.4914078512    
54000 63000 142.04903710942017 885.7950962890579 261.6075407898294 997.6759999999776 179.54296875 26913.14668917503 599852.1225818207    
63000 72000 134.0216816405882 886.5978318359412 280.1688738223808 998.5750000000698 109.019287109375 20522.117438992263 480255.51874048344    
72000 81000 191.65427343762713 978.7050807291525 36.025382358411925 998.0669999999227 884.1257128905854 30371.436435379037 735581.7444470534    
81000 90000 189.22996875015087 881.0770031249849 303.97014454027817 999.0590000000084 21.957986328110565 28871.786794126947 737079.9474699314    
90000 99000 1345.0831289063208 850.5463190104088 286.7755371232893 999.9810000000289 109.0989550781087 22403.353688480474 489484.3704283327    
99000 108000 397.2280039063189 860.2771996093682 300.5931973072582 997.8709999999846 66.33308398438385 15836.631965321154 308451.64424560283    
108000 117000 194.57463281252421 880.5425367187476 223.0518704403198 996.9639999999781 367.2350878905854 22086.747485865595 469526.8389645966    
117000 126000 210.22339062509127 878.9776609374909 220.2010821408309 999.5860000000102 427.0747207031236 27901.09504209315 602059.2402090607    
126000 135000 340.9370000002091 865.9062999999791 244.7958740555634 998.3150000000023 339.910888671875 23546.615529382394 521305.3977372763    
135000 144000 298.978570312378 870.1021429687622 275.41389543220066 998.7910000000848 143.601318359375 21243.13530890847 437170.6075615235    
144000 153000 160.57234570296714 883.9427654297033 295.22986561853463 999.8030000000144 57.77197265625 27551.08995094904 566038.144493344    
153000 162000 98.61496484355303 890.1385035156447 310.69876343038123 999.6910000000498 7.4580078125 38088.79016453442 821312.6330600217    
162000 171000 102.88291406247299 988.5685651041697 8.8754755712863 996.460000000021 972.4560000000056 32467.919344939633 737399.4881947269    
171000 180000 1080.1071835938492 791.9892816406151 375.76071872719086 996.8119999999763 20.090906249999534 34323.454593943 744728.5545950938    
180000 189000 248.01000781246694 875.1989992187533 291.2875987794352 997.7029999999795 58.77490234375 26474.36170298185 551268.3953701542    
189000 198000 1157.4378066406352 871.3957992621516 209.8770567585206 997.4429999999702 464.548095703125 24795.807948616337 583769.2858540015    
198000 207000 4928.676046875073 678.5539921874879 209.0693643345489 965.5849999999627 360.7369999999646 33826.27514627428 698960.9816612339    
207000 216000 1038.4077871094923 796.1592212890507 370.8076082277206 999.8739999999525 98.34326171875 32937.051467862715 751420.5853919758    
216000 225000 179.8332617187407 980.0185264756955 35.56728176267472 998.9459999999963 888.3137382812565 35419.03922256544 835975.3612809111    
225000 234000 1012.8080273435917 887.4657747396009 275.1809078006026 999.8969999999972 165.39697265625 52160.08491614052 1293492.1185113713    
234000 243000 52.03907031251583 894.7960929687484 270.9490948734043 999.75 138.02490234375 49218.3013846549 1156976.0258906526    
243000 252000 476.10990234371275 947.0988997395875 103.27600156565427 998.7759999999544 700.3379999999888 49390.61369920458 1344151.8555979761    
252000 261000 854.7280507814139 905.0302165798429 251.14284443818437 999.4039999999804 237.02294921875 48591.91856715007 1231344.4152566434    
261000 270000 559.1390683593927 844.0860931640607 288.63939855751823 999.4799999999814 119.452880859375 45175.74324854242 1113609.8761029686    
270000 279000 99.56980664050207 890.0430193359498 286.3313472517831 999.6119999999646 81.97607421875 50240.863572121416 1261556.1956154522    
279000 288000 62.90579882799648 893.7094201172004 299.8243356376479 999.533000000054 43.957275390625 56206.76636634471 1404343.8904067823    
288000 297000 492.5973613283131 945.2669598524096 92.67630038093988 999.4479999999749 783.5529999999562 47803.692384294845 1182529.8805600815    
297000 306000 5843.26191406243 789.1845214843925 382.9947571990742 997.6080000000075 215.26108593749814 16058.015861546524 355886.7420580721    
