ts te idle avg_span std_span max_span min_span c_bytes_all s_bytes_all avg_video_rate avg_audio_rate video_requests_sequence audio_requests_sequence
0 9000 9000.0 0.0 0.0 0.0 0.0 0.0 0.0 0.0 0.0 0 0
9000 18000 1253.4230429687304 968.3221196289087 50.78935889754725 997.8119999999763 845.98095703125 30299.02805649509 739751.3177803291    
18000 27000 368.93797656247625 863.1062023437523 284.45999961877175 996.5960000000196 134.21904296881985 25040.70378452704 585164.9513652518    
27000 36000 216.66590234363684 878.3334097656364 221.86452888642728 996.9980000000796 402.25301953125745 30220.20364671283 736066.1433566485    
36000 45000 140.4500214845175 885.9549978515482 227.50741060636074 999.341999999946 454.20992187497905 27929.476714949524 592126.624029318    
45000 54000 213.03616796876304 878.6963832031237 248.9829658286641 999.929999999993 299.660888671875 33025.87421752846 765544.5915245957    
54000 63000 200.38078320323257 879.9619216796767 242.33157666474716 999.8270000000484 240.0581054686918 24386.003751661734 500105.75598425267    
63000 72000 140.07114648458082 885.9928853515419 269.6269457517015 999.2399999999907 148.032958984375 29107.617122453685 677423.3543560576    
72000 81000 995.2250566404546 889.4194381510606 147.55112362816106 996.7339999999967 605.39990234375 27346.31962065946 581846.4291826464    
81000 90000 194.79101757804165 880.5208982421958 228.48199268371178 999.9679999999935 382.26709765626583 24673.087454955614 531981.5003300087    
90000 99000 147.3985761719523 885.2601423828048 226.12450852880696 999.4189999999362 443.3413085936918 28124.176242455633 631117.6343527321    
99000 108000 1141.8449980469304 785.815500195307 353.72219157253585 999.8479999999981 124.34299999999348 25807.03958320647 594827.2302662344    
108000 117000 4376.750408203166 770.5415986328056 227.70971673182677 981.8420000000042 399.3209999999963 34830.27710455413 714148.2421649818    
117000 126000 2953.1699023437686 863.8328710937474 214.80956548377355 997.9330000000191 389.2350976562593 32849.192699840336 801975.2253069431    
126000 135000 1306.4170351563953 854.8425516492894 313.42598853255674 999.0219999999972 62.31396484375 50643.576558947374 1280790.6577439704    
135000 144000 994.250955078227 889.5276716579748 155.7421752662871 998.3429999999935 602.010009765625 47895.44756891142 1207110.1648731153    
144000 153000 452.34992968768347 854.7650070312317 237.54350276916944 999.914999999979 397.75599023437826 46050.09262028289 1119753.1152479772    
153000 162000 105.93718945310684 889.4062810546893 227.6134796751083 999.5630000000237 395.962890625 49129.91414329973 1221960.4440345948    
162000 171000 58.83483593747951 894.116516406252 222.36354594808824 998.6290000000154 367.7060546875 44804.56700540202 1107234.104525005    
171000 180000 807.3170898436802 819.268291015632 318.6945762135724 999.6390000000247 67.43896484375 46301.89917208364 1119887.855962588    
180000 189000 254.69196484383428 971.7008927951296 36.39418730494751 999.7880000000005 897.3959999999497 48325.50293107292 1248911.6576127494    
189000 198000 738.51800000004 917.94244444444 173.66849476092952 997.435999999987 472.125 50108.56404717655 1275612.1368628973    
198000 207000 160.60904882813338 883.9390951171866 222.0036946035725 999.841999999946 406.449951171875 45370.397544175525 1110158.0279606986    
207000 216000 62.905980468844064 893.7094019531156 221.6227617075161 999.6139999999432 377.594970703125 48902.398820704504 1223752.3442654172    
216000 225000 86.26097070309334 891.3739029296906 234.55625540029084 999.9320000000298 315.8399999999674 48015.63958794342 1179094.490910987    
225000 234000 1027.4409160155337 885.8398982204963 315.85527861185045 999.7909999999683 44.236083984375 40662.35663635335 986601.8227683996    
234000 243000 1023.8980839845026 886.2335462239441 258.9273448651162 999.9089999999851 207.53599999996368 51550.64336364665 1273560.1772316003    
243000 252000 774.5309921875596 913.941000868049 191.64401272981308 999.8530000000028 414.7080078125 49538.975617384946 1209517.079763375    
252000 261000 348.3378906248836 865.1662109375117 299.31269470742467 998.9200000000419 97.9951171875 50776.59964604156 1221118.6893528805    
261000 270000 1360.4451542968163 848.8394273003537 246.16577372278277 998.1689999999944 319.67299999995157 45991.408623923046 1093562.9709847455    
270000 279000 917.9158476562006 808.2084152343799 338.696322063636 999.2510000000475 31.318115234375 49122.95466813716 1192768.7267095202    
279000 288000 1106.3732109374832 877.0696432291685 294.97037060613326 999.4089999999851 101.951904296875 45973.692288583465 1114128.6685876602    
288000 297000 749.521009765449 916.719887803839 172.49037694880735 998.9150000000373 470.44189453125 52242.02255382906 1300205.98548952    
297000 306000 5814.075894531212 796.481026367197 238.90839331810446 998.3880000000354 528.0011054687202 20790.34660210077 495279.87911229883    
