ts te idle avg_span std_span max_span min_span c_bytes_all s_bytes_all avg_video_rate avg_audio_rate video_requests_sequence audio_requests_sequence
0 1000 1000.0 0.0 0.0 0.0 0.0 0.0 0.0 0.0 0.0 - -
1000 2000 1000.0 0.0 0.0 0.0 0.0 0.0 0.0 0.0 0.0 - -
2000 3000 1000.0 0.0 0.0 0.0 0.0 0.0 0.0 0.0 0.0 - -
3000 4000 1000.0 0.0 0.0 0.0 0.0 0.0 0.0 0.0 0.0 - -
4000 5000 1000.0 0.0 0.0 0.0 0.0 0.0 0.0 0.0 0.0 - -
5000 6000 1000.0 0.0 0.0 0.0 0.0 0.0 0.0 0.0 0.0 - -
6000 7000 1000.0 0.0 0.0 0.0 0.0 0.0 0.0 0.0 0.0 - -
7000 8000 1000.0 0.0 0.0 0.0 0.0 0.0 0.0 0.0 0.0 - -
8000 9000 1000.0 0.0 0.0 0.0 0.0 0.0 0.0 0.0 0.0 - -
9000 10000 1000.0 0.0 0.0 0.0 0.0 0.0 0.0 0.0 0.0 - -
10000 11000 1000.0 0.0 0.0 0.0 0.0 0.0 0.0 0.0 0.0 - -
11000 12000 1000.0 0.0 0.0 0.0 0.0 0.0 0.0 0.0 0.0 - -
12000 13000 1000.0 0.0 0.0 0.0 0.0 0.0 0.0 0.0 0.0 - -
13000 14000 752.8180000000284 247.1819999999716  247.1819999999716 247.1819999999716 3700.0 10941.0 0.0 0.0 - -
14000 15000 997.675048828125 2.324951171875  2.324951171875 2.324951171875 38.97812045149226 2304.1064116000866 0.0 128.0 - 15000.0#15000.0#128
15000 16000 2.5119511718512513 997.4880488281487  997.4880488281487 997.4880488281487 16723.02187954851 988544.8935883999 2300.0 128.0 15003.0#15003.0#2300_15794.0#15794.0#2300 15000.0#15000.0#128_15288.0#15288.0#128
16000 17000 1.5069999999250285 998.493000000075  998.493000000075 998.493000000075 14501.0 958835.0 2300.0 128.0 15794.0#15794.0#2300_16488.0#16488.0#2300 16035.0#16035.0#128_16644.0#16644.0#128
17000 18000 1.5619999999762513 998.4380000000237  998.4380000000237 998.4380000000237 12920.0 869462.0 2300.0 128.0 16488.0#16488.0#2300_17111.0#17111.0#2300_17759.0#17759.0#2300 17186.0#17186.0#128_17794.0#17794.0#128
18000 19000 3.9209999999729916 996.079000000027  996.079000000027 996.079000000027 13471.0 951060.0 2300.0 128.0 17759.0#17759.0#2300_18397.0#18397.0#2300 18547.0#18547.0#128
19000 20000 0.5050000000046566 999.4949999999953  999.4949999999953 999.4949999999953 11849.0 925173.0 2300.0 128.0 18397.0#18397.0#2300_19082.0#19082.0#2300_19806.0#19806.0#2300 19131.0#19131.0#128_19931.0#19931.0#128
20000 21000 2.022705078125 997.977294921875  997.977294921875 997.977294921875 9584.87874237135 800741.9899442992 2300.0 128.0 19806.0#19806.0#2300_20504.0#20504.0#2300 19931.0#19931.0#128
21000 22000 2.122316406283062 498.93884179685847 704.2629910621491 996.927978515625 0.949705078091938 11717.596661780528 862233.1476123586 2300.0 128.0 20504.0#20504.0#2300_21237.0#21237.0#2300 21121.0#21121.0#128
22000 23000 1.5340878905844875 499.23295605470776 703.189317087194 996.462890625 2.0030214844155125 1346.3851302714145 3349.7965110916803 2300.0 0.0 21237.0#21237.0#2300 -
23000 24000 974.1528906250023 12.923554687498836 13.866993746035643 22.728999999992084 3.118109375005588 97.13946557670903 3580.065932250622 0.0 0.0 - -
24000 25000 962.716064453125 37.283935546875  37.283935546875 37.283935546875 413.6913272590916 25819.16615531525 0.0 0.0 - -
25000 26000 8.417023437505122 495.79148828124744 655.1437328807867 959.0480644531199 32.534912109375 10796.815367000532 674442.4549531335 2300.0 128.0 25073.0#25073.0#2300_25716.0#25716.0#2300 25073.0#25073.0#128_25155.0#25155.0#128
26000 27000 35.81691210938152 964.1830878906185  964.1830878906185 964.1830878906185 4608.493305740377 305262.3788915513 2300.0 0.0 25716.0#25716.0#2300 -
27000 28000 952.9619999999995 47.038000000000466  47.038000000000466 47.038000000000466 45.0 3614.0 0.0 0.0 - -
28000 29000 961.319091796875 38.680908203125  38.680908203125 38.680908203125 518.2929668862756 32685.606262031633 0.0 0.0 - -
29000 30000 3.505978515604511 498.24701074219774 651.5905282106821 958.9910917968955 37.5029296875 13368.588759672493 845521.54341168 4400.0 128.0 29126.0#29126.0#4400 29114.0#29114.0#128_29219.0#29219.0#128
30000 31000 1.9436679687933065 499.02816601560335 653.6281599808033 961.2130703125149 36.84326171869179 13664.196871557506 930921.244962692 4400.0 128.0 29126.0#29126.0#4400_30460.0#30460.0#4400 30645.0#30645.0#128
31000 32000 2.7479960937052965 498.62600195314735 656.0943108898776 962.5547382812947 34.697265625 9905.853670464736 800962.6160249863 4400.0 0.0 30460.0#30460.0#4400_31941.0#31941.0#4400 -
32000 33000 1.0353261718992144 499.4823369140504 658.6266881494666 965.2017343749758 33.762939453125 10555.202073872495 834587.7476206435 4400.0 128.0 30460.0#30460.0#4400_31941.0#31941.0#4400 32290.0#32290.0#128
33000 34000 3.851955078134779 498.0740224609326 656.8881114483213 962.5640605468652 33.583984375 9376.127865554134 839650.6361377314 4400.0 0.0 31941.0#31941.0#4400_33279.0#33279.0#4400 -
34000 35000 37.902984375017695 962.0970156249823  962.0970156249823 962.0970156249823 7140.737791992361 495641.60558023513 4400.0 0.0 33279.0#33279.0#4400 -
35000 36000 2.052734375 997.947265625  997.947265625 997.947265625 9137.24607543487 824429.4745666992 4400.0 128.0 35102.0#35102.0#4400 35098.0#35098.0#128
36000 37000 38.399265625106636 480.8003671874467 678.1389255068008 960.3169999998645 1.283734375028871 6221.75392456513 451587.52543330076 4400.0 0.0 35102.0#35102.0#4400 -
37000 38000 5.075927734375 994.924072265625  994.924072265625 994.924072265625 9814.24630722629 768262.665132651 4400.0 128.0 37176.0#37176.0#4400 37173.0#37173.0#128
38000 39000 1.8839707031147555 499.0580146484426 699.3584279933441 993.5791015625 4.5369277343852445 11073.603477504237 918541.4553532115 4400.0 128.0 37176.0#37176.0#4400_38288.0#38288.0#4400 38302.0#38302.0#128
39000 40000 285.6241015624837 357.18794921875815 498.8780480783007 709.9480000000331 4.427898437483236 5694.150215269472 601853.8795141376 4400.0 0.0 38288.0#38288.0#4400 -
40000 41000 960.385986328125 39.614013671875  39.614013671875 39.614013671875 372.3495296104959 20281.005445810097 0.0 0.0 - -
41000 42000 2.675025390693918 498.66248730465304 650.5021748647489 958.6369863281143 38.68798828119179 9390.219672030702 526593.0323251807 6500.0 128.0 41205.0#41205.0#6500 41196.0#41196.0#128_41797.0#41797.0#128
42000 43000 3.957964843721129 498.02101757813944 652.1603333612785 959.1680117187789 36.8740234375 9784.003682248054 920548.906618715 6500.0 128.0 41205.0#41205.0#6500 41797.0#41797.0#128
43000 44000 5.101906249998137 497.44904687500093 657.7209299380269 962.5279765625019 32.3701171875 10070.762945827406 886636.1034882033 6500.0 0.0 41205.0#41205.0#6500_43244.0#43244.0#6500 -
44000 45000 76.14119921880774 461.92940039059613 607.9187668099856 891.7928828125005 32.06591796869179 9123.160525035055 801482.6763077474 6500.0 0.0 43244.0#43244.0#6500 -
45000 46000 3.038949218695052 498.4805253906525 662.1171923355323 966.668082031305 30.29296875 10158.247871299352 648808.0906127612 6500.0 128.0 45193.0#45193.0#6500 45189.0#45189.0#128_45797.0#45797.0#128
46000 47000 5.278861328144558 497.3605693359277 664.8578042557693 967.4860312499804 27.235107421875 11300.435360299834 796405.036702437 6500.0 128.0 45193.0#45193.0#6500 45797.0#45797.0#128
47000 48000 3.9241601562243886 498.0379199218878 668.1338451647857 970.4798925781506 25.595947265625 9466.503805134418 809688.4349024885 6500.0 0.0 45193.0#45193.0#6500_47141.0#47141.0#6500 -
48000 49000 3.5608789062243886 498.2195605468878 673.0235161780494 974.1190527344006 22.320068359375 10365.846570641652 928739.2260011113 6500.0 0.0 47141.0#47141.0#6500 -
49000 50000 0.6401386717916466 499.6799306641042 675.5372932148198 977.3569316407084 22.0029296875 9724.831429288748 791122.0123552156 6500.0 128.0 47141.0#47141.0#6500_49215.0#49215.0#6500 49212.0#49212.0#128
50000 51000 1.6330429688096046 499.1834785155952 676.4531249357553 977.5080703124986 20.858886718691792 11063.621989843745 942453.0699237556 6500.0 128.0 49215.0#49215.0#6500 50646.0#50646.0#128
51000 52000 2.1249726561945863 498.9375136719027 676.4899055369194 977.2881132813054 20.5869140625 12010.616122477288 926823.4438195949 6500.0 128.0 49215.0#49215.0#6500_51085.0#51085.0#6500 51249.0#51249.0#128
52000 53000 3.196818359370809 498.4015908203146 680.206311004531 979.3800859375042 17.423095703125 9959.462788293857 801051.3446500167 6500.0 0.0 51085.0#51085.0#6500 -
53000 54000 2.9628378906054422 498.5185810546973 683.8137267341996 982.0479042968946 14.9892578125 12877.743510815704 915461.0975005747 5100.0 128.0 51085.0#51085.0#6500_53166.0#53166.0#6500_53452.0#53452.0#2300 53802.0#53802.0#128
54000 55000 34.54825781250838 965.4517421874916  965.4517421874916 965.4517421874916 8747.19419715369 701966.519346388 2300.0 0.0 53452.0#53452.0#2300_54001.0#54001.0#2300 -
55000 56000 7.562744140625 992.437255859375  992.437255859375 992.437255859375 9515.632006909247 759246.5891382411 2300.0 128.0 55078.0#55078.0#2300_55737.0#55737.0#2300 55071.0#55071.0#128_55290.0#55290.0#128
56000 57000 4.503343750024214 497.7483281249879 696.1983636450419 990.034912109375 5.461744140600786 5561.193585430933 418093.2131034087 2300.0 0.0 55737.0#55737.0#2300 -
57000 58000 17.49502343754284 491.2524882812286 692.658327457664 981.035888671875 1.4690878905821592 9652.20206645376 580663.8951499753 4400.0 128.0 57333.0#57333.0#4400 57314.0#57314.0#128
58000 59000 2.7828886719071306 498.60855566404643 680.5428220167972 979.8249999999534 17.392111328139435 10424.972341206061 852827.3026083747 4400.0 0.0 57333.0#57333.0#4400 -
59000 60000 960.9940000000643 39.00599999993574  39.00599999993574 39.00599999993574 47.0 3618.0 0.0 0.0 - -
60000 61000 960.927978515625 39.072021484375  39.072021484375 39.072021484375 462.26785399431355 32070.12092146263 0.0 0.0 - -
61000 62000 4.387019531277474 497.80649023436126 653.0194598139727 959.5609785155975 36.052001953125 11796.340346933395 822111.6757921956 4400.0 128.0 61095.0#61095.0#4400 61091.0#61091.0#128_61222.0#61222.0#128
62000 63000 5.074988281237893 497.46250585938105 654.9201683661018 960.5609980468871 34.364013671875 12270.964482254525 951074.7639639056 4400.0 0.0 61095.0#61095.0#4400_62046.0#62046.0#4400 -
63000 64000 1.7930097656790167 499.1034951171605 657.9621403576517 964.352986328071 33.85400390625 13081.168266715715 912221.9584341563 4400.0 128.0 62046.0#62046.0#4400_63316.0#63316.0#4400 63308.0#63308.0#128
64000 65000 2.339007812552154 498.8304960937239 659.6379958587588 965.264996093756 32.39599609369179 12088.370324717647 733710.5646227511 4400.0 128.0 63316.0#63316.0#4400_64646.0#64646.0#4400 64789.0#64789.0#128
65000 66000 2.6580058593535796 498.6709970703232 660.516939255219 965.7270039062714 31.614990234375 13027.664035910017 982876.8069733204 4400.0 128.0 64646.0#64646.0#4400 64789.0#64789.0#128
66000 67000 4.388955078145955 497.805522460927 662.0209277574141 965.925009765604 29.68603515625 2978.171070751162 55770.84575829581 4400.0 128.0 64646.0#64646.0#4400_66799.0#66799.0#4400 66797.0#66797.0#128
67000 68000 2.7429316406487487 498.6285341796756 663.7928572491256 968.0009648437263 29.256103515625 10785.782615788092 954902.3758215577 4400.0 0.0 66799.0#66799.0#4400 -
68000 69000 1.0021660156198777 499.49891699219006 666.3250756859717 970.6618964843801 28.3359375 4433.833460399833 159494.47317766657 4400.0 128.0 66799.0#66799.0#4400_68794.0#68794.0#4400 68794.0#68794.0#128
69000 70000 2.698652343766298 498.65067382811685 667.7681521870405 970.8340624999837 26.46728515625 10259.83453327604 964300.9553332995 4400.0 0.0 68794.0#68794.0#4400 -
70000 71000 19.1171875 490.44140625 667.4611545964467 962.40771484375 18.47509765625 5037.702942623175 274603.41809567326 4400.0 128.0 68794.0#68794.0#4400_70804.0#70804.0#4400 70802.0#70802.0#128
71000 72000 0.77010351564968 499.61494824217516 681.5037939431347 981.5109023437253 17.718994140625 10036.028760262387 978363.6038548292 4400.0 128.0 70804.0#70804.0#4400 70802.0#70802.0#128
72000 73000 36.55299414059846 963.4470058594015  963.4470058594015 963.4470058594015 5226.871306373698 115248.43725088637 4400.0 128.0 70804.0#70804.0#4400_72803.0#72803.0#4400 72799.0#72799.0#128
73000 74000 4.866699218808208 995.1333007811918  995.1333007811918 995.1333007811918 10816.904428558248 987550.613933766 4400.0 0.0 72803.0#72803.0#4400 -
74000 75000 0.9153066405560821 499.54234667972196 700.4623073049465 994.843994140625 4.240699218818918 10800.595536111417 639281.2150922583 5450.0 128.0 72803.0#72803.0#4400_74302.0#74302.0#6500 74296.0#74296.0#128
75000 76000 1.9960039062425494 499.0019980468787 698.9580715916051 993.239990234375 4.764005859382451 10135.422174329547 928169.7091972398 6500.0 0.0 74302.0#74302.0#6500 -
76000 77000 1.1299863281310536 499.4350068359345 697.7998375893707 992.85400390625 6.016009765618946 9026.850080182348 681110.0451425092 6500.0 128.0 74302.0#74302.0#6500_76407.0#76407.0#6500 76793.0#76793.0#128
77000 78000 0.4869335937546566 499.7565332031227 697.0171270063814 992.6220703125 6.890996093745343 11186.76424645222 934752.1000411771 6500.0 128.0 76407.0#76407.0#6500 76793.0#76793.0#128
78000 79000 2.592953125014901 498.70352343749255 695.49834174234 990.4951171875 6.911929687485099 8645.164797730198 684374.3490917912 6500.0 128.0 76407.0#76407.0#6500_78591.0#78591.0#6500 78292.0#78292.0#128
79000 80000 2.0721347656217404 498.96393261718913 694.4750960818933 990.031982421875 7.89588281250326 10679.791602568199 934334.9442909415 6500.0 0.0 78591.0#78591.0#6500 -
80000 81000 3.258998046920169 498.3705009765399 691.1452363367007 987.083984375 9.65701757807983 9741.174110496513 783845.6852618884 6500.0 128.0 78591.0#78591.0#6500_80450.0#80450.0#6500 80294.0#80294.0#128
81000 82000 1.3558652343926951 499.32206738280365 688.8634994285475 986.422119140625 12.222015624982305 9701.105055112814 925717.1533567567 6500.0 0.0 80450.0#80450.0#6500 -
82000 83000 2.6298203124897555 498.6850898437551 689.6358823855205 986.331298828125 11.038880859385245 11160.21504277479 912884.1737637775 6500.0 128.0 80450.0#80450.0#6500_82093.0#82093.0#6500 82348.0#82348.0#128
83000 84000 0.7032089843414724 499.64839550782926 688.1827572341467 986.26708984375 13.029701171908528 12843.559139575327 805992.961910706 6500.0 0.0 82093.0#82093.0#6500 -
84000 85000 4.4591054688207805 497.7704472655896 688.6350832222428 984.708984375 10.83191015617922 12087.958113114384 921828.7271002365 6500.0 128.0 82093.0#82093.0#6500_84243.0#84243.0#6500 84302.0#84302.0#128
85000 86000 2.0656835937988944 498.96715820310055 685.774985447582 983.8833007811918 14.051015625009313 11012.037973028582 933961.7318238264 6500.0 0.0 84243.0#84243.0#6500_85990.0#85990.0#6500 -
86000 87000 4.245414062577765 497.8772929687111 687.1049842496178 983.7338867186918 12.020699218730442 11158.677785897391 870224.0523140217 6500.0 128.0 84243.0#84243.0#6500_85990.0#85990.0#6500 86291.0#86291.0#128
87000 88000 1.0248730469029397 499.48756347654853 683.9510849885869 983.114013671875 15.86111328122206 11922.164819698512 928962.039557847 6500.0 128.0 85990.0#85990.0#6500_87899.0#87899.0#6500 87793.0#87793.0#128
88000 89000 6.251087890705094 496.87445605464745 687.3423967324708 982.8989257811918 10.849986328103114 11283.499345927987 801250.3495648545 6500.0 128.0 85990.0#85990.0#6500_87899.0#87899.0#6500 87793.0#87793.0#128
89000 90000 1.8748300781007856 499.0625849609496 682.337552940094 981.548095703125 16.577074218774214 10673.790328099522 939199.8742791773 6500.0 128.0 87899.0#87899.0#6500 89793.0#89793.0#128
90000 91000 3.022160156222526 498.48891992188874 682.4217055523926 981.033935546875 15.943904296902474 10832.287394126406 856807.4022960133 6500.0 128.0 87899.0#87899.0#6500_90105.0#90105.0#6500 89793.0#89793.0#128
91000 92000 1.902001953101717 499.04899902344914 679.0812184893497 979.2319335936918 18.86606445320649 11250.129743043404 943407.9483549107 6500.0 128.0 90105.0#90105.0#6500_91978.0#91978.0#6500 91790.0#91790.0#128
92000 93000 7.9319335937616415 496.0340332031192 681.0724767605197 977.625 14.443066406238358 10947.326565720898 907206.7506939893 6500.0 128.0 90105.0#90105.0#6500_91978.0#91978.0#6500 91790.0#91790.0#128
93000 94000 200.56500000000233 399.71749999999884 536.2379630467523 778.8950000000186 20.539999999979045 7558.581717451297 687800.1729323121 6500.0 0.0 91978.0#91978.0#6500 -
94000 95000 960.812744140625 39.187255859375  39.187255859375 39.187255859375 369.2773329476908 25074.78841096779 0.0 0.0 - -
95000 96000 3.949138671858236 498.0254306640709 649.1668948589398 957.0557441406418 38.9951171875 9458.410527020378 649406.5667835528 6500.0 128.0 95175.0#95175.0#6500 95172.0#95172.0#128_95790.0#95790.0#128
96000 97000 1.3271679687895812 499.3364160156052 651.3351010777656 959.8998828125186 38.77294921869179 11183.35352161313 947361.7145678942 6500.0 128.0 95175.0#95175.0#6500_96851.0#96851.0#6500 95790.0#95790.0#128
97000 98000 2.984039062575903 498.50798046871205 651.8111303345969 959.4080507811741 37.60791015625 9312.862087806929 929061.1516797995 6500.0 0.0 95175.0#95175.0#6500_96851.0#96851.0#6500 -
98000 99000 107.16782031249022 446.4160898437549 580.9221618702527 857.1900898437598 35.64208984375 9541.206050017032 771349.0283942717 6500.0 0.0 96851.0#96851.0#6500 -
99000 100000 3.0648398437770084 498.4675800781115 655.3979432928796 961.903910156223 35.03125 9421.364729850242 656351.1546644807 6500.0 128.0 99196.0#99196.0#6500 99190.0#99190.0#128_99290.0#99290.0#128
100000 101000 1.6091542968642898 499.19542285156786 658.5247653361093 964.8427500000107 33.548095703125 10811.256055022153 835913.2212183808 6500.0 0.0 99196.0#99196.0#6500 -
101000 102000 0.9061718750162981 499.54691406249185 659.1295722723494 965.6219042968587 33.471923828125 12315.959029388778 942505.4710872599 6500.0 128.0 99196.0#99196.0#6500_101259.0#101259.0#6500 101222.0#101222.0#128
102000 103000 5.45497070311103 497.2725146484445 656.0473946311378 961.168076171889 33.376953125 11219.713133040352 920107.7825107197 4750.0 0.0 101259.0#101259.0#6500_102862.0#102862.0#3000 -
103000 104000 36.42395312502049 963.5760468749795  963.5760468749795 963.5760468749795 9971.597533293312 808227.1206826726 4750.0 0.0 101259.0#101259.0#6500_102862.0#102862.0#3000 -
104000 105000 961.943115234375 38.056884765625  38.056884765625 38.056884765625 358.33808508440296 20622.911517230645 0.0 0.0 - -
105000 106000 4.975791015604045 497.512104492198 654.2731919016131 960.153115234396 34.87109375 9469.573107087896 553364.7431381481 3000.0 128.0 105189.0#105189.0#3000 105187.0#105187.0#128_105322.0#105322.0#128
106000 107000 1.5031445313361473 499.2484277343319 658.6352880595177 964.9739062499721 33.52294921869179 12293.861737606827 944296.2310670547 3000.0 0.0 105189.0#105189.0#3000_106207.0#106207.0#3000 -
107000 108000 3.393863281235099 498.30306835938245 658.5143783241957 963.9430507812649 32.6630859375 12399.581674494648 861477.7585113529 3700.0 128.0 106207.0#106207.0#3000_107172.0#107172.0#4400 107285.0#107285.0#128
108000 109000 37.72808593750233 962.2719140624977  962.2719140624977 962.2719140624977 5460.645395726228 455449.3557662137 4400.0 0.0 107172.0#107172.0#4400 -
109000 110000 5.030029296875 994.969970703125  994.969970703125 994.969970703125 7481.224097061334 610941.0968775346 4400.0 128.0 109262.0#109262.0#4400 109257.0#109257.0#128
110000 111000 1.092669921927154 499.4536650390364 699.2290965057454 993.8833007811918 5.024029296881054 5461.988729298323 328423.2798056345 4400.0 0.0 109262.0#109262.0#4400 -
111000 112000 51.68330859369598 474.158345703152 663.1016120331167 943.0419921875 5.274699218804017 6820.498124163016 568812.78591389 4400.0 128.0 111302.0#111302.0#4400 111296.0#111296.0#128
112000 113000 2.232720703119412 498.8836396484403 625.7465542806091 941.353271484375 56.41400781250559 7456.731933758476 545877.1472789579 4400.0 0.0 111302.0#111302.0#4400 -
113000 114000 6.11518750002142 496.9424062499893 626.2048243850298 939.736083984375 54.14872851560358 10607.97328105917 784055.9064026918 4400.0 128.0 113112.0#113112.0#4400 113108.0#113108.0#128
114000 115000 5.847179687523749 497.0764101562381 622.7849963504422 937.451904296875 56.70091601560125 6666.8556160184535 457546.36502096936 4400.0 0.0 113112.0#113112.0#4400 -
115000 116000 144.0699394530384 427.9650302734808 600.4735718384411 852.56396484375 3.366095703211613 8407.606080550098 706462.3440537446 4400.0 128.0 115179.0#115179.0#4400 115177.0#115177.0#128
116000 117000 1.3919707032036968 499.30401464839815 498.92037366723326 852.093994140625 146.5140351561713 9281.494182802235 563348.0317415763 4400.0 128.0 115179.0#115179.0#4400_116791.0#116791.0#4400 116790.0#116790.0#128
117000 118000 5.381695312506054 497.309152343747 499.24870737626884 850.331298828125 144.28700585936895 11275.09070375776 886345.4898834853 4400.0 0.0 116791.0#116791.0#4400 -
118000 119000 2.0639902343973517 498.9680048828013 496.5633381731886 850.0913085936918 147.84470117191086 4971.0051113697355 236075.30672507518 4400.0 0.0 116791.0#116791.0#4400 -
119000 120000 49.50920703122392 475.24539648438804 478.2993376341082 813.4541015625 137.03669140627608 9854.513349475023 806285.3114420602 4400.0 128.0 119095.0#119095.0#4400 119094.0#119094.0#128
120000 121000 1.5922207031399012 499.20388964843005 442.29386498902227 811.952880859375 186.4548984374851 7104.122615459134 433910.2479784405 4400.0 0.0 119095.0#119095.0#4400 -
121000 122000 101.01591210940387 449.49204394529806 457.3933292818703 772.91796875 126.06611914059613 8587.854303737378 794630.1227291432 4400.0 128.0 121086.0#121086.0#4400 121082.0#121082.0#128
122000 123000 4.06100585940294 497.96949707029853 383.31193114215176 769.011962890625 226.92703124997206 10303.620547398255 770744.1022695589 4400.0 128.0 121086.0#121086.0#4400_122429.0#122429.0#4400 122300.0#122300.0#128
123000 124000 99.0349628906115 450.48251855469425 310.4276288752043 669.9880000000121 230.9770371093764 10237.421324091607 657308.4618772377 4400.0 0.0 122429.0#122429.0#4400 -
124000 125000 1000.0 0.0 0.0 0.0 0.0 0.0 0.0 0.0 0.0 - -
125000 126000 427.945068359375 572.054931640625  572.054931640625 572.054931640625 5199.072492595093 483659.81535537314 4400.0 0.0 125459.0#125459.0#4400 -
126000 127000 232.82593164063292 383.58703417968354 60.799917810955634 426.579068359395 340.59499999997206 6675.9275074049065 621045.1846446268 4400.0 0.0 125459.0#125459.0#4400 -
127000 128000 662.068115234375 337.931884765625  337.931884765625 337.931884765625 4228.859969308311 219033.64999305888 8000.0 128.0 127972.0#127972.0#8000 127665.0#127665.0#128_127959.0#127959.0#128
128000 129000 3.403623046935536 498.29818847653223 231.16017425763886 661.7531152343727 334.8432617186918 12498.344241415909 763287.2683850749 8000.0 128.0 127972.0#127972.0#8000_128296.0#128296.0#8000 127959.0#127959.0#128_128107.0#128107.0#128
129000 130000 3.2791933593689464 498.3604033203155 232.34161986858075 662.650738281256 334.070068359375 12595.64390957713 978654.8932558482 8000.0 0.0 127972.0#127972.0#8000_128296.0#128296.0#8000 -
130000 131000 2.3129824218922295 498.8435087890539 233.24684084459693 663.7739316406078 333.9130859375 12226.267027149699 942204.211159525 8000.0 128.0 127972.0#127972.0#8000_128296.0#128296.0#8000 130124.0#130124.0#128
131000 132000 1.6749999999883585 499.1625000000058 235.11217610377608 665.4119140625116 332.9130859375 11073.997538324333 939764.5681847761 8000.0 0.0 127972.0#127972.0#8000_128296.0#128296.0#8000 -
132000 133000 3.111968750017695 498.44401562499115 238.39949343240468 667.0179140624823 329.8701171875 11725.2450346254 890885.5590196128 6800.0 128.0 127972.0#127972.0#8000_128296.0#128296.0#8000_132935.0#132935.0#4400 132962.0#132962.0#128
133000 134000 1.9208164063165896 499.0395917968417 239.93022769624878 668.6958828124916 329.3833007811918 13321.512694967598 822459.1768466907 4400.0 128.0 132935.0#132935.0#4400 132962.0#132962.0#128
134000 135000 4.6522773436736315 497.6738613281632 242.961660758475 669.4736992188264 325.8740234375 11370.801446185353 910321.966405652 4400.0 128.0 132935.0#132935.0#4400_134075.0#134075.0#4400 134303.0#134303.0#128
135000 136000 1.8350761718465947 499.0824619140767 244.99342851408574 672.3189765625284 325.845947265625 11039.001985074447 909938.1936054174 4400.0 0.0 134075.0#134075.0#4400_135465.0#135465.0#4400 -
136000 137000 2.074828124954365 498.9625859375228 246.30716524121385 673.1280527344206 324.797119140625 11744.071938491466 901624.6488188206 4400.0 128.0 135465.0#135465.0#4400_136734.0#136734.0#4400 136292.0#136292.0#128
137000 138000 1.9252343749976717 499.03738281250116 248.52045366047096 674.7678808593773 323.306884765625 11224.106286602415 779296.9550377285 4400.0 0.0 136734.0#136734.0#4400 -
138000 139000 831.1037636718829 84.44811816405854 66.78481712637996 131.6721152344253 37.22412109369179 2112.676778730939 118568.42674808962 4400.0 0.0 136734.0#136734.0#4400 -
139000 140000 3.8002050781506114 498.0998974609247 656.6702424577646 962.4358789062244 33.763916015625 12407.529159167423 660125.1846989754 6500.0 128.0 139188.0#139188.0#6500 139181.0#139181.0#128_139789.0#139789.0#128
140000 141000 0.7328164062346332 499.6335917968827 659.1741227617224 965.7400839843904 33.527099609375 11689.240356848764 926509.196828827 6500.0 128.0 139188.0#139188.0#6500 139789.0#139789.0#128
141000 142000 6.31603124999674 496.84198437500163 660.1151741641745 963.6139003906283 30.070068359375 9873.63486542633 851393.3689625547 6500.0 128.0 139188.0#139188.0#6500_141060.0#141060.0#6500 141794.0#141794.0#128
142000 143000 5.040091796894558 497.4799541015527 661.6454402459258 965.3339316406054 29.6259765625 10689.251925080503 948272.8508147388 6500.0 128.0 141060.0#141060.0#6500_142981.0#142981.0#6500 141794.0#141794.0#128
143000 144000 2.5876796874799766 498.70616015626 663.5162832040253 967.88302343752 29.529296875 10828.200737582687 808197.7688250723 6500.0 128.0 141060.0#141060.0#6500_142981.0#142981.0#6500 143789.0#143789.0#128
144000 145000 1.6110214843647555 499.1944892578176 664.6622919929282 969.1817031250102 29.207275390625 10286.202398811318 791588.9993575314 6500.0 128.0 142981.0#142981.0#6500_144885.0#144885.0#6500 143789.0#143789.0#128
145000 146000 1.8432988281128928 499.07835058594355 665.4969044898704 969.6557246093871 28.5009765625 12293.73119542518 887965.5939049784 6500.0 128.0 142981.0#142981.0#6500_144885.0#144885.0#6500 145800.0#145800.0#128
146000 147000 0.8730507813161239 499.56347460934194 667.3879552339502 971.4780234374921 27.648925781191792 10165.916878409975 930919.5147338302 6500.0 128.0 144885.0#144885.0#6500 145800.0#145800.0#128
147000 148000 2.7859687500749715 498.6070156249625 668.7477353848449 971.4830742187332 25.730957031191792 10997.524938970504 814053.3394984859 6500.0 128.0 144885.0#144885.0#6500_147003.0#147003.0#6500 147223.0#147223.0#128
148000 149000 3.383839843678288 498.30808007816086 671.8404851011189 973.3710429688217 23.2451171875 11859.712065178572 931644.965563293 6500.0 0.0 147003.0#147003.0#6500_148921.0#148921.0#6500 -
149000 150000 1.490207031252794 499.2548964843736 673.373525748309 975.4018828124972 23.10791015625 9353.990265559629 882985.0952713974 6500.0 0.0 147003.0#147003.0#6500_148921.0#148921.0#6500 -
150000 151000 36.84491015627282 963.1550898437272  963.1550898437272 963.1550898437272 9522.536363086114 705546.6040800202 6500.0 0.0 148921.0#148921.0#6500 -
151000 152000 5.761962890625 994.238037109375  994.238037109375 994.238037109375 10802.562677864404 781679.7681473565 6500.0 128.0 151098.0#151098.0#6500 151097.0#151097.0#128_151289.0#151289.0#128
152000 153000 3.879113281262107 498.06044335936895 698.3195375953923 991.846923828125 4.273962890612893 11090.265729303082 814507.1025604286 6500.0 0.0 151098.0#151098.0#6500 -
153000 154000 1.2416367187397555 499.3791816406301 695.2841049604378 991.019287109375 7.7390761718852445 12950.022424404704 831893.4321397332 6500.0 128.0 151098.0#151098.0#6500_153100.0#153100.0#6500 153312.0#153312.0#128
154000 155000 1.2010019531007856 499.3994990234496 694.4747231935369 990.46728515625 8.331712890649214 12153.894495830891 951512.7703635928 6500.0 0.0 153100.0#153100.0#6500 -
155000 156000 2.8861992187448777 498.55690039062756 693.2915912986282 988.7880859375 8.325714843755122 10773.663535095842 928115.8506841387 5450.0 128.0 153100.0#153100.0#6500_155004.0#155004.0#4400 155298.0#155298.0#128
156000 157000 2.2209921875037253 498.88950390624814 691.7011728030886 987.99609375 9.782914062496275 10292.973831228268 909050.8754475851 4400.0 0.0 155004.0#155004.0#4400_156310.0#156310.0#4400 -
157000 158000 1.8418417968787253 499.07907910156064 690.4956731319397 987.333251953125 10.824906249996275 8416.967690028134 617499.2488443122 4400.0 128.0 156310.0#156310.0#4400_157350.0#157350.0#4400 157252.0#157252.0#128
158000 159000 1.4192910155979916 499.290354492201 690.0225247826849 987.2099609375 11.370748046902008 13902.249125265358 810277.2510047447 4400.0 128.0 157350.0#157350.0#4400_158398.0#158398.0#4400_158843.0#158843.0#4400 158532.0#158532.0#128
159000 160000 2.3229765624855645 498.8385117187572 690.6601458930173 987.208984375 10.468039062514435 11206.337682240672 984099.7493329451 4400.0 128.0 158843.0#158843.0#4400 159042.0#159042.0#128
160000 161000 3.769734375004191 498.1151328124979 689.6640368363926 985.78125 10.449015624995809 5602.242668715288 285843.0132492194 4400.0 128.0 158843.0#158843.0#4400_160822.0#160822.0#4400 160814.0#160814.0#128
161000 162000 1.8101542968652211 499.0949228515674 687.064791029613 984.923095703125 13.266750000009779 12197.971468146006 970267.2937402605 4400.0 128.0 160822.0#160822.0#4400 160814.0#160814.0#128
162000 163000 2.89008398441365 498.5549580077932 685.5499998139758 983.3120117186918 13.797904296894558 4541.667829096964 215605.31688436912 4400.0 128.0 160822.0#160822.0#4400_162803.0#162803.0#4400 162801.0#162801.0#128
163000 164000 3.6230937500367872 498.1884531249816 685.7202868710585 983.0659179686918 13.31098828127142 8703.686302469203 834610.9909492119 4400.0 0.0 162803.0#162803.0#4400 -
164000 165000 5.6000019531929865 497.1999990234035 681.034222559911 978.763916015625 15.636082031182013 5761.971951147191 325770.0241094946 4400.0 128.0 162803.0#162803.0#4400_164803.0#164803.0#4400 164801.0#164801.0#128
165000 166000 4.351994140597526 497.82400292970124 675.5994026017795 975.544921875 20.103083984402474 9785.669942884402 930396.6218236462 4400.0 0.0 164803.0#164803.0#4400 -
166000 167000 3.3469628906459548 498.326518554677 670.8059561156447 972.657958984375 23.995078124979045 1783.7140110892663 57604.504302873145 4400.0 0.0 164803.0#164803.0#4400 -
167000 168000 61.23604296875419 469.3819785156229 655.6745739618182 933.013916015625 5.750041015620809 9779.881033256735 751743.713902037 4400.0 128.0 167109.0#167109.0#4400 167106.0#167106.0#128
168000 169000 2.048992187483236 498.9755039062584 612.172632817203 931.846923828125 66.10408398439176 5876.639231423546 424530.2607653407 4400.0 0.0 167109.0#167109.0#4400 -
169000 170000 201.07397070311708 399.46301464844146 562.7352884508424 797.376953125 1.5490761718829162 8854.361938672206 641813.1996616366 4400.0 128.0 169253.0#169253.0#4400 169248.0#169248.0#128
170000 171000 3.55284179688897 498.2235791015555 418.24027161825194 793.964111328125 202.48304687498603 11489.315250661732 858431.6199406951 4400.0 128.0 169253.0#169253.0#4400_170515.0#170515.0#4400 170285.0#170285.0#128
171000 172000 41.803111328103114 479.09844433594844 389.285696287817 754.3649999999907 203.8318886719062 11358.9411811761 835814.3921463788 4400.0 0.0 170515.0#170515.0#4400 -
172000 173000 960.668701171875 39.331298828125  39.331298828125 39.331298828125 352.3398401677203 23865.537944957665 0.0 0.0 - -
173000 174000 4.562374999979511 497.71881250001024 652.3016055621732 958.9657011718955 36.471923828125 9075.894615820473 615954.8329314528 4400.0 128.0 173213.0#173213.0#4400 173210.0#173210.0#128
174000 175000 1.5210195312392898 499.23949023438036 655.7179173978008 962.9020761718857 35.576904296875 13220.709387334278 930450.3937155957 4400.0 128.0 173213.0#173213.0#4400_174441.0#174441.0#4400 174292.0#174292.0#128
175000 176000 165.2119042968843 834.7880957031157  834.7880957031157 834.7880957031157 9619.056156677529 725652.2354079939 4400.0 0.0 174441.0#174441.0#4400 -
176000 177000 292.575927734375 707.424072265625  707.424072265625 707.424072265625 10432.947838220498 612780.8651074473 6500.0 128.0 176293.0#176293.0#6500 176291.0#176291.0#128
177000 178000 4.670960937452037 497.664519531274 290.6910204593602 703.214111328125 292.11492773442296 13555.474521912449 858244.8390620111 6500.0 0.0 176293.0#176293.0#6500 -
178000 179000 0.9191718749934807 499.54041406250326 286.869721501238 702.387939453125 296.6928886718815 11970.386004691212 943674.418618062 6500.0 128.0 176293.0#176293.0#6500_178084.0#178084.0#6500 178288.0#178288.0#128
179000 180000 2.3750097656156868 498.81249511719216 286.4707848373291 701.3779296875 296.2470605468843 9630.104683288862 789447.4158429903 6500.0 0.0 178084.0#178084.0#6500 -
180000 181000 3.1570273437537253 498.42148632812314 286.8780521030111 701.27490234375 295.5680703124963 11026.64076835765 909672.0379048573 6500.0 128.0 178084.0#178084.0#6500_180110.0#180110.0#6500 180285.0#180285.0#128
181000 182000 4.671923828194849 497.6640380859026 287.10506790651704 700.677978515625 294.65009765618015 11367.903975953384 894692.4031943759 6500.0 0.0 180110.0#180110.0#6500_181995.0#181995.0#6500 -
182000 183000 3.3948574219248258 498.3025712890376 281.84788366790696 697.5991210936918 299.0060214843834 12127.17541237953 933481.6725572222 6500.0 128.0 180110.0#180110.0#6500_181995.0#181995.0#6500 182285.0#182285.0#128
183000 184000 5.864041015563998 497.067979492218 282.57981100197145 696.882080078125 297.253878906311 11682.504844137358 834668.5805692708 6500.0 128.0 181995.0#181995.0#6500 183784.0#183784.0#128
184000 185000 2.7377910156501457 498.6311044921749 279.5761401673941 696.3212890625 300.94091992184985 10692.045510988639 869170.3813394213 6500.0 128.0 181995.0#181995.0#6500_184017.0#184017.0#6500 183784.0#183784.0#128
185000 186000 3.9089941406273283 498.04550292968634 280.2713780507569 696.227294921875 299.8637109374977 13627.82546139005 955316.2620522281 6500.0 128.0 184017.0#184017.0#6500_185814.0#185814.0#6500 185789.0#185789.0#128
186000 187000 2.123974609421566 498.9380126952892 276.7832423962818 694.6533203125 303.22270507807843 13142.13982848106 949320.2042031217 6500.0 128.0 185814.0#185814.0#6500 185789.0#185789.0#128
187000 188000 299.49132031254703 350.2543398437265 68.88161937083143 398.96099999995204 301.54767968750093 7991.8511501993025 603883.9195489923 6500.0 0.0 185814.0#185814.0#6500 -
188000 189000 959.925048828125 40.074951171875  40.074951171875 40.074951171875 412.3157562788166 26114.57374955346 0.0 0.0 - -
189000 190000 1.1779960937565193 499.41100195312174 651.043179224647 959.7680488281185 39.053955078125 10322.698288318197 662754.3922775417 6500.0 128.0 189173.0#189173.0#6500 189170.0#189170.0#128_189786.0#189786.0#128
190000 191000 0.5119804687565193 499.74400976562174 651.6625881921512 960.5390449218685 38.948974609375 11491.461876983158 953780.6859394856 6500.0 128.0 189173.0#189173.0#6500 189786.0#189786.0#128
191000 192000 4.4509785156697035 497.77451074216515 651.2503159362659 958.2780253905803 37.27099609375 12091.115608613269 913484.1270657904 6500.0 128.0 189173.0#189173.0#6500_191024.0#191024.0#6500 191789.0#191789.0#128
192000 193000 5.0038867187686265 497.4980566406157 652.0740000426794 958.5840039062314 36.412109375 12379.743927881165 941267.6930562695 6500.0 128.0 191024.0#191024.0#6500_192931.0#192931.0#6500 191789.0#191789.0#128
193000 194000 4.209115234320052 497.89544238284 652.9090945323807 959.571890625055 36.218994140625 10321.672940534725 892745.6713903068 6500.0 128.0 191024.0#191024.0#6500_192931.0#192931.0#6500 193788.0#193788.0#128
194000 195000 4.455095703131519 497.77245214843424 652.9799543657925 959.4990058593685 36.0458984375 8971.324697278575 792161.3788407646 6500.0 128.0 192931.0#192931.0#6500_194763.0#194763.0#6500 193788.0#193788.0#128
195000 196000 1.8796406249748543 499.0601796875126 656.2953916186278 963.1311015625251 34.9892578125 10037.269416392443 942702.579503983 6500.0 128.0 194763.0#194763.0#6500 195293.0#195293.0#128
196000 197000 4.148279296932742 497.92586035153363 655.6617673188408 961.5487421874423 34.302978515625 10911.11696229423 898927.422817543 6500.0 0.0 194763.0#194763.0#6500_196551.0#196551.0#6500 -
197000 198000 3.3320917969103903 498.3339541015448 659.3418134110585 964.5590214843396 32.10888671875 11425.709051162306 918032.3367718038 6500.0 128.0 196551.0#196551.0#6500 197135.0#197135.0#128
198000 199000 1.6129492187174037 499.1935253906413 661.1202159682174 966.6761132812826 31.7109375 8474.42675685046 693629.9227702583 6500.0 0.0 196551.0#196551.0#6500_198548.0#198548.0#6500 -
199000 200000 1.8119062499608845 499.09404687501956 662.9296000222514 967.8560625000391 30.33203125 10471.030202488102 920357.2493278462 6500.0 128.0 198548.0#198548.0#6500 199291.0#199291.0#128
200000 201000 5.746960937511176 497.1265195312444 668.2222003667778 969.6309687499888 24.6220703125 10221.681856032192 904355.6821785902 6500.0 0.0 198548.0#198548.0#6500_200430.0#200430.0#6500 -
201000 202000 3.4031113281380385 498.298444335931 673.0107785884852 974.188929687487 22.407958984375 10189.139429532333 908639.1371501538 6500.0 128.0 200430.0#200430.0#6500 201262.0#201262.0#128
202000 203000 5.427068359334953 497.2864658203325 673.6232601192801 973.610041015665 20.962890625 10443.924804359125 915243.8195409125 6500.0 0.0 200430.0#200430.0#6500_202221.0#202221.0#6500 -
203000 204000 0.46676953125279397 499.7666152343736 677.4683921667038 978.8091093749972 20.72412109375 9680.125321321819 802164.3999811665 6500.0 128.0 202221.0#202221.0#6500 203294.0#203294.0#128
204000 205000 2.7952226562192664 498.60238867189037 676.6043021558459 977.0338789062807 20.1708984375 10517.714909643113 841925.6384549212 6500.0 0.0 202221.0#202221.0#6500_204109.0#204109.0#6500 -
205000 206000 1.4889023437863216 499.25554882810684 678.8006642065116 979.2401015624637 19.27099609375 10123.451869008722 914833.2099220097 6500.0 128.0 204109.0#204109.0#6500 205229.0#205229.0#128
206000 207000 4.220888671930879 497.88955566403456 677.6267191754592 977.0440039061941 18.735107421875 10180.505788071036 884739.8343674482 6500.0 0.0 204109.0#204109.0#6500_206002.0#206002.0#6500 -
207000 208000 4.4630566405830905 497.76847167970845 681.5327383649009 979.6848925781669 15.85205078125 10438.164198015023 908850.021505961 6500.0 128.0 206002.0#206002.0#6500_207883.0#207883.0#6500 207225.0#207225.0#128
208000 209000 2.318761718692258 498.84061914065387 685.2138078284514 983.3599492188077 14.3212890625 10468.899117769732 886390.1903303423 6500.0 128.0 206002.0#206002.0#6500_207883.0#207883.0#6500 208802.0#208802.0#128
209000 210000 2.282171875005588 498.8589140624972 687.9990544831908 985.3477109374944 12.3701171875 9386.383052405661 797104.4717335828 6500.0 128.0 207883.0#207883.0#6500_209845.0#209845.0#6500 208802.0#208802.0#128
210000 211000 7.96099804691039 496.0195009765448 691.3345973229368 984.8668828124646 7.172119140625 10650.23734609384 912344.9706888836 6500.0 128.0 207883.0#207883.0#6500_209845.0#209845.0#6500 210790.0#210790.0#128
211000 212000 1.7711406250018626 499.11442968749907 697.4709680259206 992.3008808593731 5.927978515625 9900.730883929571 917410.3738974141 6500.0 128.0 209845.0#209845.0#6500_211592.0#211592.0#6500 210790.0#210790.0#128
212000 213000 3.070925781270489 498.46453710936476 697.292824073358 991.5250214843545 5.404052734375 10401.508690248958 917189.1970985491 6500.0 0.0 211592.0#211592.0#6500 -
213000 214000 1.8900488280924037 499.0549755859538 699.6128234685855 993.7559472656576 4.35400390625 10590.198310383716 919030.4423254331 6500.0 128.0 211592.0#211592.0#6500_213320.0#213320.0#6500 213242.0#213242.0#128
214000 215000 4.37809765629936 497.8109511718503 703.1215908968701 994.9929960937006 0.62890625 9958.624907769432 787004.4860417433 6500.0 128.0 213320.0#213320.0#6500 214789.0#214789.0#128
215000 216000 1.6699824219103903 499.1650087890448 705.7888542993009 998.2330937499646 0.096923828125 9803.951528607542 885631.087020059 6500.0 128.0 213320.0#213320.0#6500_215397.0#215397.0#6500 214789.0#214789.0#128
216000 217000 0.683923828182742 999.3160761718173  999.3160761718173 999.3160761718173 11624.872501732736 917575.0042516832 6500.0 128.0 215397.0#215397.0#6500 216787.0#216787.0#128
217000 218000 2.239990234375 997.760009765625  997.760009765625 997.760009765625 9744.94283056917 914306.3390005714 6500.0 128.0 215397.0#215397.0#6500_217176.0#217176.0#6500 216787.0#216787.0#128
218000 219000 2.886734375031665 498.55663281248417 702.016521104726 994.957275390625 2.155990234343335 11956.220702090908 915366.529820626 6500.0 128.0 217176.0#217176.0#6500_218971.0#218971.0#6500 218791.0#218791.0#128
219000 220000 3.5913691406603903 498.2043154296698 697.9845250418026 991.75390625 4.65472460933961 8340.409392408324 780579.4495126172 6500.0 128.0 217176.0#217176.0#6500_218971.0#218971.0#6500 218791.0#218791.0#128
220000 221000 2.7778613280970603 498.61106933595147 696.2667997042397 990.946044921875 6.27609375002794 11596.977498930262 940988.2862627598 6500.0 0.0 218971.0#218971.0#6500 -
221000 222000 4.063792968750931 497.96810351562453 697.0165773413419 990.833251953125 5.102955078124069 8329.955487343423 637948.053124197 6500.0 128.0 218971.0#218971.0#6500_221212.0#221212.0#6500 221207.0#221207.0#128
222000 223000 6.348210937459953 496.82589453127 694.4016937023491 987.842041015625 5.809748046915047 10926.333273262266 926644.2093236917 6500.0 128.0 221212.0#221212.0#6500 222300.0#222300.0#128
223000 224000 1.5720937500009313 499.21395312499953 689.7925562560068 986.970947265625 11.456958984374069 14349.702115376496 840632.5858777768 6500.0 0.0 221212.0#221212.0#6500_223253.0#223253.0#6500 -
224000 225000 2.233859375002794 498.8830703124986 690.0754321141131 986.840087890625 10.926052734372206 12624.620735280712 901393.7744291285 6500.0 0.0 223253.0#223253.0#6500 -
225000 226000 10.680164062534459 494.65991796873277 682.4457333723175 977.221923828125 12.097912109340541 12024.357852843685 712020.6703780981 6500.0 128.0 223253.0#223253.0#6500_225326.0#225326.0#6500 225204.0#225204.0#128
226000 227000 4.527996093733236 497.7360019531334 673.1160532537355 973.700927734375 21.771076171891764 11922.035265417802 924914.2569213349 6500.0 128.0 225326.0#225326.0#6500 226288.0#226288.0#128
227000 228000 2.6249374999897555 498.6875312500051 670.5881934673079 972.864990234375 24.510072265635245 10898.46149816477 901630.9000048123 6500.0 0.0 225326.0#225326.0#6500_227114.0#227114.0#6500 -
228000 229000 3.276976562454365 498.3615117187728 669.63366007967 971.864013671875 24.859009765670635 11614.269453549628 930185.1758363267 6500.0 128.0 227114.0#227114.0#6500 228317.0#228317.0#128
229000 230000 3.568968749954365 498.2155156250228 665.3599453640807 968.696044921875 27.734986328170635 9877.657628875877 888897.8339827078 6500.0 0.0 227114.0#227114.0#6500_229003.0#229003.0#6500 -
230000 231000 3.055078124976717 498.47246093751164 661.3477883420136 966.115966796875 30.828955078148283 13544.337287200486 803986.9637007993 6500.0 128.0 229003.0#229003.0#6500 230773.0#230773.0#128
231000 232000 2.306058593792841 498.8469707031036 658.9654489214877 964.805908203125 32.88803320308216 8814.036859786056 826678.2508879551 4750.0 0.0 229003.0#229003.0#6500_231002.0#231002.0#3000 -
232000 233000 2.187960937502794 498.9060195312486 656.9940214048319 963.470947265625 34.341091796872206 1141.9126755095058 28568.836795763084 3000.0 0.0 231002.0#231002.0#3000 -
233000 234000 163.3078652343247 418.34606738283765 577.4771583482883 826.68408203125 10.008052734425291 10037.029326976673 680212.2718496243 3000.0 128.0 233237.0#233237.0#3000 233233.0#233233.0#128
234000 235000 3.3750468749785796 498.3124765625107 461.5619129632361 824.68603515625 171.93891796877142 12096.945507838236 784057.478204282 3000.0 128.0 233237.0#233237.0#3000_234122.0#234122.0#3000 234252.0#234252.0#128
235000 236000 16.855046874959953 491.57247656252 458.722105838717 815.93798828125 167.20696484379005 5729.16983487257 338367.8465508466 3700.0 128.0 234122.0#234122.0#3000_235817.0#235817.0#4400 235806.0#235806.0#128
236000 237000 1.4238886719103903 499.2880556640448 446.6992148134973 815.152099609375 183.4240117187146 15417.751755052845 815844.696288055 4400.0 128.0 235817.0#235817.0#4400 235806.0#235806.0#128
237000 238000 5.326027343748137 497.33698632812593 448.78241077676756 814.674072265625 179.99990039062686 5777.093238311256 309078.0513956696 4400.0 128.0 235817.0#235817.0#4400_237805.0#237805.0#4400 237803.0#237803.0#128
238000 239000 2.2130996093619615 498.893450195319 445.1287002689532 813.64697265625 184.13992773438804 10761.1826473046 818717.2702844491 4400.0 128.0 237805.0#237805.0#4400 237803.0#237803.0#128
239000 240000 6.817080078180879 496.59145996090956 438.82825179038 806.889892578125 186.29302734369412 5014.116631779383 306844.2309421812 4400.0 128.0 237805.0#237805.0#4400_239804.0#239804.0#4400 239798.0#239798.0#128
240000 241000 10.815906250034459 494.59204687498277 429.9830627319779 798.635986328125 190.54810742184054 9484.571913992497 744335.8478769488 4400.0 0.0 239804.0#239804.0#4400 -
241000 242000 2.7429609375540167 498.628519531223 422.91703858021395 797.676025390625 199.58101367182098 9843.987855392792 706929.1565146502 4400.0 128.0 239804.0#239804.0#4400_241463.0#241463.0#4400 241791.0#241791.0#128
242000 243000 2.615771484328434 498.6921142578358 420.2945687350286 795.88525390625 201.49897460942157 9781.448962305543 647205.2083577455 4400.0 128.0 241463.0#241463.0#4400 241791.0#241791.0#128
243000 244000 800.918253906304 99.54087304684799 140.7720526733109 199.08174609369598 0.0 1964.47176956423 128503.82587638151 0.0 0.0 - -
244000 245000 922.780029296875 77.219970703125  77.219970703125 77.219970703125 961.053714987154 61814.75863363275 4400.0 128.0 244928.0#244928.0#4400 244919.0#244919.0#128
245000 246000 1.7589550780830905 499.12052246095845 598.5015532248296 922.3250292969169 75.916015625 12497.46334522194 802319.8411265864 4400.0 128.0 244928.0#244928.0#4400 244919.0#244919.0#128
246000 247000 583.6830937500345 208.15845312498277 242.52140668516796 379.64698437496554 36.669921875 5530.138946700386 350361.428068172 4400.0 0.0 244928.0#244928.0#4400 -
247000 248000 1.7278242188040167 499.136087890598 654.1246704750844 961.672078124946 36.60009765625 11847.599954635578 824077.0114303896 4400.0 128.0 247090.0#247090.0#4400 247087.0#247087.0#128_247300.0#247300.0#128
248000 249000 4.356164062512107 497.82191796874395 657.5597869317106 962.7869023437379 32.85693359375 10798.141863347048 789536.7495597982 4400.0 0.0 247090.0#247090.0#4400_248297.0#248297.0#4400 -
249000 250000 2.1098808593815193 498.94505957030924 661.9099396141366 966.9860664062435 30.904052734375 11303.291829014199 902886.9258206326 4400.0 128.0 248297.0#248297.0#4400_249680.0#249680.0#4400 249239.0#249239.0#128
250000 251000 2.027044921880588 498.9864775390597 664.3670831981792 968.7649472656194 29.2080078125 9251.071669546032 783053.3050145792 4400.0 0.0 249680.0#249680.0#4400 -
251000 252000 3.4430742186959833 498.278462890652 663.5087398110047 967.449992187554 29.10693359375 11046.352205306088 829257.1329653242 4400.0 128.0 249680.0#249680.0#4400_251089.0#251089.0#4400 251294.0#251294.0#128
252000 253000 36.321933593717404 963.6780664062826  963.6780664062826 963.6780664062826 7386.886471241578 502090.8473808848 4400.0 0.0 251089.0#251089.0#4400 -
253000 254000 5.742919921875 994.257080078125  994.257080078125 994.257080078125 8321.120567826296 659714.0289112709 4400.0 128.0 253195.0#253195.0#4400 253191.0#253191.0#128
254000 255000 32.42808007809799 483.785959960951 676.0860633196941 961.8510000000242 5.720919921877794 6944.879432173703 512081.9710887291 4400.0 0.0 253195.0#253195.0#4400 -
255000 256000 9.7470703125 990.2529296875  990.2529296875 990.2529296875 3695.6616277564285 187269.32585198805 4400.0 128.0 255621.0#255621.0#4400 255614.0#255614.0#128
256000 257000 2.2990410156780854 498.85047949216096 693.2268537393567 989.035888671875 8.665070312446915 14968.384507461064 940800.1128033613 4400.0 128.0 255621.0#255621.0#4400_256972.0#256972.0#4400 256796.0#256796.0#128
257000 258000 4.766849609324709 497.61657519533765 692.5028537351527 987.2900390625 7.943111328175291 9089.330072957271 905191.1753218634 4400.0 128.0 255621.0#255621.0#4400_256972.0#256972.0#4400 256796.0#256796.0#128
258000 259000 3.265011718729511 498.36749414063524 687.1105554776683 984.22802734375 12.506960937520489 4363.352591935908 318899.5696273275 4400.0 0.0 256972.0#256972.0#4400 -
259000 260000 148.1279570312472 425.9360214843764 596.7076827068489 847.8720703125 3.999972656252794 9127.931296762905 700030.4742492546 4400.0 128.0 259201.0#259201.0#4400 259194.0#259194.0#128
260000 261000 5.124996093800291 497.43750195309985 492.20086912705096 845.47607421875 149.3989296874497 11175.459528608748 760444.1226900066 4400.0 128.0 259201.0#259201.0#4400_260583.0#260583.0#4400 260795.0#260795.0#128
261000 262000 6.022046874975786 496.9889765625121 490.7166216097932 843.97802734375 149.99992578127421 9378.655697915357 758145.9161328651 4400.0 128.0 260583.0#260583.0#4400 260795.0#260795.0#128
262000 263000 4.723949218750931 497.63802539062453 488.35205929565905 842.955078125 152.32097265624907 5023.800618465246 308360.267845708 4400.0 128.0 260583.0#260583.0#4400_262803.0#262803.0#4400 262796.0#262796.0#128
263000 264000 1.4100761718582362 499.2949619140709 485.08520801268156 842.302001953125 156.28792187501676 10860.92186126458 805664.4926884888 4400.0 0.0 262803.0#262803.0#4400 -
264000 265000 6.041041015647352 496.9794794921763 483.6334349268573 838.9599609375 154.99899804685265 2625.6095317632617 141794.3266281813 4400.0 0.0 262803.0#262803.0#4400 -
265000 266000 162.25705468747765 418.8714726562612 589.38401480807 835.62890625 2.1140390625223517 8859.19761701041 689282.7827329055 4400.0 128.0 265216.0#265216.0#4400 265213.0#265213.0#128
266000 267000 4.90792968752794 497.54603515623603 472.99071413943733 832.0009765625 163.09109374997206 13626.014014022243 910443.8323403687 4400.0 128.0 265216.0#265216.0#4400_266511.0#266511.0#4400 266675.0#266675.0#128
267000 268000 3.3339257813058794 498.33303710934706 467.42447175698356 828.85205078125 167.81402343744412 9404.543902484687 747046.2076793228 4400.0 0.0 266511.0#266511.0#4400 -
268000 269000 876.626947265584 61.68652636720799 35.61049550299806 86.86694921879098 36.506103515625 1115.0514909644717 88688.99111609854 4400.0 0.0 266511.0#266511.0#4400 -
269000 270000 2.472814453067258 498.76359277346637 654.3457311136998 961.4558964844327 36.0712890625 10493.176774547639 740270.0689959115 6500.0 128.0 269104.0#269104.0#6500 269099.0#269099.0#128
270000 271000 2.069205078179948 498.96539746091 655.8122843884803 962.694710937445 35.236083984375 12706.213597511982 951549.7490592097 6500.0 128.0 269104.0#269104.0#6500 270825.0#270825.0#128
271000 272000 0.6829765625298023 499.6585117187351 657.6777605165859 964.7069160155952 34.610107421875 11356.542715674002 867056.6520300346 6500.0 128.0 269104.0#269104.0#6500_271033.0#271033.0#6500 270825.0#270825.0#128
272000 273000 10.582849609432742 494.70857519528363 662.1621088078052 962.9278925780673 26.4892578125 11313.745279497112 806870.925035429 6500.0 128.0 271033.0#271033.0#6500_272974.0#272974.0#6500 272292.0#272292.0#128
273000 274000 0.21616992191411555 499.89191503904294 669.7034164398523 973.4437421874609 26.340087890625 10379.916447192141 838461.5889321668 6500.0 128.0 271033.0#271033.0#6500_272974.0#272974.0#6500 272292.0#272292.0#128
274000 275000 17.681197265628725 491.15940136718564 672.7364570651577 966.8559121093713 15.462890625 13472.66797444746 694108.0849794928 6500.0 128.0 272974.0#272974.0#6500_274369.0#274369.0#6500_274753.0#274753.0#6500 272292.0#272292.0#128_274283.0#274283.0#128_274545.0#274545.0#128
275000 276000 256.6348906250205 743.3651093749795  743.3651093749795 743.3651093749795 7988.822851757081 675906.3332600154 6500.0 0.0 274753.0#274753.0#6500 -
276000 277000 964.885986328125 35.114013671875  35.114013671875 35.114013671875 378.3550837438857 21382.084022598352 0.0 0.0 - -
277000 278000 0.2080839843256399 499.8959580078372 657.4580257033202 964.7889863281744 35.0029296875 10881.106063453555 621889.1844357819 6500.0 128.0 277075.0#277075.0#6500 277067.0#277067.0#128
278000 279000 1.817832031287253 499.0910839843564 657.2430058558572 963.8320703124627 34.35009765625 13715.108102324302 974909.1644476703 6500.0 128.0 277075.0#277075.0#6500 278302.0#278302.0#128
279000 280000 1.7451132813002914 499.12744335934985 658.024320179157 964.4209023436997 33.833984375 10187.738297476624 811041.3648531617 6500.0 0.0 277075.0#277075.0#6500_279318.0#279318.0#6500 -
280000 281000 1.1719492187257856 499.4140253906371 659.3459469474212 965.6420156250242 33.18603515625 12587.757718804658 935802.6909669384 6500.0 128.0 279318.0#279318.0#6500 280309.0#280309.0#128
281000 282000 4.709148437483236 497.6454257812584 659.7823008848046 964.1819648437668 31.10888671875 10075.644608610555 846992.1212290818 6500.0 0.0 279318.0#279318.0#6500_281291.0#281291.0#6500 -
282000 283000 0.17462695308495313 499.9126865234575 663.0843307301501 968.78411328129 31.041259765625 10806.375391258487 908992.0744194977 6500.0 0.0 281291.0#281291.0#6500 -
283000 284000 5.846138671855442 497.0769306640723 662.8812253557832 965.8047402343946 28.34912109375 6410.8795425361495 382995.77131909353 6500.0 128.0 281291.0#281291.0#6500_283497.0#283497.0#6500 283126.0#283126.0#128_283805.0#283805.0#128
284000 285000 0.2608378906734288 499.8695810546633 667.0906154513234 971.5738789062016 28.165283203125 10936.500840674697 952239.499692882 6500.0 128.0 283497.0#283497.0#6500 283805.0#283805.0#128
285000 286000 4.349361328175291 497.82531933591235 669.1427801992546 970.9807167968247 24.669921875 11090.191957701789 798527.8851767025 6500.0 128.0 283497.0#283497.0#6500_285471.0#285471.0#6500 285800.0#285800.0#128
286000 287000 2.32502734370064 498.8374863281497 673.7251069739323 975.2330781250494 22.44189453125 11471.905493382248 924935.2096721192 6500.0 128.0 285471.0#285471.0#6500 285800.0#285800.0#128
287000 288000 5.099939453182742 497.45003027340863 674.2561206883728 974.2211054686923 20.678955078125 11473.272687377555 946282.427781779 6500.0 128.0 285471.0#285471.0#6500_287254.0#287254.0#6500 287533.0#287533.0#128
288000 289000 2.2910742186941206 498.85446289065294 679.2136559988276 979.1310449219309 18.577880859375 11975.040998735627 804845.3422672016 6500.0 0.0 287254.0#287254.0#6500 -
289000 290000 3.689763671834953 498.1551181640825 679.7558922713481 978.815119140665 17.4951171875 10379.10634753874 915830.311095553 6500.0 0.0 287254.0#287254.0#6500_289197.0#289197.0#6500 -
290000 291000 1.8390898437937722 499.0804550781031 681.4422383643239 980.9328828124562 17.22802734375 12366.77816569191 924945.0046574229 5450.0 0.0 289197.0#289197.0#6500_290957.0#290957.0#4400 -
291000 292000 2.688128906302154 498.6559355468489 683.0439899033138 981.6409726561978 15.6708984375 11615.027641737808 939192.7177793423 5450.0 128.0 289197.0#289197.0#6500_290957.0#290957.0#4400 291270.0#291270.0#128
292000 293000 3.1208828125381842 498.4395585937309 683.8055521930692 981.9631015624618 14.916015625 11173.519921989513 924206.174120987 4400.0 128.0 290957.0#290957.0#4400_292150.0#292150.0#4400 292301.0#292301.0#128
293000 294000 2.8469707031035796 498.5765146484482 687.8458567607164 984.9569843750214 12.196044921875 10593.530997922679 938207.3917993172 4400.0 128.0 292150.0#292150.0#4400_293480.0#293480.0#4400 293759.0#293759.0#128
294000 295000 1.9270898437825963 499.0364550781087 690.1114697007058 987.0189550780924 11.053955078125 11425.205126607543 818631.7988768854 4400.0 0.0 293480.0#293480.0#4400 -
295000 296000 1.3999667968600988 499.30001660156995 690.8249804939267 987.7870449218899 10.81298828125 9782.327224315011 566898.7078913574 5450.0 128.0 293480.0#293480.0#4400_295225.0#295225.0#6500 295219.0#295219.0#128
296000 297000 4.385091796866618 497.8074541015667 693.4080829976344 988.1210117187584 7.493896484375 11699.427848282845 949560.2473238845 6500.0 0.0 295225.0#295225.0#6500 -
297000 298000 5.2209667968563735 497.3895166015718 699.8753230504118 992.2761035156436 2.5029296875 7947.924643080087 596368.5359548691 6500.0 128.0 295225.0#295225.0#6500_297446.0#297446.0#6500 297170.0#297170.0#128
298000 299000 1.8176582030719146 499.09117089846404 704.2612412490934 997.0790703125531 1.103271484375 11852.888088191858 936649.924951116 6500.0 0.0 297446.0#297446.0#6500 -
299000 300000 1.4313242187490687 499.28433789062547 705.7822155057775 998.3477285156259 0.220947265625 10510.106930565595 911005.355075299 6500.0 128.0 297446.0#297446.0#6500_299353.0#299353.0#6500 299237.0#299237.0#128
