ts te idle avg_span std_span max_span min_span c_bytes_all s_bytes_all avg_video_rate avg_audio_rate video_requests_sequence audio_requests_sequence
0.0 8000.0 7868.728999999999 131.27100000000064  131.27100000000064 131.27100000000064 4863.0 7923.0 0.0 0.0 - -
8000.0 16000.0 771.654070312492 903.5432412109385 237.01390168909876 999.5669999999991 321.0029296875 64179.57860656909 2619479.976470451 1064.6153846153845 128.0 8205.0#8205.0#840_8206.0#8206.0#840_9036.0#9036.0#840_9475.0#9475.0#840_10140.0#10140.0#840_10949.0#10949.0#840_11663.0#11663.0#840_12271.0#12271.0#840_13026.0#13026.0#840_13691.0#13691.0#840_14359.0#14359.0#840_15680.0#15680.0#2300_15681.0#15681.0#2300 8203.0#8203.0#128_8203.0#8203.0#128_9058.0#9058.0#128_9668.0#9668.0#128_10300.0#10300.0#128_11117.0#11117.0#128_11669.0#11669.0#128_12375.0#12375.0#128_13168.0#13168.0#128_13827.0#13827.0#128_14384.0#14384.0#128_15678.0#15678.0#128
16000.0 24000.0 35.9546113281358 884.8939320746516 242.86391937236195 999.8669999999984 303.3513183593677 59010.59169749957 2830731.9543212703 2300.0 128.0 15681.0#15681.0#2300_17429.0#17429.0#2300_19238.0#19238.0#2300_20882.0#20882.0#2300_22524.0#22524.0#2300 15678.0#15678.0#128_17436.0#17436.0#128_19171.0#19171.0#128_20896.0#20896.0#128_22605.0#22605.0#128
24000.0 32000.0 2010.0663281250163 855.7048102678548 281.00224896495655 999.875 255.76168164062256 34447.69867704194 1515328.0089921944 1820.0 128.0 22524.0#22524.0#2300_26265.0#26265.0#2300_28258.0#28258.0#1500_28264.0#28264.0#1500_30273.0#30273.0#1500 26265.0#26265.0#128_28673.0#28673.0#128_30672.0#30672.0#128
32000.0 40000.0 1004.8930292968798 874.38837133789 262.5894973803413 997.7019999999975 254.9550097656247 36216.24913650576 1619748.4992993325 1500.0 128.0 32260.0#32260.0#1500_34251.0#34251.0#1500_36256.0#36256.0#1500_38248.0#38248.0#1500 32672.0#32672.0#128_34676.0#34676.0#128_36670.0#36670.0#128_38674.0#38674.0#128
40000.0 48000.0 50.23865625000326 883.3068159722219 259.49368336270834 999.4830000000002 229.7350390624997 46058.23117765866 2014009.3803279721 1500.0 128.0 40253.0#40253.0#1500_42256.0#42256.0#1500_44253.0#44253.0#1500_45394.0#45394.0#1500_46540.0#46540.0#1500 40672.0#40672.0#128_42674.0#42674.0#128_44680.0#44680.0#128_45497.0#45497.0#128_46680.0#46680.0#128
48000.0 56000.0 54.955423828127095 882.7827306857637 254.80581443774136 999.760000000002 254.6726953125035 47022.31788797732 2249194.1129586156 2100.0 128.0 48251.0#48251.0#1500_50270.0#50270.0#2300_52257.0#52257.0#2300_54266.0#54266.0#2300 48249.0#48249.0#128_50263.0#50263.0#128_52256.0#52256.0#128_54264.0#54264.0#128
56000.0 64000.0 40.52795312501257 884.3857829861097 245.11399100515666 999.6659999999974 295.3401191406301 50246.39665991941 2400550.8913889797 2300.0 128.0 56259.0#56259.0#2300_58250.0#58250.0#2300_60264.0#60264.0#2300_62260.0#62260.0#2300 56256.0#56256.0#128_58249.0#58249.0#128_60261.0#60261.0#128_62258.0#62258.0#128
64000.0 72000.0 31.924894531228347 885.3416783854191 237.66176125343466 999.6410000000033 321.80007226562884 50133.467272799666 2339674.5402626838 1820.0 128.0 64262.0#64262.0#2300_66262.0#66262.0#2300_68260.0#68260.0#1500_70249.0#70249.0#1500_71242.0#71242.0#1500 64260.0#64260.0#128_66259.0#66259.0#128_68677.0#68677.0#128_68683.0#68683.0#128_70674.0#70674.0#128_71357.0#71357.0#128
72000.0 80000.0 30.167083984371857 885.5369906684032 237.7301540711617 999.4560000000056 326.2169667968701 50489.09439694271 2349426.6165024093 1980.0 128.0 71242.0#71242.0#1500_72470.0#72470.0#1500_74281.0#74281.0#2300_76263.0#76263.0#2300_78256.0#78256.0#2300 72533.0#72533.0#128_74274.0#74274.0#128_76260.0#76260.0#128_78252.0#78252.0#128
80000.0 88000.0 30.98285156255588 885.4463498263826 237.48875865410187 999.7299999999959 332.5140507812466 52304.48510145812 2425558.6420503557 2300.0 128.0 80271.0#80271.0#2300_82257.0#82257.0#2300_84254.0#84254.0#2300_86264.0#86264.0#2300 80268.0#80268.0#128_82254.0#82254.0#128_84252.0#84252.0#128_86263.0#86263.0#128
88000.0 96000.0 43.107187499976135 884.0992013888915 235.10655028187557 999.5800000000017 350.0089023437613 52597.351761464735 2393775.6245932584 2300.0 128.0 88261.0#88261.0#2300_90265.0#90265.0#2300_92259.0#92259.0#2300_94262.0#94262.0#2300 88258.0#88258.0#128_90262.0#90262.0#128_92254.0#92254.0#128_94256.0#94256.0#128
96000.0 104000.0 37.828822265568306 884.6856864149369 231.7741000638148 999.9630000000179 373.4790898437641 53370.29755056326 2464557.39412625 2300.0 128.0 96318.0#96318.0#2300_98260.0#98260.0#2300_100251.0#100251.0#2300_102266.0#102266.0#2300 96306.0#96306.0#128_98259.0#98259.0#128_100250.0#100250.0#128_102263.0#102263.0#128
104000.0 112000.0 2026.3058222656837 853.3848825334737 227.35802174309376 999.7279999999882 384.0339121093566 40656.02301354917 1873347.299747016 1820.0 128.0 104277.0#104277.0#2300_106251.0#106251.0#2300_110247.0#110247.0#1500_110249.0#110249.0#1500_111474.0#111474.0#1500 104273.0#104273.0#128_106250.0#106250.0#128_110680.0#110680.0#128_111490.0#111490.0#128
112000.0 120000.0 1502.4722656249796 812.1909667968775 344.3894596842488 999.9290000000037 211.80073437500687 42721.21706005059 1825708.0589592112 1500.0 128.0 111474.0#111474.0#1500_112536.0#112536.0#1500_114258.0#114258.0#1500_116253.0#116253.0#1500_117303.0#117303.0#1500 112649.0#112649.0#128_114671.0#114671.0#128_116676.0#116676.0#128_117427.0#117427.0#128
120000.0 128000.0 632.9700585937535 920.8787426757808 143.46991804875185 998.7960000000021 667.2399999999907 49398.63365385374 2070140.913717681 1500.0 128.0 120262.0#120262.0#1500_121441.0#121441.0#1500_123266.0#123266.0#1500_124371.0#124371.0#1500_126256.0#126256.0#1500 120260.0#120260.0#128_120672.0#120672.0#128_123266.0#123266.0#128_124464.0#124464.0#128_126253.0#126253.0#128
128000.0 136000.0 59.452990234363824 882.2830010850707 245.49146042134416 999.8129999999946 286.3560585937521 50872.42317667442 2340411.908152165 2300.0 128.0 128256.0#128256.0#2300_128258.0#128258.0#2300_130257.0#130257.0#2300_132267.0#132267.0#2300_134292.0#134292.0#2300 128253.0#128253.0#128_130254.0#130254.0#128_132263.0#132263.0#128_134289.0#134289.0#128
136000.0 144000.0 1998.4656718749902 857.3620468750014 255.03843939361846 999.1169999999984 311.61204882813036 42469.8544665528 1917476.22910322 1900.0 128.0 136260.0#136260.0#2300_140260.0#140260.0#2300_142256.0#142256.0#1500_143382.0#143382.0#1500 136255.0#136255.0#128_140255.0#140255.0#128_142673.0#142673.0#128_142674.0#142674.0#128_143422.0#143422.0#128
144000.0 152000.0 51.082382812484866 883.2130685763906 258.1285088230284 999.4750000000058 232.69672070312663 45943.05549378126 1974477.719231283 1660.0 128.0 143382.0#143382.0#1500_144557.0#144557.0#1500_146247.0#146247.0#1500_148256.0#148256.0#1500_150258.0#150258.0#2300 144583.0#144583.0#128_146670.0#146670.0#128_148254.0#148254.0#128_150255.0#150255.0#128
152000.0 160000.0 62.078914062469266 881.9912317708367 253.9805860397471 998.7609999999986 252.3471035156108 51097.40233052224 2398536.4475541683 2300.0 128.0 152251.0#152251.0#2300_154256.0#154256.0#2300_156250.0#156250.0#2300_158254.0#158254.0#2300 152250.0#152250.0#128_154254.0#154254.0#128_156248.0#156248.0#128_158252.0#158252.0#128
160000.0 168000.0 102.17290820309427 877.5363435329896 247.17497891485385 997.4929999999877 283.660017578135 42911.142303827124 1901719.565961435 1700.0 128.0 160265.0#160265.0#2300_162254.0#162254.0#1500_164256.0#164256.0#1500_166255.0#166255.0#1500 160263.0#160263.0#128_162678.0#162678.0#128_164675.0#164675.0#128_166674.0#166674.0#128
168000.0 176000.0 37.64179296861403 884.7064674479318 237.50623475127446 999.3090000000375 325.3869257812912 38434.28286810794 1647337.4195348083 1500.0 128.0 168248.0#168248.0#1500_170251.0#170251.0#1500_172255.0#172255.0#1500_174253.0#174253.0#1500 168673.0#168673.0#128_170673.0#170673.0#128_172672.0#172672.0#128_174669.0#174669.0#128
176000.0 184000.0 684.2432812499464 914.4695898437567 232.10640987399753 998.5860000000393 340.0547187500051 37041.205706680455 1594103.7967452395 1500.0 128.0 176252.0#176252.0#1500_178250.0#178250.0#1500_180251.0#180251.0#1500_182251.0#182251.0#1500 176673.0#176673.0#128_178672.0#178672.0#128_180673.0#180673.0#128_182672.0#182672.0#128
184000.0 192000.0 1015.4600136718946 873.0674982910132 266.2270484016269 997.4590000000026 244.84299999999348 46713.23171696502 2024671.6133530024 1500.0 128.0 184253.0#184253.0#1500_186263.0#186263.0#1500_188248.0#188248.0#1500_189422.0#189422.0#1500_190553.0#190553.0#1500 184672.0#184672.0#128_186671.0#186671.0#128_188670.0#188670.0#128_189533.0#189533.0#128_190649.0#190649.0#128
192000.0 200000.0 46.29596679680981 883.7448925781323 259.70072935957285 999.8800000000047 230.50301367187058 46749.009291780785 2007303.4756622277 1980.0 128.0 192250.0#192250.0#1500_194260.0#194260.0#1500_196261.0#196261.0#2300_196263.0#196263.0#2300_198260.0#198260.0#2300 192669.0#192669.0#128_194256.0#194256.0#128_196258.0#196258.0#128_198255.0#198255.0#128
200000.0 208000.0 39.08691796858329 884.5458980034907 252.72695213168547 999.8580000000657 259.4789804687898 52126.84627686448 2430899.773488832 2300.0 128.0 200258.0#200258.0#2300_202256.0#202256.0#2300_204259.0#204259.0#2300_206266.0#206266.0#2300 200256.0#200256.0#128_202255.0#202255.0#128_204255.0#204255.0#128_206262.0#206262.0#128
208000.0 216000.0 91.94002539056237 878.6733305121597 244.76317939462086 998.4860000000335 283.8528984375007 43194.64494420974 1863289.8557862365 1660.0 128.0 208255.0#208255.0#2300_210254.0#210254.0#1500_210256.0#210256.0#1500_212251.0#212251.0#1500_214252.0#214252.0#1500 208252.0#208252.0#128_210674.0#210674.0#128_210679.0#210679.0#128_212670.0#212670.0#128_214670.0#214670.0#128
216000.0 224000.0 38.98397656244924 884.5573359375056 239.8988970888572 999.4750000000058 312.9499238281278 46277.36792525789 2043075.7161527348 1500.0 128.0 216255.0#216255.0#1500_218253.0#218253.0#1500_220255.0#220255.0#1500_221446.0#221446.0#1500_222567.0#222567.0#1500 216670.0#216670.0#128_218672.0#218672.0#128_220672.0#220672.0#128_221456.0#221456.0#128_222619.0#222619.0#128
224000.0 232000.0 29.655107421742287 885.5938769531398 238.43286395607697 999.4870000000228 327.7349003906129 47628.269355339195 2197417.4266240257 2100.0 128.0 224254.0#224254.0#1500_226266.0#226266.0#2300_228257.0#228257.0#2300_230265.0#230265.0#2300 224253.0#224253.0#128_226256.0#226256.0#128_228253.0#228253.0#128_230263.0#230263.0#128
232000.0 240000.0 29.989089843642432 885.5567677951508 235.78655714291946 999.8830000000016 343.955007812503 52935.575194622994 2457664.5283936025 2300.0 128.0 232267.0#232267.0#2300_234259.0#234259.0#2300_236261.0#236261.0#2300_238272.0#238272.0#2300 232263.0#232263.0#128_234256.0#234256.0#128_236259.0#236259.0#128_238268.0#238268.0#128
240000.0 248000.0 1679.592902343662 790.0508872070423 291.94878659058725 999.8310000000056 362.21909765622695 44730.05529495989 2030200.6105393386 1900.0 128.0 240281.0#240281.0#2300_243389.0#243389.0#2300_245071.0#245071.0#1500_246288.0#246288.0#1500 240277.0#240277.0#128_243387.0#243387.0#128_243672.0#243672.0#128_246673.0#246673.0#128
248000.0 256000.0 329.84591210930375 958.769260986337 105.61860192837018 998.8879999999772 697.465087890625 38146.55102318423 1625063.2963858084 1500.0 128.0 248281.0#248281.0#1500_250288.0#250288.0#1500_252296.0#252296.0#1500_254258.0#254258.0#1500 248671.0#248671.0#128_250679.0#250679.0#128_252675.0#252675.0#128_254673.0#254673.0#128
256000.0 264000.0 60.18612304684939 882.2015418836834 245.48183401558515 999.8939999999711 297.96291210938944 37854.61197962536 1656715.0023645156 1500.0 128.0 256255.0#256255.0#1500_258250.0#258250.0#1500_260252.0#260252.0#1500_262252.0#262252.0#1500 256672.0#256672.0#128_258669.0#258669.0#128_260672.0#260672.0#128_262669.0#262669.0#128
264000.0 272000.0 32.22700976557098 885.3081100260476 235.89959417032284 999.3470000000088 335.81803515623324 54120.22339752149 2397052.4444472943 1900.0 128.0 264251.0#264251.0#1500_265417.0#265417.0#1500_266514.0#266514.0#1500_268268.0#268268.0#2300_268269.0#268269.0#2300_270254.0#270254.0#2300 264671.0#264671.0#128_265508.0#265508.0#128_266614.0#266614.0#128_268266.0#268266.0#128_270253.0#270253.0#128
272000.0 280000.0 31.48689062485937 885.3903454861268 234.44588841573338 998.8890000000247 348.0700449218857 53019.02869121305 2442466.0924660983 2300.0 128.0 272258.0#272258.0#2300_274258.0#274258.0#2300_276265.0#276265.0#2300_278255.0#278255.0#2300 272257.0#272257.0#128_274256.0#274256.0#128_276262.0#276262.0#128_278253.0#278253.0#128
280000.0 288000.0 29.67894726555096 885.5912280816054 233.24749457091687 999.7789999999804 363.76793554687174 52569.518300469936 2428416.2409906904 2300.0 128.0 278255.0#278255.0#2300_280261.0#280261.0#2300_282259.0#282259.0#2300_284258.0#284258.0#2300_286270.0#286270.0#2300 280260.0#280260.0#128_282257.0#282257.0#128_284255.0#284255.0#128_286267.0#286267.0#128
288000.0 296000.0 38.223117187444586 884.6418758680617 231.36444192726182 999.5910000000149 380.6988828125177 51416.67087442039 2381416.1336198626 2300.0 128.0 288262.0#288262.0#2300_290257.0#290257.0#2300_292266.0#292266.0#2300_294271.0#294271.0#2300 288258.0#288258.0#128_290255.0#290255.0#128_292260.0#292260.0#128_294269.0#294269.0#128
