ts te idle avg_span std_span max_span min_span c_bytes_all s_bytes_all avg_video_rate avg_audio_rate video_requests_sequence audio_requests_sequence
0 2000 2000.0 0.0 0.0 0.0 0.0 0.0 0.0 0.0 0.0 - -
2000 4000 2000.0 0.0 0.0 0.0 0.0 0.0 0.0 0.0 0.0 - -
4000 6000 2000.0 0.0 0.0 0.0 0.0 0.0 0.0 0.0 0.0 - -
6000 8000 396.7369726562756 801.6315136718622 277.04936728138847 997.5349999999744 605.72802734375 16303.82802990226 313428.1920094062 288.0 128.0 6617.0#6617.0#288_7401.0#7401.0#288_7948.0#7948.0#288 6613.0#6613.0#128_7415.0#7415.0#128
8000 10000 24.647146484348923 658.4509511718837 305.2027746771107 992.2870000000112 393.7379726562649 14969.628480868567 337171.2185651165 288.0 128.0 7401.0#7401.0#288_7948.0#7948.0#288_8611.0#8611.0#288_9780.0#9780.0#288 8070.0#8070.0#128_8690.0#8690.0#128_9895.0#9895.0#128
10000 12000 157.41092187503818 614.1963593749873 301.99827632363133 948.664999999979 361.51611914060777 10677.385119290184 276840.0486563222 288.0 128.0 9780.0#9780.0#288_11265.0#11265.0#288 9895.0#9895.0#128_11303.0#11303.0#128
12000 14000 13.922972656204365 662.0256757812652 290.2523127125883 995.6270000000368 467.31404101563385 17056.031896392946 377467.0132581957 288.0 128.0 11265.0#11265.0#288_12054.0#12054.0#288_12767.0#12767.0#288_13189.0#13189.0#288_13829.0#13829.0#288 12090.0#12090.0#128_12939.0#12939.0#128_13639.0#13639.0#128
14000 16000 556.7439863281325 721.6280068359338 351.1039630357845 969.8960000000079 473.36001367185963 11978.126473546043 231310.52751095942 288.0 128.0 13189.0#13189.0#288_13829.0#13829.0#288_14458.0#14458.0#288 13639.0#13639.0#128_14267.0#14267.0#128_14872.0#14872.0#128
16000 18000 591.705111328105 704.1474443359475 417.3507644331539 999.25900000002 409.035888671875 12949.467253527682 264803.43881468533 840.0 128.0 16677.0#16677.0#840_17942.0#17942.0#840 16671.0#16671.0#128
18000 20000 520.870888671896 739.564555664052 210.42570697211434 888.3580000000075 590.7711113280966 10813.53274647232 230578.56118531464 840.0 128.0 16677.0#16677.0#840_17942.0#17942.0#840 18081.0#18081.0#128
20000 22000 96.66391992184799 951.668040039076 66.16533910542151 998.454000000027 904.882080078125 15916.783833146681 373234.85245839605 840.0 128.0 20095.0#20095.0#840_21727.0#21727.0#840 20092.0#20092.0#128_21591.0#21591.0#128
22000 24000 935.2840800781269 532.3579599609366 620.2585687314195 970.9469999999856 93.76891992188757 7142.216166853318 164923.14754160395 840.0 0.0 21727.0#21727.0#840 -
24000 26000 587.4670000000042 706.2664999999979 412.417908806733 997.890000000014 414.64299999998184 11236.0 247106.0 840.0 128.0 24114.0#24114.0#840 24103.0#24103.0#128
26000 28000 592.9768964843825 703.5115517578088 413.1348418862278 995.6419999999925 411.381103515625 11852.448205749397 254616.13808807958 840.0 128.0 26650.0#26650.0#840 26646.0#26646.0#128_27591.0#27591.0#128
28000 30000 28.545115234388504 657.1516282552038 313.4454237852598 999.4020000000019 384.0629882811918 15949.480488889407 331977.8038370948 840.0 128.0 26650.0#26650.0#840_28391.0#28391.0#840_29496.0#29496.0#840 27591.0#27591.0#128_29593.0#29593.0#128
30000 32000 49.6749843750149 650.1083385416617 307.6917133755715 976.3319999999949 365.10400390625 10202.7004876293 232048.36037486163 840.0 128.0 29496.0#29496.0#840_31597.0#31597.0#840 31593.0#31593.0#128
32000 34000 967.0370039062109 516.4814980468946 159.44479822083295 629.2259960937663 403.7370000000228 7445.370817731897 174178.697699964 840.0 0.0 31597.0#31597.0#840 -
34000 36000 591.2099335937528 704.3950332031236 414.1905785508333 997.2719999999972 411.51806640625 11799.839796517153 279904.60536675964 840.0 128.0 34661.0#34661.0#840_35843.0#35843.0#840 34653.0#34653.0#128_35594.0#35594.0#128
36000 38000 760.6950664062169 619.6524667968915 55.72925370195353 659.0590000000084 580.2459335937747 10028.160203482847 189728.39463324036 840.0 128.0 34661.0#34661.0#840_35843.0#35843.0#840 35594.0#35594.0#128
38000 40000 593.4720898437663 703.2639550781169 416.7065749637201 997.9199999999837 408.60791015625 12423.588531861416 271746.3987027202 840.0 128.0 38652.0#38652.0#840 38650.0#38650.0#128_39093.0#39093.0#128
40000 42000 13.106591796851717 662.2978027343828 306.30083643358716 998.7390000000014 399.601318359375 15806.189707763668 372120.5819677651 840.0 128.0 38652.0#38652.0#840_40175.0#40175.0#840_41839.0#41839.0#840 41096.0#41096.0#128
42000 44000 11.964044921915047 662.678651692695 308.8605748357844 998.8219999999856 391.4052734375 15651.14893083368 341250.79242694785 840.0 128.0 41839.0#41839.0#840_42999.0#42999.0#840 43009.0#43009.0#128
44000 46000 1366.5462734375615 316.72686328121927 386.7589316883593 590.2067265625228 43.246999999915715 4460.072829541232 82909.22690256685 840.0 0.0 42999.0#42999.0#840 -
46000 48000 596.4270000000251 701.7864999999874 414.23941587502907 994.6979999999749 408.875 12814.291422085205 313667.4827150189 840.0 128.0 46648.0#46648.0#840 46645.0#46645.0#128_47089.0#47089.0#128
48000 50000 11.841914062504657 662.7193619791651 303.3673248492553 996.3379999999888 403.4130859375 16621.784540169938 352351.4055121864 840.0 128.0 46648.0#46648.0#840_48068.0#48068.0#840_49239.0#49239.0#840 49095.0#49095.0#128
50000 52000 11.852162109396886 662.7159459635344 308.255487413111 999.5819999999949 394.721923828125 13554.419399161812 306282.9651790585 840.0 128.0 49239.0#49239.0#840_50726.0#50726.0#840 50721.0#50721.0#128
52000 54000 38.42686328123091 653.8577122395897 311.1485194059782 993.2719999999972 382.112060546875 11795.63413173646 243390.82307633682 840.0 128.0 52643.0#52643.0#840 52640.0#52640.0#128
54000 56000 28.701109375047963 657.0996302083173 312.72268308089394 994.1329999999725 376.324951171875 11221.862206470993 244997.26289494944 840.0 128.0 54600.0#54600.0#840 54598.0#54598.0#128
56000 58000 13.04706640628865 662.3176445312371 316.63340884119685 996.8609999999753 367.306884765625 12570.288993158296 304558.3576761591 840.0 128.0 56596.0#56596.0#840 56594.0#56594.0#128
58000 60000 8.422917968709953 663.8590273437634 321.29787228037844 999.8539999999921 359.615966796875 12874.641058965548 272750.78115295473 840.0 128.0 56596.0#56596.0#840_58104.0#58104.0#840 58100.0#58100.0#128
60000 62000 25.182003906171303 658.2726653646096 324.42177249324754 993.5210000000079 345.886962890625 10236.565172312712 210209.27923539412 840.0 128.0 60652.0#60652.0#840 60648.0#60648.0#128
62000 64000 6.547019531251863 664.484326822916 329.39532002726844 999.0289999999804 340.491943359375 12613.645288249694 289865.37599545607 840.0 128.0 62652.0#62652.0#840 62649.0#62649.0#128
64000 66000 10.533943359332625 663.1553522135558 328.64340694185535 993.9920000000275 336.75 13857.682505491208 306666.1344720007 840.0 128.0 62652.0#62652.0#840_64174.0#64174.0#840 64094.0#64094.0#128
66000 68000 26.088019531278405 657.9706601562406 341.57059489664437 997.329000000027 314.2299804686918 11650.327121609484 290557.5071289205 840.0 128.0 66649.0#66649.0#840_67895.0#67895.0#840 66647.0#66647.0#128_67914.0#67914.0#128
68000 70000 753.5029804686783 623.2485097656609 87.68903285243127 685.254019531305 561.2430000000168 8628.858160588652 184184.62496156464 840.0 128.0 67895.0#67895.0#840 67914.0#67914.0#128
70000 72000 498.6359999999986 750.6820000000007 349.942903368556 998.1290000000154 503.23499999998603 11016.0 280762.0 840.0 128.0 70107.0#70107.0#840 70101.0#70101.0#128
72000 74000 588.6340156250517 705.6829921874742 414.15103857590543 998.5319999999483 412.833984375 11072.99476459559 286522.7676749834 840.0 128.0 72652.0#72652.0#840_73963.0#73963.0#840 72647.0#72647.0#128_73594.0#73594.0#128
74000 76000 403.2869863281376 532.2376712239542 113.77952715252533 608.4180000000051 401.447998046875 11505.822721785176 257245.7871422952 840.0 128.0 72652.0#72652.0#840_73963.0#73963.0#840_75602.0#75602.0#840 73594.0#73594.0#128_75597.0#75597.0#128
76000 78000 7.267062500002794 664.2443124999991 307.1709607374409 999.0989999999874 395.533935546875 14273.267388072487 368591.0956059042 840.0 128.0 75602.0#75602.0#840_77275.0#77275.0#840 77286.0#77286.0#128
78000 80000 59.09566796879517 646.9681106770682 306.5687340085529 974.0949999999721 366.249267578125 7905.397850873958 168004.54581436154 840.0 128.0 77275.0#77275.0#840_79603.0#79603.0#840 79600.0#79600.0#128
80000 82000 18.541990234400146 660.4860032552 319.7525441902031 993.9689999999828 356.50927734375 8903.80705501035 225512.48685379088 840.0 128.0 79603.0#79603.0#840_81604.0#81604.0#840 81601.0#81601.0#128
82000 84000 1014.4832773437956 492.7583613281022 210.91773590094948 641.8997226561769 343.6170000000275 6143.710219662438 161272.3169086647 840.0 0.0 81604.0#81604.0#840 -
84000 86000 590.4297089843894 704.7851455078053 416.00768415566233 998.9469999999856 410.623291015625 11468.12167648769 284121.4991866159 840.0 128.0 84657.0#84657.0#840 84653.0#84653.0#128_85091.0#85091.0#128
86000 88000 10.345179687486961 663.2182734375043 303.41286351788915 997.7629999999772 405.839111328125 14423.245827576722 365656.1682062516 840.0 128.0 84657.0#84657.0#840_86049.0#86049.0#840_87292.0#87292.0#840 87425.0#87425.0#128
88000 90000 974.9591113280621 512.5204443359689 107.91785111706754 588.8298886719276 436.21100000001024 6475.632495935586 147698.33260713253 840.0 0.0 87292.0#87292.0#840 -
90000 92000 596.9590351562365 701.5204824218818 411.29787652454314 992.3520000000135 410.68896484375 11212.982509076119 282196.42891242064 840.0 128.0 90665.0#90665.0#840 90661.0#90661.0#128_91090.0#91090.0#128
92000 94000 14.480050781276077 661.839983072908 302.00678295547965 993.6269999999786 402.9619140625 14455.001901573867 357225.02138671663 840.0 128.0 90665.0#90665.0#840_92009.0#92009.0#840_93196.0#93196.0#840 92887.0#92887.0#128
94000 96000 16.923664062458556 661.0254453125139 303.71892504546355 993.6870000000345 398.53125 12299.395159314501 312186.7001836179 840.0 128.0 93196.0#93196.0#840_94710.0#94710.0#840 94734.0#94734.0#128
96000 98000 38.316171875048894 653.8946093749837 316.3212471282567 998.2919999999576 376.330078125 10483.885563806973 252100.36433478422 840.0 128.0 94710.0#94710.0#840_96661.0#96661.0#840 96658.0#96658.0#128
98000 100000 75.26807812502375 641.5773072916587 335.46020640538234 999.8279999999795 334.875 10377.166027815725 253729.19250913637 840.0 128.0 96661.0#96661.0#840_98734.0#98734.0#840 98730.0#98730.0#128
100000 102000 11.096031250082888 662.9679895833057 333.3571832425587 996.131999999925 329.41796875 10306.194884099998 257983.14358498118 840.0 128.0 98734.0#98734.0#840_100605.0#100605.0#840 100599.0#100599.0#128
102000 104000 27.126916015637107 657.6243613281209 344.25889562919144 995.3159999999916 307.154052734375 9778.809067760587 245063.8428285652 840.0 128.0 102669.0#102669.0#840 102664.0#102664.0#128
104000 106000 15.645097656233702 661.4516341145887 351.71375928327166 998.3020000000251 296.553955078125 10371.291403793011 257009.13866571125 840.0 128.0 102669.0#102669.0#840_104608.0#104608.0#840 104604.0#104604.0#128
106000 108000 11.075855468865484 662.9747148437115 353.734155436386 995.3059999998659 291.152099609375 10210.22017464445 249657.40981477324 840.0 128.0 106657.0#106657.0#840 106654.0#106654.0#128
108000 110000 15.039113281236496 661.6536289062545 362.112507242266 998.2310000000289 278.510986328125 10072.39773034365 238917.69013378266 840.0 128.0 108605.0#108605.0#840 108602.0#108602.0#128
110000 112000 9.49904101563152 663.5003196614562 366.97593906515846 998.5349999999744 271.2939453125 10931.645184140107 294159.2516356837 840.0 128.0 110670.0#110670.0#840_111996.0#111996.0#840 110665.0#110665.0#128
112000 114000 511.50294531247346 744.2485273437633 25.60924762433801 762.3570000000182 726.1400546875084 11397.010393631013 257131.81600982702 840.0 128.0 110670.0#110670.0#840_111996.0#111996.0#840 112091.0#112091.0#128
114000 116000 106.25572265626397 946.872138671868 71.22384153013996 997.234999999986 896.50927734375 10397.590862092675 240272.09464617743 840.0 128.0 114100.0#114100.0#840 114097.0#114097.0#128
116000 118000 6.825347656267695 664.3915507812441 490.446159521613 999.2359999999753 101.43572265625698 12126.913796108453 308125.7541046753 840.0 128.0 116105.0#116105.0#840 116100.0#116100.0#128
118000 120000 49.42086523439502 650.1930449218684 484.7151177835246 996.3859999999986 96.22707031248137 10505.82237496118 265560.8339716619 840.0 128.0 118095.0#118095.0#840 118093.0#118093.0#128
120000 122000 12.269130859407596 662.5769563801974 458.31371303932644 997.8000000000466 140.32393554685405 11408.58849581279 309181.6635145839 840.0 128.0 120098.0#120098.0#840_121608.0#121608.0#840 120095.0#120095.0#128_121604.0#121604.0#128
122000 124000 610.0759472656646 463.3080175781118 458.0077619324819 988.539999999979 147.12306640623137 6921.668125558864 172771.1414469122 840.0 128.0 121608.0#121608.0#840_123745.0#123745.0#840 123759.0#123759.0#128
124000 126000 15.763007812434807 661.4123307291884 379.3480151171802 995.0750000000116 248.802978515625 11252.69145982888 282302.7327901908 840.0 128.0 123745.0#123745.0#840_125600.0#125600.0#840 123759.0#123759.0#128_125598.0#125598.0#128
126000 128000 13.272689453151543 662.2424368489495 383.73383325631835 998.2189999999246 244.0712890625 11252.950958127245 307926.4039893052 840.0 128.0 125600.0#125600.0#840_127607.0#127607.0#840 127604.0#127604.0#128
128000 130000 999.8812890624395 500.05935546878027 360.9459875924929 755.2867109375075 244.83200000005309 6670.773927509911 162826.37553649323 840.0 0.0 127607.0#127607.0#840 -
130000 132000 591.8490839843871 704.0754580078064 416.57292763887494 998.6369999999879 409.513916015625 9331.530162629204 239690.32522949742 840.0 128.0 130650.0#130650.0#840 130647.0#130647.0#128
132000 134000 44.17083203123184 651.9430559895894 320.01240210065674 998.9689999999828 368.486083984375 12556.458082168301 311396.23564991023 840.0 128.0 130650.0#130650.0#840_132653.0#132653.0#840 132651.0#132651.0#128_133093.0#133093.0#128
134000 136000 23.413828125107102 658.862057291631 311.64358113117964 984.3339999999152 363.187255859375 14457.364218213042 329159.69399425085 840.0 128.0 132653.0#132653.0#840_134075.0#134075.0#840_135614.0#135614.0#840 135092.0#135092.0#128
136000 138000 13.616988281195518 662.1276705729348 324.0140281324473 998.6340000000782 352.249267578125 12375.146056962883 339667.3327635426 840.0 128.0 135614.0#135614.0#840_136895.0#136895.0#840 136910.0#136910.0#128
138000 140000 28.881972656294238 657.039342447902 332.31247876120335 999.5619999999763 335.977294921875 9424.886538205974 231451.6356415012 840.0 128.0 136895.0#136895.0#840_139106.0#139106.0#840 139100.0#139100.0#128
140000 142000 38.59535742190201 653.8015475260327 339.35707968773005 998.8709999999846 320.4609375 10215.246124498704 256001.29655748393 840.0 128.0 139106.0#139106.0#840_141104.0#141104.0#840 141101.0#141101.0#128
142000 144000 447.1510410156334 776.4244794921833 175.81420557667371 900.743896484375 652.1050624999916 10505.198861436897 279488.88863204175 840.0 128.0 141104.0#141104.0#840_143100.0#143100.0#840 143098.0#143098.0#128
144000 146000 4.396847656287719 665.2010507812374 493.26217212062164 999.8229999999749 98.73010351561243 12684.3883267641 292232.9099981833 840.0 128.0 143100.0#143100.0#840_144651.0#144651.0#840 144648.0#144648.0#128
146000 148000 581.7071386718308 472.7642871093897 494.2334789722504 998.2289999999921 17.205951171927154 9257.415944941284 233921.8915059992 840.0 128.0 146613.0#146613.0#840 146609.0#146609.0#128
148000 150000 17.908943359390832 660.697018880203 308.31079591964595 999.2139999999781 395.990966796875 10454.813129436938 258309.7840709422 840.0 128.0 146613.0#146613.0#840_148604.0#148604.0#840 148601.0#148601.0#128
150000 152000 33.63288671866758 655.4557044271108 314.77700488382027 998.0489999999991 379.007080078125 10573.662713068545 247070.48498623603 840.0 128.0 150656.0#150656.0#840 150653.0#150653.0#128
152000 154000 9.491185546969064 663.5029381510103 316.0933764838948 999.6819999999716 372.3168945311918 13047.425123502611 318566.7843310549 840.0 128.0 150656.0#150656.0#840_152606.0#152606.0#840 152602.0#152602.0#128
154000 156000 14.724781250115484 661.7584062499615 313.3209194256223 991.5409999999683 368.0161132811918 13537.10454287171 248198.45975133983 840.0 128.0 152606.0#152606.0#840_154132.0#154132.0#840 154143.0#154143.0#128
156000 158000 14.103052734397352 661.9656490885342 319.68698309491737 996.5449999999837 359.612060546875 9161.242356918492 224966.28264705595 840.0 128.0 156665.0#156665.0#840 156661.0#156661.0#128
158000 160000 19.998146484431345 660.0006178385229 324.3634110658827 998.8159999999334 352.3369140625 11196.707128593851 302631.9213215546 840.0 128.0 158607.0#158607.0#840 158606.0#158606.0#128
160000 162000 504.5189140624716 747.7405429687642 143.81485192464388 849.4330000000191 646.0480859375093 10038.410689787466 218654.07291940597 840.0 128.0 160096.0#160096.0#840 160093.0#160093.0#128
162000 164000 105.9300605469034 947.0349697265483 66.32241624769684 993.9319999999716 900.137939453125 11701.116168725343 255682.06629235242 840.0 128.0 162104.0#162104.0#840 162098.0#162098.0#128
164000 166000 546.4159394531162 484.5280201822946 461.28156943405133 995.8150000000023 99.57906054687919 9364.883831274656 245953.93370764758 840.0 128.0 164099.0#164099.0#840 164093.0#164093.0#128
166000 168000 594.5748789063073 702.7125605468464 415.4088848649594 996.4510000000009 408.9741210936918 10972.21224175892 293086.0504539947 840.0 128.0 166663.0#166663.0#840_167968.0#167968.0#840 166659.0#166659.0#128
168000 170000 454.2011210937635 772.8994394531182 258.1414369135954 955.4329999999609 590.3658789062756 11072.78775824108 235289.9495460053 840.0 128.0 166663.0#166663.0#840_167968.0#167968.0#840 168056.0#168056.0#128
170000 172000 591.4651132813306 704.2674433593347 416.71012707047805 998.9259999999776 409.6088867186918 11295.795673760373 288289.74705640133 840.0 128.0 170656.0#170656.0#840_171916.0#171916.0#840 170653.0#170653.0#128_171592.0#171592.0#128
172000 174000 7.293919921852648 664.2353600260491 303.03435777865604 998.0050000000047 406.365966796875 15138.349104935267 358763.2240288927 840.0 128.0 170656.0#170656.0#840_171916.0#171916.0#840_173389.0#173389.0#840 171592.0#171592.0#128_173405.0#173405.0#128
174000 176000 1188.4889667968964 405.7555166015518 262.8408064333691 591.6120332031278 219.89899999997579 5308.85522130436 106184.02891470597 840.0 0.0 173389.0#173389.0#840 -
176000 178000 592.5210195312975 703.7394902343513 417.3832264349303 998.8740000000107 408.6049804686918 11245.904348995009 320052.5065205415 840.0 128.0 176656.0#176656.0#840 176653.0#176653.0#128_177592.0#177592.0#128
178000 180000 532.7489804687793 733.6255097656103 205.30631878651062 878.7989999999991 588.4520195312216 10369.095651004991 215463.4934794585 840.0 128.0 176656.0#176656.0#840_178352.0#178352.0#840 177592.0#177592.0#128
180000 182000 597.2227441405994 701.3886279297003 417.8313374035935 996.8400000000256 405.937255859375 9809.264772909983 243142.11725870107 840.0 128.0 180676.0#180676.0#840 180672.0#180672.0#128
182000 184000 45.273326171853114 651.5755579427156 316.716511689917 995.5400000000373 372.0029296875 11563.459836670407 300045.2478670168 840.0 128.0 180676.0#180676.0#840_182658.0#182658.0#840 182655.0#182655.0#128
184000 186000 17.60982812504517 660.7967239583182 316.9514046804225 993.4589999999735 362.3291015625 13176.727701688804 315600.8771725121 840.0 128.0 182658.0#182658.0#840_184656.0#184656.0#840 184654.0#184654.0#128_185091.0#185091.0#128
186000 188000 17.163142578094266 660.9456191406352 322.8583987720422 994.9550000000163 350.532958984375 14235.676042339714 362621.9749754813 840.0 128.0 184656.0#184656.0#840_186202.0#186202.0#840_187457.0#187457.0#840 187091.0#187091.0#128
188000 190000 15.223845703236293 661.5920514322546 326.0379747669682 995.9079999999958 344.5161132811918 13203.17498294526 310381.17806376383 840.0 128.0 187457.0#187457.0#840_188849.0#188849.0#840 188862.0#188862.0#128
190000 192000 444.83500976563664 777.5824951171817 173.6634574376212 900.381103515625 654.7838867187384 10204.574007702868 259023.53433020963 840.0 128.0 188849.0#188849.0#840_191103.0#191103.0#840 191098.0#191098.0#128
192000 194000 16.539085937431082 661.1536380208563 493.58520077045137 997.4860000000335 94.50689648441039 17250.009561733757 314798.1109676787 840.0 128.0 191103.0#191103.0#840_192649.0#192649.0#840 192646.0#192646.0#128
194000 196000 507.81507226557005 497.39497591147665 463.1572526502269 999.9440000000177 87.69698242191225 10046.62377748944 254218.88574488022 840.0 128.0 192649.0#192649.0#840_194600.0#194600.0#840 194597.0#194597.0#128
196000 198000 24.06000000005588 658.646666666648 310.94288847805797 998.0679999999702 387.5439453125 11492.924519842962 269407.56753903226 840.0 128.0 196607.0#196607.0#840 196605.0#196605.0#128
198000 200000 23.967886718688533 658.6773710937705 320.3234851767693 999.9740000000456 364.56005859375 11345.791565341591 293423.9161640636 840.0 128.0 196607.0#196607.0#840_198610.0#198610.0#840 198607.0#198607.0#128
200000 202000 11.367054687463678 662.8776484375121 322.2542348435347 999.594000000041 357.35400390625 11242.578727806756 288996.85980152356 840.0 128.0 198610.0#198610.0#840_200610.0#200610.0#840 200604.0#200604.0#128
202000 204000 14.866009765653871 661.7113300781153 322.7855588908093 996.7160000000149 352.718994140625 12526.535291285176 290019.4083349581 840.0 128.0 202657.0#202657.0#840 202654.0#202654.0#128
204000 206000 557.1609941405477 721.4195029297261 107.30698543573504 797.2970000000205 645.5420058594318 9590.659212243285 217774.32178017875 840.0 128.0 204097.0#204097.0#840 204093.0#204093.0#128
206000 208000 597.9200742187677 701.0399628906162 419.33700114118955 997.5559999999823 404.52392578125 10975.046154891037 290209.2713111048 840.0 128.0 206655.0#206655.0#840 206653.0#206653.0#128
208000 210000 456.8169257811969 771.5915371094015 252.6923339509829 950.2719999999972 592.9110742188059 10420.953845108963 223409.72868889518 840.0 128.0 208104.0#208104.0#840 208100.0#208100.0#128
210000 212000 595.7187265624525 702.1406367187737 419.29362179749137 998.6260000000475 405.6552734375 11716.184351049675 314084.76646874606 840.0 128.0 210651.0#210651.0#840 210648.0#210648.0#128
212000 214000 119.2222460936755 626.9259179687748 246.1914950934631 890.0840000000317 402.22802734375 14069.986685871218 336724.43699718214 840.0 128.0 210651.0#210651.0#840_212050.0#212050.0#840_213600.0#213600.0#840 212058.0#212058.0#128_213596.0#213596.0#128
214000 216000 1021.0730273437221 489.46348632813897 142.6099834015225 590.3039726562565 388.6230000000214 7420.828963079109 173399.79653407176 840.0 0.0 213600.0#213600.0#840 -
216000 218000 516.3090000000084 741.8454999999958 360.6605208510463 996.8710000000428 486.8199999999488 11794.0 293467.0 840.0 128.0 216101.0#216101.0#840 216095.0#216095.0#128
218000 220000 590.7589140625205 704.6205429687398 413.95085554131924 997.3279999999795 411.9130859375 11370.257167014963 309548.0186449902 840.0 128.0 218649.0#218649.0#840 218644.0#218644.0#128_219592.0#219592.0#128
220000 222000 7.769152343738824 664.0769492187537 303.47719012250747 999.0030000000261 407.35693359375 15226.521291961295 387748.9067359474 840.0 128.0 218649.0#218649.0#840_220054.0#220054.0#840_221342.0#221342.0#840 219592.0#219592.0#128_221377.0#221377.0#128
222000 224000 597.1799570312724 467.60668098957586 106.14764257479253 589.4630664061988 395.2509765625 9859.455227295097 239604.13936639845 840.0 128.0 221342.0#221342.0#840_223608.0#223608.0#840 223604.0#223604.0#128
224000 226000 1033.7939765625633 483.10301171871834 171.3871439832179 604.2920234374469 361.91399999998976 6944.766313728646 155091.9352526639 840.0 0.0 223608.0#223608.0#840 -
226000 228000 591.3538984374609 704.3230507812696 414.5327933737344 997.4420000000391 411.2041015625 11495.200244334701 298816.746616158 840.0 128.0 226663.0#226663.0#840_227830.0#227830.0#840 226659.0#226659.0#128_227592.0#227592.0#128
228000 230000 12.095181640586816 662.6349394531377 301.32003891864053 996.2889999999898 410.367919921875 16342.424694387482 386264.76113834017 840.0 128.0 226663.0#226663.0#840_227830.0#227830.0#840_229354.0#229354.0#840 227592.0#227592.0#128_229094.0#229094.0#128
230000 232000 1293.5589199218666 353.2205400390667 331.21806531977285 587.4270800781669 119.01399999996647 4835.375061277817 103478.49224550191 840.0 0.0 229354.0#229354.0#840 -
232000 234000 592.6239628905896 703.6880185547052 418.53647754405176 999.6380000000354 407.738037109375 12095.454627731331 316437.91660425346 840.0 128.0 232648.0#232648.0#840 232644.0#232644.0#128_233093.0#233093.0#128
234000 236000 596.4850371094653 701.7574814452673 157.31926423901407 812.9989999999525 590.5159628905822 9652.545372268669 207383.08339574654 840.0 0.0 232648.0#232648.0#840_234087.0#234087.0#840 -
236000 238000 592.4729453125037 703.7635273437481 417.27427950999476 998.8209999999963 408.7060546875 11970.57064518992 297379.81298679253 840.0 128.0 236659.0#236659.0#840 236655.0#236655.0#128_237091.0#237091.0#128
238000 240000 458.9480546875857 770.5259726562072 257.3345811199778 952.4889999999432 588.5629453124711 10725.42935481008 254250.18701320747 840.0 0.0 236659.0#236659.0#840_238416.0#238416.0#840 -
240000 242000 597.2010996093741 701.399450195313 419.3872236765501 997.9510000000009 404.847900390625 11773.603717339287 287164.97753685777 840.0 128.0 240658.0#240658.0#840 240653.0#240653.0#128_241091.0#241091.0#128
242000 244000 23.086935546831228 658.9710214843896 311.71944475580364 998.0979999999981 384.93896484375 9584.221659124169 283716.52794630895 840.0 128.0 240658.0#240658.0#840_242154.0#242154.0#840 241091.0#241091.0#128_242592.0#242592.0#128
244000 246000 52.789886718732305 649.0700377604226 317.44913057608295 983.2839999999851 351.580078125 12020.98413570954 280407.0153464332 840.0 128.0 242154.0#242154.0#840_244910.0#244910.0#840 242592.0#242592.0#128
246000 248000 403.06407812505495 798.4679609374725 214.88414919108394 950.4139999999898 646.5219218749553 12456.190487827007 254229.47917040007 472.0 128.0 244910.0#244910.0#840_246081.0#246081.0#288_246907.0#246907.0#288 246098.0#246098.0#128_246948.0#246948.0#128
248000 250000 1409.5749999999534 590.4250000000466  590.4250000000466 590.4250000000466 5440.0 99634.0 288.0 128.0 248604.0#248604.0#288 248600.0#248600.0#128
250000 252000 1325.2889999999898 674.7110000000102  674.7110000000102 674.7110000000102 5982.0 111928.0 288.0 128.0 250595.0#250595.0#288 250593.0#250593.0#128
252000 254000 1319.2219999999506 680.7780000000494  680.7780000000494 680.7780000000494 5863.0 109218.0 288.0 128.0 252655.0#252655.0#288 252651.0#252651.0#128
254000 256000 1080.6480000000447 919.3519999999553  919.3519999999553 919.3519999999553 8950.0 159000.0 480.0 128.0 254659.0#254659.0#480 254653.0#254653.0#128
256000 258000 608.989705078071 695.5051474609645 407.3328954019783 983.533000000054 407.477294921875 9969.20537776241 244916.70137529183 480.0 128.0 256651.0#256651.0#480 256647.0#256647.0#128
258000 260000 843.4222949219402 578.2888525390299 16.96469735299889 590.2847050781129 566.2929999999469 6499.79462223759 141714.29862470814 480.0 128.0 258109.0#258109.0#480 258102.0#258102.0#128
260000 262000 1056.6060000000289 943.3939999999711  943.3939999999711 943.3939999999711 7865.0 208431.0 480.0 128.0 260098.0#260098.0#480 260094.0#260094.0#128
262000 264000 1089.9350000000559 910.0649999999441  910.0649999999441 910.0649999999441 10854.0 150269.0 480.0 128.0 262104.0#262104.0#480 262101.0#262101.0#128
264000 266000 990.9930000000168 504.5034999999916 685.509618768722 989.23199999996 19.775000000023283 8382.0 212820.0 480.0 128.0 264111.0#264111.0#480 264105.0#264105.0#128
266000 268000 753.9147519530961 623.0426240234519 313.69148462183756 844.8560000000289 401.229248046875 9774.695936516464 204958.37898451695 480.0 128.0 266658.0#266658.0#480_267601.0#267601.0#480 266654.0#266654.0#128_267598.0#267598.0#128
268000 270000 53.036236328072846 648.9879212239757 312.19532061477696 987.0550000000512 371.56201171875 8288.788485315576 178876.68993543653 480.0 128.0 267601.0#267601.0#480_269608.0#269608.0#480 269604.0#269604.0#128
270000 272000 63.069976562517695 645.6433411458274 330.1242154238033 997.1650000000373 342.18603515625 7527.100567704984 193155.92686532746 480.0 128.0 269608.0#269608.0#480_271599.0#271599.0#480 271596.0#271596.0#128
272000 274000 1107.3510468750028 446.3244765624986 76.91410933718717 500.7109648437472 391.93798828125 6804.22786096549 177821.47839423193 660.0 128.0 271599.0#271599.0#480_273615.0#273615.0#840 273610.0#273610.0#128
274000 276000 44.29009179689456 651.9033027343685 317.18506034964435 990.6119999999646 361.868896484375 13061.040198526794 281996.9007941002 840.0 128.0 273615.0#273615.0#840_275601.0#275601.0#840 275598.0#275598.0#128
276000 278000 8.86859179683961 663.7104694010535 320.7122192385358 997.9409999999916 358.4873046875 13355.87604783314 348466.1939994295 840.0 128.0 275601.0#275601.0#840_277108.0#277108.0#840 277101.0#277101.0#128
278000 280000 15.789251953130588 661.4035826822898 325.14058880581484 997.4579999999842 348.404052734375 11388.663019696272 267740.32874611666 840.0 128.0 277108.0#277108.0#840_279106.0#279106.0#840 279100.0#279100.0#128
280000 282000 33.76113671879284 655.412954427069 336.4395981903143 999.0270000000019 326.638916015625 9887.725961713997 227226.62886989536 840.0 128.0 279106.0#279106.0#840_281097.0#281097.0#840 281095.0#281095.0#128
282000 284000 455.5170117187081 772.241494140646 180.78657079446643 900.076904296875 644.4060839844169 10315.838384803103 259438.3372832898 840.0 128.0 281097.0#281097.0#840_283104.0#283104.0#840 283099.0#283099.0#128
284000 286000 449.4780097656185 516.8406634114605 399.4791017449823 894.94189453125 98.96009570313618 11353.475933692676 252540.42744012864 840.0 128.0 283104.0#283104.0#840_285111.0#285111.0#840 285104.0#285104.0#128
286000 288000 10.744941406301223 663.0850195312329 486.22477022894265 995.5810000000056 105.04710546869319 14372.948652274428 326507.68811654043 840.0 128.0 285111.0#285111.0#840_286651.0#286651.0#840 286647.0#286647.0#128
288000 290000 512.9338671874721 495.6887109375093 464.0695888523537 998.0870000000577 83.0660468749702 10900.1233107481 279121.6253581852 840.0 128.0 286651.0#286651.0#840_288603.0#288603.0#840 288598.0#288598.0#128
290000 292000 34.19196679687593 655.2693444010414 313.7465387339089 996.841999999946 379.922119140625 12179.758114609467 299248.6539752989 840.0 128.0 288603.0#288603.0#840_290664.0#290664.0#840 290661.0#290661.0#128
292000 294000 21.42502343747765 659.5249921875075 315.0033289435596 997.1670000000158 373.548095703125 11367.126522649234 267143.96982232295 840.0 128.0 290664.0#290664.0#840_292607.0#292607.0#840 292603.0#292603.0#128
294000 296000 51.58716601564083 649.470944661453 329.18990459552504 999.5189999999711 346.1279296875 9605.154447976232 258243.52280284624 840.0 128.0 294602.0#294602.0#840 294599.0#294599.0#128
296000 298000 51.994615234434605 649.3351282551885 330.7673741389895 999.5509999999776 342.247314453125 9233.902672070382 237359.27795437974 840.0 128.0 296605.0#296605.0#840 296602.0#296602.0#128
298000 300000 81.9682109374553 639.3439296875149 335.17317108589236 997.5840000000317 333.381103515625 8253.75539337165 197346.40776968928 840.0 128.0 299232.0#299232.0#840 299226.0#299226.0#128
