ts te idle avg_span std_span max_span min_span c_ack_cnt c_ack_cnt_p c_bytes_all c_bytes_uniq s_ack_cnt s_ack_cnt_p s_bytes_all s_bytes_uniq avg_video_rate avg_audio_rate video_requests_sequence audio_requests_sequence
0 8000 5740.0549765625 538.1792695312497 423.51608129569684 999.6270000000004 43.862060546875 284.0971255661369 258.82643753802137 21524.524857586992 19840.524857586992 455.2776952033591 29.27068802811555 684416.2461971967 624749.2461971967 480.0 128.0 5929.0#5929.0#480_5930.0#5930.0#480_6481.0#6481.0#480_6903.0#6903.0#480_7306.0#7306.0#480_7735.0#7735.0#480 5923.0#5923.0#128_5927.0#5927.0#128_6491.0#6491.0#128_7032.0#7032.0#128_7446.0#7446.0#128_7807.0#7807.0#128
8000 16000 324.0665781249918 642.9283428071117 405.85349763313474 999.8899999999994 0.0 1941.1131150639949 1913.0353369939771 21200.683718023978 17843.683718023978 2558.06269528183 24.077778070018038 3766078.9822688177 3239491.0870954646 2720.0 128.0 7735.0#7735.0#480_8204.0#8204.0#480_8628.0#8628.0#480_9440.0#9440.0#4400_9442.0#9442.0#4400_10931.0#10931.0#4400_13218.0#13218.0#4400 8218.0#8218.0#128_8970.0#8970.0#128_9530.0#9530.0#128_11071.0#11071.0#128_13578.0#13578.0#128
16000 24000 4.673968750001222 751.6871474609364 347.9013770451377 999.913999999997 0.0 2287.6233496744744 2275.075250550609 10450.940558648646 10450.940558648646 3024.7618239187423 12.548099123865951 4501228.309223874 3933790.250953604 4400.0 128.0 13218.0#13218.0#4400_16177.0#16177.0#4400_18434.0#18434.0#4400_21615.0#21615.0#4400_22778.0#22778.0#4400 13578.0#13578.0#128_16571.0#16571.0#128_18583.0#18583.0#128_21626.0#21626.0#128_23076.0#23076.0#128
24000 32000 15.13164062499709 608.7531637008099 411.09914118724134 999.9839999999967 0.0 2034.3279105439628 2024.3198154225342 8333.672347351461 8333.672347351461 2989.2822476198344 10.008095121428605 4642373.995145373 3793837.74815157 4400.0 128.0 21615.0#21615.0#4400_22778.0#22778.0#4400_25570.0#25570.0#4400_27882.0#27882.0#4400_29909.0#29909.0#4400 25587.0#25587.0#128_28046.0#28046.0#128_30579.0#30579.0#128
32000 40000 317.67473046876694 662.3823962402317 347.6633351085637 998.6339999999909 44.40299999999843 1391.528024243778 1367.432684587206 18551.178518388922 17731.178518388922 2072.5444213951396 23.095339656571856 3160248.4309527744 2667483.6313902 2715.0 128.0 29909.0#29909.0#4400_32376.0#32376.0#4400_34377.0#34377.0#4400_37523.0#37523.0#3000_37527.0#37527.0#3000_38574.0#38574.0#840_38577.0#38577.0#840_39306.0#39306.0#840 32575.0#32575.0#128_34580.0#34580.0#128_37591.0#37591.0#128_38956.0#38956.0#128_39503.0#39503.0#128
40000 48000 1299.1960371093737 549.5427226562483 348.7074933695007 999.679999999993 0.0 508.3084752160298 492.96255210352473 12831.963106337538 12737.41078891948 728.184424593639 15.345923112505085 1109878.6636549488 1101317.232869113 531.4285714285714 128.0 39306.0#39306.0#840_40932.0#40932.0#480_41774.0#41774.0#480_42184.0#42184.0#480_42890.0#42890.0#480_43255.0#43255.0#480_43670.0#43670.0#480 39503.0#39503.0#128_46431.0#46431.0#128_46557.0#46557.0#128_46667.0#46667.0#128_46777.0#46777.0#128_46884.0#46884.0#128_46986.0#46986.0#128
48000 56000 4556.169259765622 379.6661767578131 248.09486821746307 771.6260000000038 29.389999999999418 259.56411164175336 245.16841982757435 11982.577282810269 11257.129600228327 356.8984934976896 14.395691814179019 561561.2878176967 560322.7186035324 398.4 128.0 48584.0#48584.0#288_48586.0#48586.0#288_50590.0#50590.0#288_52087.0#52087.0#288_54026.0#54026.0#840 48582.0#48582.0#128_50586.0#50586.0#128_52083.0#52083.0#128_54018.0#54018.0#128
56000 64000 4014.9122753906267 449.32598597301165 325.53748794246314 983.6340000000055 40.48399999999674 750.1259457881009 735.3604680352126 12307.431647052157 12307.431647052157 984.1833489075688 14.765477752888298 1526697.3155061281 1488877.4560033255 1280.0 128.0 56003.0#56003.0#840_58013.0#58013.0#840_60019.0#60019.0#1500_60021.0#60021.0#1500_61995.0#61995.0#1500_63589.0#63589.0#1500 56001.0#56001.0#128_58009.0#58009.0#128_60016.0#60016.0#128_61993.0#61993.0#128_63583.0#63583.0#128
64000 72000 1615.889960937493 670.6278321940117 292.98504050424407 999.4049999999988 373.89800000000105 945.4046870875288 932.5376310630303 10726.974270548748 10726.974270548748 1449.9595047265045 12.825551573546935 2212544.65776534 2156235.8010126674 2166.6666666666665 128.0 63589.0#63589.0#1500_65579.0#65579.0#2300_65583.0#65583.0#2300_67589.0#67589.0#2300_69581.0#69581.0#2300_71584.0#71584.0#2300 65996.0#65996.0#128_67585.0#67585.0#128_69579.0#69579.0#128_71581.0#71581.0#128
72000 80000 1109.430650390641 587.4175888671871 397.49022227629393 999.3760000000038 0.0 1143.9538621726724 1131.4173312399353 10458.84594744373 10458.84594744373 1766.2628286342906 12.578035383688785 2872507.6297413036 2644813.043793181 2440.0 128.0 71584.0#71584.0#2300_73114.0#73114.0#2300_75583.0#75583.0#2300_77088.0#77088.0#2300_79088.0#79088.0#3000 73074.0#73074.0#128_75581.0#75581.0#128_77086.0#77086.0#128_79083.0#79083.0#128
80000 88000 22.392333984375 764.7847095424107 359.97226372676585 999.9780000000028 86.35595703123545 1184.6199974642736 1173.4010164630397 9369.85382407232 9369.85382407232 1885.4643881688278 11.21898100123394 2983755.824771633 2914782.990850892 3000.0 128.0 79088.0#79088.0#3000_81083.0#81083.0#3000_83082.0#83082.0#3000_84770.0#84770.0#3000_87081.0#87081.0#3000 81081.0#81081.0#128_83080.0#83080.0#128_84819.0#84819.0#128_87078.0#87078.0#128
88000 96000 1.3990546874993015 601.6188501953162 387.4944523494698 999.9570000000094 0.0 1460.8086505911508 1446.7132880424786 12193.123166708105 12193.123166708105 2296.7058946997868 14.095362548672231 3628281.4954435905 3472459.63156793 3000.0 128.0 87081.0#87081.0#3000_88877.0#88877.0#3000_90663.0#90663.0#3000_92458.0#92458.0#3000_94229.0#94229.0#3000 88576.0#88576.0#128_90574.0#90574.0#128_92575.0#92575.0#128_94579.0#94579.0#128
96000 104000 552.1196191406343 748.4590554687476 276.5622562746366 999.3530000000028 8.465087890625 1143.4577295319611 1129.674271040623 11468.372327947674 9808.372327947674 1911.2951658805289 12.783458491338603 3104463.869274756 2974263.869274756 2860.0 128.0 96586.0#96586.0#3000_98478.0#98478.0#3000_100621.0#100621.0#3000_102222.0#102222.0#3000_103990.0#103990.0#2300 96583.0#96583.0#128_98131.0#98131.0#128_100074.0#100074.0#128
104000 112000 957.8257421875169 633.1839479980472 373.6103131930765 998.4489999999932 1.5760000000009313 496.3452396359688 485.35372131402175 8316.85842707946 8316.85842707946 834.3952916940444 11.991518321947103 1316357.8061470701 1236168.2922365677 2300.0 128.0 103990.0#103990.0#2300_106005.0#106005.0#2300 100074.0#100074.0#128_108302.0#108302.0#128_108423.0#108423.0#128_108526.0#108526.0#128_108641.0#108641.0#128
112000 120000 621.7702421875147 663.7297564174078 385.53924909817545 999.25 56.64892578125 986.9705914618216 971.3277991757252 12686.231104893097 12686.231104893097 1660.7824485025092 15.709457139438209 2560059.7734348676 2494649.28734537 2300.0 128.0 106005.0#106005.0#2300_114120.0#114120.0#2300_115119.0#115119.0#2300_116497.0#116497.0#2300_117945.0#117945.0#2300_119424.0#119424.0#2300 115128.0#115128.0#128_116517.0#116517.0#128_117987.0#117987.0#128_119492.0#119492.0#128
120000 128000 2344.1863613281166 567.9519989013679 298.62038561643095 998.7539999999863 56.10000000000582 537.5050189328779 529.452370024781 5867.661703371368 5025.661703371368 804.3934126315116 8.985984054754883 1273559.5979069762 1171493.7819275071 2300.0 128.0 119424.0#119424.0#2300_120725.0#120725.0#2300_127526.0#127526.0#2300 121085.0#121085.0#128
128000 136000 939.2235937500081 723.9532477678544 294.39229009226943 999.7669999999925 87.291259765625 932.7779925753711 911.9269484556899 17446.583485433202 17446.583485433202 1272.0367482316867 20.851044119681205 2064807.7707741717 2020953.2985280033 1121.7777777777778 128.0 127526.0#127526.0#2300_128610.0#128610.0#288_128961.0#128961.0#288_129151.0#129151.0#480_129566.0#129566.0#480_130116.0#130116.0#480_130515.0#130515.0#480_132604.0#132604.0#2300_134592.0#134592.0#3000 128626.0#128626.0#128_128980.0#128980.0#128_129176.0#129176.0#128_129579.0#129579.0#128_130192.0#130192.0#128_130545.0#130545.0#128_132594.0#132594.0#128_134584.0#134584.0#128
136000 144000 616.5513359375182 570.6839343261727 399.98828602849085 999.6339999999909 37.33100000000559 1380.6225995070427 1366.3611748088292 12350.009916214254 11309.181179576948 2000.4715031234932 15.261424698213407 3312259.6184210135 3130923.881974343 3000.0 128.0 134592.0#134592.0#3000_136587.0#136587.0#3000_138193.0#138193.0#3000_139983.0#139983.0#3000_141852.0#141852.0#3000 136583.0#136583.0#128_138338.0#138338.0#128_139982.0#139982.0#128_141957.0#141957.0#128
144000 152000 202.51501757811639 613.8345208740247 372.69471404294745 999.31700000001 78.00500000000466 1224.0448074082703 1206.601406236469 14541.066844179408 12259.895580816716 1986.0142400565605 17.443401171801327 3201277.349108666 3095449.1303703682 3000.0 128.0 144081.0#144081.0#3000_145915.0#145915.0#3000_148083.0#148083.0#3000_149806.0#149806.0#3000_151586.0#151586.0#3000 144078.0#144078.0#128_146084.0#146084.0#128_148078.0#148078.0#128_149579.0#149579.0#128_151582.0#151582.0#128
152000 160000 1299.8393417969055 639.5772447916621 332.2615445439211 999.8699999999953 70.51771093750722 1281.5211867922999 1269.737936565881 9827.983000834023 9827.983000834023 1979.3490302654168 11.78325022641902 3233251.220619563 3056507.2481478625 3000.0 128.0 151586.0#151586.0#3000_153317.0#153317.0#3000_155481.0#155481.0#3000_157580.0#157580.0#3000_159595.0#159595.0#3000 153472.0#153472.0#128_155495.0#155495.0#128_157578.0#157578.0#128_159587.0#159587.0#128
160000 168000 21.78948242191109 694.2812559814502 340.3758232126323 999.176999999996 93.32100390625419 1235.0601979915455 1222.1963976032844 10731.117596749174 10731.117596749174 1969.0696531031344 12.853208693748895 3220098.2829262447 3059016.7312216433 3000.0 128.0 159595.0#159595.0#3000_161032.0#161032.0#3000_163075.0#163075.0#3000_165093.0#165093.0#3000_167090.0#167090.0#3000 161049.0#161049.0#128_163575.0#163575.0#128_165089.0#165089.0#128_167085.0#167085.0#128
168000 176000 765.8028671874781 731.6969361979166 357.45191726177865 999.9839999999967 9.376964843715541 1245.675083408294 1233.64044421543 10037.737171215012 10037.737171215012 1915.8648454423937 12.04523088737623 3125404.097473654 2993936.2267067973 3000.0 128.0 167090.0#167090.0#3000_168758.0#168758.0#3000_171085.0#171085.0#3000_172602.0#172602.0#3000_175089.0#175089.0#3000 168890.0#168890.0#128_171082.0#171082.0#128_172988.0#172988.0#128_175086.0#175086.0#128
176000 184000 38.068123046832625 721.2983652343798 349.98782498766866 999.7699999999895 31.634921874996508 1223.4317148020054 1210.5781829655468 10743.51117782672 9901.51117782672 2020.1475966021037 12.85353183645861 3142273.109935365 3025558.834541004 3000.0 128.0 175089.0#175089.0#3000_176542.0#176542.0#3000_178583.0#178583.0#3000_180276.0#180276.0#3000_182584.0#182584.0#3000 176553.0#176553.0#128_178580.0#178580.0#128_180451.0#180451.0#128_182580.0#182580.0#128
184000 192000 156.82488476560684 649.8425027901831 382.52566770595564 999.3369999999995 43.305908203125 1379.3315612505342 1365.6328846914867 11419.673884312893 11419.673884312893 2152.2964855581918 13.69867655904768 3400191.7527453345 3221369.666493461 3000.0 128.0 182584.0#182584.0#3000_184265.0#184265.0#3000_186139.0#186139.0#3000_188015.0#188015.0#3000_190051.0#190051.0#3000_191943.0#191943.0#3000 184277.0#184277.0#128_186307.0#186307.0#128_188012.0#188012.0#128_190048.0#190048.0#128_191955.0#191955.0#128
192000 200000 208.97582812496694 752.1114259440122 360.9571131146945 999.7960000000021 45.94609179688268 1184.097228571621 1172.0033775418713 10086.127332072007 10086.127332072007 2086.1739083950065 12.09385102974984 3258186.417296768 3165935.3177224807 3000.0 128.0 191943.0#191943.0#3000_193806.0#193806.0#3000_196041.0#196041.0#3000_197702.0#197702.0#3000_199409.0#199409.0#3000 191955.0#191955.0#128_193817.0#193817.0#128_196038.0#196038.0#128_197575.0#197575.0#128_199580.0#199580.0#128
200000 208000 834.6388398437412 708.1461711774692 312.4890219569919 999.5160000000033 5.380919921881286 1271.78832102728 1259.915202625986 9909.404599664604 9909.404599664604 2002.400936103337 11.873118401293972 3135958.679151582 2986972.7414776688 3000.0 128.0 199409.0#199409.0#3000_201580.0#201580.0#3000_203581.0#203581.0#3000_205366.0#205366.0#3000_207167.0#207167.0#3000 201576.0#201576.0#128_203579.0#203579.0#128_205543.0#205543.0#128_207320.0#207320.0#128
208000 216000 668.3171874999243 790.4987847656303 295.6664666655726 999.9420000000391 167.1806914062472 1280.094969386599 1266.6494809019655 11195.203519027222 10375.203519027222 2058.9702239013895 13.423876348737389 3196568.061679096 3063736.204360283 3000.0 128.0 207167.0#207167.0#3000_209087.0#209087.0#3000_210974.0#210974.0#3000_213085.0#213085.0#3000_215082.0#215082.0#3000 209082.0#209082.0#128_210994.0#210994.0#128_213082.0#213082.0#128_215080.0#215080.0#128
216000 224000 55.51075195311569 672.7125541992245 421.76079247765676 999.7049999999872 18.08071289063082 1333.366171846133 1321.2731319888965 10086.84390409316 10086.84390409316 2101.394294122756 12.114651993132554 3367842.063484487 3224823.743051866 3000.0 128.0 215082.0#215082.0#3000_217085.0#217085.0#3000_218714.0#218714.0#3000_220588.0#220588.0#3000_222575.0#222575.0#3000 217082.0#217082.0#128_218727.0#218727.0#128_220583.0#220583.0#128_223075.0#223075.0#128
224000 232000 40.83022851566784 683.6942789522085 389.82324757731953 999.9349999999977 0.0 1180.5173723767225 1168.3298828069937 10182.926242396396 9342.926242396396 1847.0548864596037 12.187489569728658 3033972.661779645 2854569.9430154446 3000.0 128.0 222575.0#222575.0#3000_224581.0#224581.0#3000_226433.0#226433.0#3000_228578.0#228578.0#3000_230861.0#230861.0#3000 224580.0#224580.0#128_226449.0#226449.0#128_228576.0#228576.0#128_230611.0#230611.0#128
232000 240000 513.4001093750412 672.3692364211338 338.0528695799765 999.7699999999604 25.764892578125 970.3956643664503 955.2564773247229 11099.28384925373 9439.28384925373 1596.9146871050011 15.139187041727283 2539199.9503110135 2415959.479542653 2457.6 128.0 230861.0#230861.0#3000_232373.0#232373.0#3000_234577.0#234577.0#3000_236377.0#236377.0#3000_239973.0#239973.0#288 230611.0#230611.0#128_236361.0#236361.0#128_236620.0#236620.0#128_236731.0#236731.0#128_238080.0#238080.0#128
240000 248000 3032.828617187508 392.7687315429677 357.1917718193206 998.3780000000261 0.12199999997392297 482.613232482959 456.90746972009623 21923.68605088629 21103.68605088629 697.5505014931813 27.705762762862697 1100402.1635229795 1039211.0822779951 618.8571428571429 128.0 239973.0#239973.0#288_240464.0#240464.0#288_240868.0#240868.0#288_242584.0#242584.0#288_243587.0#243587.0#840_245575.0#245575.0#840_247597.0#247597.0#1500 240014.0#240014.0#128_240491.0#240491.0#128_240884.0#240884.0#128_242582.0#242582.0#128_243583.0#243583.0#128_246084.0#246084.0#128_247588.0#247588.0#128
248000 256000 1087.5618144531618 560.1881938476545 366.41052181929865 999.945000000007 63.679000000003725 666.8808634299455 652.7569503812549 11117.347604719516 10158.143841162004 986.1785013345906 14.25274872127164 1645419.5178468449 1582027.7477127966 1660.0 128.0 247597.0#247597.0#1500_249584.0#249584.0#1500_251579.0#251579.0#1500_253582.0#253582.0#1500_255593.0#255593.0#2300 249581.0#249581.0#128_251577.0#251577.0#128_253578.0#253578.0#128_255585.0#255585.0#128
256000 264000 1299.6270683593466 648.3607316176468 377.674511904864 999.8719999999739 0.0 1127.6113043627497 1111.9622209091535 13397.256104688477 12674.459868245991 1696.0856511202078 16.520247781014945 2758084.973493666 2505055.855345324 2300.0 128.0 255593.0#255593.0#2300_257585.0#257585.0#2300_259131.0#259131.0#2300_261084.0#261084.0#2300_263095.0#263095.0#2300 255585.0#255585.0#128_257583.0#257583.0#128_259081.0#259081.0#128_261081.0#261081.0#128_263090.0#263090.0#128
264000 272000 72.50536132784327 706.0921219482661 397.2208249990451 999.5250000000233 30.91700000007404 1146.4029496478302 1134.0906784266767 10269.412884563304 10269.412884563304 1880.7761065915001 12.312271221153292 2951738.6908603115 2865840.064919883 2720.0 128.0 263095.0#263095.0#2300_265086.0#265086.0#2300_267099.0#267099.0#3000_268636.0#268636.0#3000_270581.0#270581.0#3000 265083.0#265083.0#128_267093.0#267093.0#128_268649.0#268649.0#128_270578.0#270578.0#128
272000 280000 483.94493359379703 598.7714981770803 364.7669498232609 999.4529999999795 63.913999999989755 1201.0865171714486 1189.938052463081 9311.16908123285 9311.16908123285 1793.7898427157 11.14846470836753 2938812.6178949834 2848350.3078018604 3000.0 128.0 270581.0#270581.0#3000_272576.0#272576.0#3000_274585.0#274585.0#3000_276580.0#276580.0#3000_278582.0#278582.0#3000 272575.0#272575.0#128_274580.0#274580.0#128_276578.0#276578.0#128_278579.0#278579.0#128
280000 288000 19.577378906251397 673.7677718750085 384.7625968572783 998.9830000000657 0.0 1362.1941800210016 1349.6315746644398 10475.050819932694 10475.050819932694 2135.586903615196 12.56260535656177 3525375.488218732 3285289.50618137 3000.0 128.0 278582.0#278582.0#3000_280524.0#280524.0#3000_282615.0#282615.0#3000_284167.0#284167.0#3000_286006.0#286006.0#3000_287906.0#287906.0#3000 280076.0#280076.0#128_282054.0#282054.0#128_284080.0#284080.0#128_286002.0#286002.0#128
288000 296000 842.9569492187584 515.6821900634823 394.2568163394182 999.8510000000242 6.8659316406119615 1179.604399764407 1165.5192257501083 11743.229680894732 11222.62306882522 1920.8310665598574 14.085174014298643 3094040.5184275373 2982162.9700008305 3000.0 128.0 286006.0#286006.0#3000_287906.0#287906.0#3000_290002.0#290002.0#3000_291678.0#291678.0#3000_294031.0#294031.0#3000_295664.0#295664.0#3000 288065.0#288065.0#128_289999.0#289999.0#128_291841.0#291841.0#128_294027.0#294027.0#128_295573.0#295573.0#128
