ts te idle avg_span std_span max_span min_span c_ack_cnt c_ack_cnt_p c_bytes_all c_bytes_uniq s_ack_cnt s_ack_cnt_p s_bytes_all s_bytes_uniq avg_video_rate avg_audio_rate video_requests_sequence audio_requests_sequence
0 10000 7875.206177734377 447.2800329589845 299.40750480023667 999.1929999999993 109.30999999999767 622.6234516425393 605.2278383660368 15879.652210746033 15879.652210746033 941.3242274594647 21.39561327650241 1548808.6296458119 1438109.8761167761 2300.0 128.0 8084.0#8084.0#2300_8087.0#8087.0#2300_8875.0#8875.0#2300_9481.0#9481.0#2300 8081.0#8081.0#128_8083.0#8083.0#128_9300.0#9300.0#128_9812.0#9812.0#128
10000 20000 1274.9210859375016 687.6566949055973 360.3212091420454 999.6979999999894 0.0 3106.603384574334 3079.264686538856 22040.171373388905 22040.171373388905 4352.992591428127 27.33869803547833 7299545.657296428 6540418.03162322 3269.230769230769 128.0 9481.0#9481.0#2300_10350.0#10350.0#2300_10781.0#10781.0#2300_12182.0#12182.0#2300_12699.0#12699.0#2300_13690.0#13690.0#2300_14382.0#14382.0#2300_15066.0#15066.0#2300_15666.0#15666.0#2300_17634.0#17634.0#6500_17637.0#17637.0#6500_19882.0#19882.0#4400_19884.0#19884.0#4400 10382.0#10382.0#128_11120.0#11120.0#128_12198.0#12198.0#128_13122.0#13122.0#128_13704.0#13704.0#128_14471.0#14471.0#128_15113.0#15113.0#128_15734.0#15734.0#128_17632.0#17632.0#128_19119.0#19119.0#128
20000 30000 294.61846093749773 807.6923513454858 266.20656388955643 999.849000000002 120.65798242187157 2813.1126108260987 2796.9244912013437 13489.569783988012 13489.569783988012 4449.110583702381 16.188119624754563 7683161.585645741 7445611.754913697 5100.0 128.0 19884.0#19884.0#4400_21361.0#21361.0#4400_23050.0#23050.0#6500_24909.0#24909.0#6500_26869.0#26869.0#4400_28380.0#28380.0#4400 20619.0#20619.0#128_22622.0#22622.0#128_24260.0#24260.0#128_26202.0#26202.0#128_28376.0#28376.0#128
30000 40000 72.12729687500541 735.104035435267 364.49936882004084 999.9590000000026 76.01473437499953 3040.5270415504037 3021.5942457775895 16232.892533707602 15495.892533707602 4821.496297163596 19.788022482363598 8300663.135292806 8141280.326900497 6500.0 128.0 30177.0#30177.0#6500_32341.0#32341.0#6500_34294.0#34294.0#6500_36329.0#36329.0#6500_38084.0#38084.0#6500 30169.0#30169.0#128_32192.0#32192.0#128_34247.0#34247.0#128_35125.0#35125.0#128_37118.0#37118.0#128_39118.0#39118.0#128
40000 50000 101.20709765625361 709.943780400813 383.0493807023372 999.9499999999971 125.11999999999534 3222.079431991064 3205.934658700614 12650.71409816945 12650.71409816945 5086.342553445527 16.2895465809011 8691677.247877588 8396151.520656575 6500.0 128.0 38084.0#38084.0#6500_40087.0#40087.0#6500_41902.0#41902.0#6500_43744.0#43744.0#6500_45567.0#45567.0#6500_47109.0#47109.0#6500_48970.0#48970.0#6500 41121.0#41121.0#128_43123.0#43123.0#128_44620.0#44620.0#128_47118.0#47118.0#128_49035.0#49035.0#128
50000 60000 26.683076171888388 871.2379009765609 211.57501352483385 999.8029999999999 198.21104101563105 2459.3688870160804 2443.5434203755367 13186.882645245767 13186.882645245767 3766.6578081302523 15.825466640543619 8318504.877445353 8127709.984771128 6500.0 128.0 48970.0#48970.0#6500_51240.0#51240.0#6500_53127.0#53127.0#6500_55212.0#55212.0#6500_57262.0#57262.0#6500_59216.0#59216.0#6500 50623.0#50623.0#128_52648.0#52648.0#128_54627.0#54627.0#128_56626.0#56626.0#128_58307.0#58307.0#128
60000 70000 8.005148437514435 782.2379622395828 290.6130539842157 999.8469999999943 128.05299999999988 2467.9500137684668 2453.77548040901 11833.117354754233 11833.117354754233 3826.5400976207507 14.174533359456383 8209940.902936215 8048334.941679101 6500.0 128.0 59216.0#59216.0#6500_61161.0#61161.0#6500_62814.0#62814.0#6500_64767.0#64767.0#6500_66615.0#66615.0#6500_68490.0#68490.0#6500 60274.0#60274.0#128_62630.0#62630.0#128_64766.0#64766.0#128_66612.0#66612.0#128_68307.0#68307.0#128
70000 80000 357.8346777344268 696.3468487548798 361.3851616472421 999.6009999999806 61.347701171878725 1731.3670853837375 1716.3670853837375 12510.0 12510.0 2762.9869401483293 15.0 7093869.503446994 7044296.73240073 6500.0 128.0 68490.0#68490.0#6500_70339.0#70339.0#6500_72418.0#72418.0#6500_74346.0#74346.0#6500_76358.0#76358.0#6500_78413.0#78413.0#6500 70287.0#70287.0#128_72417.0#72417.0#128_74327.0#74327.0#128_76276.0#76276.0#128_78272.0#78272.0#128
80000 90000 148.39685156248743 823.5622582031253 271.2589305712759 999.5649999999878 85.02012109376665 2166.447923407262 2149.207686119369 14374.119378340305 14374.119378340305 3305.606712792476 17.240237287892754 7542700.846922257 7406299.766397842 5600.0 128.0 78413.0#78413.0#6500_80600.0#80600.0#6500_82933.0#82933.0#6500_84918.0#84918.0#6500_86744.0#86744.0#4400_88279.0#88279.0#4400_89604.0#89604.0#4400 80593.0#80593.0#128_82617.0#82617.0#128_83139.0#83139.0#128_87010.0#87010.0#128_88487.0#88487.0#128_89674.0#89674.0#128
90000 100000 1061.6701210937026 615.7700585937546 356.9494574862631 999.4790000000066 3.3479999999981374 2030.48115833259 2017.7213956204828 10645.880621659695 10645.880621659695 3208.171227507669 12.759762712107246 7085823.265332665 6999586.74811173 6080.0 128.0 89604.0#89604.0#4400_92297.0#92297.0#6500_94366.0#94366.0#6500_96256.0#96256.0#6500_98285.0#98285.0#6500 92285.0#92285.0#128_94361.0#94361.0#128_96250.0#96250.0#128_98283.0#98283.0#128
100000 110000 247.79813476561685 695.185664522055 323.67936533523124 999.3909999999887 55.11699999998382 1318.1785032259345 1301.4381763483602 13973.355230917503 13973.355230917503 1976.090004506419 16.740326877574233 6698566.179461243 6667603.317217389 5000.0 128.0 98285.0#98285.0#6500_100358.0#100358.0#6500_102304.0#102304.0#4400_104283.0#104283.0#4400_105775.0#105775.0#4400_107506.0#107506.0#4400_109258.0#109258.0#4400 100354.0#100354.0#128_102375.0#102375.0#128_104648.0#104648.0#128_105961.0#105961.0#128_107774.0#107774.0#128_109411.0#109411.0#128
110000 120000 2094.9614082031185 713.8646254882842 338.19042699306743 999.7039999999979 27.65799999999581 1393.7448373568877 1378.4851642344618 12728.644769082497 12728.644769082497 2153.6365984826193 15.259673122425768 6336215.350813571 6294060.359121141 4750.0 128.0 109258.0#109258.0#4400_110580.0#110580.0#4400_114144.0#114144.0#4400_115536.0#115536.0#4400_116781.0#116781.0#4400_118379.0#118379.0#6500 110660.0#110660.0#128_114135.0#114135.0#128_114704.0#114704.0#128_116266.0#116266.0#128_118366.0#118366.0#128
120000 130000 1884.5610292968922 759.5794196777333 333.95284549857047 999.4439999999886 49.78771484375466 1187.515670924602 1174.515670924602 10828.0 10828.0 1892.0443576123885 13.0 5627383.8178833295 5590838.640090175 5660.0 128.0 118379.0#118379.0#6500_120440.0#120440.0#6500_122429.0#122429.0#6500_124477.0#124477.0#4400_126282.0#126282.0#4400 120335.0#120335.0#128_122398.0#122398.0#128_124621.0#124621.0#128_126280.0#126280.0#128
130000 140000 5036.257605468767 545.3644443359372 419.4554226671904 999.3949999999895 21.125 761.526618273036 750.7765470521093 8942.504281942365 8942.504281942365 1177.0368593056587 10.7500712209266 3815602.8363200277 3791342.783343761 4925.0 128.0 130303.0#130303.0#6500_137298.0#137298.0#4400_138509.0#138509.0#4400_139933.0#139933.0#4400 130290.0#130290.0#128_137518.0#137518.0#128_138660.0#138660.0#128
140000 150000 52.26209960936103 722.9093837890629 310.0492327529353 999.3839999999909 68.55100000000675 1630.4481183733976 1612.198189594324 15257.495718057635 15257.495718057635 2621.394061419397 18.2499287790734 7596934.899675797 7569346.584235903 4400.0 128.0 138509.0#138509.0#4400_139933.0#139933.0#4400_141117.0#141117.0#4400_143559.0#143559.0#4400_144757.0#144757.0#4400_146049.0#146049.0#4400_147467.0#147467.0#4400_148914.0#148914.0#4400 140134.0#140134.0#128_141142.0#141142.0#128_143667.0#143667.0#128_144916.0#144916.0#128_146139.0#146139.0#128_147725.0#147725.0#128_149021.0#149021.0#128
150000 160000 15.365554687479744 740.5443723273041 314.4041417118024 999.7200000000012 112.33900000000722 2468.2852930860213 2448.3293653496753 16657.860743803678 16657.860743803678 3635.0084841335392 19.0 8015348.284306415 7891628.664413733 4400.0 128.0 148914.0#148914.0#4400_150268.0#150268.0#4400_151547.0#151547.0#4400_152909.0#152909.0#4400_154301.0#154301.0#4400_155687.0#155687.0#4400_156988.0#156988.0#4400_158330.0#158330.0#4400 150387.0#150387.0#128_151621.0#151621.0#128_153084.0#153084.0#128_154490.0#154490.0#128_155823.0#155823.0#128_157126.0#157126.0#128_158356.0#158356.0#128
160000 170000 34.50630273425486 727.584421530342 330.1446753713013 999.7740000000049 43.236917968752095 2610.735494211078 2596.691421947424 11726.139256196322 11726.139256196322 4043.7278704562555 15.0 7897787.213528656 7729494.636915345 6500.0 128.0 160190.0#160190.0#6500_162390.0#162390.0#6500_164621.0#164621.0#6500_166595.0#166595.0#6500_168433.0#168433.0#6500 160178.0#160178.0#128_162384.0#162384.0#128_164616.0#164616.0#128_166209.0#166209.0#128_168291.0#168291.0#128
170000 180000 8.117560546903405 816.0706199629961 276.24518556126975 999.8890000000247 234.9199999999837 2469.557906936184 2453.557906936184 13350.0 13350.0 3917.4701881691835 16.0 7735610.064371603 7520284.105774451 6500.0 128.0 168433.0#168433.0#6500_170723.0#170723.0#6500_172628.0#172628.0#6500_175070.0#175070.0#6500_176758.0#176758.0#6500_178807.0#178807.0#6500 170717.0#170717.0#128_172219.0#172219.0#128_174334.0#174334.0#128_176225.0#176225.0#128_178375.0#178375.0#128_179625.0#179625.0#128
180000 190000 1206.445076171949 695.5658938116869 358.93590083507127 999.9249999999593 84.38893750001444 2075.8224900631103 2058.8224900631103 14182.0 14182.0 3315.9375087277012 17.0 6681477.2416498475 6562237.359486496 4225.0 128.0 178807.0#178807.0#6500_181017.0#181017.0#6500_182694.0#182694.0#3000_182698.0#182698.0#3000_183906.0#183906.0#3000_184863.0#184863.0#3000_187170.0#187170.0#4400_188966.0#188966.0#4400 179625.0#179625.0#128_182869.0#182869.0#128_184124.0#184124.0#128_184954.0#184954.0#128_187164.0#187164.0#128_188986.0#188986.0#128
190000 200000 10.718919921899214 774.2869934512916 306.2802665877635 999.7539999999863 113.87200000003213 1987.7790612927759 1971.8284300878158 13299.023900116837 13299.023900116837 3017.098946172667 15.950631204960045 5752828.74352545 5680717.149208107 4400.0 128.0 188966.0#188966.0#4400_190651.0#190651.0#4400_192630.0#192630.0#4400_194634.0#194634.0#4400_196628.0#196628.0#4400_198630.0#198630.0#4400 190648.0#190648.0#128_193122.0#193122.0#128_194631.0#194631.0#128_196625.0#196625.0#128_198627.0#198627.0#128
200000 210000 106.29893749987241 765.06635881697 313.8116653670089 999.8690000000643 183.3880000000063 2119.965813567857 2105.916444772817 11720.976099883163 11720.976099883163 3397.772732830261 14.049368795039955 6174539.707656349 6105410.826771834 4820.0 128.0 200127.0#200127.0#4400_202627.0#202627.0#4400_204132.0#204132.0#4400_206128.0#206128.0#4400_208138.0#208138.0#6500 200124.0#200124.0#128_202624.0#202624.0#128_204130.0#204130.0#128_206121.0#206121.0#128_208131.0#208131.0#128
210000 220000 11.530205078161089 672.6842952665517 409.8656853980485 999.5690000000177 0.27499999999417923 2575.3902786951626 2560.3902786951626 12510.0 12510.0 4113.4748974166905 15.0 7754700.4270427935 7615145.135076723 6500.0 128.0 208138.0#208138.0#6500_210232.0#210232.0#6500_212155.0#212155.0#6500_214294.0#214294.0#6500_216258.0#216258.0#6500_218414.0#218414.0#6500 210224.0#210224.0#128_212152.0#212152.0#128_214214.0#214214.0#128_216254.0#216254.0#128_218408.0#218408.0#128
220000 230000 7.3990546874993015 703.460681733635 353.96861422526774 999.7309999999998 0.08100000000558794 3126.18219956327 3110.6226563352607 12980.016311527512 12980.016311527512 4844.132279626541 15.559543228008941 8530246.651116118 8229751.306032207 6500.0 128.0 218414.0#218414.0#6500_220518.0#220518.0#6500_222479.0#222479.0#6500_224292.0#224292.0#6500_226544.0#226544.0#6500_228322.0#228322.0#6500 220214.0#220214.0#128_222369.0#222369.0#128_224202.0#224202.0#128_225622.0#225622.0#128_227123.0#227123.0#128_229620.0#229620.0#128
230000 240000 4.621068359323544 768.3523509680704 347.19300170757543 999.9780000000028 98.34900000001653 3184.87142573241 3164.7578337411996 16481.07737300674 16481.07737300674 5181.752262143018 20.751668239208133 8966269.178728916 8703840.305380095 6500.0 128.0 228322.0#228322.0#6500_230053.0#230053.0#6500_231858.0#231858.0#6500_233736.0#233736.0#6500_235522.0#235522.0#6500_237614.0#237614.0#6500_239318.0#239318.0#6500 229620.0#229620.0#128_231124.0#231124.0#128_233118.0#233118.0#128_235124.0#235124.0#128_236620.0#236620.0#128_238631.0#238631.0#128
240000 250000 164.8199765624595 812.3812821289146 267.99480979830986 999.7660000000033 50.66892578123952 3218.0750782093432 3202.7907330654753 12737.04021319703 12737.04021319703 4990.631341471512 14.688788532782926 8580296.687083142 8087515.158232113 6500.0 128.0 239318.0#239318.0#6500_241158.0#241158.0#6500_243683.0#243683.0#6500_245373.0#245373.0#6500_247359.0#247359.0#6500_249374.0#249374.0#6500 240628.0#240628.0#128_243452.0#243452.0#128_244618.0#244618.0#128_246627.0#246627.0#128_248630.0#248630.0#128
250000 260000 68.41498632816365 800.7224893092092 285.67027249307654 999.2739999999758 41.56902539060684 3066.3441031876587 3052.301583550746 11724.86610226872 11724.86610226872 4735.6316067623275 15.0 8405220.163266107 8164795.538097768 6500.0 128.0 249374.0#249374.0#6500_251187.0#251187.0#6500_252912.0#252912.0#6500_255071.0#255071.0#6500_257266.0#257266.0#6500_259059.0#259059.0#6500 250169.0#250169.0#128_252177.0#252177.0#128_254165.0#254165.0#128_256190.0#256190.0#128_258194.0#258194.0#128
260000 270000 74.86639843753073 846.7662683376823 252.73715426862435 999.6990000000224 200.61200000008103 2926.821809959437 2911.333490934932 12900.788758978846 12900.788758978846 4756.7622560708105 15.48831902450516 8042768.645463684 7799534.526150301 6500.0 128.0 259059.0#259059.0#6500_260935.0#260935.0#6500_262934.0#262934.0#6500_264774.0#264774.0#6500_266944.0#266944.0#6500_269436.0#269436.0#6500 260294.0#260294.0#128_262187.0#262187.0#128_264233.0#264233.0#128_266201.0#266201.0#128_268121.0#268121.0#128
270000 280000 30.971398437512107 641.6961857421906 374.5451232472252 999.9560000000056 44.801000000035856 2754.1003941927593 2736.916352377882 14347.84652283911 14347.84652283911 4244.253489332533 17.070066584968124 7840460.9611169305 7699289.697780871 5300.0 128.0 269436.0#269436.0#6500_271231.0#271231.0#4400_272458.0#272458.0#4400_273874.0#273874.0#4400_275419.0#275419.0#4400_277128.0#277128.0#6500_279214.0#279214.0#6500 271455.0#271455.0#128_272613.0#272613.0#128_273962.0#273962.0#128_275467.0#275467.0#128_277125.0#277125.0#128_279121.0#279121.0#128
280000 290000 5.713558593764901 858.1515369037883 288.87758245356457 999.6579999999958 110.31309179688105 3067.2548937540305 3052.927254593413 11963.364718182042 11963.364718182042 4776.546905350697 14.441614390526716 8767141.819758935 8655133.617188115 6500.0 128.0 279214.0#279214.0#6500_280860.0#280860.0#6500_282993.0#282993.0#6500_284778.0#284778.0#6500_286777.0#286777.0#6500_288499.0#288499.0#6500 281009.0#281009.0#128_283055.0#283055.0#128_284901.0#284901.0#128_286876.0#286876.0#128_288623.0#288623.0#128
290000 300000 10.207972656236961 852.1007015165421 282.5395532969537 999.8829999999725 82.50498437497299 3006.937378982783 2991.937378982783 12510.0 12510.0 4721.52761729841 15.0 8401564.646169564 8208103.3279184755 6500.0 128.0 288499.0#288499.0#6500_290389.0#290389.0#6500_292575.0#292575.0#6500_294400.0#294400.0#6500_296383.0#296383.0#6500_298219.0#298219.0#6500 290399.0#290399.0#128_292644.0#292644.0#128_294621.0#294621.0#128_296574.0#296574.0#128_298181.0#298181.0#128
