ts te idle avg_span std_span max_span min_span c_bytes_all s_bytes_all avg_video_rate avg_audio_rate video_requests_sequence audio_requests_sequence
0 9000 5934.1941152344225 766.4514711913944 418.02870099011534 999.7579999999725 141.431884765625 39606.76708298726 1628147.4374921229 707.5 128.0 6096.0#6096.0#2300_6658.0#6658.0#480_6962.0#6962.0#480_7254.0#7254.0#480_7654.0#7654.0#480_7953.0#7953.0#480_8258.0#8258.0#480_8705.0#8705.0#480 6094.0#6094.0#128_6656.0#6656.0#128_7039.0#7039.0#128_7271.0#7271.0#128_7702.0#7702.0#128_8000.0#8000.0#128_8272.0#8272.0#128_8989.0#8989.0#128
9000 18000 272.2268847656087 969.7525683593768 56.93279698895236 999.6199999999953 854.2821152343531 82890.23291701275 5930435.562507877 3746.6666666666665 128.0 8705.0#8705.0#480_9092.0#9092.0#4400_11022.0#11022.0#4400_12669.0#12669.0#4400_14431.0#14431.0#4400_16167.0#16167.0#4400 8989.0#8989.0#128_9102.0#9102.0#128_11026.0#11026.0#128_12674.0#12674.0#128_14444.0#14444.0#128_16166.0#16166.0#128
18000 27000 122.62687890627421 986.3747912326362 34.790347438228984 999.9980000000214 893.84912109375 82233.94992387424 6155027.65928533 6200.0 128.0 18157.0#18157.0#8000_20202.0#20202.0#8000_23559.0#23559.0#4400_25811.0#25811.0#4400 18154.0#18154.0#128_20200.0#20200.0#128_24035.0#24035.0#128_25873.0#25873.0#128
27000 36000 48.8522031250759 895.1147796874924 280.4325724400459 999.4440000000177 104.39587890624534 80195.18110221058 5856365.796872761 4400.0 128.0 25811.0#25811.0#4400_27409.0#27409.0#4400_29136.0#29136.0#4400_30592.0#30592.0#4400_32162.0#32162.0#4400_33842.0#33842.0#4400 27474.0#27474.0#128_29225.0#29225.0#128_30613.0#30613.0#128_32558.0#32558.0#128_33904.0#33904.0#128
36000 45000 124.06680078140926 887.5933199218591 288.21409022686134 999.8169999999809 80.19608203117969 89591.43035418706 6140357.9182165535 4400.0 128.0 36180.0#36180.0#4400_37656.0#37656.0#4400_39537.0#39537.0#4400_41053.0#41053.0#4400_42861.0#42861.0#4400_44627.0#44627.0#4400 36551.0#36551.0#128_37732.0#37732.0#128_39550.0#39550.0#128_41118.0#41118.0#128_42322.0#42322.0#128_44238.0#44238.0#128
45000 54000 1925.5351933592465 884.3081008300942 292.0918451591768 999.8310000000056 165.0498828124837 67562.07788017961 4582251.710648229 4400.0 128.0 44627.0#44627.0#4400_46248.0#46248.0#4400_50168.0#50168.0#4400_51442.0#51442.0#4400_53268.0#53268.0#4400 44238.0#44238.0#128_46229.0#46229.0#128_50167.0#50167.0#128_50550.0#50550.0#128_53373.0#53373.0#128
54000 63000 1988.379648437607 779.068927951377 410.9429583823934 999.2810000000172 28.755999999993946 71616.10053170664 4825962.559176721 4400.0 128.0 53268.0#53268.0#4400_54946.0#54946.0#4400_56804.0#56804.0#4400_58405.0#58405.0#4400_62181.0#62181.0#4400 55017.0#55017.0#128_56926.0#56926.0#128_58489.0#58489.0#128_62176.0#62176.0#128_62552.0#62552.0#128
63000 72000 92.06520898430608 890.7934791015693 285.6400820667792 999.7849999999744 89.59272460936336 87988.84453967832 5498006.782318287 3700.0 128.0 62181.0#62181.0#4400_63738.0#63738.0#3000_64926.0#64926.0#3000_66156.0#66156.0#3000_68158.0#68158.0#4400_70151.0#70151.0#4400 64963.0#64963.0#128_66152.0#66152.0#128_68153.0#68153.0#128_70149.0#70149.0#128
72000 81000 64.6530585938599 893.534694140614 266.88495430825265 999.9319999999716 154.54093359375838 82360.1222555058 5643736.290675244 4400.0 128.0 70151.0#70151.0#4400_72186.0#72186.0#4400_74157.0#74157.0#4400_76134.0#76134.0#4400_78149.0#78149.0#4400_79499.0#79499.0#4400 72184.0#72184.0#128_74156.0#74156.0#128_76132.0#76132.0#128_77050.0#77050.0#128_79053.0#79053.0#128
81000 90000 971.7908867188962 892.0232348090116 270.4438189925381 998.6769999999669 179.56999218749115 73457.79052909088 4930601.629335962 4400.0 128.0 79499.0#79499.0#4400_82186.0#82186.0#4400_83811.0#83811.0#4400_85442.0#85442.0#4400_88155.0#88155.0#4400_89695.0#89695.0#4400 82184.0#82184.0#128_82550.0#82550.0#128_84557.0#84557.0#128_88152.0#88152.0#128_88551.0#88551.0#128
90000 99000 74.77815624990035 892.5221843750099 273.59920399740815 999.7640000000247 127.07587890623836 80892.09012341336 5636940.62585253 4400.0 128.0 89695.0#89695.0#4400_91303.0#91303.0#4400_94176.0#94176.0#4400_95603.0#95603.0#4400_97318.0#97318.0#4400_98978.0#98978.0#4400 90267.0#90267.0#128_94175.0#94175.0#128_94550.0#94550.0#128_96158.0#96158.0#128_98187.0#98187.0#128
99000 108000 111.73487109376583 888.8265128906235 262.0461036616736 999.8709999999846 162.33203515625792 81624.23465378792 5530781.0736628175 4400.0 128.0 97318.0#97318.0#4400_98978.0#98978.0#4400_100604.0#100604.0#4400_102223.0#102223.0#4400_104124.0#104124.0#4400_106134.0#106134.0#4400 100188.0#100188.0#128_102185.0#102185.0#128_104122.0#104122.0#128_106131.0#106131.0#128
108000 117000 81.7660898437025 891.8233910156298 256.66500645066435 999.0560000000405 192.48690625000745 83031.50288097352 5553166.473184311 4400.0 128.0 108143.0#108143.0#4400_110140.0#110140.0#4400_112131.0#112131.0#4400_114140.0#114140.0#4400_116141.0#116141.0#4400 108139.0#108139.0#128_110139.0#110139.0#128_112127.0#112127.0#128_114139.0#114139.0#128_116141.0#116141.0#128
117000 126000 514.5640332031762 848.5435966796824 263.5421489160098 999.3360000000102 239.099996093777 73297.26961256645 4868095.799538383 4400.0 128.0 116141.0#116141.0#4400_118138.0#118138.0#4400_120138.0#120138.0#4400_123131.0#123131.0#4400_124845.0#124845.0#4400 118136.0#118136.0#128_120135.0#120135.0#128_123130.0#123130.0#128_124183.0#124183.0#128
126000 135000 845.4069707032177 906.0658921440869 217.28042437443546 999.9519999998738 341.7700292968657 86800.40561282559 5758214.681232873 4400.0 128.0 124845.0#124845.0#4400_126544.0#126544.0#4400_128027.0#128027.0#4400_129710.0#129710.0#4400_131069.0#131069.0#4400_132816.0#132816.0#4400 126550.0#126550.0#128_128051.0#128051.0#128_129720.0#129720.0#128_131082.0#131082.0#128_132552.0#132552.0#128
135000 144000 2537.7510000000475 923.1784285714218 196.0162614162867 999.4270000000834 478.67399999999907 67076.0 4680723.0 4400.0 128.0 136157.0#136157.0#4400_137702.0#137702.0#4400_139255.0#139255.0#4400_141011.0#141011.0#4400 136154.0#136154.0#128_136550.0#136550.0#128_138200.0#138200.0#128_140200.0#140200.0#128
144000 153000 144.97004882839974 983.8922167968444 42.67051497859201 999.5119999999879 870.199951171875 84696.06470406195 5904551.003545997 4400.0 128.0 144159.0#144159.0#4400_145635.0#145635.0#4400_148161.0#148161.0#4400_149995.0#149995.0#4400_151421.0#151421.0#4400 144159.0#144159.0#128_144549.0#144549.0#128_148160.0#148160.0#128_148549.0#148549.0#128_151519.0#151519.0#128
153000 162000 26.71105664060451 897.3288943359396 273.7879206084004 999.7310000000289 128.98504882812267 89842.0899686385 6329327.53484119 4400.0 128.0 151421.0#151421.0#4400_153079.0#153079.0#4400_154861.0#154861.0#4400_156235.0#156235.0#4400_158159.0#158159.0#4400_159689.0#159689.0#4400_161135.0#161135.0#4400 153162.0#153162.0#128_154925.0#154925.0#128_156311.0#156311.0#128_158159.0#158159.0#128_159549.0#159549.0#128_161169.0#161169.0#128
162000 171000 1447.7699296873761 839.1366744791804 297.13552438935744 999.935999999987 142.03810546873137 68268.36116471919 4740575.756396692 4400.0 128.0 161135.0#161135.0#4400_163070.0#163070.0#4400_166152.0#166152.0#4400_167677.0#167677.0#4400_170137.0#170137.0#4400 163066.0#163066.0#128_166152.0#166152.0#128_167051.0#167051.0#128_170136.0#170136.0#128
171000 180000 48.8980507812812 895.1101949218719 276.86303597413723 999.5869999999995 117.81603515625466 76918.51569305295 5423484.38897462 4400.0 128.0 170137.0#170137.0#4400_171967.0#171967.0#4400_174144.0#174144.0#4400_176142.0#176142.0#4400_177766.0#177766.0#4400_179595.0#179595.0#4400 171049.0#171049.0#128_174143.0#174143.0#128_176140.0#176140.0#128_176551.0#176551.0#128_178551.0#178551.0#128
180000 189000 79.5968085937784 892.0403191406222 269.1061418981895 998.8029999999562 145.10308593750233 80992.18488417365 5641915.817941504 4400.0 128.0 179595.0#179595.0#4400_182143.0#182143.0#4400_183716.0#183716.0#4400_185393.0#185393.0#4400_186810.0#186810.0#4400_188736.0#188736.0#4400 182140.0#182140.0#128_182549.0#182549.0#128_184550.0#184550.0#128_186180.0#186180.0#128_188179.0#188179.0#128
189000 198000 2471.547824218753 725.3835750868052 388.50545899356564 999.9330000000191 170.75 63499.7394710546 4308207.391002611 4400.0 128.0 188736.0#188736.0#4400_192166.0#192166.0#4400_193593.0#193593.0#4400_196186.0#196186.0#4400 192166.0#192166.0#128_192549.0#192549.0#128_196181.0#196181.0#128
198000 207000 1041.3483320311643 884.2946297743151 300.52638474861106 998.8399999999674 86.57171875005588 83567.6356730134 5622913.4479777245 4400.0 128.0 198159.0#198159.0#4400_199935.0#199935.0#4400_201431.0#201431.0#4400_204157.0#204157.0#4400_205738.0#205738.0#4400 198551.0#198551.0#128_199977.0#199977.0#128_201514.0#201514.0#128_204550.0#204550.0#128_205819.0#205819.0#128
207000 216000 102.84601367183495 889.7153986328165 285.5913480819305 999.6700000000419 87.11705078126397 87463.2275740477 5800792.53835241 4400.0 128.0 205738.0#205738.0#4400_207308.0#207308.0#4400_208798.0#208798.0#4400_210531.0#210531.0#4400_212159.0#212159.0#4400_214149.0#214149.0#4400 207374.0#207374.0#128_208858.0#208858.0#128_210551.0#210551.0#128_212166.0#212166.0#128_214146.0#214146.0#128
216000 225000 116.49501953134313 888.3504980468657 270.7088290904456 998.7989999999991 138.66306445316877 78540.86286532429 5663279.583210939 4400.0 128.0 216137.0#216137.0#4400_217792.0#217792.0#4400_220142.0#220142.0#4400_222150.0#222150.0#4400_223804.0#223804.0#4400 216135.0#216135.0#128_217054.0#217054.0#128_220141.0#220141.0#128_222148.0#222148.0#128_222550.0#222550.0#128_224552.0#224552.0#128
225000 234000 2078.192916015396 865.2258854980755 280.84551446007475 999.5470000000205 202.8620839844225 68236.3180019138 4801791.5377563145 4400.0 128.0 223804.0#223804.0#4400_225550.0#225550.0#4400_228170.0#228170.0#4400_229602.0#229602.0#4400_231197.0#231197.0#4400 228169.0#228169.0#128_228549.0#228549.0#128_230551.0#230551.0#128
234000 243000 1576.7361210938543 927.9079848632682 135.81644394092814 999.1949999999488 644.2199999999721 71368.0092972734 4990587.3139805235 4400.0 128.0 234167.0#234167.0#4400_235840.0#235840.0#4400_237386.0#237386.0#4400_238949.0#238949.0#4400_242565.0#242565.0#4400 234167.0#234167.0#128_234551.0#234551.0#128_236206.0#236206.0#128_238195.0#238195.0#128_242564.0#242564.0#128
243000 252000 58.54287304694299 894.1457126953057 251.24951963899355 999.8460000000196 209.23212109378073 88189.33281763934 6139635.13174729 4400.0 128.0 242565.0#242565.0#4400_244243.0#244243.0#4400_245945.0#245945.0#4400_247523.0#247523.0#4400_249157.0#249157.0#4400_250944.0#250944.0#4400 244248.0#244248.0#128_246050.0#246050.0#128_247552.0#247552.0#128_249185.0#249185.0#128_250969.0#250969.0#128
252000 261000 1994.03801953129 875.7452475585887 265.6658507089983 999.7020000000484 228.07999414065853 67934.89004319633 4659679.725657005 4400.0 128.0 250944.0#250944.0#4400_252502.0#252502.0#4400_256145.0#256145.0#4400_257777.0#257777.0#4400_259514.0#259514.0#4400 252513.0#252513.0#128_256551.0#256551.0#128_258002.0#258002.0#128_259554.0#259554.0#128
261000 270000 74.76698437484447 892.5233015625156 281.74517075887013 999.9980000000214 99.03301367186941 87816.64307584697 6227452.675734573 4400.0 128.0 259514.0#259514.0#4400_261466.0#261466.0#4400_263031.0#263031.0#4400_264648.0#264648.0#4400_266110.0#266110.0#4400_268154.0#268154.0#4400 261552.0#261552.0#128_263051.0#263051.0#128_264722.0#264722.0#128_266319.0#266319.0#128_268552.0#268552.0#128
270000 279000 33.80709374998696 896.6192906250013 273.99029344247236 999.8919999999925 127.93799804686569 80234.28014071204 5723306.2180118365 4400.0 128.0 268154.0#268154.0#4400_270128.0#270128.0#4400_271675.0#271675.0#4400_274170.0#274170.0#4400_275852.0#275852.0#4400_277100.0#277100.0#4400_278581.0#278581.0#4400 270552.0#270552.0#128_271748.0#271748.0#128_274167.0#274167.0#128_274553.0#274553.0#128_276196.0#276196.0#128_278550.0#278550.0#128
279000 288000 1935.5608339842875 784.9376851128569 400.8208540510171 999.8980000000447 18.881999999983236 70006.7135908709 4933034.094606615 4400.0 128.0 278581.0#278581.0#4400_282164.0#282164.0#4400_283743.0#283743.0#4400_285496.0#285496.0#4400_287166.0#287166.0#4400 282163.0#282163.0#128_282553.0#282553.0#128_284208.0#284208.0#128_286186.0#286186.0#128
288000 297000 1672.171005859389 814.203221571179 346.97142162098226 999.4449999999488 86.73292578128166 72153.66179802918 5077109.839001773 4400.0 128.0 287166.0#287166.0#4400_288902.0#288902.0#4400_292172.0#292172.0#4400_293518.0#293518.0#4400_295154.0#295154.0#4400_296688.0#296688.0#4400 288202.0#288202.0#128_292170.0#292170.0#128_292553.0#292553.0#128_294192.0#294192.0#128_296186.0#296186.0#128
