ts te idle avg_span std_span max_span min_span c_bytes_all s_bytes_all avg_video_rate avg_audio_rate video_requests_sequence audio_requests_sequence
0 4000 4000.0 0.0 0.0 0.0 0.0 0.0 0.0 0.0 0.0 0 0
4000 8000 2017.6070566406233 991.1964716796883 9.481634879901616 997.9010000000017 984.491943359375 19076.432331903692 990811.4240329852    
8000 12000 27.976835937497526 794.4046328125005 436.8975101270173 999.8870000000024 13.274056640624622 16995.869930017674 1104370.2644670203    
12000 16000 41.88705078124622 791.6225898437508 427.52752959958275 998.0440000000017 28.04289257812343 11513.191682471515 972702.5992935064    
16000 20000 142.50705664062116 771.4985886718757 407.7601093639283 999.4329999999973 55.92794335937651 20170.50605560712 1286744.712206488    
20000 24000 1551.0330820312665 816.3223059895778 176.9894476378051 997.6429999999891 644.0079999999944 11297.368609462312 617164.4819419605    
24000 28000 47.126029296880006 790.574794140624 349.7683670081869 999.9309999999969 190.1200820312515 14810.78242116265 924019.0598137424    
28000 32000 1251.2809394531214 549.7438121093758 408.6981594322884 997.2790000000023 226.8151113281274 10909.01309117987 944529.3016849784    
32000 36000 2261.910949218749 579.3630169270837 311.9903524425184 771.2209999999977 219.3680000000022 7073.835878195167 793462.1565593188    
36000 40000 2366.642 816.6790000000001 159.19519228921874 929.247000000003 704.1109999999971 8027.0 820069.0    
40000 44000 2281.8179999999993 859.0910000000003 139.11618813064507 957.461000000003 760.7209999999977 7612.0 834171.0    
44000 48000 1880.1540000000095 706.6153333333301 336.48717845459475 997.4470000000001 338.0709999999963 11158.0 1199210.0    
48000 52000 1247.9428789062513 917.3523736979163 98.5956338713079 997.4149999999936 807.22412109375 10545.933440195691 1152653.6422522708    
52000 56000 36.30622460937593 792.7387550781248 349.7362545262869 999.9199999999983 191.07387890624523 12845.251638014932 1565497.1129724446    
56000 60000 39.52680859374232 792.0946382812515 335.591915800615 999.8910000000033 221.13010351562116 18080.006192010576 2144060.7626751694    
60000 64000 17.202800781247788 796.5594398437504 327.60952496351314 997.7970000000059 242.71491210936802 18733.41124830763 2258963.020790823    
64000 68000 39.177249999993364 792.1645500000013 327.71903184112426 999.7109999999957 247.46171289062477 18293.132330959706 2203694.496556867    
68000 72000 43.53477343749546 791.2930453125009 317.38931766496523 999.9470000000001 273.24596289062174 18234.510409401846 2209197.055979901    
72000 76000 126.0223828124872 774.7955234375025 331.91694665667035 999.0109999999986 257.16773632811964 14816.328122266852 1729043.638438918    
76000 80000 884.083880859369 778.9790297851578 339.59096553508056 998.489000000016 282.47811914062186 11878.426618842765 1355969.2703336067    
80000 84000 233.76096679687907 941.5597583007802 113.95698051781379 999.6309999999794 770.634033203125 11422.19654439943 1209561.8708351522    
84000 88000 19.219955078093335 796.1560089843813 335.0355721103132 999.8619999999937 226.04996679688338 11016.62151259613 1103242.8752536427    
88000 92000 894.3600781249988 776.4099804687503 367.4975032933214 997.7969999999914 230.3589218749985 12194.18194300444 1281743.253911205    
92000 96000 223.5890566406306 944.1027358398424 106.3396847896665 999.8089999999938 784.616943359375 16563.968217477985 1795412.8506931446    
96000 100000 1045.2749433593563 738.6812641601609 380.55934003261575 999.6929999999993 191.45405664062127 16107.031782522015 1727683.1493068556    
100000 104000 220.39971289064852 944.9000717773379 106.280211006096 999.7079999999987 785.519287109375 19425.092713706646 2162231.2999008745    
104000 108000 11.942173828123487 797.6115652343753 341.1792171711236 999.880999999994 211.87571289064363 21636.590469354873 2291146.15362956    
108000 112000 20.694226562482072 795.8611546875036 337.08155319346037 999.4260000000068 219.2898867187614 19430.58778938563 2213670.5407405766    
112000 116000 24.969609375024447 795.0060781249952 333.7670101255034 999.2209999999905 230.20411328124464 21102.414364095705 2253047.6073892494    
116000 120000 25.273353515629424 794.9453292968741 327.6498754524058 998.8159999999916 245.93772265623556 19945.958287849895 2263996.0182250706    
120000 124000 802.7520429687575 639.4495914062485 360.2976753365001 998.5890000000072 263.92007617186755 14237.411812921642 1474639.1132182106    
124000 128000 525.3958808593452 868.6510297851637 150.56871770653498 999.372000000003 708.812119140639 19579.94456268561 2155504.2668964583    
128000 132000 224.18373828125186 943.954065429687 104.10175272251587 999.2969999999914 787.84326171875 12192.268911509842 1210502.6419627273    
132000 136000 817.7902617187356 795.5524345703161 403.55618142066567 999.7880000000005 190.23173828126164 11658.731088490158 1168716.3580372727    
136000 140000 219.84208593750373 945.0394785156241 106.89219813016321 999.505999999994 784.7119140625 11994.570733526718 1197892.7159829983    
140000 144000 21.253638671856606 795.7492722656286 341.3026291806632 999.7680000000109 210.56708593750955 17974.831285566826 1807244.7950107555    
144000 148000 18.486392578080995 796.3027214843838 335.1824531865634 999.4539999999979 224.48472460941412 15551.753928009108 1643621.513554816    
148000 152000 27.515769531251863 794.4968460937496 332.6160701081303 997.2239999999874 230.24111718751374 21012.77789910449 2234356.918900549    
152000 156000 26.513003906264203 794.6973992187471 328.66469263567063 999.8839999999909 244.69588671874953 21130.640547123578 2298341.1640513316    
156000 160000 13.847019531182013 797.2305960937636 318.8221114768334 999.0840000000317 268.9258906249888 18442.628225911518 2145607.968831342    
160000 164000 27.082802734395955 794.5834394531208 319.4928442154366 998.5340000000142 266.7769101562444 20050.864886740368 2247337.400559738    
164000 168000 36.57797851561918 792.6844042968762 320.28875961910245 999.5430000000051 267.7627128906315 20806.468772148757 2275286.2656082395    
168000 172000 972.1294121093233 756.9676469726692 316.3815943018707 999.7870000000403 298.08269140624907 12142.460842747747 1281160.2466302926    
172000 176000 1654.0448964843526 586.4887758789118 446.81629002767056 995.5359999999928 191.18410351563944 12098.002879120892 1252894.010869937    
176000 180000 1066.0829999999842 977.9723333333386 35.18892036325534 999.0769999999902 937.3500000000349 11687.0 1186349.0    
180000 184000 1042.8739999999816 985.7086666666728 21.613757802227926 999.8740000000107 960.8310000000056 11284.0 1120229.0    
184000 188000 237.81005273439223 940.5474868164019 111.4802923622919 998.3729999999923 773.3459472655959 12303.146462404578 1205933.9150254321    
188000 192000 809.6239472656162 797.594013183596 382.6275288057271 999.1559999999881 224.00205273440224 19345.85353759542 1857755.0849745679    
192000 196000 238.98105273436522 940.2547368164087 117.02291476187057 999.1270000000368 764.7209472655959 15112.123321064992 1597167.6872385654    
196000 200000 36.16801171869156 792.7663976562617 332.27841632396786 998.9770000000135 235.1770527343906 20105.561048453797 2096866.0287478284    
200000 204000 20.222814453125466 795.9554371093749 321.2234445757237 999.4660000000149 262.80106445311685 22021.584027659268 2446838.6520540365    
204000 208000 17.533201171725523 796.4933597656549 316.7987054311204 998.051999999996 273.13187890624977 18583.88528353619 2017663.9995180499    
208000 212000 929.7029453125433 767.5742636718642 342.4741119579459 998.2309999999998 271.9730800781108 13700.539982071228 1540940.053526799    
212000 216000 45.34191015615943 790.9316179687681 347.71583171535013 998.6990000000224 189.8470253906271 13035.694471161247 1356301.1871598468    
216000 220000 44.756175781192724 791.0487648437614 350.2005971979488 999.7909999999974 190.78993554686895 14874.922651151197 1599747.6677768563    
220000 224000 40.689974609413184 791.8620050781174 336.0829838660974 999.6229999999923 223.01811132812873 14161.808229473754 1483220.8906690273    
224000 228000 29.604830078140367 794.0790339843719 323.62635352863896 999.9819999999891 252.7650859375135 14793.893114109389 1546565.3654530877    
228000 232000 185.5399980468792 762.8920003906242 319.13602001560537 999.4739999999874 265.97191601563827 15775.685773314146 1572941.7556118926    
232000 236000 229.11901953115012 754.1761960937699 291.1799300655362 997.8770000000077 369.15091406251304 17256.433065966066 1785008.5670771948    
236000 240000 872.255066406331 781.9362333984172 258.59738195625545 996.914999999979 477.58893359370995 16574.869032038725 1622431.1451668153    
240000 244000 209.92603125001187 947.518492187497 99.66465533179807 999.6499999999942 798.04296875 23690.10230755041 2320717.6667381558    
244000 248000 35.189003906270955 792.9621992187458 343.10659699981466 998.185999999987 201.16603124997346 21958.867245833782 2369806.29954694    
248000 252000 32.27886523422785 793.5442269531544 339.37066593424305 999.9650000000838 213.42303515627282 21194.293447766246 2226850.437559157    
252000 256000 36.05616015609121 792.7887679687817 336.2424570530424 999.9490000000224 225.34090039064176 15746.957755532283 1581742.238407726    
256000 260000 3064.7769394531497 311.7410201822834 357.6151208334858 702.1359999999986 0.0 4868.779243317284 462302.3577480215    
260000 264000 219.61974218743853 945.0950644531404 94.61320220661251 998.704000000027 803.7392578125 23068.14654679228 2572424.8081526533    
264000 268000 19.529144531174097 796.0941710937652 349.1081775416145 999.9619999999995 191.10974218748743 21689.598061205743 2337293.151986027    
268000 272000 1753.822113281174 561.5444716797065 504.05795240225973 996.8060000000405 61.84000000002561 8724.255392001978 894188.0398613196    
272000 276000 230.360107421875 942.4099731445312 107.26859351691868 997.4569999999949 781.514892578125 18901.873364041927 2097119.673030537    
276000 280000 41.224904296861496 791.7550191406277 339.7435234521702 999.8800000000047 215.9511074218899 18504.80115864144 1945105.773579486    
280000 284000 20.43994140625 795.91201171875 325.68241592329264 999.8910000000033 249.96401171875186 15253.359824731142 1559421.9161839976    
284000 288000 28.06607812497532 794.3867843750049 322.14387253421114 999.439000000013 260.38295312499395 17897.46060339214 1814023.2229227629    
288000 292000 1081.8998710936867 729.5250322265783 318.2411215528855 996.5160000000033 268.2210312500247 14754.847515264797 1603641.2850130033    
292000 296000 65.85616992186988 786.828766015626 346.28413217420075 999.7150000000256 191.43990234372905 19798.536578759293 2132665.839764423    
296000 300000 22.90886914060684 795.4182261718786 334.0343491520871 996.7320000000182 225.4920722656534 23493.604621036524 2311309.6844039923    
300000 304000 3770.9180585937575 229.08194140624255  229.08194140624255 229.08194140624255 1058.5163341327373 109785.6051017971    
