ts te idle avg_span std_span max_span min_span c_bytes_all s_bytes_all avg_video_rate avg_audio_rate video_requests_sequence audio_requests_sequence
0 4000 4000.0 0.0 0.0 0.0 0.0 0.0 0.0 0.0 0.0 0 0
4000 8000 1894.4280957031297 701.8573014322901 511.9613111083177 999.8549999999814 110.701904296875 20812.216408745404 836127.0308741236    
8000 12000 26.52195117174415 794.6956097656512 395.8579858617357 998.813000000082 91.626953125 36953.692686142575 1607760.8847589272    
12000 16000 27.041867187421303 794.5916265625158 404.6424339851168 997.9440000000759 74.0380859375 23749.9033582457 975760.5978715911    
16000 20000 879.8849843749776 780.0287539062556 250.14650351675377 996.5009999999893 521.8291015625 17668.571582549415 626265.0550221903    
20000 24000 87.46384179685265 782.5072316406295 269.92628299608816 999.9180000000051 470.490898437507 19271.970524669327 752528.108732303    
24000 28000 22.244179687520955 795.5511640624958 275.4643169123658 999.015000000014 492.4717402343522 29439.805809200057 1391764.2265465416    
28000 32000 2246.638080078177 438.3404799804557 409.7687989037161 992.5590000000084 55.13799999997718 15030.839630447525 869107.0961943235    
32000 36000 474.66599609382683 881.3335009765433 232.82825077771122 999.4599999999627 532.10400390625 24411.53535429646 1512338.8181363665    
36000 40000 93.46392187505262 781.3072156249895 293.1883343566928 999.4949999999953 428.8249960937537 23198.098597105774 1658225.8263567516    
40000 44000 44.42612499988172 791.1147750000237 282.83752616113355 999.0420000000158 460.2309570311918 24747.078467348507 1737093.9739453392    
44000 48000 1230.864001953043 553.8271996093914 434.9275104072813 999.3969999999972 26.553955078125 19317.958313694362 1339184.8185470246    
48000 52000 1249.2558867187472 687.6860283203132 372.98787777128854 999.6979999999749 214.55200000002515 28414.863053974506 1782054.232860204    
52000 56000 62.51774999994086 787.4964500000118 285.807216827696 999.6880000000237 429.1209316406166 30864.205056517505 2299885.8245041682    
56000 60000 121.32834570313571 775.7343308593729 280.41713163137274 998.6089999999967 429.5336816406343 33749.153508832125 2375450.972467454    
60000 64000 1526.8549726562924 618.2862568359269 476.75679492530463 999.3819999999832 0.0 17121.10764823076 1236190.5331826909    
64000 68000 451.0740996094537 887.2314750976366 219.36426353871786 999.9199999999837 558.222900390625 37556.242682551965 2483131.11276778    
68000 72000 21.236779296887107 795.7526441406226 281.2931309884203 999.8889999999665 437.2650996093871 38159.843957230994 2590512.111477457    
72000 76000 65.78901562513784 786.8421968749724 277.1359482853618 998.9529999998631 453.50787890632637 31666.792780254505 2197262.1288597886    
76000 80000 13.180027343740221 797.3639945312519 276.49654552508855 999.5639999999548 483.49389453127515 40957.424192177605 2598108.5357134966    
80000 84000 130.6759746093303 773.8648050781339 308.3448480008026 999.3859999999986 391.506103515625 32999.61559505858 2276719.8677157336    
84000 88000 40.94021874997998 791.811956250004 294.1476721198898 999.8360000000102 360.306884765625 33006.66397411614 2338958.8985726307    
88000 92000 6.7808847655542195 798.6438230468891 292.33476428688203 999.8460000000196 356.625 34159.945730103274 2496813.558064304    
92000 96000 16.798031249956694 796.6403937500087 295.1260875491573 998.390000000014 346.54296875 34424.507784452544 2401773.403407339    
96000 100000 813.8699218750698 796.5325195312325 217.6299838691542 996.4339999999502 568.248046875 32359.869934673607 2191158.6078056563    
100000 104000 17.089089843793772 796.5821820312412 278.23945202229413 998.6790000000037 431.3569531249814 34631.63980628963 2463598.5124989906    
104000 108000 95.03602148435311 780.9927957031293 295.617951990345 998.7359999999753 428.5310429687961 29329.443603479125 1979991.7880506096    
108000 112000 13.211904296826106 797.3576191406348 275.31932125023445 998.835000000021 481.33203125 37168.53958795362 2673330.1001951084    
112000 116000 1104.2770429687807 723.9307392578048 223.65657479665188 999.6780000000726 518.338968749973 28640.029846946687 1892245.3033406856    
116000 120000 23.60487304686103 795.2790253906278 278.2154860950216 996.494000000006 430.0870117187733 40488.86189303817 2857364.1337402747    
120000 124000 1800.1572128906264 733.2809290364579 278.49553696063583 994.52490234375 440.2598847656045 21347.872822038167 1195154.986116139    
124000 128000 105.86890234379098 778.8262195312418 435.811257292125 999.5729999999749 3.450097656226717 33762.70580963537 1958712.9516740055    
128000 132000 482.4279238281888 879.3930190429528 238.57906170037418 999.8219999999856 521.528076171875 25239.84159396025 1550295.58439097    
132000 136000 50.339031249983236 789.9321937500033 283.5847160864487 999.9809999999707 478.1509238281287 26293.056810516187 1642029.47683132    
136000 140000 38.7250019533094 792.2549996093381 278.6396145973786 997.2739999999176 465.3940429686918 25591.1257537119 1640212.2716831286    
140000 144000 83.49296289059566 783.3014074218809 292.39544555717663 999.3869999999879 424.632080078125 27446.44337834252 1853776.0087284802    
144000 148000 1033.7220976562821 741.5694755859295 210.7850533844231 999.795999999973 565.656982421875 30785.5126261082 1982986.7567479855    
148000 152000 11.95709179691039 797.6085816406179 278.55455976190086 999.8130000000237 431.1280175780994 39167.240583523155 2741336.3375956435    
152000 156000 450.20495703129563 709.9590085937409 226.7962902571299 998.1140000000014 436.2971093750093 34281.40480744407 2319179.749959474    
156000 160000 897.3189335937495 775.6702666015626 231.5163620997318 993.4870000000228 457.18306640622905 30568.37444639372 2136523.814062998    
160000 164000 437.9709511718247 890.5072622070438 216.63929756675893 999.8209999999963 565.550048828125 36135.84012352575 2505811.6351644895    
164000 168000 1117.9711074218503 720.5072231445374 265.93894325170015 993.6589999999851 429.60295117192436 26693.74882280466 1860536.7129127877    
168000 172000 631.1619414061424 842.2095146484644 276.37660042291407 996.4239999999991 429.1190585937584 35574.411053669595 2429715.6519227233    
172000 176000 445.18789453135105 888.7030263671622 216.0208342159526 999.2060000000056 564.6831054686918 36929.478090316836 2540914.705704436    
176000 180000 14.45698632823769 797.1086027343524 278.61107310144473 998.8670000000275 431.02389453118667 37630.62725198567 2654927.1135984375    
180000 184000 1521.0281191405957 619.7429702148511 457.35448083566877 999.4670000000042 57.85800000000745 17173.8946576975 1258109.180697126    
184000 188000 598.431736328057 850.3920659179857 256.2373781281803 999.7079999999842 468.895263671875 33929.66245870682 2331411.076300376    
188000 192000 198.49418359377887 760.3011632812443 337.99211433831067 998.7430000000168 276.257080078125 36421.61481787597 2471585.1481854627    
192000 196000 319.34108007809846 920.1647299804754 133.31111291651524 999.5100000000093 721.9809199218871 33355.72272341721 2078284.7755141612    
196000 200000 41.471099609392695 989.6322250976518 16.91003157747791 999.1310000000522 964.347900390625 33665.496891305505 2140170.7720562974    
200000 204000 945.1397812499199 610.972043750016 406.7895492224411 999.8079999999609 33.236099609406665 29802.872891561485 1953274.6757282224    
204000 208000 70.44512304686941 785.9109753906262 285.96842513568964 996.0010000000475 429.47888085932937 36970.68179233551 2403803.858162742    
208000 212000 18.45710156240966 796.3085796875181 274.1287118616073 997.9590000000317 479.06400390621275 38860.21954766096 2717168.125097981    
212000 216000 1124.140894531156 718.964776367211 324.6167248816889 999.1790000000037 393.86999999999534 29191.728877136542 2027945.568954757    
216000 220000 449.26106640626676 887.6847333984333 217.05521780992723 997.4860000000335 562.10693359375 35407.627104657135 2293363.5374537134    
220000 224000 1062.0720351561904 734.4819912109524 274.4715362569638 999.8449999999721 435.20506640628446 27609.964738241622 1893337.9937965344    
224000 228000 185.50484179682098 762.8990316406358 340.58541144637417 999.3760000000475 254.30310156254563 37700.09182602776 2601849.8839945532    
228000 232000 14.59674023441039 797.0806519531179 279.5643780435069 999.9769999999553 428.2389433593489 37672.737770517764 2783191.7669369034    
232000 236000 26.50723242177628 794.6985535156448 276.7288124648344 999.89300000004 437.1426835937891 38253.17897691483 2745343.937942882    
236000 240000 60.9111562500475 787.8177687499905 279.8715040369951 999.3549999999814 445.36191601562314 34038.839321868676 2441146.8198805423    
240000 244000 2186.041830078233 453.48954248044174 415.4710179394124 999.216999999946 0.0 17334.067529205386 1138293.8885792762    
244000 248000 19.797982421820052 796.040403515636 300.04674672059605 999.0749999999534 327.818115234375 40629.0649759572 2825218.6978047187    
248000 252000 12.982136718812399 797.4035726562375 301.19612199431367 999.9479999999749 322.552978515625 38064.06272766673 2800952.6185588557    
252000 256000 526.4869785156334 868.3782553710917 168.30164976203798 999.6990000000224 645.4050214843592 29560.3650289429 2244390.8550520195    
256000 260000 440.4609023438534 889.8847744140367 216.85714896567046 998.890999999945 564.60009765625 38836.82758028305 2491729.4979265546    
260000 264000 18.418796874932013 796.3162406250136 279.4176184713632 998.5600000000559 434.48490234371275 35358.067019740214 2638361.788125822    
264000 268000 18.016009765677154 796.3967980468645 277.779046016299 999.1300000000047 443.94169921870343 34064.82817256367 2481429.909361672    
268000 272000 1551.5212910156697 612.1196772460826 461.9383536725354 998.2939999999944 30.81099999998696 24010.27722741307 1612199.8045859514    
272000 276000 443.0431191405514 889.2392202148621 218.69363318400795 999.6589999999851 561.202880859375 42513.75708439921 2521017.9153340044    
276000 280000 10.138990234350786 797.9722019531298 278.2446278327549 999.9610000000102 434.41511914064176 38951.71585604524 2820932.371742031    
280000 284000 1549.275890625082 612.6810273437295 470.5755472795907 998.841999999946 25.17599999997765 21491.52705955556 1501635.712923965    
284000 288000 438.82371484371834 890.2940712890704 216.55214337519217 999.1389999999665 565.46728515625 39581.330501443124 2440545.0949821398    
288000 292000 80.61740429676138 783.8765191406477 295.8972307246219 999.765000000014 428.7837148437975 32622.896143904596 2153123.134268771    
292000 296000 25.583796874969266 794.8832406250061 279.63883426399644 999.219000000041 473.361083984375 34647.55947481472 2430256.7674245536    
296000 300000 187.34901171876118 762.5301976562478 327.4675296435876 999.6300000000047 335.674072265625 34287.830748404944 2272910.850286257    
