ts te idle avg_span std_span max_span min_span c_bytes_all s_bytes_all avg_video_rate avg_audio_rate video_requests_sequence audio_requests_sequence
0 6000 6000.0 0.0 0.0 0.0 0.0 0.0 0.0 0.0 0.0 0 0
6000 12000 1936.3411113280454 812.7317777343909 413.92273429521975 998.7640000000247 72.285888671875 32598.954071339682 1038383.013768278    
12000 18000 130.0218886717921 978.329685221368 29.434117304707502 999.75900000002 922.2801113281166 40329.045928660315 1391346.986231722    
18000 24000 750.0201035155915 874.9966494140681 286.23727341714107 999.7569999999832 291.243896484375 30699.892158027316 1185863.6017397887    
24000 30000 1277.3359257812263 787.1106790364623 331.571916383733 999.5200000000186 181.844970703125 32931.02819269421 1355188.3573587649    
30000 36000 88.83099804696394 844.4527145647195 326.04366881513846 999.8399999999674 120.52197265625 35509.64120890906 1425680.6742520465    
36000 42000 96.2210546877468 843.3969921874648 346.33498544798425 999.5579999999609 65.56591796869179 32577.62903827426 1588455.6496256115    
42000 48000 1086.4699179687304 982.7060164062539 28.458687359182427 999.1259999999893 932.0840820312733 27156.809402095154 1444444.7170237885    
48000 54000 916.9301093751565 847.1783151041406 368.39392391181286 999.9529999999795 95.212890625 50726.00416605028 2650489.848516694    
54000 60000 44.03377539059147 850.852317801344 345.0242214230575 999.8470000000088 72.693115234375 42478.38113799859 2302506.468026543    
60000 66000 75.0331757812528 846.4238320312496 351.9429540134205 999.5109999999986 50.887939453125 40020.28367564445 2271207.875042734    
66000 72000 42.4766269531101 851.0747675781271 360.4754709924693 999.2060000000056 34.6953125 41187.57139549759 2635670.762031007    
72000 78000 79.51720703119645 845.7832561384005 373.2066366763128 999.8240000000806 1.1831054686917923 45092.434432963746 2420978.5163124856    
78000 84000 64.51100976561429 989.2481650390642 13.673208683670836 999.4610000000685 969.6358945312677 41208.58829781878 2298903.729841348    
84000 90000 88.17702929693041 844.5461386718671 363.0715611287875 998.8919999999925 23.462904296873603 47909.4675821994 2531207.4618854653    
90000 96000 54.41016796871554 849.3699760044692 353.4633251911353 999.7860000000219 51.068933593749534 44041.440957680876 2751308.3293334604    
96000 102000 316.04289257811615 811.9938724888406 331.6809142288593 999.6439999999711 86.31510156247532 41822.72468004194 2461032.951081315    
102000 108000 30.055093750008382 852.8492723214274 300.1593647570489 999.189000000013 197.5579941406031 43698.288030464755 2570163.848247944    
108000 114000 31.984023437660653 852.573710937477 292.4131249793598 999.8829999999143 218.16508789057843 39910.97371053347 2271558.99062782    
114000 120000 665.0135898437002 762.1409157366143 347.50366713297996 998.9000000000233 227.31511132814921 42883.0960150469 2363509.93210566    
120000 126000 702.5992792968755 756.7715315290178 366.4475107932904 999.5619999999763 95.77001953119179 43482.56241802777 2148538.588529833    
126000 132000 37.85574218753027 851.73489397321 343.8039869458002 999.7289999998757 76.50927734375 45654.46926049213 2729037.1381500475    
132000 138000 152.6902968750219 974.5516171874964 31.611075233924726 998.8479999999981 920.8857226562686 39228.005382138195 2267432.9956080327    
138000 144000 33.07689648447558 852.4175862165035 371.97229484370877 999.3059999999823 9.185019531229045 44052.38976097594 2542539.233086002    
144000 150000 30.307128906133585 852.8132672991238 363.71288049287836 998.9399999999441 28.940916015708353 46344.6130647732 2690548.2152879066    
150000 156000 41.96583789057331 851.1477374442038 355.54463292707914 998.7770000000019 46.34104492189363 44062.99018010067 2602340.1092455434    
156000 162000 368.58911718748277 804.4872689732167 363.1843522525219 998.8479999999981 60.58088281250093 38752.71585155132 2142824.007040158    
162000 168000 761.9139296875801 873.01434505207 285.09857636380247 999.810999999987 292.1220703125 44762.01392140568 2337425.858154487    
168000 174000 497.9901562499581 786.001406250006 324.96029135175934 999.6479999999865 125.8369140625 45235.204484996815 2620988.8040866936    
174000 180000 113.42095312499441 840.9398638392865 329.4805141414442 998.9380000000237 101.2099609375 42741.91682121266 2446083.475988476    
180000 186000 1627.1438945312984 728.8093509114502 362.43424240756104 999.6999999999534 174.76806640625 37410.45103410761 2067864.6253189617    
186000 192000 94.19476757821394 843.6864617745408 312.7938827364551 999.9959999999846 166.081298828125 54648.620618471396 3110660.854767367    
192000 198000 95.65821875003166 843.4773973214241 330.9467289764491 999.5699999999488 106.007080078125 42107.18985184572 2528942.495108738    
198000 204000 49.7828300781548 850.0310242745493 344.44682005408623 999.7299999999814 74.78125 45003.38643333852 2407679.962583133    
204000 210000 55.58031445310917 849.2028122209844 355.54140014501957 999.9579999999842 46.408935546875 48965.468453965375 2677283.244779308    
210000 216000 39.82802148431074 851.4531397879556 363.5585693636902 999.8710000000428 27.9619140625 42788.19701309851 2327671.832161323    
216000 222000 44.45891796867363 850.7915831473323 372.3153423987503 999.7900000000373 6.77099609375 47348.20676937948 2639098.4206947945    
222000 228000 534.6859218750615 910.8856796874898 142.26441725068548 999.8560000000289 659.8029999999562 44227.08370121522 2404718.5629410646    
228000 234000 1142.9648281249683 693.8621674107188 395.02248015922675 999.8639999999432 179.2049257812323 40267.626528343004 2359558.5841005393    
234000 240000 137.5519374998985 837.4925803571574 314.56963004448215 999.5320000000065 138.84130859375 44038.402477886215 2491372.3495406373    
240000 246000 22.509427734301426 853.9272246093855 324.1500177077755 999.9969999999739 127.952880859375 48863.28935547731 2736437.7321177535    
246000 252000 83.54879101575352 845.207315569178 339.7867284859335 999.9300000000512 82.64208984375 41396.75049888058 2474288.271471197    
252000 258000 39.22414257808123 851.5394082031313 349.0375527889158 999.7600000000093 63.595947265625 42611.69541531478 2555916.1121770963    
258000 264000 62.09082617179956 848.2727391183143 355.1479271574269 998.5239999999758 44.59912109375 40880.57336778851 2218958.471026609    
264000 270000 547.3871210936923 908.7688131510513 122.46325797100856 998.6700000000419 725.4170000000158 48071.92325327261 2663039.342981821    
270000 276000 497.55199999990873 917.0746666666819 196.26629096986872 998.7610000000568 516.4780000000028 42120.0 2404095.0    
276000 282000 883.4347089843359 852.760881835944 355.1214820755127 998.6450000000186 127.873291015625 40406.46694073518 2027382.8527495244    
282000 288000 45.424015625030734 850.653712053567 332.9897850058301 998.35699999996 103.457275390625 43848.7652752258 2461671.355056089    
288000 294000 77.53028320299927 846.0671023995716 336.9414766760975 998.9599999999627 87.1669921875 49937.10265115468 2777739.127356135    
294000 300000 295.8479921874823 950.6920013020863 79.98224859132503 999.5509999999776 809.625 45568.72762562277 2538812.7626055744    
