ts te idle avg_span std_span max_span min_span c_ack_cnt c_ack_cnt_p c_bytes_all c_bytes_uniq s_ack_cnt s_ack_cnt_p s_bytes_all s_bytes_uniq avg_video_rate avg_audio_rate video_requests_sequence audio_requests_sequence
0 6000 5885.030029296875 114.969970703125  114.969970703125 114.969970703125 1.851794937444544 0.9971203509316775 731.0316629973385 496.13859747071893 2.4215779951197884 1.2820118797692996 1261.2147981641533 1261.2147981641533 0.0 0.0 - -
6000 12000 2.2096249999995052 630.9204942555161 357.42527552006317 999.2740000000049 0.0 1193.1638668336468 1161.667278626096 28064.272770045754 20937.40064881902 1701.9818571699445 45.15638624584055 2758605.74206536 2258679.74206536 1957.142857142857 128.0 6404.0#6404.0#2300_6405.0#6405.0#2300_7878.0#7878.0#2300_8960.0#8960.0#2300_10739.0#10739.0#1500_10742.0#10742.0#1500_11656.0#11656.0#1500 6401.0#6401.0#128_6402.0#6402.0#128_7886.0#7886.0#128_8989.0#8989.0#128_10773.0#10773.0#128_11664.0#11664.0#128
12000 18000 41.38801171875093 770.3488485677076 199.39210279255977 999.9369999999981 314.63300000000163 1157.836810188414 1138.5807485850535 16103.701572844593 14727.466759597946 1841.3961253316895 34.56160187439015 3615768.114487925 2983793.654758962 1500.0 128.0 11656.0#11656.0#1500_12423.0#12423.0#1500_13233.0#13233.0#1500_14087.0#14087.0#1500_14889.0#14889.0#1500_15680.0#15680.0#1500_16340.0#16340.0#1500_17049.0#17049.0#1500 11664.0#11664.0#128_12560.0#12560.0#128_13393.0#13393.0#128_14096.0#14096.0#128_15038.0#15038.0#128_15730.0#15730.0#128_16561.0#16561.0#128_17096.0#17096.0#128
18000 24000 52.25741992188705 633.9221718749991 341.618184397477 999.7209999999977 252.7919921875 825.7970707960479 814.1306730365559 9749.920605921827 8067.920605921828 1184.7149236338555 18.273722156916087 2432820.0728400946 2362003.5325690573 3675.0 128.0 18555.0#18555.0#1500_20521.0#20521.0#4400_20523.0#20523.0#4400_22505.0#22505.0#4400 18552.0#18552.0#128_20518.0#20518.0#128_22504.0#22504.0#128
24000 30000 12.601808593761234 642.7408312174472 349.83334811618215 999.9119999999893 44.02599999999802 1308.7330891930726 1298.0471160185255 8900.926909411388 8900.926909411388 1737.5831217478446 17.444764154067972 3479557.3756151143 3384946.5860943003 3700.0 128.0 22505.0#22505.0#4400_24599.0#24599.0#4400_26495.0#26495.0#4400_28536.0#28536.0#3000_28537.0#28537.0#3000_29640.0#29640.0#3000 24599.0#24599.0#128_26495.0#26495.0#128_28550.0#28550.0#128
30000 36000 1293.2169648437557 653.3210939275549 292.0872821888509 998.6229999999996 241.7239999999947 980.6173680513739 972.5770633828374 6711.146478779097 6711.146478779097 1431.9023941215462 17.28151368901594 2674390.480193342 2604607.269714156 3466.6666666666665 128.0 29640.0#29640.0#3000_30894.0#30894.0#3000_32885.0#32885.0#4400 28550.0#28550.0#128_30237.0#30237.0#128_31064.0#31064.0#128_32883.0#32883.0#128
36000 42000 2437.448253906252 614.2423626302075 365.41711242159016 999.247000000003 201.227294921875 519.0285600916166 509.75256890701564 7707.912970860619 6718.0995460917675 758.0465734047065 13.712308125156879 1546246.6407686921 1533765.6407686921 3000.0 128.0 39576.0#39576.0#3000_40579.0#40579.0#3000_41798.0#41798.0#3000 39600.0#39600.0#128_40596.0#40596.0#128_41935.0#41935.0#128
42000 48000 0.5611738281295402 694.3585987548836 340.1624810080152 999.948000000004 40.07499999999709 1219.7955785359914 1202.8752256379194 14155.016058584402 9470.876797056573 1711.3863140094613 21.686473235734006 3343035.7368035275 3226513.010213393 3000.0 128.0 41798.0#41798.0#3000_43293.0#43293.0#3000_44615.0#44615.0#3000_45980.0#45980.0#3000_47344.0#47344.0#3000 41935.0#41935.0#128_43366.0#43366.0#128_44726.0#44726.0#128_46099.0#46099.0#128_47602.0#47602.0#128
48000 54000 853.4945351562637 693.0049479758508 262.91456917464996 999.4829999999929 265.83400000000256 820.2330001469469 808.8882014541285 9464.808046457674 8454.760732754356 1221.1179646662802 18.14236141460021 2344498.968487517 2308598.695077652 2475.0 128.0 47344.0#47344.0#3000_48858.0#48858.0#2300_50485.0#50485.0#2300_52488.0#52488.0#2300 47602.0#47602.0#128_48869.0#48869.0#128_50599.0#50599.0#128_52485.0#52485.0#128
54000 60000 102.04400585938129 654.6791376953128 345.46000504175987 999.1239999999962 61.19800000000396 1063.1035480283304 1049.8797253409093 10221.949223777257 7697.9492237772565 1458.996730323399 16.223822687421006 2843027.3199915797 2807000.3199915797 3933.3333333333335 128.0 54550.0#54550.0#4400_56506.0#56506.0#4400_58684.0#58684.0#3000 54541.0#54541.0#128_56505.0#56505.0#128_58561.0#58561.0#128
60000 66000 717.5479609375034 583.6557132812493 394.0827413428462 999.4949999999953 33.07499999999709 951.6346105901608 943.1053342222259 7114.828661753857 7114.828661753857 1344.512110412082 15.67639728335832 2546708.315330862 2497149.315330862 3000.0 128.0 58684.0#58684.0#3000_60488.0#60488.0#3000_62810.0#62810.0#3000_64483.0#64483.0#3000 60602.0#60602.0#128_62818.0#62818.0#128_64597.0#64597.0#128
66000 72000 493.17911718749383 681.2023161892365 287.8267925618542 998.8769999999931 262.375 569.3998963019149 555.4989444378009 11589.838129723235 7261.485038566189 797.5379040315518 14.156234101210014 1559239.0186178214 1538419.0186178214 3000.0 128.0 66469.0#66469.0#3000_68728.0#68728.0#3000 66597.0#66597.0#128_69098.0#69098.0#128_71097.0#71097.0#128
72000 78000 5.54803906250163 746.4102989676384 339.880920623494 999.8800000000047 111.25900000002002 1091.1005906647295 1074.4203832960839 13535.972841239758 12018.325932396805 1566.517558216218 26.754057551078763 3095507.12930493 3059456.12930493 3000.0 128.0 72778.0#72778.0#3000_73663.0#73663.0#3000_74885.0#74885.0#3000_76459.0#76459.0#3000_77577.0#77577.0#3000 73933.0#73933.0#128_75099.0#75099.0#128_76600.0#76600.0#128_77599.0#77599.0#128
78000 84000 304.8891582031356 622.5265608258903 407.7799464200015 999.9729999999981 27.7939453125 966.3191866357869 952.0982381818958 11087.029565196099 7767.029565196099 1414.5995901328783 18.808928130603285 2880489.8340003584 2822898.8574693073 3350.0 128.0 77577.0#77577.0#3000_78746.0#78746.0#3000_80707.0#80707.0#3000_82944.0#82944.0#4400 77599.0#77599.0#128_79019.0#79019.0#128_80705.0#80705.0#128_82941.0#82941.0#128
84000 90000 154.09277343748545 723.277693196617 328.7952719114346 999.2229999999981 0.054000000018277206 1171.328514894442 1159.028467494333 10918.644502407096 9530.644502407096 1660.7254392680525 23.235814388444282 3511354.2808097294 3458720.25734078 4400.0 128.0 82944.0#82944.0#4400_84543.0#84543.0#4400_86755.0#86755.0#4400_88790.0#88790.0#4400 82941.0#82941.0#128_84483.0#84483.0#128_86753.0#86753.0#128_88511.0#88511.0#128
90000 96000 14.35752539060195 677.7618180042628 334.35793457833546 999.9930000000022 139.89968750000116 1152.7400122966646 1141.1364092142715 9190.0 7506.0 1584.1379107243574 15.603603082393244 3103649.3228361346 3039801.3228361346 4400.0 128.0 88790.0#88790.0#4400_90635.0#90635.0#4400_92495.0#92495.0#4400_94447.0#94447.0#4400 90514.0#90514.0#128_92494.0#92494.0#128_94445.0#94445.0#128
96000 102000 319.789970703132 749.390728678387 228.1268163167163 999.9840000000113 420.01900000000023 1301.3165018134162 1287.3165018134162 12165.0 9643.0 1950.4219048110135 21.0 3647386.433048848 3295184.433048848 3700.0 128.0 94447.0#94447.0#4400_96841.0#96841.0#4400_99084.0#99084.0#3000_100490.0#100490.0#3000 96506.0#96506.0#128_99099.0#99099.0#128_100512.0#100512.0#128
102000 108000 755.1110957031051 659.4053452690989 369.5517616829011 999.1380000000063 252.17299999999523 869.6109908934152 858.05544309384 9629.660221446971 7967.660221446971 1248.111025795327 16.833321699362763 2313936.889100583 2262062.889100583 3000.0 128.0 102458.0#102458.0#3000_104736.0#104736.0#3000_106468.0#106468.0#3000 102600.0#102600.0#128_105098.0#105098.0#128_106597.0#106597.0#128
108000 114000 672.0842382812552 709.5742003038176 270.998776771784 999.804999999993 269.974000000002 683.056952501182 673.0042068352509 8383.140420268111 7543.1404202681115 931.2296451331235 15.166678300637237 1967719.920834715 1944760.920834715 3000.0 128.0 108443.0#108443.0#3000_110444.0#110444.0#3000_112687.0#112687.0#3000 108597.0#108597.0#128_110599.0#110599.0#128_113098.0#113098.0#128
114000 120000 311.0328574218729 703.1900142578118 323.3323109870483 999.9690000000119 276.8429999999935 815.7795548121929 804.5107872363742 9396.037083626026 7736.037083626026 1136.5948227908032 15.87706104132504 2387474.5810788763 2330228.5810788763 3000.0 128.0 112687.0#112687.0#3000_114457.0#114457.0#3000_116449.0#116449.0#3000_118687.0#118687.0#3000 114598.0#114598.0#128_116599.0#116599.0#128_119099.0#119099.0#128
120000 126000 386.27999414061196 647.9739360795488 330.99440176203944 997.6620000000112 72.63330078125 837.7642785801627 825.4171727817362 10329.91075372977 6965.91075372977 1147.7071893249927 15.571272638178234 2270515.0848061983 2232573.0452437876 3000.0 128.0 118687.0#118687.0#3000_120446.0#120446.0#3000_122482.0#122482.0#3000_124461.0#124461.0#3000_125775.0#125775.0#3000 120599.0#120599.0#128_122841.0#122841.0#128_124598.0#124598.0#128
126000 132000 1036.3461328124977 649.1322566406249 274.26110481601546 998.9370000000054 262.18599999998696 769.8590847375806 758.4757138073937 9499.432492278758 7815.432492278758 1099.288480639796 16.551666320496725 2300282.74581266 2251135.7853750708 3000.0 128.0 124461.0#124461.0#3000_125775.0#125775.0#3000_128454.0#128454.0#3000_130446.0#130446.0#3000 126099.0#126099.0#128_128598.0#128598.0#128_130599.0#130599.0#128
132000 138000 475.06714062500396 645.1640992838535 307.3256709716205 999.9459999999963 274.27099609375 933.6000598676442 918.9501181018618 12221.965736512042 8899.965736512042 1274.129106008024 22.78942713560599 2536677.6579973376 2469726.6100495737 3000.0 128.0 132993.0#132993.0#3000_134520.0#134520.0#3000_136436.0#136436.0#3000_137459.0#137459.0#3000 133100.0#133100.0#128_134597.0#134597.0#128_136601.0#136601.0#128_137598.0#137598.0#128
138000 144000 2637.0517753906024 554.3190811434681 393.4424365383892 999.2999999999884 20.801974609377794 733.329078607822 726.5865581435431 5613.853292138321 5613.853292138321 1033.9397303079336 13.21057286439401 2086547.1203696302 2025370.1683173939 3000.0 128.0 136436.0#136436.0#3000_137459.0#137459.0#3000_140446.0#140446.0#3000_141456.0#141456.0#3000 137598.0#137598.0#128_140599.0#140599.0#128_141594.0#141594.0#128
144000 150000 460.82791015625116 706.0272322048614 355.87766574200737 999.5279999999912 263.9459999999963 798.2467016024245 788.6609299367167 7986.332765880419 7986.332765880419 1105.8324732681322 15.0 2314931.24895168 2293238.1978796776 3000.0 128.0 144459.0#144459.0#3000_146458.0#146458.0#3000_148444.0#148444.0#3000 144597.0#144597.0#128_146599.0#146599.0#128_148597.0#148597.0#128
150000 156000 471.4140390625107 753.1660864701738 292.54665141141714 999.6590000000142 257.0480000000098 1015.4547040735987 1002.2289928644526 11044.009503123087 9382.009503123087 1447.578019719002 20.811482874853798 2781795.127166835 2670003.8400085405 3000.0 128.0 150712.0#150712.0#3000_151788.0#151788.0#3000_152900.0#152900.0#3000_154686.0#154686.0#3000 151100.0#151100.0#128_152026.0#152026.0#128_153072.0#153072.0#128_155099.0#155099.0#128
156000 162000 555.1260429687973 677.6986621093852 325.9709704909261 999.4780000000028 270.4649999999965 1062.2985943239769 1054.1100771988308 6831.657730996494 6831.657730996494 1356.5895070128659 14.188517125146202 2605932.623881485 2529896.9621117823 3000.0 128.0 154686.0#154686.0#3000_156466.0#156466.0#3000_158445.0#158445.0#3000_160453.0#160453.0#3000 156598.0#156598.0#128_158599.0#158599.0#128_160598.0#160598.0#128
162000 168000 458.46708593753283 673.0853890625003 354.675081066246 998.6630000000005 195.2509765625 874.4380725926081 864.1264219755278 8597.020717754815 8597.020717754815 1233.433781661081 17.06542199137502 2365868.054112729 2302133.5479402835 3000.0 128.0 162445.0#162445.0#3000_164451.0#164451.0#3000_166442.0#166442.0#3000_167804.0#167804.0#3000 162598.0#162598.0#128_164599.0#164599.0#128_166598.0#166598.0#128_167859.0#167859.0#128
168000 174000 2602.3059765623475 532.8532636718955 345.9479852886203 998.9530000000668 172.13099999999395 527.5619274073919 521.8735780244722 4732.9792822451855 4732.9792822451855 731.5662183389189 10.934578008624982 1459794.9458872708 1452912.4520597162 3000.0 128.0 167804.0#167804.0#3000_170466.0#170466.0#3000 170598.0#170598.0#128
174000 180000 524.9624648436147 740.3738898437674 336.4084917134489 999.8610000000044 252.80100000003586 1244.5867798208667 1232.8539973283307 9796.94225129751 9796.94225129751 1657.2203885745987 20.732782492536113 3083874.514932471 2937323.514932471 3000.0 128.0 174473.0#174473.0#3000_175862.0#175862.0#3000_177251.0#177251.0#3000_178444.0#178444.0#3000 174598.0#174598.0#128_175993.0#175993.0#128_177405.0#177405.0#128_178596.0#178596.0#128
180000 186000 309.0119999999879 690.3002335069468 359.0392080110344 998.7410000000382 252.2049999999872 994.4132201791333 985.1460026716694 7739.05774870249 6897.05774870249 1299.7796114254013 15.267217507463887 2340525.485067529 2285005.485067529 3000.0 128.0 180459.0#180459.0#3000_182452.0#182452.0#3000_184450.0#184450.0#3000 180598.0#180598.0#128_182598.0#182598.0#128_184597.0#184597.0#128
186000 192000 654.3967539062141 636.1932312500023 386.6659265751273 999.9799999999814 82.40600000001723 756.6687081163875 743.2301805247591 10325.59262513528 7865.5926251352785 1032.6483393731514 15.43852759162839 1995197.6236822414 1941946.9738050061 3000.0 128.0 186714.0#186714.0#3000_188452.0#188452.0#3000_190956.0#190956.0#3000 187098.0#187098.0#128_188597.0#188597.0#128_191099.0#191099.0#128
192000 198000 1531.3309335936792 515.4077036576796 344.7365806439803 999.9219999999914 0.0 940.964633585457 929.7960989592732 9813.198393470759 9813.198393470759 1289.5191844671258 17.56147240837161 2447356.2947974275 2421245.944674663 3000.0 128.0 190956.0#190956.0#3000_192124.0#192124.0#3000_194464.0#194464.0#3000_196463.0#196463.0#3000 192419.0#192419.0#128_194598.0#194598.0#128_196598.0#196598.0#128
198000 204000 45.580464843835216 711.7604337565086 312.4543475624085 999.4259999999776 276.3969999999972 1291.6643377325547 1279.6639846393132 10028.289536458004 9188.289536458004 2092.0047355015595 20.0 3935081.6215723963 3049624.4042255427 3000.0 128.0 198460.0#198460.0#3000_199783.0#199783.0#3000_201127.0#201127.0#3000_202475.0#202475.0#3000 198598.0#198598.0#128_199982.0#199982.0#128_201161.0#201161.0#128_202598.0#202598.0#128
204000 210000 80.26896289057913 670.9412037109403 354.90670721812705 999.98199999996 255.75499999997555 927.8731559826788 918.9401741420365 7451.045109326613 7451.045109326613 1268.9985760752413 15.540397151695922 2399166.8827344263 2265072.8150950647 3000.0 128.0 204487.0#204487.0#3000_206480.0#206480.0#3000_208482.0#208482.0#3000 204598.0#204598.0#128_206595.0#206595.0#128_208600.0#208600.0#128
210000 216000 66.35031445309869 736.8234662109433 323.75162781312827 999.5310000000172 251.97500000003492 838.4380998359293 827.9393908838139 8766.371507876629 7926.371507876629 1159.1699421059889 14.979155900209784 2228204.9205712625 2154919.647013298 3000.0 128.0 210472.0#210472.0#3000_212475.0#212475.0#3000_214481.0#214481.0#3000 210598.0#210598.0#128_212598.0#212598.0#128_214598.0#214598.0#128
216000 222000 86.34787109363242 677.5662128906376 339.6456207611109 999.4200000000419 268.02999999999884 786.1709403911261 777.2629065986487 7429.576081548785 7429.576081548785 1135.436927135811 15.427586844383185 2374961.101089316 2370443.6596334963 3000.0 128.0 214481.0#214481.0#3000_216478.0#216478.0#3000_218478.0#218478.0#3000_220499.0#220499.0#3000 216598.0#216598.0#128_218598.0#218598.0#128_220599.0#220599.0#128
222000 228000 743.1659257812134 657.2734435763915 337.3603224580649 999.1719999999914 248.8070000000007 769.6602095603494 761.0094535986846 7209.201349705982 7209.201349705982 1041.0434432671884 14.052860103711108 2205686.9812383037 2186860.9812383037 3000.0 128.0 222497.0#222497.0#3000_224478.0#224478.0#3000_226487.0#226487.0#3000 222599.0#222599.0#128_224598.0#224598.0#128_226601.0#226601.0#128
228000 234000 108.16916601566481 695.7120833984343 325.21621079860574 999.8429999999935 267.5770000000193 805.5836971058177 796.6479953825459 7453.275413082909 7453.275413082909 1137.0050126152641 15.53359758122556 2294251.0903130206 2285025.0903130206 3000.0 128.0 228479.0#228479.0#3000_230492.0#230492.0#3000_232484.0#232484.0#3000 228598.0#228598.0#128_230595.0#230595.0#128_232598.0#232598.0#128
234000 240000 1632.4559121092316 638.6363859863486 390.7444305954598 998.1540000000386 0.0 627.9762176896995 620.5098152709252 6226.44998339504 5386.44998339504 813.1738394586695 10.46640241877444 1592652.4840016058 1518682.4840016058 3000.0 128.0 234482.0#234482.0#3000_236478.0#236478.0#3000 234599.0#234599.0#128_236601.0#236601.0#128
240000 246000 3523.1770859374956 545.1302832031298 290.1880830036448 997.3119999999763 275.0000000000291 439.5030777929464 431.8295302765173 6389.127008833299 5549.127008833299 661.2462095672888 13.347095032858192 1259693.9645712306 1225308.951199634 3000.0 128.0 244094.0#244094.0#3000_245328.0#245328.0#3000 244102.0#244102.0#128_245611.0#245611.0#128
246000 252000 434.820238281216 639.0201365966786 306.8273611333011 999.7090000000317 140.06099999998696 1148.4342526163573 1132.1979422070663 13582.055069514598 12742.055069514598 1638.81291478959 28.017691855722347 3205422.585998589 3151348.5993701853 3000.0 128.0 245328.0#245328.0#3000_246198.0#246198.0#3000_247526.0#247526.0#3000_248741.0#248741.0#3000_249664.0#249664.0#3000_250386.0#250386.0#3000_251254.0#251254.0#3000 246501.0#246501.0#128_247595.0#247595.0#128_248938.0#248938.0#128_249670.0#249670.0#128_250478.0#250478.0#128_251598.0#251598.0#128
252000 258000 1672.7341113280854 673.633448153422 337.95239141240774 999.4610000000102 0.0 907.0415233098013 897.4326201100391 8021.908416928076 8021.908416928076 1274.9230045562404 17.41335479964324 2561845.320502266 2505473.608789654 3000.0 128.0 251254.0#251254.0#3000_254460.0#254460.0#3000_255488.0#255488.0#3000_256961.0#256961.0#3000 254599.0#254599.0#128_255596.0#255596.0#128_256970.0#256970.0#128
258000 264000 672.6609375000116 645.218098090276 308.1175252453771 997.3329999999842 271.3850000000093 951.005144347597 941.9173436970492 7572.290161068922 7572.290161068922 1229.821554481674 14.22185831177622 2465901.0966258715 2416102.8083384833 3000.0 128.0 256961.0#256961.0#3000_258449.0#258449.0#3000_260443.0#260443.0#3000_262461.0#262461.0#3000 258600.0#258600.0#128_260599.0#260599.0#128_262601.0#262601.0#128
264000 270000 2779.7608691406203 575.4924466145845 394.088431319222 999.8310000000056 0.0 617.016001933298 610.6225637093282 5326.619343655104 5326.619343655104 846.1963166052069 12.0 1676100.0323020434 1613823.0323020434 3000.0 128.0 266458.0#266458.0#3000_267551.0#267551.0#3000 266600.0#266600.0#128_267599.0#267599.0#128
270000 276000 395.79224414064083 785.2615362079366 235.77840618050965 999.0829999999842 398.137939453125 1006.3081746064966 989.9044015763844 13660.413155155939 10360.413155155939 1465.815529687684 22.40905705195483 3038244.6567342645 3008701.6567342645 3000.0 128.0 270501.0#270501.0#3000_271540.0#271540.0#3000_273059.0#273059.0#3000_274075.0#274075.0#3000_275394.0#275394.0#3000 270602.0#270602.0#128_271599.0#271599.0#128_273101.0#273101.0#128_274295.0#274295.0#128_275602.0#275602.0#128
276000 282000 1349.7968007812742 606.7935990234371 332.3443691573293 999.8819999999832 0.0 728.0735835510512 718.8774790096361 7665.486453496338 6825.486453496338 982.7623107587332 13.590942948045171 1967860.675761007 1923245.8953453288 3000.0 128.0 275394.0#275394.0#3000_278461.0#278461.0#3000_280658.0#280658.0#3000 278601.0#278601.0#128_281099.0#281099.0#128
282000 288000 1787.2027148436173 585.6583615451495 321.5894926581524 999.0410000000848 243.80900000000838 623.668391907929 614.6637547069193 7510.509267985592 6668.509267985592 830.3879456297418 14.992982725227087 1821330.995814499 1804307.2842863891 3000.0 128.0 280658.0#280658.0#3000_282442.0#282442.0#3000_286454.0#286454.0#3000_287611.0#287611.0#3000 282597.0#282597.0#128_286600.0#286600.0#128_287970.0#287970.0#128
288000 294000 1326.6308007812477 703.6607077414836 301.69808616866817 998.2909999999683 255.29800000000978 984.9498499345233 974.5543647070601 8671.591123362132 7851.591123362132 1445.0342139238412 20.007017274772913 2820636.6716902293 2793278.163634018 3000.0 128.0 287611.0#287611.0#3000_288680.0#288680.0#3000_289634.0#289634.0#3000_290983.0#290983.0#3000 287970.0#287970.0#128_288964.0#288964.0#128_289923.0#289923.0#128_291097.0#291097.0#128
294000 300000 2508.248986328137 627.518999999997 400.9979018582927 999.8499999999185 0.0 731.0 722.0 7506.0 7506.0 920.0 15.0 1823919.0 1782353.0 3000.0 128.0 294451.0#294451.0#3000_295531.0#295531.0#3000_298458.0#298458.0#3000 294599.0#294599.0#128_295597.0#295597.0#128_298601.0#298601.0#128
