ts te idle avg_span std_span max_span min_span c_bytes_all s_bytes_all avg_video_rate avg_audio_rate video_requests_sequence audio_requests_sequence
0 6000 5787.873046875 212.126953125  212.126953125 212.126953125 6358.815105657243 945103.0476684315    
6000 12000 3922.749953124963 519.3125117187592 316.41818587324076 783.6210468750214 62.54899999999907 71035.18489434276 9213049.952331569    
12000 18000 4553.738000000012 482.0873333333293 29.0516165184278 511.4770000000135 453.3859999999986 28773.0 6076894.0    
18000 24000 4562.985999999975 479.0046666666749 36.30453746203985 519.4890000000014 449.3400000000256 28099.0 5945322.0    
24000 30000 4681.887999999977 439.37066666667425 282.3947671440278 682.5599999999977 129.65100000001257 35837.0 6128852.0    
30000 36000 4578.919000000053 473.6936666666491 15.922397128966393 483.28800000000047 455.31400000001304 29480.0 6004317.0    
36000 42000 4660.466000000073 446.511333333309 314.6524646817933 732.3249999999534 109.33899999997811 30598.0 5982637.0    
42000 48000 4158.5250000000815 613.8249999999729 155.8424372852558 792.7980000000098 508.10999999998603 36345.0 7860581.0    
48000 54000 4493.96100000001 502.01299999999657 352.59003201452504 792.619000000006 109.76699999999255 34118.0 6097775.0    
54000 60000 4330.804000000004 556.3986666666655 36.0467061509702 589.7210000000196 518.1369999999879 27378.0 5890605.0    
60000 66000 4146.567000000039 617.810999999987 182.93888430570334 814.8400000000256 453.33199999993667 30656.0 6431933.0    
66000 72000 4617.23000000004 460.92333333332016 326.2512628363338 744.7899999999208 104.50300000002608 26048.0 5469652.0    
72000 78000 4850.340000000026 383.21999999999144 268.80616023255845 644.9749999999185 107.87800000002608 30323.0 5908632.0    
78000 84000 4643.300999999978 452.23300000000745 26.96691997615776 483.35700000001816 435.8420000000042 31644.0 6193016.0    
84000 90000 4690.407999999996 436.5306666666681 11.843899878562663 443.6699999999837 422.85899999999674 28748.0 5889159.0    
90000 96000 5087.888000000035 304.03733333332156 193.3224032551199 428.31099999998696 81.3059999999823 19393.0 4082936.0    
96000 102000 3179.0379999999423 705.2405000000144 442.3003823327219 996.3090000000084 60.40700000000652 84668.0 10090815.0    
102000 108000 4797.205000000016 400.9316666666612 270.1249340311646 625.8589999999967 101.32299999997485 27573.0 5849637.0    
108000 114000 5086.542000000016 304.4859999999947 351.5796169532796 710.4330000000191 97.83799999998882 20430.0 4001599.0    
114000 120000 4478.766999999993 507.07766666666913 350.2878656053373 726.460000000021 103.09899999998743 38318.0 7959087.0    
120000 126000 4909.692000000039 363.43599999998696 297.16772004372075 661.5659999999916 67.2400000000489 71509.0 6380405.0    
126000 132000 4259.826000000001 435.04349999999977 461.23450653979813 999.9720000000088 39.164999999979045 44383.0 7620501.0    
132000 138000 4589.3499999999185 470.2166666666938 381.73149006642126 815.234999999986 60.13500000000931 29160.0 6042772.0    
138000 144000 3908.3490761718713 522.9127309570322 500.45385568503133 997.9330000000191 68.13299999997253 33335.8705684165 6061268.928711385    
144000 150000 4734.263923828083 316.43401904297934 286.26164314265213 640.030999999959 66.20400000002701 27783.129431583493 5917148.071288615    
150000 156000 4789.131999999983 403.6226666666723 245.99353563526032 603.1560000000172 128.77700000000186 21550.0 4353997.0    
156000 162000 4160.511999999988 613.1626666666707 154.45589746373938 791.2999999999884 516.5480000000098 35982.0 7600001.0    
162000 168000 4710.273999999918 429.90866666669416 356.8675314922344 778.612000000081 65.40200000000186 18975.0 3901606.0    
168000 174000 4499.587000000058 500.1376666666474 129.77310632150292 649.9859999999753 424.804999999993 39660.0 8027768.0    
174000 180000 5272.590000000142 242.46999999995265 312.0297225410356 602.7700000000186 61.62699999992037 22985.0 4061588.0    
180000 186000 4642.239000000001 452.58699999999953 120.3192610183516 590.189000000013 367.1730000000098 39768.0 7999941.0    
186000 192000 4322.092000000004 559.3026666666652 409.7789075981536 837.9729999999981 88.79399999999441 44989.0 8086037.0    
192000 198000 4401.7880000000005 532.7373333333331 402.69598888779853 904.7999999999884 105.16700000001583 31694.0 6055259.0    
198000 204000 4339.202999999863 553.5990000000456 56.44856324123807 607.3370000000577 494.783000000054 35209.0 5948478.0    
204000 210000 4625.2660000000615 458.2446666666462 359.30099528432896 793.6949999999488 79.0910000000149 30915.0 6176714.0    
210000 216000 4463.449000000022 512.1836666666592 46.15395325792944 551.3510000000242 461.30099999997765 27834.0 5851596.0    
216000 222000 4669.121000000043 443.62633333331905 323.36344467542045 648.0709999999963 70.81999999994878 35200.0 6264957.0    
222000 228000 4030.048999999999 656.6503333333336 179.58119088961323 863.9949999999953 550.6230000000214 44522.0 8259437.0    
228000 234000 4894.576999999932 368.474333333356 248.46635199629955 537.4520000000484 83.18599999998696 22113.0 3868964.0    
234000 240000 3645.758999999962 784.7470000000127 226.07988844434485 953.6570000000065 527.9139999999898 45818.0 8140068.0    
240000 246000 4776.9199999999255 407.69333333335817 345.30802768302476 780.8880000000354 99.51500000001397 19628.0 3685042.0    
246000 252000 4664.494999999995 333.87625000000116 446.8156501343081 998.7460000000428 64.17299999995157 43398.0 6266005.0    
252000 258000 4820.656000000075 393.11466666664154 334.2712411894433 739.170999999973 72.02899999998044 33222.0 6092380.0    
258000 264000 4599.579999999958 466.80666666668066 371.9878443408573 841.8980000000447 98.00199999997858 28924.0 5931548.0    
264000 270000 4328.826999999932 557.0576666666893 84.13459836081351 644.3070000000298 476.4290000000037 37795.0 7951519.0    
270000 276000 4465.071999999927 511.6426666666909 170.27882905499732 705.8220000000438 387.80099999997765 29566.0 6444824.0    
276000 282000 3861.4150000000373 712.8616666666543 147.41020795840996 803.6419999999925 542.7759999999544 38419.0 7563431.0    
282000 288000 4840.199999999953 386.60000000001554 236.0300382388221 530.8540000000503 114.2149999999674 19350.0 4008502.0    
288000 294000 4774.810999999987 408.3963333333377 299.0698545312711 625.7290000000503 67.31299999996554 31032.0 6094059.0    
294000 300000 4574.418000000063 475.19399999997887 363.64871691922195 833.1169999999693 106.07799999997951 27556.0 5935367.0    
300000 306000 6000.0 0.0 0.0 0.0 0.0 0.0 0.0 0.0 0.0 0 0
