ts te idle avg_span std_span max_span min_span c_bytes_all s_bytes_all avg_video_rate avg_audio_rate video_requests_sequence audio_requests_sequence
0 6000 5976.148681640625 23.851318359375  23.851318359375 23.851318359375 229.1090133742267 8937.544522562723    
6000 12000 3449.6173183593783 637.5956704101554 427.5603776157678 974.7206816406106 63.65100000001257 80322.89098662577 11192418.455477437    
12000 18000 4501.710000000021 374.57249999999476 292.95766384523296 643.109999999986 50.51500000001397 33128.0 6147008.0    
18000 24000 2861.226099609339 627.7547800781322 492.9816434061122 999.0690000000177 30.35999999998603 39337.517172559245 7209060.171848279    
24000 30000 884.3439570312621 730.8080061383911 440.55157600525985 999.9930000000168 73.01709960936569 28736.34915767837 5284253.3555785185    
30000 36000 3682.557943359425 579.3605141601438 344.69094560641844 887.1260566406418 85.07699999993201 36845.133669762385 7246508.472573202    
36000 42000 4123.768000000098 625.4106666666339 261.24881600942524 799.8069999999716 325.0449999999837 33545.0 6144628.0    
42000 48000 5116.859000000113 294.3803333332956 42.82506462726132 333.15299999987474 248.41399999998976 32260.0 6151818.0    
48000 54000 5031.493000000017 322.8356666666611 15.058110682748705 333.53899999998976 305.61699999996927 31614.0 5927837.0    
54000 60000 4516.101000000024 494.6329999999919 177.22344616613586 599.3589999999967 290.0119999999879 32067.0 6019030.0    
60000 66000 4208.109999999986 597.2966666666713 6.195124642278484 604.2600000000093 592.3960000000079 30428.0 5647870.0    
66000 72000 2553.044000000169 689.3911999999661 404.88817105925546 999.6639999999898 26.70599999994738 30647.0 6271248.0    
72000 78000 1173.2679999999818 965.3464000000037 56.44424364627637 999.0169999999925 866.6630000000005 37239.0 7815414.0    
78000 84000 3740.8180000000284 753.0606666666572 46.26354106997443 803.560999999987 712.7239999999874 29199.0 6237693.0    
84000 90000 4271.464000000036 576.1786666666545 164.83012753235505 756.1989999999641 432.6569999999483 29135.0 6179714.0    
90000 96000 4937.208000000101 354.2639999999665 180.4989329497124 562.137999999919 237.24400000000605 29360.0 6014697.0    
96000 102000 5180.479999999981 273.17333333333954 40.9853845210228 317.4190000000526 236.50599999999395 27291.0 5789367.0    
102000 108000 4606.143999999971 464.6186666666763 129.61095387865788 595.88400000002 336.7280000000028 28546.0 6017684.0    
108000 114000 4007.6227402345976 498.0943149413506 206.0769448239609 604.5879999999306 189.041259765625 32663.407013686792 6985359.050813395    
114000 120000 765.9779453125084 747.7174363839274 405.00378406180675 999.7970000000205 95.747314453125 26662.469033062083 5543010.982407095    
120000 126000 3671.9983144531143 582.0004213867214 397.9088756474535 883.7176855469006 0.0 34495.123953251124 7709961.966779511    
126000 132000 3711.865000000049 762.7116666666503 53.37754832639276 823.9710000000196 726.1969999999856 27766.0 5900511.0    
132000 138000 4346.652999999991 551.1156666666697 238.60102405968718 693.0690000000177 275.6460000000079 28279.0 6099286.0    
138000 144000 4975.805000000051 341.39833333331626 22.581055828580595 359.33299999998417 316.03999999997905 28728.0 5844045.0    
144000 150000 4774.009999999951 408.6633333333496 122.63305256882724 532.6170000000857 287.3949999999604 28237.0 5954567.0    
150000 156000 4232.847999999998 589.0506666666673 37.13342325094072 616.9239999999991 546.8969999999972 28190.0 6025567.0    
156000 162000 3370.7249101562775 525.8550179687445 325.88812444442823 989.9290000000037 130.76708984375 32314.90274160371 6637015.418552    
162000 168000 1165.1440859374707 805.8093190104215 305.06411107727973 973.6030000000028 190.10400390625 30171.908998032806 6185211.664552929    
168000 174000 513.1986855469877 783.8287592075732 373.7883422472828 999.652999999933 109.851318359375 30004.979307646856 6078059.487594538    
174000 180000 3581.2083183592185 604.6979204101954 390.806829410846 847.510681640706 25.24500000005355 35512.208952716624 7530685.429300533    
180000 186000 4157.379000000074 614.2069999999754 281.19391688474605 804.8639999999432 291.26600000000326 28550.0 6169004.0    
186000 192000 4259.0420000001905 580.3193333332698 131.03872118327934 722.179999999993 463.8059999998659 31178.0 6308647.0    
192000 198000 4706.58600000001 431.13799999999657 153.60679975507588 607.2569999999832 324.86800000001676 27488.0 5907549.0    
198000 204000 4650.2510000000475 449.9163333333175 328.55636739279004 680.2589999999618 73.67799999995623 28086.0 6157242.0    
204000 210000 3997.9289999998873 500.5177500000282 296.1418302394503 707.5879999999888 61.207000000053085 28616.0 6117122.0    
210000 216000 1902.5947324217996 819.48105351564 352.02307735282017 999.6689999999944 191.249267578125 33442.87961068355 7074988.240822581    
216000 222000 2760.7832675779937 647.8433464844013 376.31512581304366 963.3320000000531 169.15773242188152 32253.12038931645 6886427.759177418    
222000 228000 3767.4569999999367 744.1810000000211 31.752183672965458 780.5770000000484 722.1489999999758 29076.0 6204832.0    
228000 234000 4182.599999999977 605.8000000000078 191.3918808414128 758.1620000000112 390.98199999995995 26714.0 5755931.0    
234000 240000 5112.026000000071 295.99133333330974 8.542716741972004 303.99199999996927 286.99399999994785 27611.0 6278770.0    
240000 246000 4770.496000000043 409.83466666665237 55.45681148728739 451.30099999997765 346.841999999946 26439.0 5893450.0    
246000 252000 4360.337999999989 546.5540000000037 129.81172104634385 635.0890000000363 397.53799999994226 28765.0 6079481.0    
252000 258000 3794.42109374993 551.3947265625175 355.621371989232 992.6360000000568 140.87890625 34830.18533017942 6748110.501253545    
258000 264000 1867.3449492186774 688.7758417968871 393.17801465443523 979.5999999999767 135.73095703125 28546.50671081229 5923819.359757007    
264000 270000 913.8849570313469 847.6858404947756 265.57582861747807 998.2530000000261 316.73499999998603 36174.30795900829 7667943.138989448    
270000 276000 2570.7360000000335 857.3159999999916 143.29079484509109 990.1550000000279 702.6949999999488 29099.0 6016648.0    
276000 282000 4522.375999999931 492.5413333333563 112.54618698264878 589.0690000000177 368.9220000000205 30635.0 6209949.0    
282000 288000 4930.714999999967 356.4283333333442 25.247543114826165 385.5550000000512 340.7850000000326 29192.0 6101451.0    
288000 294000 4832.099000000046 389.3003333333181 72.95625342855938 452.2619999999879 309.34799999999814 28670.0 5835994.0    
294000 300000 4146.864999999874 617.7116666667085 8.669844423837908 627.7120000000577 612.3100000000559 29554.0 5871059.0    
300000 306000 6000.0 0.0 0.0 0.0 0.0 0.0 0.0 0.0 0.0 0 0
