ts te idle avg_span std_span max_span min_span c_bytes_all s_bytes_all avg_video_rate avg_audio_rate video_requests_sequence audio_requests_sequence
0 6000 5551.180908203125 448.819091796875  448.819091796875 448.819091796875 8272.991129729373 187463.47189650658    
6000 12000 2872.05797656253 625.5884046874941 296.5834795881605 986.3420000000042 312.068115234375 40910.625784822725 3268150.7731936723    
12000 18000 3553.438115234312 611.640471191422 423.30657997890563 975.8730000000214 182.0668847656343 33100.3830854479 6622540.754909821    
18000 24000 4139.496927734348 465.125768066413 346.6082335999789 982.060999999987 241.1479999999865 31927.660628107675 6848055.283648504    
24000 30000 4192.584144531167 451.8539638672082 330.0840812388937 824.2490000000107 72.01400000002468 26041.829214548572 5395229.106901751    
30000 36000 1718.9159277342842 713.514012044286 345.2203420499273 999.8780000000261 238.88900000002468 40351.51015734376 7962633.609449746    
36000 42000 5066.883000000031 311.03899999998976 58.20827119918776 350.8389999999781 244.23300000000745 27547.0 5934068.0    
42000 48000 4939.163947265653 353.6120175781155 121.98729930914618 490.92499999998836 257.75699999998324 26627.346620882956 5583706.6266887905    
48000 54000 4715.546052734368 321.1134868164081 211.15013714316913 494.11599999998 42.47394726565108 29544.653379117044 6522744.3733112095    
54000 60000 4258.890000000014 580.3699999999953 367.4817267470694 989.6460000000079 278.7129999999888 30040.0 5965484.0    
60000 66000 3788.746000000043 737.0846666666524 417.5034270929246 983.1979999999749 255.02899999998044 30472.0 6494238.0    
66000 72000 4335.133917968837 416.21652050779085 392.0725590420502 981.0999999999767 73.66100000002189 24102.04795447921 5078481.917682303    
72000 78000 3148.446343749936 574.7484667968723 382.0488833010822 998.2089999999735 25.230999999970663 35988.20346909776 6376555.302008017    
78000 84000 4540.56996484386 364.8575087890349 270.75744523900346 720.2089999999735 63.46099999995204 74258.2534856672 7026439.606702124    
84000 90000 3589.8400488281623 456.10718033853726 319.4222913265708 926.0750000000116 66.7609999999986 31877.495090755823 4948727.173607556    
90000 96000 4636.512999999977 454.49566666667425 352.3565261412535 712.3530000000028 53.01000000000931 77063.0 6300848.0    
96000 102000 4397.725697265589 534.0914342448037 197.48356166023103 689.7200000000303 311.935302734375 66999.01253182448 6922541.609029874    
102000 108000 4310.687357421848 422.328160644538 155.86856556155004 568.7019999999902 264.7576972656534 31453.201786591122 5913194.95706032    
108000 114000 2840.968945312605 631.806210937479 473.7507851642827 984.1429999999818 0.0 35053.7856815844 7225046.4339098055    
114000 120000 4378.823000000091 540.3923333333029 384.2499262958254 983.8539999999921 306.2390000000014 28740.0 6019642.0    
120000 126000 4627.703732421913 343.0740668945218 236.0455425756592 637.0209999999497 61.553000000014435 30755.193638042045 6603678.789086235    
126000 132000 4481.552298828086 379.6119252929784 250.37977972860477 629.8917324218783 61.04800000000978 62191.078551992876 6781254.344160257    
132000 138000 5168.117849609524 207.9705375976191 128.5043263329669 325.1799999999348 69.15299999993294 41972.812745449875 4654782.208781781    
138000 144000 3836.885119140614 540.7787202148465 212.0230214317092 770.5939999999828 278.45688085939037 58659.915064515204 8054500.657971727    
144000 150000 4519.262999999977 493.5790000000076 22.091485418589805 518.7229999999981 477.2829999999958 30095.0 5946095.0    
150000 156000 3218.672179687477 593.480999999994 342.9621808683751 993.9179999999469 228.64000000001397 33460.0 5507625.0    
156000 162000 4279.162000000069 573.6126666666436 480.2127199505384 995.5889999999199 51.086000000010245 69088.0 6293835.0    
162000 168000 2612.838031249994 719.6219929687679 233.85519179973042 974.7920000000158 505.92700000008335 36206.23448694397 5984517.085874801    
168000 174000 3209.186917968793 465.13551367186784 373.32931898080363 999.9880000000121 55.570999999996275 31987.34611636973 6618983.169184583    
174000 180000 2791.5180468749604 534.7469921875066 429.28358420163516 999.1739999999991 50.54100000002654 30209.419396686302 5826695.744940617    
180000 186000 3540.7897910156753 538.6580199218704 334.7841898945899 999.920999999973 130.5439999999944 38873.16297803359 6806936.356179083    
186000 192000 5114.289802734507 221.4275493163732 109.83671242370328 308.029296875 60.63199999992503 38201.1155964685 5106764.865450782    
192000 198000 4471.496349609399 382.1259125976503 147.83797925203535 593.661999999953 257.665703125007 47571.84075133337 7457615.457782541    
198000 204000 3895.5909472656203 526.1022631835949 345.5375145552944 987.4150000000373 149.55805273435544 33792.88067416453 7110097.320587594    
204000 210000 3056.0960000000196 981.3013333333269 3.5664220632883006 985.329000000027 978.5439999999944 28827.0 5897724.0    
210000 216000 3469.714082031278 632.5714794921805 351.5823977647491 987.1700000000419 311.06591796875 32833.02379242558 6749748.030635351    
216000 222000 3447.1748398438795 638.2062900390301 249.2959741628656 843.2759999999544 312.455078125 29700.9500328381 6131757.112387844    
222000 228000 3542.933183593792 614.266704101552 253.76985909398812 829.2249999999767 310.81689453125 28848.518632173575 5853811.911871182    
228000 234000 4267.126867187559 433.21828320311033 121.8797533074343 555.8649999999907 311.97802734375 34394.20656895726 7229071.152408237    
234000 240000 5070.957953125006 232.2605117187486 147.13872856655647 320.5359999999637 12.817972656222992 25619.577259310732 5258811.146003649    
240000 246000 3151.564945312566 497.4141542968573 318.1000230930928 997.3279999999795 144.27500000002328 38961.723714294756 6978561.646693737    
246000 252000 3574.7780000000494 808.4073333333168 289.7693099248782 977.6350000000093 473.8179999999702 27729.0 5631393.0    
252000 258000 3061.1119999999646 979.6293333333451 2.5400364826579542 981.6180000000168 976.76800000004 29906.0 6378891.0    
258000 264000 4022.359999999986 659.213333333338 516.8974997195279 987.6459999999497 63.39300000004005 29324.0 6048464.0    
264000 270000 2576.532021484454 684.6935957031092 390.54590868492335 999.9719999999506 234.22199999995064 31582.58395786072 6464631.8008615365    
270000 276000 3284.546021484304 543.0907957031392 376.9916176958596 998.0050000000047 28.62100000004284 33747.902227801205 6783584.8184424825    
276000 282000 4716.46295703121 320.8842607421975 180.65497995128987 564.5429999999469 128.75504296878353 33818.513814338075 6698866.38069598    
282000 288000 4988.6117382813245 337.12942057289183 49.59540949832772 394.23199999995995 304.81299999996554 26840.76116231948 5683724.8352607135    
288000 294000 4250.913224609569 328.58628971350845 250.67358923972654 601.3889999999665 17.415738281211816 37433.23883768052 6409169.1647392865    
294000 300000 4232.158730468829 589.280423177057 343.3244737952251 973.3989999999758 312.30126953125 27878.291655708177 5804584.374166715    
300000 306000 5997.446269531269 2.5537304687313735  2.5537304687313735 2.5537304687313735 81.70834429182125 16852.625833285023    
