ts te idle avg_span std_span max_span min_span c_ack_cnt c_ack_cnt_p c_bytes_all c_bytes_uniq s_ack_cnt s_ack_cnt_p s_bytes_all s_bytes_uniq avg_video_rate avg_audio_rate video_requests_sequence audio_requests_sequence
0 7000 7000.0 0.0 0.0 0.0 0.0 0.0 0.0 0.0 0.0 0.0 0.0 0.0 0.0 0.0 0.0 - -
7000 14000 218.10073632812782 674.7941174316413 348.10359502044577 999.7750000000015 128.71099999999933 1591.908513795735 1565.0003487510864 23087.674967593954 23087.674967593954 2097.8372222336616 30.9081650446484 3506131.8800782524 3270831.8277655896 2300.0 128.0 7420.0#7420.0#2300_7427.0#7427.0#2300_8850.0#8850.0#2300_9901.0#9901.0#2300_10939.0#10939.0#2300_12090.0#12090.0#2300_13234.0#13234.0#2300 7417.0#7417.0#128_7418.0#7418.0#128_8903.0#8903.0#128_9982.0#9982.0#128_10969.0#10969.0#128_12177.0#12177.0#128_13245.0#13245.0#128
14000 21000 409.85537109374854 648.7162900965071 332.45769302083784 999.6929999999993 27.83600000000297 1745.5179515069724 1726.4757102129313 15933.823798933217 15933.823798933217 2733.392899660872 19.04224129404113 4466604.775361016 4271217.097428307 2720.0 128.0 13234.0#13234.0#2300_14075.0#14075.0#2300_14942.0#14942.0#2300_15828.0#15828.0#2300_16752.0#16752.0#2300_17524.0#17524.0#2300_18452.0#18452.0#2300_19102.0#19102.0#2300_20691.0#20691.0#4400_20693.0#20693.0#4400 14176.0#14176.0#128_15170.0#15170.0#128_16112.0#16112.0#128_16928.0#16928.0#128_17676.0#17676.0#128_18602.0#18602.0#128_19178.0#19178.0#128_20689.0#20689.0#128
21000 28000 266.6650000000009 746.7251015624986 252.29255348432403 999.955999999991 107.32100000000355 1931.114415185619 1919.0998209894599 10035.226468166311 10035.226468166311 2658.138696237595 12.01459419615924 4373541.0929063875 4211271.312605405 4400.0 128.0 20693.0#20693.0#4400_22526.0#22526.0#4400_24371.0#24371.0#4400_26162.0#26162.0#4400 22532.0#22532.0#128_24518.0#24518.0#128_26184.0#26184.0#128
28000 35000 36.546048828124185 665.782728678385 360.6900601549817 999.9470000000001 141.94773828124744 1633.1737428466997 1622.684584339254 8750.676678918802 8750.676678918802 2630.3992323055004 10.489158507446103 4281580.862092835 4111667.3381812302 4400.0 128.0 26162.0#26162.0#4400_28007.0#28007.0#4400_29831.0#29831.0#4400_31622.0#31622.0#4400_33580.0#33580.0#4400 28049.0#28049.0#128_29476.0#29476.0#128_31518.0#31518.0#128_33577.0#33577.0#128
35000 42000 281.27983007812145 652.4544637784089 379.51483477431407 999.8770000000004 103.66100000000006 1613.9666126213028 1602.8858494265562 9234.002609976582 9234.002609976582 2475.0594992379874 11.080763194746533 4094201.515700271 3979655.6590263722 4400.0 128.0 33580.0#33580.0#4400_35471.0#35471.0#4400_37449.0#37449.0#4400_39456.0#39456.0#4400_41464.0#41464.0#4400 35468.0#35468.0#128_37448.0#37448.0#128_39453.0#39453.0#128_41461.0#41461.0#128
42000 49000 8.652982421874185 707.0819064127596 402.4072890964124 998.9820000000036 59.99199999999837 1419.9928286008796 1406.4356486462275 10485.211957997413 10485.211957997413 2195.091674638622 13.557179954652119 3597261.9580991054 3469318.457918559 2950.0 128.0 41464.0#41464.0#4400_43443.0#43443.0#4400_45445.0#45445.0#4400_48051.0#48051.0#1500_48054.0#48054.0#1500_48886.0#48886.0#1500 43442.0#43442.0#128_45441.0#45441.0#128_47476.0#47476.0#128_48184.0#48184.0#128_48912.0#48912.0#128
49000 56000 789.5098769531323 622.8590037434891 423.33632513072865 999.9140000000043 2.243000000002212 697.3259354427912 684.4180376344848 10772.38351841372 10772.38351841372 1144.0807756857614 12.907897808306474 1883618.915762133 1835428.307074537 1500.0 128.0 48886.0#48886.0#1500_49821.0#49821.0#1500_51461.0#51461.0#1500_53461.0#53461.0#1500_54211.0#54211.0#1500 50179.0#50179.0#128_51677.0#51677.0#128_53458.0#53458.0#128_53676.0#53676.0#128
56000 63000 1433.2122539062548 598.5125454545447 401.37145372971406 999.476999999999 107.346000000005 983.0469022862638 969.4338298406432 11428.829316631984 11428.829316631984 1514.3019707605772 14.075825869336185 2371925.3141399026 2289325.3141399026 3000.0 128.0 57457.0#57457.0#3000_57459.0#57459.0#3000_59451.0#59451.0#3000_61461.0#61461.0#3000 57454.0#57454.0#128_59449.0#59449.0#128_61459.0#61459.0#128
63000 70000 31.58510156252305 671.3646471819198 358.18340090309084 999.6999999999825 80.19500000000698 1309.0461536595285 1296.6215345208113 9988.86930579599 9988.86930579599 2006.582608456306 12.961865715001476 3249706.975855887 3147198.51887456 3280.0 128.0 63465.0#63465.0#3000_65445.0#65445.0#3000_67454.0#67454.0#3000_68645.0#68645.0#3000_69909.0#69909.0#4400 63462.0#63462.0#128_65443.0#65443.0#128_67452.0#67452.0#128_67677.0#67677.0#128_69502.0#69502.0#128
70000 77000 1850.7251191406249 582.1735402644229 418.4259201416912 999.9660000000149 0.0 1192.6661599986528 1181.7038515829904 9642.301377572026 9642.301377572026 1894.0898843938032 10.962308415662338 3082383.063633648 3021476.1029014806 4400.0 128.0 69909.0#69909.0#4400_71823.0#71823.0#4400_75385.0#75385.0#4400 71520.0#71520.0#128_75384.0#75384.0#128_75677.0#75677.0#128
77000 84000 1972.4241308594064 539.9735880301336 410.5233191474881 999.5469999999914 33.26900000000023 1363.1510589609363 1351.3741116407405 9829.771733609039 9829.771733609039 2109.5164466570345 11.776947320195745 3415572.43333225 3265265.377132443 3233.3333333333335 128.0 75385.0#75385.0#4400_77189.0#77189.0#3000_80251.0#80251.0#3000_81249.0#81249.0#3000_82689.0#82689.0#3000_83890.0#83890.0#3000 80680.0#80680.0#128_81357.0#81357.0#128_83028.0#83028.0#128_83953.0#83953.0#128
84000 91000 3.975517578117433 832.1829708426324 272.0139763542043 999.6860000000015 232.4429375000036 1196.0821289171602 1188.2844509060621 6477.421038051697 6477.421038051697 1739.7178761745731 7.797678011097834 2849640.730178192 2774841.3513086285 3000.0 128.0 83890.0#83890.0#3000_85447.0#85447.0#3000_87448.0#87448.0#3000_89451.0#89451.0#3000 83953.0#83953.0#128
91000 98000 1551.8270585937425 583.1699285714318 375.21749551409647 998.8029999999999 58.080000000001746 1109.8971822867927 1091.4060610671752 15114.771344900959 15114.771344900959 1802.9267220035965 19.49112121961754 2928841.64166085 2815672.291172976 4400.0 128.0 91449.0#91449.0#3000_93452.0#93452.0#3000_95453.0#95453.0#3000_97466.0#97466.0#6500_97468.0#97468.0#6500 83953.0#83953.0#128_92056.0#92056.0#128_92411.0#92411.0#128_93228.0#93228.0#128_93331.0#93331.0#128_93443.0#93443.0#128_93550.0#93550.0#128_95451.0#95451.0#128_97464.0#97464.0#128
98000 105000 104.4851074219041 704.4627683293231 349.0821045301997 999.8329999999987 129.9369999999908 1547.2339024067728 1536.508150233672 8943.979824368174 8943.979824368174 2292.54972432827 10.725752173100773 3756874.4763588784 3606143.981926397 3875.0 128.0 97468.0#97468.0#6500_100088.0#100088.0#3000_101460.0#101460.0#3000_103443.0#103443.0#3000 100179.0#100179.0#128_101678.0#101678.0#128_103441.0#103441.0#128
105000 112000 41.085019531237776 696.0464898792627 364.6085538979338 999.8090000000084 104.01299999999173 1493.5223172005112 1481.7783276092362 9799.937220541804 9799.937220541804 2221.96758898391 11.743989591275133 3664729.057538043 3579953.7552412646 4400.0 128.0 105471.0#105471.0#4400_107455.0#107455.0#4400_109453.0#109453.0#4400_111464.0#111464.0#4400 103441.0#103441.0#128_105467.0#105467.0#128_107453.0#107453.0#128_109450.0#109450.0#128_111461.0#111461.0#128_111681.0#111681.0#128
112000 119000 4008.305458984367 466.4435295758927 425.76749946071635 999.5659999999916 25.08300000001327 750.9248676262341 747.2135627690047 3078.642421055389 3078.642421055389 1198.194617729354 3.7113048572293548 1974175.220672832 1946791.8621323267 3933.3333333333335 0.0 111464.0#111464.0#4400_113215.0#113215.0#4400_118942.0#118942.0#3000 -
119000 126000 0.0 755.5438991570738 333.17149270592677 999.9949999999953 144.52799999999115 2090.856599248188 2072.742648619739 15130.222697885343 15130.222697885343 3153.457932204926 18.113950628448475 5037462.044958504 4728224.155570905 3000.0 128.0 118942.0#118942.0#3000_119970.0#119970.0#3000_121175.0#121175.0#3000_122395.0#122395.0#3000_123643.0#123643.0#3000_124717.0#124717.0#3000_125639.0#125639.0#3000 119183.0#119183.0#128_120178.0#120178.0#128_121187.0#121187.0#128_122662.0#122662.0#128_124309.0#124309.0#128_124823.0#124823.0#128_125679.0#125679.0#128
126000 133000 12.677308593760245 742.266480468752 343.0585108134029 997.9709999999905 136.35000000000582 1218.1292211671555 1207.9312897636428 8502.367387259188 8502.367387259188 2011.2691128106176 10.197931403512701 3355187.6498902054 3308232.154383087 3700.0 128.0 125639.0#125639.0#3000_127464.0#127464.0#3000_129453.0#129453.0#4400_131493.0#131493.0#4400 127463.0#127463.0#128_129451.0#129451.0#128_131491.0#131491.0#128
133000 140000 61.15834179686499 613.4956708984367 420.31735895289114 999.8319999999949 66.60399999999208 1512.6845409664134 1501.711497746998 9155.593245246204 9155.593245246204 2350.122119131215 10.973043219415317 3970123.7670953153 3874509.5105305384 4400.0 128.0 131493.0#131493.0#4400_133457.0#133457.0#4400_135446.0#135446.0#4400_137469.0#137469.0#4400_139468.0#139468.0#4400 133454.0#133454.0#128_135445.0#135445.0#128_137465.0#137465.0#128_139467.0#139467.0#128
140000 147000 34.10729882810847 671.5823698508532 392.2826343295764 999.2760000000126 73.42499999998836 1482.7933629999725 1472.2430977736142 8798.339516790396 8798.339516790396 2377.781107400934 10.009273401232548 3955020.574482065 3862643.249157851 4400.0 128.0 139468.0#139468.0#4400_141458.0#141458.0#4400_143463.0#143463.0#4400_145524.0#145524.0#4400 141454.0#141454.0#128_143459.0#143459.0#128_145504.0#145504.0#128
147000 154000 32.401910156273516 619.1744117838534 415.23652834633026 999.0929999999935 67.66599999999744 1431.6902847322724 1421.2317669681288 8723.055761211737 8723.055761211737 2291.404634077072 10.9995095892688 3829801.4521696065 3755578.7774938205 4400.0 128.0 145524.0#145524.0#4400_147450.0#147450.0#4400_149460.0#149460.0#4400_151457.0#151457.0#4400_153459.0#153459.0#4400 147449.0#147449.0#128_149456.0#149456.0#128_151455.0#151455.0#128_153456.0#153456.0#128
154000 161000 28.21390625005006 671.5102109374949 392.1945138155087 999.2399999999616 92.01600000000326 1605.0796109851751 1595.6201123995693 7892.89780908007 7892.89780908007 2369.098692530707 9.459498585605782 3974398.7412712313 3841547.506918597 4400.0 128.0 153459.0#153459.0#4400_155483.0#155483.0#4400_157454.0#157454.0#4400_159462.0#159462.0#4400 155441.0#155441.0#128_157451.0#157451.0#128_159460.0#159460.0#128
161000 168000 3923.8850000000093 661.3268233817071 370.0745444456846 999.2360000000335 22.739999999990687 677.999179969516 669.999179969516 6644.0 6644.0 1018.0850242368016 8.0 1649904.6557983991 1592865.48086035 3466.6666666666665 128.0 159462.0#159462.0#4400_165878.0#165878.0#3000_166815.0#166815.0#3000 166182.0#166182.0#128_167033.0#167033.0#128
168000 175000 3.599958984355908 662.8487424316481 382.9069346084879 999.7350000000151 42.43600000004517 1882.278053321412 1866.5748686418865 13135.643284006219 13135.643284006219 2835.398903988278 15.703184679525565 4744469.093971683 4619031.356884026 3000.0 128.0 166815.0#166815.0#3000_168135.0#168135.0#3000_169317.0#169317.0#3000_170373.0#170373.0#3000_171371.0#171371.0#3000_172639.0#172639.0#3000_173704.0#173704.0#3000 168179.0#168179.0#128_169324.0#169324.0#128_170467.0#170467.0#128_171473.0#171473.0#128_172670.0#172670.0#128_173759.0#173759.0#128
175000 182000 36.488373046857305 667.9449161931857 406.2306388477108 999.9799999999814 69.26499999998487 1202.0584758561208 1191.229796114239 9030.18655881866 9030.18655881866 1880.922835510778 10.828679741881652 3181882.911650761 3117799.4478391306 3840.0 128.0 173704.0#173704.0#3000_175456.0#175456.0#3000_177451.0#177451.0#4400_179451.0#179451.0#4400_181467.0#181467.0#4400 175453.0#175453.0#128_177446.0#177446.0#128_179449.0#179449.0#128_181466.0#181466.0#128
182000 189000 25.946296875015832 664.442819602269 406.2984796515104 999.3209999999963 45.288000000000466 1508.4529413906116 1498.43129028454 8354.052889707978 8354.052889707978 2358.091850623636 10.021651106071872 3912027.02847064 3822122.7343220203 4400.0 128.0 181467.0#181467.0#4400_183461.0#183461.0#4400_185448.0#185448.0#4400_187454.0#187454.0#4400 183458.0#183458.0#128_185447.0#185447.0#128_187452.0#187452.0#128
189000 196000 63.605226562474854 621.8896769205821 405.2679635227964 999.9860000000044 48.67300000003888 1494.658445680478 1483.680066362752 9159.972727129702 9159.972727129702 2370.918067534419 10.978379317725844 3942699.808018741 3880570.101224184 4400.0 128.0 187454.0#187454.0#4400_189473.0#189473.0#4400_191447.0#191447.0#4400_193454.0#193454.0#4400_195468.0#195468.0#4400 189471.0#189471.0#128_191445.0#191445.0#128_193453.0#193453.0#128_195466.0#195466.0#128
196000 203000 13.492367187456694 664.450159978701 403.98521823892025 999.8330000000133 70.16000000000349 1519.0363445450187 1508.4901261972886 8794.978490473484 8794.978490473484 2355.7098253681133 10.007161751262558 3959759.8279896327 3883036.9675371815 4400.0 128.0 195468.0#195468.0#4400_197455.0#197455.0#4400_199455.0#199455.0#4400_201482.0#201482.0#4400 197453.0#197453.0#128_199453.0#199453.0#128_201454.0#201454.0#128
203000 210000 33.89566601559636 636.9225192057323 394.5020122020988 999.7320000000182 82.74400000000605 1467.7993366171913 1456.3245612218996 9576.69824115084 9576.69824115084 2394.302153798699 12.013831991759204 3902560.2221766375 3846461.693762237 4400.0 128.0 201482.0#201482.0#4400_203460.0#203460.0#4400_205444.0#205444.0#4400_207457.0#207457.0#4400_209447.0#209447.0#4400 203456.0#203456.0#128_205443.0#205443.0#128_207454.0#207454.0#128_209445.0#209445.0#128_209676.0#209676.0#128
210000 217000 9.035806640575174 642.4277530048231 422.2238937938364 999.887000000017 7.790000000066357 1506.867464894764 1495.8620846759845 9182.248230458099 9182.248230458099 2346.5071158899327 11.005380218779374 3926499.221925179 3869554.4929357534 3560.0 128.0 209447.0#209447.0#4400_211226.0#211226.0#3000_212148.0#212148.0#3000_213560.0#213560.0#3000_215451.0#215451.0#4400 212180.0#212180.0#128_213597.0#213597.0#128_215449.0#215449.0#128
217000 224000 63.795005859370576 613.4541002604261 419.9894055652265 999.5080000000307 69.51800000004005 1427.3313741464447 1416.3553188634273 9158.120462054629 9158.120462054629 2356.3266255837343 10.976055283017216 3864799.4489272726 3811144.177916698 4400.0 128.0 215451.0#215451.0#4400_217454.0#217454.0#4400_219456.0#219456.0#4400_221479.0#221479.0#4400_223465.0#223465.0#4400 217453.0#217453.0#128_219453.0#219453.0#128_221477.0#221477.0#128_223461.0#223461.0#128
224000 231000 32.632185546826804 654.8790715554046 416.6713096707346 999.4579999999842 63.638999999995576 1442.787314798195 1432.2461881904446 8790.723195352526 8790.723195352526 2361.2059249553645 10.00340125886354 3868317.968499605 3824059.5220342805 4400.0 128.0 223465.0#223465.0#4400_225473.0#225473.0#4400_227473.0#227473.0#4400_229463.0#229463.0#4400 225471.0#225471.0#128_227472.0#227472.0#128_229462.0#229462.0#128
231000 238000 13.10785742176813 612.2803452148559 426.83436145766467 999.0860000000393 73.50399999998626 1444.0741396890674 1433.5982657938823 8737.591228119105 8737.591228119105 2254.640065197209 11.013599244071887 3997663.5173469377 3900521.9638122623 4400.0 128.0 229463.0#229463.0#4400_231461.0#231461.0#4400_233457.0#233457.0#4400_235455.0#235455.0#4400_237449.0#237449.0#4400 231459.0#231459.0#128_233455.0#233455.0#128_235454.0#235454.0#128_237448.0#237448.0#128
238000 245000 39.93265234376304 671.6200051491535 396.41463370122233 999.6599999999744 92.33500000002095 1432.899287430223 1422.8975517781953 8337.294093617767 8337.294093617767 2207.8550532994664 10.001735652027877 3763938.3712187875 3674549.821731088 4400.0 128.0 237449.0#237449.0#4400_239476.0#239476.0#4400_241448.0#241448.0#4400_243565.0#243565.0#4400 239474.0#239474.0#128_241447.0#241447.0#128_243504.0#243504.0#128
245000 252000 55.77150976547273 614.179988444031 417.8736031301879 999.2700000000186 95.11100000003353 1481.546682766242 1470.5577200143505 9168.87396248229 9168.87396248229 2367.0363464434445 10.988962751891432 3904774.699977355 3809363.249465055 4400.0 128.0 243565.0#243565.0#4400_245458.0#245458.0#4400_247443.0#247443.0#4400_249474.0#249474.0#4400_251457.0#251457.0#4400 245455.0#245455.0#128_247442.0#247442.0#128_249470.0#249470.0#128_251455.0#251455.0#128
252000 259000 37.78688671870623 614.4217777944734 393.89516745657625 999.9650000000256 0.0 1482.026355486093 1471.5542973025704 8734.318097541749 8734.318097541749 2270.061413468429 9.965017593322365 3746994.353203096 3641994.353203096 4050.0 128.0 251457.0#251457.0#4400_253449.0#253449.0#4400_255485.0#255485.0#4400_257450.0#257450.0#3000 253446.0#253446.0#128_255483.0#255483.0#128_257683.0#257683.0#128
259000 266000 36.687117187539116 740.4167073317221 359.25615141019676 999.2989999999991 23.46799999999348 1353.0847195072206 1340.5492432360445 10468.02591331477 10468.02591331477 2150.3479964780868 13.042516861376589 3478214.7482507094 3278304.661335385 3280.0 128.0 259481.0#259481.0#3000_261448.0#261448.0#3000_262588.0#262588.0#3000_263563.0#263563.0#3000_265450.0#265450.0#4400 259681.0#259681.0#128_261682.0#261682.0#128_262683.0#262683.0#128_263657.0#263657.0#128_265448.0#265448.0#128
266000 273000 36.219259765639435 661.0741521661931 407.75839819087463 999.454000000027 85.42700000002515 1474.100222814663 1463.5532733458067 8795.373369732113 8795.373369732113 2327.0467245168165 9.998696008639849 3832169.5223682015 3753062.280217704 4400.0 128.0 265450.0#265450.0#4400_267449.0#267449.0#4400_269448.0#269448.0#4400_271453.0#271453.0#4400 267448.0#267448.0#128_269446.0#269446.0#128_271450.0#271450.0#128
273000 280000 35.122880859300494 610.3293320312611 426.7398741590555 999.9110000000219 73.78900000004796 1557.3768278076457 1546.9299366480627 8713.440439414037 8713.440439414037 2379.0579941894343 10.995144619799762 3945981.624466217 3828026.1962200147 4400.0 128.0 271453.0#271453.0#4400_273449.0#273449.0#4400_275449.0#275449.0#4400_277446.0#277446.0#4400_279456.0#279456.0#4400 273447.0#273447.0#128_275448.0#275448.0#128_277444.0#277444.0#128_279454.0#279454.0#128
280000 287000 53.15088671859121 662.7974518821152 400.5798371053062 999.8939999999711 95.35900000005495 1460.8081334952979 1450.2588553520336 8797.380081949064 8797.380081949064 2300.933374422126 10.002940031623794 3856452.801122935 3772435.0781594003 4400.0 128.0 279456.0#279456.0#4400_281460.0#281460.0#4400_283449.0#283449.0#4400_285457.0#285457.0#4400 281458.0#281458.0#128_283446.0#283446.0#128_285455.0#285455.0#128
287000 294000 11.089822265552357 621.1759295247515 417.5596217768799 999.7270000000135 61.95699999999488 1434.1316562256804 1423.6625477273838 8732.101470245056 8732.101470245056 2368.263826353348 11.01544660993692 3905039.965734545 3856818.4460101034 4400.0 128.0 285457.0#285457.0#4400_287451.0#287451.0#4400_289447.0#289447.0#4400_291553.0#291553.0#4400_293438.0#293438.0#4400 287448.0#287448.0#128_289445.0#289445.0#128_291512.0#291512.0#128_293437.0#293437.0#128
