ts te idle avg_span std_span max_span min_span c_bytes_all s_bytes_all avg_video_rate avg_audio_rate video_requests_sequence audio_requests_sequence
0 8000 6036.099005859367 981.9504970703165 20.30316115141363 996.3070000000043 967.5939941406286 18592.25542225907 842332.3090066919 1570.0 128.0 6455.0#6455.0#2300_6456.0#6456.0#2300_7852.0#7852.0#840_7854.0#7854.0#840 6452.0#6452.0#128_6453.0#6453.0#128_7866.0#7866.0#128
8000 16000 137.8829941406293 873.5685562065968 321.1815174313231 999.2139999999999 27.88700585937113 31537.74457774093 2027089.690993308 840.0 128.0 7854.0#7854.0#840_8510.0#8510.0#840_9232.0#9232.0#840_9827.0#9827.0#840_10458.0#10458.0#840_11179.0#11179.0#840_11927.0#11927.0#840_12496.0#12496.0#840_13269.0#13269.0#840_14548.0#14548.0#840 8526.0#8526.0#128_9348.0#9348.0#128_9973.0#9973.0#128_10786.0#10786.0#128_11463.0#11463.0#128_12261.0#12261.0#128
16000 24000 1453.84811718751 818.2689853515612 349.2432722272524 996.6840000000011 45.20100000000093 17608.66972209888 967188.352494205 696.0 128.0 16706.0#16706.0#840_20599.0#20599.0#840_21648.0#21648.0#840_22955.0#22955.0#480_22956.0#22956.0#480 17130.0#17130.0#128_18126.0#18126.0#128_18461.0#18461.0#128_18919.0#18919.0#128_20997.0#20997.0#128_22124.0#22124.0#128_22976.0#22976.0#128
24000 32000 4342.38588281253 731.5228234374939 198.0853032460719 962.5259999999907 446.4991171875008 13850.330277901121 1135713.6475057951 1164.0 128.0 24616.0#24616.0#480_27036.0#27036.0#840_28557.0#28557.0#1500_28559.0#28559.0#1500_30548.0#30548.0#1500 24614.0#24614.0#128_27034.0#27034.0#128_28554.0#28554.0#128_30545.0#30545.0#128
32000 40000 1502.2431074218912 928.2509846540155 174.6282481655799 999.5199999999968 532.3898925781177 23957.539347177357 2886682.317376756 2300.0 128.0 32503.0#32503.0#2300_34510.0#34510.0#2300_36529.0#36529.0#2300_37346.0#37346.0#2300_38527.0#38527.0#2300 32500.0#32500.0#128_34506.0#34506.0#128_36994.0#36994.0#128_37483.0#37483.0#128_38996.0#38996.0#128
40000 48000 121.63859960938134 875.3734889322909 243.91834484035448 999.9239999999991 443.92529296875 32119.38535269437 3676388.840230517 3980.0 128.0 40547.0#40547.0#2300_42549.0#42549.0#4400_42552.0#42552.0#4400_44560.0#44560.0#4400_46577.0#46577.0#4400 40544.0#40544.0#128_42548.0#42548.0#128_44559.0#44559.0#128_46575.0#46575.0#128
48000 56000 135.40228515623312 873.8441905381964 240.95808249574367 999.6860000000015 363.4580078125 37899.72221499417 4488834.8880797755 4400.0 128.0 46577.0#46577.0#4400_48549.0#48549.0#4400_50545.0#50545.0#4400_52552.0#52552.0#4400_54540.0#54540.0#4400 48548.0#48548.0#128_50544.0#50544.0#128_52549.0#52549.0#128_54538.0#54538.0#128
56000 64000 408.19595507808845 843.5337827691013 261.1459367566893 998.2290000000066 247.904052734375 37629.66788909667 4506637.990809037 4400.0 128.0 54540.0#54540.0#4400_56549.0#56549.0#4400_58598.0#58598.0#4400_60531.0#60531.0#4400_62622.0#62622.0#4400 56548.0#56548.0#128_58595.0#58595.0#128_60529.0#60529.0#128_62620.0#62620.0#128
64000 72000 1931.951001953159 866.8641425781201 177.8016113416214 998.8800000000047 549.3520507812354 29964.167882665817 3354622.8015449634 4400.0 128.0 62622.0#62622.0#4400_64489.0#64489.0#4400_66525.0#66525.0#4400_70535.0#70535.0#4400 64487.0#64487.0#128_66522.0#66522.0#128_70996.0#70996.0#128
72000 80000 1124.6080800781347 859.4239899902332 227.99013570408758 999.9860000000044 449.40294921875466 37524.8064271178 4205400.940394749 3400.0 128.0 70535.0#70535.0#4400_72204.0#72204.0#4400_73850.0#73850.0#3000_73851.0#73851.0#3000_76536.0#76536.0#3000_77398.0#77398.0#3000_78816.0#78816.0#3000 70996.0#70996.0#128_72365.0#72365.0#128_73860.0#73860.0#128_76998.0#76998.0#128_77766.0#77766.0#128_78821.0#78821.0#128
80000 88000 1567.7859707031457 804.0267536621068 366.0478222613321 999.9290000000037 31.512000000002445 24903.710886253815 2542835.221564201 3000.0 128.0 78816.0#78816.0#3000_80537.0#80537.0#3000_82532.0#82532.0#3000_84528.0#84528.0#3000 78821.0#78821.0#128_80998.0#80998.0#128_82996.0#82996.0#128_84995.0#84995.0#128
88000 96000 2069.1560000000172 988.4739999999971 20.470816573844502 999.6359999999986 947.4499999999971 28805.0 3011068.0 2300.0 128.0 88506.0#88506.0#2300_89078.0#89078.0#2300_90533.0#90533.0#2300_92499.0#92499.0#2300_94486.0#94486.0#2300 88553.0#88553.0#128_89487.0#89487.0#128_90995.0#90995.0#128_92517.0#92517.0#128_94494.0#94494.0#128
96000 104000 1476.9770449218486 815.3778693847689 362.48990054985643 999.8870000000024 20.37699999999313 26223.454555810797 2645284.7884875014 2300.0 128.0 96504.0#96504.0#2300_98558.0#98558.0#2300_100538.0#100538.0#2300_102548.0#102548.0#2300_103142.0#103142.0#2300 96995.0#96995.0#128_98995.0#98995.0#128_100997.0#100997.0#128_102995.0#102995.0#128_103585.0#103585.0#128
104000 112000 154.73699218752154 871.695889756942 229.68955338007035 998.9930000000022 461.136962890625 26268.912333372853 2661598.7376065385 2300.0 128.0 103142.0#103142.0#2300_104529.0#104529.0#2300_106537.0#106537.0#2300_108549.0#108549.0#2300_110536.0#110536.0#2300 103585.0#103585.0#128_104997.0#104997.0#128_106994.0#106994.0#128_108996.0#108996.0#128_110995.0#110995.0#128
112000 120000 1070.1336738281534 866.2332907714808 219.4956484105858 998.8090000000084 489.0712890625 23892.776529093364 2392968.4803030863 2300.0 128.0 112536.0#112536.0#2300_114532.0#114532.0#2300_116563.0#116563.0#2300_118536.0#118536.0#2300 112995.0#112995.0#128_114996.0#114996.0#128_116996.0#116996.0#128_118996.0#118996.0#128
120000 128000 2973.713203124993 837.7144661458345 240.24024564264096 997.5849999999919 506.5307109375135 23154.734748143244 2352846.8023596234 2300.0 128.0 120505.0#120505.0#2300_122617.0#122617.0#2300_124530.0#124530.0#2300_126572.0#126572.0#2300 120996.0#120996.0#128_122996.0#122996.0#128_124994.0#124994.0#128_126994.0#126994.0#128
128000 136000 136.97009375001653 873.6699895833315 236.22273373269041 999.9739999999874 445.4719140625093 29229.529838317936 2947602.1127121174 2300.0 128.0 128544.0#128544.0#2300_130535.0#130535.0#2300_131483.0#131483.0#2300_132611.0#132611.0#2300_134554.0#134554.0#2300 128997.0#128997.0#128_130996.0#130996.0#128_131795.0#131795.0#128_132616.0#132616.0#128_134552.0#134552.0#128
136000 144000 66.65099609375466 881.4832226562495 228.26567268228325 999.4489999999932 437.89599609375 37682.587051259216 4075732.9223562414 4400.0 128.0 136538.0#136538.0#4400_138532.0#138532.0#4400_140555.0#140555.0#4400_142559.0#142559.0#4400 136537.0#136537.0#128_138531.0#138531.0#128_140554.0#140554.0#128_142557.0#142557.0#128
144000 152000 3376.3609960937465 770.6065006510422 382.8142124926476 999.8179999999993 76.31599999999162 24527.004944002594 2627739.1561748916 3350.0 128.0 142559.0#142559.0#4400_146503.0#146503.0#4400_148045.0#148045.0#2300_149235.0#149235.0#2300 146500.0#146500.0#128_148241.0#148241.0#128_149243.0#149243.0#128
152000 160000 1074.3800000000047 989.3742857142851 13.594023094900654 999.9739999999874 964.7580000000016 29132.0 2976833.0 2300.0 128.0 152528.0#152528.0#2300_153440.0#153440.0#2300_154589.0#154589.0#2300_156535.0#156535.0#2300_158535.0#158535.0#2300 152997.0#152997.0#128_153652.0#153652.0#128_154606.0#154606.0#128_156995.0#156995.0#128_158993.0#158993.0#128
160000 168000 2392.7870253906294 801.0304249441958 352.32967770483907 999.9100000000035 109.79300000000512 23316.962837878207 2379581.2412424684 2300.0 128.0 162546.0#162546.0#2300_164545.0#164545.0#2300_165330.0#165330.0#2300_166533.0#166533.0#2300 162994.0#162994.0#128_164994.0#164994.0#128_165681.0#165681.0#128_166995.0#166995.0#128
168000 176000 1942.7060312499816 757.1617460937523 351.80900330007864 999.9339999999793 85.20200000001932 24733.92164731469 2322267.8918416575 2300.0 128.0 170592.0#170592.0#2300_172538.0#172538.0#2300_173164.0#173164.0#2300_174531.0#174531.0#2300 170997.0#170997.0#128_172995.0#172995.0#128_173590.0#173590.0#128_174996.0#174996.0#128
176000 184000 2049.3688300779613 743.8288962402548 375.9349079891334 999.4200000000419 30.176999999996042 24650.111306413477 2477916.2910666494 2300.0 128.0 178495.0#178495.0#2300_179123.0#179123.0#2300_180552.0#180552.0#2300_182562.0#182562.0#2300 178503.0#178503.0#128_179492.0#179492.0#128_180995.0#180995.0#128_182995.0#182995.0#128
184000 192000 1551.3181894530135 806.0852263183733 197.85122039664338 996.7080000000424 480.60288671881426 23717.25631226885 2277877.8009402724 2300.0 128.0 184582.0#184582.0#2300_187526.0#187526.0#2300_188669.0#188669.0#2300_190542.0#190542.0#2300 187107.0#187107.0#128_187544.0#187544.0#128_188674.0#188674.0#128_190995.0#190995.0#128
192000 200000 171.11194921875722 869.8764500868048 246.46139194058637 997.4749999999767 423.5739746093459 31152.128218807993 3167523.9531524815 2720.0 128.0 192617.0#192617.0#2300_193302.0#193302.0#2300_194538.0#194538.0#2300_196559.0#196559.0#2300_198542.0#198542.0#4400 192996.0#192996.0#128_193553.0#193553.0#128_194995.0#194995.0#128_196557.0#196557.0#128_198539.0#198539.0#128
200000 208000 144.7220488281455 872.8086612413172 230.5118660755231 999.68299999999 382.27392578125 34372.861605443344 3684394.5585407894 3560.0 128.0 198542.0#198542.0#4400_200569.0#200569.0#4400_202530.0#202530.0#3000_204495.0#204495.0#3000_206497.0#206497.0#3000 200567.0#200567.0#128_202557.0#202557.0#128_204508.0#204508.0#128_206506.0#206506.0#128
208000 216000 343.87890429678373 850.6801217448018 266.25410575578303 999.8619999999937 247.3220214844041 29316.466575531766 3126201.762521002 3000.0 128.0 208535.0#208535.0#3000_210532.0#210532.0#3000_212541.0#212541.0#3000_214525.0#214525.0#3000 208995.0#208995.0#128_210996.0#210996.0#128_212996.0#212996.0#128_214994.0#214994.0#128
216000 224000 1914.2660039061157 869.3905708705549 176.99536772803899 999.880999999994 551.218017578125 22061.873109396474 2259987.284902461 3000.0 128.0 216547.0#216547.0#3000_218526.0#218526.0#3000_222564.0#222564.0#3000 216994.0#216994.0#128_218996.0#218996.0#128_222996.0#222996.0#128
224000 232000 1456.944052734354 817.8819934082057 250.06055086883393 998.6620000000403 446.2509824218869 38812.326590001685 3905876.013925982 2650.0 128.0 224546.0#224546.0#3000_225235.0#225235.0#3000_226349.0#226349.0#3000_228043.0#228043.0#2300_230550.0#230550.0#2300_231181.0#231181.0#2300 224995.0#224995.0#128_225804.0#225804.0#128_226903.0#226903.0#128_228078.0#228078.0#128_230994.0#230994.0#128_231555.0#231555.0#128
232000 240000 1083.8870371092344 864.5141203613457 238.4946292228165 999.7380000000412 446.491035156243 32135.716230330072 3419374.969744417 3140.0 128.0 231181.0#231181.0#2300_232534.0#232534.0#2300_234550.0#234550.0#2300_236522.0#236522.0#4400_238515.0#238515.0#4400 231555.0#231555.0#128_232996.0#232996.0#128_234547.0#234547.0#128_236520.0#236520.0#128_238512.0#238512.0#128
240000 248000 1964.9499746093643 754.3812531738295 367.0665620988652 999.8969999999972 35.103000000002794 33657.80292808723 3502980.7989943456 3560.0 128.0 238515.0#238515.0#4400_242624.0#242624.0#4400_244560.0#244560.0#3000_245572.0#245572.0#3000_246886.0#246886.0#3000 242622.0#242622.0#128_244997.0#244997.0#128_245760.0#245760.0#128_246889.0#246889.0#128
248000 256000 133.85391796863405 874.0162313368185 234.3933805038704 999.1030000000028 449.9360351563082 30030.033483543342 3212715.1335430117 3000.0 128.0 246886.0#246886.0#3000_248536.0#248536.0#3000_250536.0#250536.0#3000_252523.0#252523.0#3000_254540.0#254540.0#3000 246889.0#246889.0#128_248997.0#248997.0#128_250994.0#250994.0#128_252996.0#252996.0#128_254994.0#254994.0#128
256000 264000 2459.1630351562635 791.5481378348195 342.92040042264153 999.8769999999786 107.16800000000512 21541.53915498286 2202399.2995844623 2766.6666666666665 128.0 256525.0#256525.0#3000_258567.0#258567.0#3000_260555.0#260555.0#2300 256994.0#256994.0#128_258994.0#258994.0#128_260996.0#260996.0#128
264000 272000 1784.2320253907237 887.9668535156109 194.31088416136055 999.5540000000037 524.198974609375 32152.885293302752 3192458.9648572407 2300.0 128.0 264500.0#264500.0#2300_265111.0#265111.0#2300_266489.0#266489.0#2300_268532.0#268532.0#2300_270532.0#270532.0#2300_271270.0#271270.0#2300 264510.0#264510.0#128_265381.0#265381.0#128_266502.0#266502.0#128_268996.0#268996.0#128_270995.0#270995.0#128_271517.0#271517.0#128
272000 280000 123.54189648438478 875.162011501735 236.0532780757259 998.5580000000191 446.830078125 38012.607441965876 3950737.704405632 3560.0 128.0 271270.0#271270.0#2300_272528.0#272528.0#2300_274525.0#274525.0#4400_276549.0#276549.0#4400_278553.0#278553.0#4400 271517.0#271517.0#128_272526.0#272526.0#128_274522.0#274522.0#128_276546.0#276546.0#128_278551.0#278551.0#128
280000 288000 45.61410156235797 883.8206553819603 227.46545560670288 999.618000000075 427.3759765625 41346.909739899864 4465527.8076105695 4400.0 128.0 278553.0#278553.0#4400_280530.0#280530.0#4400_282535.0#282535.0#4400_284537.0#284537.0#4400_286562.0#286562.0#4400 280528.0#280528.0#128_282532.0#282532.0#128_284536.0#284536.0#128_286555.0#286555.0#128
288000 296000 1708.3549765623757 898.8064319196607 185.5616484983188 998.1040000000503 486.7480234375107 32756.59752483151 3602593.5231265575 4400.0 128.0 286562.0#286562.0#4400_288653.0#288653.0#4400_290544.0#290544.0#4400_292506.0#292506.0#4400 288651.0#288651.0#128_290542.0#290542.0#128_292505.0#292505.0#128
