ts te idle avg_span std_span max_span min_span c_ack_cnt c_ack_cnt_p c_bytes_all c_bytes_uniq s_ack_cnt s_ack_cnt_p s_bytes_all s_bytes_uniq avg_video_rate avg_audio_rate video_requests_sequence audio_requests_sequence
0.0 10000.0 5781.601730468748 638.9805080915183 396.0901439644812 998.7390000000014 105.2392578125 736.4819364073641 708.697276831691 24149.551684476122 22109.551684476122 1018.7467598011519 30.78465957567301 1554281.1715799193 1240499.0425837392 840.0 128.0 5888.0#5888.0#840_5889.000244140625#5889.000244140625#840_6692.0#6692.0#840_7228.999755859371#7228.999755859371#840_7891.0#7891.0#840_8692.999755859371#8692.999755859371#840_9246.0#9246.0#840 5884.999755859371#5884.999755859371#128_5886.0#5886.0#128_6704.0#6704.0#128_7308.999755859371#7308.999755859371#128_7916.0#7916.0#128_8699.0#8699.0#128_9521.000244140625#9521.000244140625#128
10000.0 20000.0 1899.3878105468903 617.2608943359362 372.39447884269947 999.9089999999997 21.783935546875 952.6774771824281 930.4447284874517 17718.158730195868 17718.158730195868 1383.6994487667698 22.232748694976515 2015097.7981561748 1944780.2836313385 1104.0 128.0 9246.0#9246.0#840_10106.0#10106.0#840_11110.0#11110.0#840_11624.0#11624.0#840_12467.0#12467.0#840_13962.0#13962.0#840_15992.0#15992.0#1500_15996.999755859375#15996.999755859375#1500_18002.0#18002.0#1500_19977.000244140632#19977.000244140632#1500 10150.0#10150.0#128_11148.999755859375#11148.999755859375#128_11764.0#11764.0#128_12540.999755859375#12540.999755859375#128_13958.0#13958.0#128_15987.0#15987.0#128_17999.0#17999.0#128_19974.0#19974.0#128
20000.0 30000.0 1325.460289062532 584.9297763671865 441.83593369767635 999.5350000000035 2.191935546878085 857.7825047551294 843.562446634129 11862.62415678911 11862.62415678911 1456.0629642054218 14.220058121000411 2219484.459635885 2131477.3471996477 1728.5714285714287 128.0 19977.000244140632#19977.000244140632#1500_21998.0#21998.0#1500_23990.0#23990.0#2300_23992.0#23992.0#2300_25959.0#25959.0#1500_27977.000244140632#27977.000244140632#1500_29974.0#29974.0#1500 19974.0#19974.0#128_21994.0#21994.0#128_23986.0#23986.0#128_26417.000244140632#26417.000244140632#128_28415.0#28415.0#128
30000.0 40000.0 167.88922265623842 829.2213902994788 245.271776795265 999.9230000000025 246.778999999995 1023.0580816550784 1005.2955480467283 14814.665428538901 14814.665428538901 1607.4908272266562 17.76253360835006 2391531.570628021 2307259.326585275 1500.0 128.0 29974.0#29974.0#1500_31977.000244140632#31977.000244140632#1500_33947.0#33947.0#1500_35951.0#35951.0#1500_37146.0#37146.0#1500_38216.0#38216.0#1500 30416.0#30416.0#128_32412.999755859375#32412.999755859375#128_34414.0#34414.0#128_36415.0#36415.0#128_37388.0#37388.0#128_38384.0#38384.0#128
40000.0 50000.0 1585.749619140639 678.7629542236318 375.3412108454373 999.0199999999968 19.499267578125 882.184110170445 866.1646091867804 13366.419828245667 13366.419828245667 1454.802691814614 15.019500983664688 2235119.19332881 2148137.3850660264 1766.6666666666667 128.0 40924.999755859375#40924.999755859375#1500_42599.0#42599.0#1500_44025.000244140625#44025.000244140625#1500_45979.0#45979.0#1500_47993.000244140625#47993.000244140625#2300_49980.0#49980.0#2300 41412.999755859375#41412.999755859375#128_42896.0#42896.0#128_44034.0#44034.0#128_45975.0#45975.0#128_47986.0#47986.0#128_49978.0#49978.0#128
50000.0 60000.0 16.33661132812267 852.9815506591785 306.23979956371096 999.8270000000048 0.0 1237.221753616242 1222.4434695696316 12325.741746882572 12325.741746882572 1912.4909896385855 15.778284046610299 3004375.7330773785 2862227.4956494295 2300.0 128.0 49980.0#49980.0#2300_52025.000244140625#52025.000244140625#2300_53993.000244140625#53993.000244140625#2300_55996.0#55996.0#2300_57668.0#57668.0#2300 49978.0#49978.0#128_52022.0#52022.0#128_53990.0#53990.0#128_55988.0#55988.0#128_56412.999755859375#56412.999755859375#128
60000.0 70000.0 284.59980273437395 684.3279334909527 394.4581142882567 999.6649999999936 39.0048828125 1215.9060359074565 1199.463638959095 13729.658724686724 13729.658724686724 1846.1941852034938 16.442396948361377 2819789.233927143 2690507.078911007 1728.5714285714287 128.0 60006.0#60006.0#2300_62014.0#62014.0#2300_63984.0#63984.0#1500_65988.99975585938#65988.99975585938#1500_67354.0#67354.0#1500_68484.0#68484.0#1500_69960.0#69960.0#1500 60004.0#60004.0#128_62008.0#62008.0#128_64420.999755859375#64420.999755859375#128_66418.0#66418.0#128_67370.0#67370.0#128_68582.0#68582.0#128_69956.0#69956.0#128
70000.0 80000.0 307.84077343747776 685.5687255284926 366.3222641626279 999.3159999999916 19.55799999998999 1154.8621622581977 1138.6287799911129 13534.134469641942 12714.134469641942 1811.2972885515956 16.23338226708491 2809065.550613589 2704886.751320458 2140.0 128.0 69960.0#69960.0#1500_72022.0#72022.0#2300_73980.99975585938#73980.99975585938#2300_76310.0#76310.0#2300_78208.0#78208.0#2300 69956.0#69956.0#128_72020.0#72020.0#128_73980.0#73980.0#128_76305.00024414062#76305.00024414062#128_78097.00024414062#78097.00024414062#128
80000.0 90000.0 55.1580371093587 665.6644030330884 414.79327873069246 999.4539999999979 6.992919921875 1169.5071031607936 1153.9501421028306 12961.747536245377 12961.747536245377 1906.455073803243 14.588997084231229 2985732.6937206136 2919932.693720613 2300.0 128.0 80057.00024414062#80057.00024414062#2300_82100.99975585938#82100.99975585938#2300_84089.00024414062#84089.00024414062#2300_85990.0#85990.0#2300_87984.0#87984.0#2300_89969.00024414062#89969.00024414062#2300 80055.0#80055.0#128_82098.0#82098.0#128_84087.0#84087.0#128_85987.0#85987.0#128_87983.0#87983.0#128_89967.0#89967.0#128
90000.0 100000.0 105.15196289065352 649.5348394990801 420.0716092179066 998.0709999999963 21.53125 1220.5237601319016 1206.3012310270494 11856.906925148722 11856.906925148722 1975.1655155177755 15.190493078584028 3042933.441196654 2963133.441196654 2300.0 128.0 89969.00024414062#89969.00024414062#2300_92020.99975585938#92020.99975585938#2300_93996.0#93996.0#2300_96004.99975585938#96004.99975585938#2300_97958.0#97958.0#2300_99977.00024414062#99977.00024414062#2300 89967.0#89967.0#128_92018.0#92018.0#128_93992.0#93992.0#128_95998.0#95998.0#128_97953.00024414062#97953.00024414062#128_99975.0#99975.0#128
100000.0 110000.0 1248.216011718774 608.7004381103498 426.7730235923299 999.7839999999997 19.247314453125 1095.910427074573 1081.425968455254 12088.879824137271 12088.879824137271 1758.3870889440552 14.484458619319199 2653847.7633990427 2579647.7633990427 1813.3333333333333 128.0 99977.00024414062#99977.00024414062#2300_101991.0#101991.0#2300_103979.0#103979.0#2300_105988.99975585938#105988.99975585938#2300_108108.99975585938#108108.99975585938#840_109980.0#109980.0#840 99975.0#99975.0#128_101986.0#101986.0#128_103978.0#103978.0#128_105986.0#105986.0#128_108142.0#108142.0#128_109978.0#109978.0#128
110000.0 120000.0 3340.568677734351 725.346143415179 364.97567054699505 999.9590000000026 50.763999999995576 825.3357100972271 809.3464148028379 13339.761852474947 12499.761852474947 1296.0190788769428 15.989295294389118 1968756.2673676356 1775916.2673676356 1368.0 128.0 109980.0#109980.0#840_111992.0#111992.0#1500_113388.99975585938#113388.99975585938#1500_114822.0#114822.0#1500_116036.99975585938#116036.99975585938#1500 109978.0#109978.0#128_111985.00024414062#111985.00024414062#128_112412.0#112412.0#128_114740.0#114740.0#128_116035.0#116035.0#128
120000.0 130000.0 2433.3992734375643 577.9974554227888 368.3514178800651 999.625 2.58203125 638.7679887536685 619.4916677734776 15715.380835885271 14895.380835885271 1001.5291816151951 18.27945028262672 1512785.696227059 1462897.6480397782 1104.0 128.0 120009.00024414062#120009.00024414062#1500_122635.0#122635.0#1500_124543.0#124543.0#840_125022.0#125022.0#840_128335.0#128335.0#840 120004.99975585938#120004.99975585938#128_122660.99975585938#122660.99975585938#128_124924.0#124924.0#128_126332.0#126332.0#128_128415.0#128415.0#128
130000.0 140000.0 5471.428251953097 502.26732210286474 288.4259735883714 822.5319687500014 119.743896484375 513.5695171239331 496.9341706537772 13893.30314790265 13893.30314790265 837.9590910781922 17.63221716772017 1322897.4627093538 1225706.5108966345 840.0 128.0 130074.0#130074.0#840_131993.00024414062#131993.00024414062#840_133972.99975585938#133972.99975585938#840_135998.0#135998.0#840_137980.0#137980.0#840_138464.0#138464.0#840_139999.0#139999.0#840 130422.0#130422.0#128_132414.0#132414.0#128_134412.0#134412.0#128_136416.0#136416.0#128_138412.0#138412.0#128_138631.0#138631.0#128_139995.0#139995.0#128
140000.0 150000.0 1484.1011992187705 662.8696735677038 384.2002570144749 999.8269999999902 9.019000000000233 1150.211431705562 1133.8499074781537 13619.065108748855 12799.065108748855 1536.6998149563074 16.36152422740826 2341447.9644327215 2137047.9644327215 1688.0 128.0 139999.0#139999.0#840_142007.0#142007.0#2300_143977.00024414062#143977.00024414062#2300_146387.0#146387.0#1500_147962.0#147962.0#1500 139995.0#139995.0#128_142000.0#142000.0#128_143975.0#143975.0#128_146422.0#146422.0#128_148416.0#148416.0#128
150000.0 160000.0 4223.112943359418 569.2350818810071 401.36141779011086 999.5959999999905 5.632080078125 746.5060396942488 731.7008445072926 12355.379601490735 12355.379601490735 1056.4106039555525 14.805195186956166 1596231.5142384341 1425194.9271285185 1170.0 128.0 152012.0#152012.0#1500_153664.0#153664.0#1500_155002.0#155002.0#840_156052.0#156052.0#840_157993.00024414065#157993.00024414065#840_159993.00024414065#159993.00024414065#1500 152412.0#152412.0#128_153696.0#153696.0#128_155140.0#155140.0#128_156419.0#156419.0#128_157990.0#157990.0#128_159988.99975585935#159988.99975585935#128
160000.0 170000.0 121.47500000003492 669.9114946289083 422.31098244679583 999.6179999999877 26.177978515595896 851.1443580495597 834.923311674696 13523.715793561609 13523.715793561609 1380.6277759138657 15.22104637486372 2157863.697786856 1981185.950285102 1500.0 128.0 159993.00024414065#159993.00024414065#1500_162048.0#162048.0#1500_164012.0#164012.0#1500_166000.0#166000.0#1500_167996.0#167996.0#1500_169972.99975585935#169972.99975585935#1500 159988.99975585935#159988.99975585935#128_162044.0#162044.0#128_164009.00024414065#164009.00024414065#128_165996.0#165996.0#128_167993.00024414065#167993.00024414065#128_169968.0#169968.0#128
170000.0 180000.0 3194.792724609375 616.3457662259685 347.8215527983532 998.734999999986 119.637939453125 559.7616435947361 546.4465067520136 11107.41936992016 11107.41936992016 905.2494999872303 14.315136842722563 1356618.1374209686 1306046.4720326385 950.0 128.0 169972.99975585935#169972.99975585935#1500_171988.99975585935#171988.99975585935#840_174039.0#174039.0#840_176100.0#176100.0#840_177996.99975585935#177996.99975585935#840_179960.0#179960.0#840 169968.0#169968.0#128_172424.0#172424.0#128_174419.0#174419.0#128_176414.0#176414.0#128_178415.0#178415.0#128
180000.0 190000.0 3674.495576171903 673.0879430589019 319.5645103763087 999.9429999999993 42.486083984404104 800.7468139482716 783.387144440762 14473.066529063177 14473.066529063177 1283.214126402857 17.35966950750949 1894118.9543746843 1827401.2503819165 1326.6666666666667 128.0 179960.0#179960.0#840_180535.0#180535.0#840_181985.00024414065#181985.00024414065#840_184035.0#184035.0#2300_187953.00024414065#187953.00024414065#2300_189601.00024414065#189601.00024414065#840 180422.0#180422.0#128_180678.0#180678.0#128_181983.0#181983.0#128_184032.0#184032.0#128_187948.99975585935#187948.99975585935#128_188412.99975585935#188412.99975585935#128
190000.0 200000.0 1559.6447519531066 629.0065197916663 387.4836724811944 999.3539999999921 101.08499999999185 681.7588920991395 665.7424752082859 13364.914492375932 13364.914492375932 1182.0920796223338 16.016416890853616 1765394.1100601342 1667891.996675275 1170.0 128.0 189601.00024414065#189601.00024414065#840_190703.0#190703.0#840_191986.0#191986.0#840_193994.0#193994.0#1500_195992.0#195992.0#1500_197994.0#197994.0#1500 190920.0#190920.0#128_191984.0#191984.0#128_193988.0#193988.0#128_195987.0#195987.0#128_197990.0#197990.0#128
200000.0 210000.0 1406.2143339843315 622.4207020909953 424.8249637693193 999.7719999999972 3.9720000000088476 923.6161459267073 908.319915253607 12756.035804385372 12756.035804385372 1407.3915278874515 14.296230673100363 2114361.266056912 1970314.6941032724 1500.0 128.0 200024.0#200024.0#1500_202004.99975585935#202004.99975585935#1500_203227.0#203227.0#1500_205980.0#205980.0#1500_208004.0#208004.0#1500_209985.00024414065#209985.00024414065#1500 200016.0#200016.0#128_202001.00024414065#202001.00024414065#128_202415.0#202415.0#128_205979.0#205979.0#128_208003.0#208003.0#128_209985.00024414065#209985.00024414065#128
210000.0 220000.0 430.7874277342926 692.7611964843741 391.61305098716457 999.9189999999944 120.9989999999816 874.4505509949029 859.0314316606566 12849.137516522595 12029.137516522595 1365.7746452869324 16.41911933424628 2126703.036865296 1982656.4261965624 1500.0 128.0 209985.00024414065#209985.00024414065#1500_212007.0#212007.0#1500_213961.00024414065#213961.00024414065#1500_216281.00024414065#216281.00024414065#1500_218240.0#218240.0#1500_219994.0#219994.0#1500 209985.00024414065#209985.00024414065#128_212004.0#212004.0#128_213959.0#213959.0#128_216276.0#216276.0#128_218412.0#218412.0#128
220000.0 230000.0 893.0031503906648 752.1690659466925 320.96843038636587 999.7039999999979 103.34800000002724 825.015555692434 810.4483705026862 11299.33089268042 11299.33089268042 1357.2397409437772 12.5671851897478 2046574.2831967147 1956262.2831967147 1500.0 128.0 219994.0#219994.0#1500_221992.0#221992.0#1500_223988.99975585935#223988.99975585935#1500_225953.00024414065#225953.00024414065#1500_227987.0#227987.0#1500 220412.99975585935#220412.99975585935#128_222414.0#222414.0#128_224415.0#224415.0#128_226412.99975585935#226412.99975585935#128
230000.0 240000.0 181.1277089844225 796.1058959960981 279.3314543303199 999.9249999999884 42.617919921875 1165.0791969789445 1142.0365146513902 20193.9385198006 19373.9385198006 1725.1950068903977 26.042682327554154 2593063.3853353285 2428467.769646661 1500.0 128.0 230391.0#230391.0#1500_231996.0#231996.0#1500_233970.0#233970.0#1500_235174.0#235174.0#1500_236916.99975585935#236916.99975585935#1500_238468.99975585935#238468.99975585935#1500_239984.0#239984.0#1500 226412.99975585935#226412.99975585935#128_234009.00024414065#234009.00024414065#128_234222.0#234222.0#128_234512.0#234512.0#128_235016.0#235016.0#128_235412.99975585935#235412.99975585935#128_237135.0#237135.0#128_238480.0#238480.0#128
240000.0 250000.0 684.3463105468545 732.7166771918387 329.88074649854246 999.5169999999925 18.37699999997858 1033.1044424398365 1017.7192744281252 12009.605112128977 12009.605112128977 1570.017877375411 15.385168011711277 2283207.9168239767 2052252.5656950092 1500.0 128.0 239984.0#239984.0#1500_242478.0#242478.0#1500_244000.0#244000.0#1500_245979.0#245979.0#1500_248004.99975585938#248004.99975585938#1500 240414.0#240414.0#128_242491.0#242491.0#128_244416.0#244416.0#128_246417.00024414062#246417.00024414062#128_248414.0#248414.0#128
250000.0 260000.0 561.4925781250349 851.8428084716834 165.99453057953795 999.3850000000093 555.5530000000144 993.2649747349807 977.9416472477859 12750.422185767777 12032.4392769191 1495.7380855408733 13.572149660734567 2187191.6550077116 1882618.8343408161 1500.0 128.0 250001.00024414062#250001.00024414062#1500_252012.0#252012.0#1500_254039.0#254039.0#1500_255987.0#255987.0#1500_258151.0#258151.0#1500 250415.0#250415.0#128_252415.0#252415.0#128_254420.0#254420.0#128_256417.00024414062#256417.00024414062#128
260000.0 270000.0 97.86042578116758 747.1226444163613 379.7600280713735 999.8460000000196 23.303000000014435 1115.5513858462384 1097.3025636726986 15236.034182302648 15134.017091151323 1796.049030193318 20.0 2776002.0428329827 2615829.830317514 1633.3333333333333 128.0 260252.99975585938#260252.99975585938#1500_261980.0#261980.0#1500_263128.0#263128.0#1500_264335.0#264335.0#1500_266102.0#266102.0#1500_268012.0#268012.0#2300 256417.00024414062#256417.00024414062#128_260106.0#260106.0#128_260328.0#260328.0#128_262414.0#262414.0#128_263324.9997558594#263324.9997558594#128_264412.9997558594#264412.9997558594#128_266098.0#266098.0#128_268004.9997558594#268004.9997558594#128
270000.0 280000.0 90.56197656248696 695.5811376953134 396.3873151937712 999.369000000006 95.64899999997579 1267.80002765356 1252.3326948340261 12919.224794590718 12919.224794590718 2048.6065994392975 15.46733281953384 3100269.5506612505 3000869.5506612505 2300.0 128.0 270060.0#270060.0#2300_272033.0002441406#272033.0002441406#2300_274065.0002441406#274065.0002441406#2300_276055.0#276055.0#2300_278080.0#278080.0#2300 270058.0#270058.0#128_272031.0#272031.0#128_274060.9997558594#274060.9997558594#128_276055.0#276055.0#128_278078.0#278078.0#128
280000.0 290000.0 26.85482226544991 739.013986458346 359.93494362541713 999.9170000000158 53.48289453127654 1161.19997234644 1146.6673051659739 12100.775205409282 12100.775205409282 1819.3934005607025 14.532667180466158 2790809.4493387495 2702609.4493387495 2300.0 128.0 280027.0#280027.0#2300_282004.0#282004.0#2300_284026.0#284026.0#2300_285976.0#285976.0#2300_288004.0#288004.0#2300 280024.0#280024.0#128_282001.0002441406#282001.0002441406#128_284020.0#284020.0#128_285972.9997558594#285972.9997558594#128_288000.0#288000.0#128
290000.0 300000.0 260.05534374981653 831.2636058593945 273.13299335041523 999.9050000000279 296.17499999998836 1213.425493077629 1197.5480886453608 13250.123083214745 13250.123083214745 1918.302897509897 15.877404432268046 2977871.255932669 2805671.255932669 2140.0 128.0 290012.9997558594#290012.9997558594#2300_292119.0#292119.0#2300_294092.0#294092.0#2300_295996.0#295996.0#2300_297971.0#297971.0#1500 290011.0#290011.0#128_292102.0#292102.0#128_294020.9997558594#294020.9997558594#128_295993.0002441406#295993.0002441406#128_296417.0002441406#296417.0002441406#128
