ts te idle avg_span std_span max_span min_span c_bytes_all s_bytes_all avg_video_rate avg_audio_rate video_requests_sequence audio_requests_sequence
0 8000 5572.369048828143 809.2103170572858 329.207101895792 999.6570000000065 429.074951171875 31814.299258263214 1798536.7643520765    
8000 16000 30.078062499989755 885.5468819444455 225.74176422364513 999.0030000000261 416.410888671875 81689.74583903601 5375570.226148209    
16000 24000 715.363939453091 809.4040067274343 300.72702813524336 999.9419999999809 188.77294921875 58110.335044462736 4119564.824034237    
24000 32000 45.556982421840075 883.8270019531288 274.82915261616023 999.6560000000172 169.740966796875 64983.67566467559 4768346.164544974    
32000 40000 41.421931640594266 884.2864520399339 279.3982755151502 999.3329999999842 153.93603515625 57445.41188248548 4275841.496263066    
40000 48000 1050.8730683593894 868.6408664550763 261.66950903212984 998.8190000000177 237.740966796875 61041.58231221906 4705102.646959138    
48000 56000 1622.539687499986 797.1825390625017 284.77541213930334 999.6539999999804 236.311279296875 61040.87281383257 4420850.2458676845    
56000 64000 35.8159863280016 884.9093348524443 260.87260326285855 999.7609999999986 221.9252929686918 78198.53641011148 5604414.097344975    
64000 72000 83.90823437500512 879.5657517361105 271.3908524691672 999.0920000000042 184.0600585936918 68447.71932853124 4825206.522098032    
72000 80000 31.332091796852183 885.4075453559053 276.9025871674596 999.7550000000047 165.115966796875 63064.727172252155 4552559.1953916    
80000 88000 882.4859667968703 889.6892541503912 177.34291279284724 999.5829999999842 501.625 64283.609289495085 4443079.18010048    
88000 96000 974.6789042970631 780.5912328558819 354.3821642438758 999.9050000000279 15.673095703125 61975.995322818 4532673.690018942    
96000 104000 206.4460957031697 974.1942380371038 61.584880985677934 999.8180000000284 822.3859999999986 67797.48966181738 4919542.946876584    
104000 112000 527.854912109673 934.0181359862909 181.65264519635627 999.8819999998668 484.465087890625 65484.37248806336 4732486.738156081    
112000 120000 401.23882226558635 844.306797526046 281.16450564127 999.9070000000065 227.947265625 65203.753139261404 4699768.680897305    
120000 128000 967.4891738282167 879.0638532714729 187.70868383679868 999.3489999999874 480.88099999999395 62051.79773617947 4192213.842528092    
128000 136000 127.39120117184939 874.7343109809057 288.23642639654815 999.8339999999735 137.2479082031059 79432.58311068222 5466269.212654893    
136000 144000 1029.9329785156879 774.4518912760346 344.90175071661804 999.4189999999944 229.534912109375 64756.472371963406 4553304.592154838    
144000 152000 22.975947265687864 886.336005859368 260.81395795959907 999.5920000000042 220.56396484375 73558.81510454035 5034241.191481531    
152000 160000 52.669999999925494 883.0366666666749 263.5130250069672 999.8300000000163 207.06396484375 71973.8314901297 4776059.645467843    
160000 168000 111.31703320308588 876.5203296441016 265.66591456717833 999.6620000000112 190.554931640625 67627.82554666232 4629950.488815695    
168000 176000 78.50997265637852 880.1655585937357 283.3114803436605 999.5559999999241 143.157958984375 68774.16228523069 4757598.399433715    
176000 184000 405.72101953136735 949.2848725585791 67.75605933707332 999.7129999999888 835.6109999999171 67812.23823791574 4898393.563384112    
184000 192000 39.71166992193321 884.4764811197851 315.0213534043463 999.8890000000247 46.2940605469048 67199.44912474876 4641106.0293295905    
192000 200000 680.2552031251253 813.3049774305416 328.345065385813 999.945000000007 64.65173046872951 69045.3107844746 4704961.296646102    
200000 208000 68.99417187494691 881.2228697916726 232.17799048897555 999.3669999999693 460.19189453125 73664.49011206823 4784369.898041884    
208000 216000 26.761998047004454 885.9153335503329 223.36169968661773 999.9409999999916 449.993896484375 74122.77935269484 4962643.24409417    
216000 224000 41.365955078275874 884.2926716579693 229.55663727799865 999.9989999999525 421.43994140625 67569.03257695245 4757038.718416428    
224000 232000 1322.1896718749776 741.9789253472247 385.3519490406438 999.2140000000363 11.05126953125 63344.98252529063 4548903.201319748    
232000 240000 1275.99817968742 840.5002275390725 300.34748434651976 999.6879999999655 211.89208984375 57583.73717345962 4033152.425925484    
240000 248000 40.468121093697846 884.3924309895891 269.09134741139917 999.8950000000186 191.66796875 78554.76068263463 5588844.618575307    
248000 256000 225.90784960926976 863.7880167100811 325.5199506058936 999.9899999999907 12.172119140625 62612.795993275206 4542589.966100188    
256000 264000 75.65722656261642 990.542846679673 11.850582171989036 998.2939999999944 967.014892578125 76432.22568598892 5135275.540031949    
264000 272000 36.0485742186429 884.8834917534841 321.1793058774108 999.7360000000335 29.62110742193181 67133.11025492275 4488604.251793232    
272000 280000 557.4360566409305 826.9515492621189 334.2268468679349 999.6139999999432 50.471681640599854 77360.97700159553 5270904.650884897    
280000 288000 1565.5979511718033 714.9335609809108 429.2193934986463 999.6160000000382 6.143310546875 68018.15533819371 4555163.247510675    
288000 296000 994.2040175780421 875.7244978027447 205.29506246606766 999.1990000000224 497.92529296875 70951.94360327985 4748973.256980879    
296000 304000 3594.2872929687146 881.1425414062571 222.77848098357518 998.7310000000289 486.5607070312835 40259.39827979167 2652506.2993753636    
