ts te idle avg_span std_span max_span min_span c_bytes_all s_bytes_all avg_video_rate avg_audio_rate video_requests_sequence audio_requests_sequence
0 8000 6844.501730468764 577.7491347656178 596.7243936288179 999.6969999999856 155.80126953125 18968.659280424512 845136.041131511    
8000 16000 52.93339062499581 883.0074010416671 292.6478533578501 999.9290000000037 114.77587890630821 85442.39800274257 5326516.553839081    
16000 24000 1497.3889824218932 928.9444310825867 108.30087724905248 999.4799999999814 703.9941210937686 68044.28738129408 4283206.345986135    
24000 32000 20.938960937492084 886.562337673612 300.02580157768165 999.7820000000065 91.81410351564409 70261.49212591752 5051020.811918884    
32000 40000 719.6128417967702 808.9319064670256 298.4755653770961 999.4510000000009 102.88106445310405 65208.03773115569 4786365.933300066    
40000 48000 1590.6489863281604 801.16887670898 352.9552878235245 999.1759999999776 173.08790624997346 68262.55551198375 4646361.558800431    
48000 56000 1751.2221152344136 781.0972355956983 395.24493159974406 999.8680000000168 34.78389257809613 62547.85058905388 4298737.6166315405    
56000 64000 70.36596679681679 881.070448133687 317.4899330600537 999.984999999986 37.089007812493946 76271.89763077185 5419093.153533449    
64000 72000 97.18692382797599 878.0903417968916 303.20528321315857 999.5680000000284 74.70097460935358 71460.97144923436 4977097.713267391    
72000 80000 42.443216796789784 884.1729759114678 295.2127009083902 999.5310000000172 103.28289843752282 64532.671752813396 4494746.179655138    
80000 88000 1122.879884765658 764.1244572482602 378.5025057379673 999.9790000000503 111.72999999998137 63952.17854460838 4634780.091936374    
88000 96000 1117.3649199219071 983.233582868299 40.130753986712335 999.4629999999888 892.257080078125 59324.51128959152 4257248.405208002    
96000 104000 32.44296093744924 885.2841154513945 295.46208963613805 999.9479999999749 106.01791992189828 75983.80344800134 5544345.400270846    
104000 112000 143.86309960961808 872.9041000433758 286.61811792249983 999.8279999999213 131.28488085936988 64833.92952390449 4611523.270476703    
112000 120000 78.39203320303932 880.1786629774401 263.08140393393603 998.4529999999795 211.5599804688245 63553.701879749126 4686167.220732459    
120000 128000 1839.009091797052 770.1238635253685 388.79381437780233 999.3169999999809 55.94189453119179 60396.95011360793 4170472.9432095075    
128000 136000 1128.5558164061513 981.6348833705498 21.511168710607173 999.6039999999921 942.8731054688105 65744.08008799407 4728066.407958176    
136000 144000 100.92876367177814 877.6745818142468 320.5585380495137 999.8919999999925 26.923921875015367 73685.06554338372 5425960.881641398    
144000 152000 45.44637304689968 883.8392918836778 298.09660606702596 999.8560000000289 96.30068554688478 66844.52445399159 4726375.0500610685    
152000 160000 1999.347941406304 857.236008370528 325.05048648570283 999.9629999999888 123.22905859374441 56442.433659776216 3986678.42044184    
160000 168000 125.4629003906739 984.3171374511658 32.96742088631415 999.8319999999949 903.152099609375 70948.66817675372 5268578.628086442    
168000 176000 149.59098632837413 872.2676681857362 297.960436350214 998.9330000000191 94.61390039062826 64818.69409929544 4676046.126676183    
176000 184000 1271.7960839844309 841.0254895019461 300.2664139741331 999.3880000000354 188.08388671872672 63855.872451162504 4726486.188790474    
184000 192000 1848.2471015623887 768.9691123047014 417.2454347078482 999.7819999999483 37.04597070312593 58317.9235271619 3952508.81711757    
192000 200000 1497.6739882812253 812.7907514648468 347.0078776985658 999.0820000000531 31.06607226561755 62616.85245710631 4406783.827471402    
200000 208000 249.63993945310358 861.151117838544 306.1168982054948 999.9340000000084 95.25506054691505 74256.98928852013 5144956.411857929    
208000 216000 1139.242062500096 980.1082767857006 37.708263615144546 999.7759999999544 897.0859375 70853.41435600247 4820137.678806187    
216000 224000 1946.8119433593238 864.7411509486681 336.43360816348934 999.4520000000484 102.40106249996461 61849.694077607135 4253678.270833813    
224000 232000 1320.6369003906148 834.9203874511732 328.1957405264568 999.7380000000121 36.570005859364755 64053.06390102744 4382078.40146314    
232000 240000 70.2560937498929 881.082656250012 300.9600862968478 999.7630000000354 86.99990625004284 69981.82766536296 5012178.648896862    
240000 248000 1151.2210000000196 978.3969999999972 50.89771306910324 999.8769999999786 863.0670000000391 66330.0 4650626.0    
248000 256000 1123.1368828124832 982.4090167410739 40.856936826736856 999.6820000000298 889.8701171875 61236.90762931053 4362693.141499614    
256000 264000 33.93113867181819 885.118762369798 294.1739170146881 999.8560000000289 108.05288281245157 76295.53849289453 5555576.138170274    
264000 272000 91.85186718753539 878.6831258680517 289.6445668730989 999.7439999999478 120.43402148433961 67694.13548932852 4630478.68743204    
272000 280000 18.625142578268424 886.8194286024146 274.8500894100548 999.935999999987 171.60888867184985 68762.19240488538 4797969.873192374    
280000 288000 1382.5310078124749 827.1836240234406 318.6869588935295 999.1289999999572 161.91603125003166 63012.90404816771 4408815.7399836285    
288000 296000 893.2599609375466 789.6377821180504 412.8179146592325 999.2929999999469 33.533039062516764 65271.321935413325 4759589.419722069    
296000 304000 5004.332000000053 998.5559999999823 1.22083700794593 999.9649999999674 997.8129999999655 29298.0 2038243.0    
