ts te idle avg_span std_span max_span min_span c_ack_cnt c_ack_cnt_p c_bytes_all s_ack_cnt s_ack_cnt_p s_bytes_all avg_video_rate avg_audio_rate video_requests_sequence audio_requests_sequence
0 2000 2000.0 0.0 0.0 0.0 0.0 0.0 0.0 0.0 0.0 0.0 0.0 0.0 0.0 0 0
2000 4000 2000.0 0.0 0.0 0.0 0.0 0.0 0.0 0.0 0.0 0.0 0.0 0.0 0.0 0 0
4000 6000 2000.0 0.0 0.0 0.0 0.0 0.0 0.0 0.0 0.0 0.0 0.0 0.0 0.0 0 0
6000 8000 2000.0 0.0 0.0 0.0 0.0 0.0 0.0 0.0 0.0 0.0 0.0 0.0 0.0 0 0
8000 10000 2000.0 0.0 0.0 0.0 0.0 0.0 0.0 0.0 0.0 0.0 0.0 0.0 0.0 0 0
10000 12000 2000.0 0.0 0.0 0.0 0.0 0.0 0.0 0.0 0.0 0.0 0.0 0.0 0.0 0 0
12000 14000 2000.0 0.0 0.0 0.0 0.0 0.0 0.0 0.0 0.0 0.0 0.0 0.0 0.0 0 0
14000 16000 1953.654052734375 46.345947265625  46.345947265625 46.345947265625 0.19563974626785152 0.13042649751190102 113.340626337842 0.39127949253570304 0.13042649751190102 312.50188803851483    
16000 18000 518.6829667968777 740.6585166015611 107.93484930114663 816.97998046875 664.3370527343723 8.564363822505124 5.1610041132155136 3034.214532706173 14.660154686964685 4.338146460533659 10607.319051483248    
18000 20000 0.0 499.4646920572907 359.73537639485284 999.1920000000027 0.0 49.46949845867441 39.21285703446057 11204.35013643614 100.52989048295021 13.256641424213838 134994.85906925233 480.0 128.0 "41723.0-43306.64=480 41726.0-44729.142=480" "41719.0:41850.33=128 41722.0:45865.386=128"
20000 22000 0.0 542.6693845703136 286.4640896977194 939.7200000000012 76.3946933593761 113.29047373431763 105.31606472538957 5271.477976508515 155.97638336702764 8.974409008928081 218824.8436350366 336.0 128.0 "41726.0-44729.142=480 44758.0-44880.78=288 44761.0-46993.099=288 45271.0-46585.594=288" 41722.0:45865.386=128
22000 24000 0.0 457.728683984372 348.8175438174574 999.5429999999906 0.0 103.9430950861604 97.70275339619694 4372.512598624083 162.30535958862615 6.24034168996346 225077.17915128352 288.0 128.0 "44761.0-46993.099=288 45271.0-46585.594=288 47006.0-48523.753=288" "41722.0:45865.386=128 45913.0:46521.376=128 46917.0:47276.814=128 47294.0:48354.571=128"
24000 26000 0.0 577.5707739257814 377.8957493256952 998.0420000000013 0.0 128.4631808675731 124.06113062010918 3677.5752715645813 172.74611733636578 4.402050247463928 254253.7208335228 288.0 128.0 "47006.0-48523.753=288 48199.0-49796.241=288" "47294.0:48354.571=128 48473.0:49412.255=128"
26000 28000 104.84297070312459 514.3481196986603 309.83243368245934 937.0339999999997 101.347900390625 117.98391532324635 115.40207032400514 2162.2895485258505 190.44898993185723 2.5818449992412384 262750.3888654002 288.0 128.0 "48199.0-49796.241=288 49818.0-52245.704=288 51274.0-52180.82=288" "49827.0:51130.003=128 51474.0:52180.993=128"
28000 30000 0.0 559.4771655273444 312.30211064982564 967.7750000000015 245.47299999999814 137.59238177878836 131.57151446025188 5030.363255802662 186.057467455954 6.02086731853648 244325.18020776694 288.0 128.0 "49818.0-52245.704=288 51274.0-52180.82=288 52260.0-53354.021=288 53351.0-54689.123=288" "51474.0:52180.993=128 52266.0:53281.564=128 53370.0:53686.927=128"
30000 32000 0.0 822.6679575195321 309.5540996723777 986.836000000003 358.5377519531248 145.53845763690921 140.547118186339 4184.172414942934 174.76553185456822 4.991339450570248 235501.99293597473 288.0 128.0 "53351.0-54689.123=288 54510.0-55439.352=288 55461.0-56357.519=288" "53370.0:53686.927=128 54712.0:55482.685=128 55499.0:57073.491=128"
32000 34000 11.026097656249476 702.6212954799121 336.7383381770832 999.8190000000031 31.868921875000524 142.07151101485005 137.1503137929761 4098.499370216843 217.02711551638308 4.051458003844313 293916.86684167804 288.0 128.0 "55461.0-56357.519=288 56275.0-57170.555=288 57049.0-58287.477=288" "55499.0:57073.491=128 57102.0:58307.391=128"
34000 36000 0.0 577.3344584960942 376.1404607294385 999.4470000000001 98.54291601562727 125.6431200889356 121.64083156995137 3361.228652103995 165.69536995952802 4.872027737013828 223039.57494151994 288.0 128.0 "57049.0-58287.477=288 58076.0-59989.585=288" "57102.0:58307.391=128 58327.0:59275.502=128 59300.0:59835.705=128"
36000 38000 169.8619941406214 421.19212426757804 382.55029024004597 954.8570000000036 87.6298828125 128.55508819855078 124.49277605661513 3393.4361521398737 148.48847891696403 4.06231214193566 197678.019506956 352.0 128.0 "58076.0-59989.585=288 59630.0-60542.864=288 61488.0-62608.411=480" "59300.0:59835.705=128 59946.0:60986.689=128 61484.0:62379.433=128"
38000 40000 134.5277832031352 564.8553603515599 319.07805097123645 948.1379999999917 170.81207421875297 134.53842277936843 130.85853245426267 3072.615675479792 162.9780736047715 3.679890325105773 220133.39271757443 480.0 128.0 "61488.0-62608.411=480 62980.0-66897.814=480" "61484.0:62379.433=128 62979.0:64172.921=128"
40000 42000 1.1548613281338476 558.1410638020812 253.98143181170917 978.7779999999984 217.59599999999773 87.11193632319024 84.5180255651883 2159.881114448196 112.03952523311446 2.593910758001936 151596.88893633548 480.0 128.0 62980.0-66897.814=480 "62979.0:64172.921=128 64979.0:65772.882=128"
42000 44000 0.0 664.8938632812497 290.6518873294667 997.0690000000031 272.010986328125 127.13657355245888 123.18900955268921 3279.208043859199 164.5553127444664 3.076558619839707 221934.77432592158 416.0 128.0 "62980.0-66897.814=480 65774.0-68839.597=480 67304.0-68774.356=288" "64979.0:65772.882=128 66592.0:67667.489=128"
44000 46000 0.0 531.218975341797 336.2158100031402 996.1159999999945 128.33468359375547 106.73354036351563 103.87677042614965 2398.8346303033222 129.33341465142644 3.7277753172959516 171771.38039336857 352.0 128.0 "65774.0-68839.597=480 67304.0-68774.356=288 68862.0-70235.506=288" "66592.0:67667.489=128 68870.0:69903.833=128"
46000 48000 14.691214843755006 576.5114713541674 338.09322620452934 994.153999999995 202.44500000000698 88.29248512048825 84.40259040882422 3239.6126106811425 116.01511378396087 3.8898947116640272 152285.1335499805 288.0 128.0 "68862.0-70235.506=288 70259.0-71425.924=288" "68870.0:69903.833=128 70168.0:70934.783=128"
48000 50000 24.871634765630006 663.5923544921861 238.36353532291827 996.903999999995 446.79700000000594 70.4477455348746 67.67404574877492 2306.534877485098 81.56706732991945 2.7736997860996806 107462.41272393486 288.0 128.0 71896.0-73575.628=288 71894.0:72594.418=128
50000 52000 27.148263671886525 714.2439609374967 276.8682734372313 997.2899999999936 333.6156914062449 85.46927345363949 80.1945446501608 4413.800174376405 112.52173364568822 3.9810524932457447 149314.8362563602 288.0 128.0 73934.0-75765.38=288 73933.0:74952.66=128
52000 54000 66.33594140624336 582.6335074869809 263.23195680315746 982.2250000000058 344.3829062500008 72.59893125207361 70.537254553316 1726.0523374573545 95.07142428358698 3.355353008990548 125212.8640218531 288.0 128.0 "73934.0-75765.38=288 75922.0-78065.485=288" 75920.0:77973.883=128
54000 56000 0.0 625.611827148435 365.0733711308403 995.8150000000023 108.34299999999348 92.80306831919063 88.93327682045981 3214.2290289592715 111.91994109526554 3.0 148580.06641443388 288.0 128.0 "75922.0-78065.485=288 78096.0-79385.662=288" "75920.0:77973.883=128 78074.0:79265.949=128"
56000 58000 19.673060546876513 710.3402329101555 394.1963116728885 993.8669999999984 128.2148789062485 50.450840815892604 48.42151284267014 1702.9304469534413 79.84750606641383 2.899119471953285 103933.32942769778 288.0 128.0 80682.0-82836.504=288 80680.0:81873.754=128
58000 60000 14.744964843746857 688.5298669433596 389.79581782056033 999.8570000000036 33.11492578125035 136.02349075205223 131.2675939253615 3976.8652011817353 167.99576305852528 4.755896826690723 224169.05677417046 288.0 128.0 "80682.0-82836.504=288 82223.0-85077.244=288 83274.0-84425.403=288" "80680.0:81873.754=128 81974.0:82905.21=128 83471.0:84507.18=128"
60000 62000 426.3440351562458 493.3003564453138 230.60839996802525 764.2170000000042 154.78393945311836 98.71985432751293 96.26147482236357 2045.8555863276652 108.11819363727122 2.458379505149355 143717.75958865669 288.0 128.0 "82223.0-85077.244=288 83274.0-84425.403=288 85098.0-86840.135=288" "83471.0:84507.18=128 85103.0:86663.346=128"
62000 64000 423.8453964843793 492.1730041852674 261.1888821152808 867.2109999999957 101.97998046875 77.50150687652145 75.18573481120563 1925.9361206705887 101.58852255554076 2.3157720653158136 133340.0221415385 288.0 128.0 "85098.0-86840.135=288 87343.0-88526.426=288" "85103.0:86663.346=128 87474.0:88647.337=128"
64000 66000 0.0 724.4869059244811 240.2543581468699 897.596000000005 258.7670000000071 109.01954650866082 104.44871437777002 3821.183615907298 142.83211747323554 4.570832130890823 189275.82265433672 288.0 128.0 "87343.0-88526.426=288 88572.0-90263.63=288" "87474.0:88647.337=128 88669.0:89413.021=128"
66000 68000 38.025404296888155 675.0809242187504 386.46089208224913 984.7250000000058 110.59369531250559 82.12275382629991 78.25384561622997 3213.5047322573687 107.28048064988728 3.0 142783.06201441446 288.0 128.0 "88572.0-90263.63=288 90294.0-91561.329=288" 90308.0:91162.567=128
68000 70000 32.551021484381636 717.8207972656237 344.11065593685686 990.3859999999986 128.99707421874336 73.18120671519713 70.23444769997941 2457.3423924785325 110.57990626888402 3.8156672252876844 146959.63611244952 288.0 128.0 91835.0-93716.498=288 91835.0:93180.108=128
70000 72000 8.977824218760361 547.7131806640658 366.7565226812363 999.3970000000118 139.85197851562407 77.06599580954338 73.55526813046811 2933.7238433375346 104.87567615466926 2.8475302268937943 139691.1148513049 288.0 128.0 "91835.0-93716.498=288 93918.0-95612.015=288" 93917.0:97181.708=128
72000 74000 38.42104687499523 689.8316406250087 301.7782821438302 999.6220000000176 326.5560039062402 80.36570961797833 77.40975272132681 2464.4017355154438 97.95642744131996 3.6191543488329962 129307.22341774797 288.0 128.0 "93918.0-95612.015=288 95903.0-97268.452=288" "93917.0:97181.708=128 97207.0:97812.811=128"
74000 76000 321.1450839843601 564.363758984374 250.66454137184252 862.9180000000197 318.718994140625 93.40142878034175 90.74234158547645 2217.8923824892763 132.1266982179075 2.659087194865303 177534.7189113367 288.0 128.0 97896.0-98899.762=288 "97207.0:97812.811=128 97972.0:99406.313=128"
76000 78000 526.9942070312536 503.40600195313164 225.89493165447203 763.6790000000037 358.3700058593822 47.704963514420776 45.646402510300554 1719.1349139218441 73.70496351442077 2.0585610041202216 98261.05783867076 288.0 128.0 99900.0-101047.592=288 99972.0:100361.006=128
78000 80000 258.32275390623545 803.4374746093745 231.8488517681642 998.0869999999995 519.406982421875 77.33444265546213 72.57369729413058 3955.8111962918674 119.22611410757523 4.760745361331545 156661.3507396074 2300.0 128.0 "102053.0-102211.097=2300 102055.0-107086.108=2300" 102479.0:103377.794=128
80000 82000 11.627951171860332 390.62870368303476 305.2491640615368 993.0720000000001 102.56396484376455 187.0816204890833 186.4795085530633 501.4822593204483 256.95591315665683 0.6021119360199995 363405.2673578352 2300.0 128.0 "102055.0-107086.108=2300 105331.0-110725.038=2300" 105474.0:107121.374=128
82000 84000 12.714859375002561 564.0080245225641 344.5790689611067 988.5409999999974 0.0 281.8371703232417 279.20002762059323 2196.7065443876845 352.50845810805845 2.637142702648455 491216.0614237641 2300.0 128.0 "102055.0-107086.108=2300 105331.0-110725.038=2300" 105474.0:107121.374=128
84000 86000 0.0 722.2454658203084 287.68650893266243 999.7069999999949 224.096923828125 213.43558782943103 210.66716207494068 2307.477633771911 362.1055627023659 2.76842575449037 502607.5145399305 2300.0 128.0 "105331.0-110725.038=2300 108664.0-114287.818=2300" 108974.0:110875.665=128
86000 88000 0.0 598.9786807725775 273.7385896021389 997.5770000000048 181.42707421876548 235.11709793220297 233.1168575539196 1644.828595102552 264.49332786271077 2.000240378283365 363026.52635241393 2300.0 128.0 "105331.0-110725.038=2300 108664.0-114287.818=2300" 108974.0:110875.665=128
88000 90000 11.694048828125233 642.6032901785719 314.2987139394954 997.726999999999 213.77308203125722 213.42976563145422 211.19843176422793 1871.6937711255375 249.37405967224066 2.2313338672262653 344919.0894399 2300.0 128.0 "108664.0-114287.818=2300 112340.0-114288.025=2300" 112475.0:113085.861=128
90000 92000 6.60902539062954 577.5428654785119 272.77142079476613 997.1919999999955 264.79392187499616 271.3792212895437 261.31028367000147 7031.505183722198 454.88065850815224 8.737925344591238 638513.4341497278 1208.0 128.0 "108664.0-114287.818=2300 112340.0-114288.025=2300 114479.0-114989.222=480 114821.0-116861.947=480 115330.0-115914.126=480" "114974.0:115143.112=128 115157.0:115312.25=128 115473.0:115669.771=128"
92000 94000 261.8670546874928 423.4370086495536 274.5496463686902 768.0890000000072 132.24891601564013 128.8682076921404 123.9665930234657 4253.207980485018 164.11061834763916 5.232626943625691 222318.6333792789 384.0 128.0 "114821.0-116861.947=480 115330.0-115914.126=480 116894.0-117459.54=288 117473.0-118004.711=288" "115473.0:115669.771=128 116929.0:117117.101=128 117562.0:117779.888=128"
94000 96000 940.29171484377 393.8256656249985 314.93824254769083 729.74099999998 41.143310546875 88.12706955518604 81.82642922218272 5273.936068977598 139.02326908765136 6.300640333003311 214149.75551653845 288.0 128.0 "117473.0-118004.711=288 118013.0-118427.042=288" "117562.0:117779.888=128 118020.0:118240.196=128 118443.0:118595.034=128"
96000 98000 1107.7503417968837 446.12482910155813 169.114288722979 565.7066894531163 326.54296875 20.49563384780582 16.439642219146293 3391.5127209640686 24.045309691538893 4.055991628659527 28630.167967264308    
98000 100000 0.0 753.3985122070335 138.20637646374786 935.0500000000175 624.0789999999979 119.9914733488909 112.75007693661804 6049.759995437809 175.9812576267608 6.457106081196554 247339.2700638629 288.0 128.0 "121597.0-122294.599=288 122326.0-122666.54=288 122606.0-123050.932=288" "122331.0:122488.046=128 122678.0:122880.249=128"
100000 102000 1397.660017578135 240.06499414061545 136.2615957836794 386.9939999999915 117.85499999998137 43.90270940555773 42.47129006771037 1199.0780504133072 85.29545112864972 2.215709668923679 116991.92906987655 288.0 128.0 123791.0-124138.31=288 123790.0:123939.352=128
102000 104000 132.47509765623545 617.8320325520835 394.878076400329 998.3650000000052 30.89100000000326 260.94473884354215 254.66403025826455 5231.24545813863 447.4683903715797 5.412019009588986 635878.1701345718 1500.0 128.0 "125829.0-125862.592=1500 125830.0-127237.575=1500 127164.0-128261.473=1500" "125823.0:126032.643=128 126501.0:127242.306=128"
104000 106000 3.2476953124714782 602.7840101562527 353.0929422475091 997.1399999999994 130.936714843745 269.9743792520086 266.40528068661246 2990.0944769206208 438.24918492936143 4.437788141084809 622243.5896810192 1500.0 128.0 "127164.0-128261.473=1500 128282.0-129456.852=1500" 128291.0:128621.872=128
106000 108000 2.7580468749947613 716.4312337239584 245.85518696029214 999.1150000000052 552.4577539062448 266.1844986645901 262.8315427016601 2796.156212345471 305.35150253915276 2.751574406128083 459013.1324246353 1500.0 128.0 129977.0-131256.021=1500 129974.0:130129.567=128
108000 110000 26.423914062499534 694.2020400390611 263.5418234703503 998.4739999999874 396.19205273437547 299.88116134235753 297.49824245242684 1995.648099571265 332.102286166975 2.398618443198122 472684.0095234009 1500.0 128.0 131972.0-133126.481=1500 132473.0:133280.802=128
110000 112000 2.82985742186429 600.3982309570347 274.82537848121495 997.6240000000107 406.7508925781294 263.10986380238774 259.5425823206079 2965.815445834884 263.9701247873314 3.5764817426571507 372617.57288238534 1500.0 128.0 133983.0-135168.627=1500 133980.0:134132.285=128
112000 114000 9.31103515625 553.4564912109345 329.808426121609 999.55799999999 223.1369999999879 204.06836342295827 201.07738067433502 2494.515681357282 303.8851939370694 3.567464491280382 433142.30779976776 1500.0 128.0 135998.0-137169.012=1500 135996.0:136254.584=128
114000 116000 4.5229277343605645 550.6694887695339 428.9200531183959 998.1780000000144 11.704999999987194 171.0952575922214 167.6886529648212 2839.4818407421526 288.0293767432453 2.6313291967313255 404094.7614345235 1500.0 128.0 137808.0-139000.346=1500 137807.0:138035.096=128
116000 118000 7.427929687517462 524.2532675781185 429.99347244045344 999.6959999999963 104.44099999999162 157.10507631162096 154.10598596582986 2501.2449870066175 273.0360470821192 2.999545172895553 378117.65190791315 1500.0 128.0 139802.0-141075.637=1500 139798.0:139933.132=128
118000 120000 4.024906249978812 550.9515234375067 397.6028922245519 998.31700000001 207.8310000000056 197.31721804939576 194.31655886295258 2502.54712474786 312.23935190496445 3.0003295932216023 437711.7152939187 1500.0 128.0 141802.0-143045.129=1500 141800.0:142034.41=128
120000 122000 4.524191406235332 554.4959521484416 393.29888034577016 998.8630000000121 222.50800000000163 191.37866659541984 188.37675899695947 2503.5833067221165 295.9516614186876 3.000953799230191 422401.50362252386 1500.0 128.0 143801.0-144994.45=1500 143800.0:144047.496=128
122000 124000 14.476650390628492 536.5560874023431 409.49030473344055 994.3420000000042 160.70100000000093 210.9874334760372 208.00046212418437 2491.186222037837 386.63481450803624 3.7630753478690195 546493.994220596 2300.0 128.0 145806.0-147638.538=2300 145799.0:145989.156=128
124000 126000 2.5577187500020955 674.2855126953145 325.72120614158536 999.8289999999979 230.05572656251024 289.65679969749715 285.928293364745 3114.7798138248354 457.61832350385265 3.728506332752124 648641.6750434738 2300.0 128.0 "145806.0-147638.538=2300 147777.0-149593.616=2300" 149130.0:149545.709=128
126000 128000 4.6429101562534925 450.66514882812623 347.91560665090316 997.7149999999965 197.66172070312314 248.5153077731921 245.58264270547002 2447.992448568744 422.08320841957254 2.932665067722068 589483.797979779 2300.0 128.0 "147777.0-149593.616=2300 149795.0-151432.794=2300" 149793.0:149966.041=128
128000 130000 2.2942656250088476 392.5735136718722 398.1355839006235 999.4029999999912 25.070999999996275 308.9219172504761 305.82464613843433 2580.39320086355 444.11584852959516 3.0972711120417546 620919.5070718349 2300.0 128.0 "151840.0-153612.853=2300 153473.0-155913.27=2300" "151836.0:152004.928=128 153482.0:153708.779=128"
130000 132000 1.940185546875 489.310779622397 398.6316439751506 999.8260000000009 99.669921875 305.3125569308263 302.84114236604205 2073.3062751139073 448.77207312503816 2.471414564784273 632883.132372573 2300.0 128.0 "151840.0-153612.853=2300 153473.0-155913.27=2300" "153482.0:153708.779=128 154978.0:155760.14=128"
132000 134000 1.78499218748766 619.5764500000048 348.31758843582355 998.2570000000123 179.56009375001304 305.53765864085653 301.7239424662797 3169.6940606868684 479.3837079315807 3.8137161745767747 688720.13820619 2300.0 128.0 "153473.0-155913.27=2300 155821.0-157973.561=2300" "154978.0:155760.14=128 156850.0:157306.224=128"
134000 136000 473.31986718749977 337.034134486607 240.7090327861971 639.912109375 33.04999999998836 130.0594812504112 126.61428329179307 2877.8944492354094 169.8708161592312 3.4451979586181394 236454.90559916577 2300.0 128.0 "155821.0-157973.561=2300 159047.0-161151.538=2300" 158974.0:159111.01=128
136000 138000 6.893945312505821 587.8555608723933 257.1360496497553 989.5419999999867 215.4298906250042 370.16571272155056 366.39121629661616 3159.4053907372963 491.18856582130945 3.7744964249344077 732824.060126163 1205.0 128.0 "159047.0-161151.538=2300 160910.0-161039.2=840 160912.0-162964.035=840 161444.0-162334.435=840" 161480.0:162563.809=128
138000 140000 4.441693359374767 421.44698085937415 324.9698280161817 999.301999999996 22.70900000000256 198.12165433164296 191.27351957237283 6143.492531184282 294.4984266053064 7.848134759270147 404983.1404101609 840.0 128.0 "160912.0-162964.035=840 161444.0-162334.435=840 162981.0-163788.563=840" "161480.0:162563.809=128 163021.0:163224.813=128"
140000 142000 1778.2902695312514 216.6999033203174 7.084965498456351 221.7097304687486 211.69007617188618 27.66225405100757 27.31283578959248 286.5229743603724 52.551095515991314 0.3494182614150883 74415.2342654042 840.0  162981.0-163788.563=840 
142000 144000 129.14992773436825 716.3610000000044 308.5995987213849 999.6760000000068 387.5320000000065 202.43753265386496 197.90656875195918 3772.7000385817964 370.2294009372161 4.530963901905779 531493.4583145783 2300.0 128.0 165814.0-167488.05=2300 165810.0:166092.953=128
144000 146000 2.4521835937630385 479.8914811197901 372.9318748141005 999.685999999987 88.9200000000128 344.10316330343255 340.8971119144381 1850.3928057744035 517.3030133116415 3.2060513889944593 768430.2029819847 2300.0 128.0 167781.0-169976.602=2300 "167779.0:167912.514=128 168974.0:170165.616=128"
146000 148000 0.0 530.8550214843781 411.4415539907154 997.9530000000086 41.820000000006985 241.9639594895497 235.83561395485557 5633.503032631146 383.17131584011315 6.2629847090997615 528422.9979049847 2300.0 128.0 "167781.0-169976.602=2300 169896.0-172078.517=2300" "168974.0:170165.616=128 170677.0:170890.929=128"
148000 150000 3.162015625013737 501.23460703124874 390.9787052643571 999.3789999999863 131.97789648437174 263.45022303944097 262.31558386503525 952.4041230126533 485.2800105046137 2.0 686664.4150354061 2300.0  "169896.0-172078.517=2300 172055.0-173881.45=2300" 
150000 152000 0.0 638.0466936383954 377.9564000079066 993.2419999999984 116.362060546875 344.97432198096783 339.00520885473844 4139.237388764178 509.748983345826 5.116573875278257 715318.4079632688 2300.0 128.0 "172055.0-173881.45=2300 173922.0-175694.727=2300 175459.0-177527.153=2300" "173919.0:174067.656=128 174472.0:175692.645=128"
152000 154000 0.0 544.5887851562511 412.3976347811709 997.2520000000077 80.802978515625 397.77127785038044 395.1815525908871 2170.297390206894 572.9477810958098 3.442264510444493 812942.4844233905 2300.0 128.0 "173922.0-175694.727=2300 175459.0-177527.153=2300 177245.0-179439.689=2300" "174472.0:175692.645=128 176476.0:178060.965=128"
154000 156000 0.0 556.1738674316439 355.3264381139529 999.2380000000121 109.64369531249395 371.04512933000854 367.1339872628971 3267.2696513488672 527.3291628394322 3.91114206711152 755235.3636871639 2300.0 128.0 "177245.0-179439.689=2300 178688.0-180730.875=2300" "176476.0:178060.965=128 178474.0:179270.736=128"
156000 158000 3.4331855467753485 467.25825000001765 431.62178828899704 998.1320000000414 22.617919921933208 237.94881324225892 235.4187936950932 2113.195569680061 366.9678709063109 2.5300195471657307 530976.2053684312 2300.0 128.0 "178688.0-180730.875=2300 180552.0-182711.807=2300" 179976.0:180795.605=128
158000 160000 872.0309199219046 407.4883600260364 493.4425134141759 976.3100800781103 94.49600000001374 144.3055791100961 143.3055791100961 820.0 269.0224612190367 1.0 404237.46432079165 2300.0  180552.0-182711.807=2300 
160000 162000 132.59305664058775 675.3676966145867 379.8425728632528 999.5400000000081 257.4210000000021 277.0809809950586 274.0809809950586 2502.0 414.2548739125432 3.0 599896.1604583877 2300.0 128.0 183804.0-185783.62=2300 183796.0:183963.1=128
162000 164000 4.4298164062493015 588.551502441398 354.64810920468545 998.5570000000007 206.32791015625116 230.13256706629042 225.60154323753613 3774.2808016948284 362.67584095008596 3.765511914377153 508874.9114650032 1900.0 128.0 "183804.0-185783.62=2300 185821.0-187140.617=1500" 185848.0:186103.369=128
164000 166000 68.62707226566272 543.251731933582 365.86664240536703 959.6140000000014 230.28090039058588 171.3792112520008 168.37931530963849 2501.913528103073 267.8965845651623 3.7654078567394555 368665.1818034693 1500.0 128.0 187806.0-188794.208=1500 187975.0:188217.491=128
166000 168000 284.36991601562477 428.9075209960938 387.5584931880016 999.9590000000317 155.88999999998487 171.04830052866768 168.91297341712828 1783.4568296892553 338.462376368435 2.1353271115394166 493694.6129426069 1500.0 128.0 189781.0-191662.135=1500 189975.0:190131.917=128
168000 170000 536.9480097655905 681.2232962239844 105.23087948222778 793.3120000000054 584.551000000065 261.3589401579825 259.0251870406385 1948.3488405128433 338.7103242037734 2.333753117343975 484750.1333305329 1500.0 128.0 "189781.0-191662.135=1500 191778.0-193039.615=1500" 191974.0:192559.184=128
170000 172000 1049.234999999957 627.420500000022 457.27817721877705 950.7650000000431 304.07600000000093 146.0 143.0 2502.0 214.0 3.0 297208.0 1500.0 128.0 193776.0-194656.745=1500 193975.0:194279.795=128
172000 174000 129.6298828125 712.0737957031291 263.72524302206125 999.7799999999988 391.7060000000347 325.4234566737311 320.06880439756435 4468.361389218377 481.58040506272465 4.95409223274364 674592.1804375146 1500.0 128.0 "195797.0-197100.135=1500 196948.0-198179.591=1500" "195977.0:196205.903=128 196977.0:197432.584=128"
174000 176000 8.163990234374069 520.7453890625038 275.85967634701234 997.3310000000347 285.49796093750047 274.7719983448947 271.06499771129324 3098.8105258892374 426.775958952176 4.107560677024571 599583.4171471812 1500.0 128.0 "196948.0-198179.591=1500 198120.0-199280.21=1500" 198205.0:198405.45=128
176000 178000 7.762779296870576 725.0394518229199 299.6794408438348 994.9860000000044 402.5710761718801 276.8224506655862 274.0852488226235 2293.4637866917974 381.0122960367397 1.9383470902317896 579036.1550778691 2300.0 128.0 199794.0-201714.712=2300 199789.0:199939.87=128
178000 180000 3.329968750011176 540.9369125976591 409.46834931624835 999.4629999999888 195.12299999999232 250.01405001515542 246.2568029610595 3120.928797866826 427.4487209433021 3.778050903413396 615839.6508876176 2300.0 128.0 "199794.0-201714.712=2300 201772.0-203457.37=2300" 201770.0:201900.875=128
180000 182000 9.895976562489523 563.1232558593765 383.26554364922185 998.8610000000044 220.61607031250605 302.45691915093073 299.4553491910868 2503.3030666704617 433.94979567212977 3.779620863257326 652605.9968400102 2300.0 128.0 203801.0-205629.586=2300 203797.0:204084.981=128
182000 184000 2.8878496093675494 526.7957871093968 442.5315958150547 999.9830000000657 87.03800000002957 283.66115041103876 282.2188221777095 1209.1324336633006 470.854284383218 1.442328233329278 673947.8964987055 2300.0 128.0 "203801.0-205629.586=2300 205772.0-207833.581=2300" 205770.0:205913.03=128
184000 186000 4.294191406224854 573.6434965820372 384.66472873304883 995.926999999996 194.07789843750652 235.69144569510775 231.8811341014796 3166.4555067750944 425.2346258027793 3.810311593628164 598712.0926578485 2300.0 128.0 "205772.0-207833.581=2300 207869.0-209551.578=2300" 207867.0:208015.241=128
186000 188000 35.249912109342404 535.8613061523429 415.96125967082645 996.0510000000068 180.92999999999302 222.06982033018684 218.29363601623402 3154.3360965171423 398.26614713969605 2.9829363601623404 570049.359474022 2300.0 128.0 209796.0-211373.504=2300 209794.0:209935.1=128
188000 190000 4.493230468739057 540.2104423828132 419.7293771122631 998.7280000000028 165.33499999999185 243.82925888150004 241.61616197971028 1840.8745003917888 403.5959206907579 3.006344855580259 582572.7068021293 2300.0 128.0 211780.0-213641.392=2300 211779.0:211924.175=128
190000 192000 21.442673828132683 541.8875595703139 410.97241354308335 998.2939999999944 189.95800000001327 293.84319002764903 290.07118086243133 3150.763535224394 435.5106101946128 2.9862081779234657 631024.6778987151 2300.0 128.0 "211780.0-213641.392=2300 213794.0-215493.919=2300" 213793.0:213940.943=128
192000 194000 6.552056640561204 536.0714858398569 419.50846621464643 999.8250000000116 150.83799999998882 312.0715986251929 309.85937067687814 1840.3108978722576 443.428281090258 2.998028935609036 660613.840961076 2300.0 128.0 215792.0-217569.787=2300 215789.0:215938.961=128
194000 196000 27.79680859373184 532.3595097656289 411.09785059775214 999.2260000000242 159.66599999999744 221.54963676388985 217.80929008970796 3124.3260387999935 374.3100179150116 2.978258375639308 521591.12007527705 2300.0 128.0 217816.0-219221.005=2300 217814.0:217974.791=128
196000 198000 1.9832929687690921 614.4897222656349 417.4080025523298 999.0970000000088 117.83499999999185 213.19856098919954 208.9374869089872 3562.8389798032454 340.22172336795444 5.023162378754887 472719.9922863431 2300.0 128.0 "219814.0-220434.258=2300 220343.0-221140.475=2300" "219812.0:219977.904=128 220466.0:220935.16=128"
198000 200000 710.0479003906366 362.7622812499976 425.5279270904629 997.6020000000135 91.5400390625 152.2190387440595 149.90764654160043 1939.2744636115642 292.88343126310986 2.3113922024590656 417660.8607293621 2300.0 128.0 222484.0-224258.041=2300 222480.0:222646.069=128
200000 202000 3.4099746094143484 907.6813027343596 77.93754679546994 997.2889999999898 855.6589609374932 332.3177037823689 329.41434666212535 2420.819981004519 480.04303286294873 2.903357120243475 694986.6269489356 2300.0 128.0 "222484.0-224258.041=2300 224217.0-225801.493=2300" 224277.0:224432.402=128
202000 204000 9.887365234375466 728.0384965820413 406.37622887164304 997.4529999999795 123.78805273439502 205.82943535724692 202.82943535724692 2502.0 326.6184331499934 3.0 474489.26257422974 2300.0 128.0 "224217.0-225801.493=2300 226479.0-228163.19=2300" 226477.0:226630.681=128
204000 206000 3.0351621093868744 701.2559892578138 386.9787564770029 998.2810000000172 133.04806640624884 318.83109825231827 315.83109825231827 2502.0 488.0674879067674 3.0 689619.4832125896 2300.0 128.0 "226479.0-228163.19=2300 228289.0-230000.947=2300" 228287.0:228471.877=128
206000 208000 1.2158300780574791 612.0057915039288 394.3195988119442 999.2600000000384 132.81610937500955 304.5811354653381 300.7145845154958 3212.571778870663 441.1727912803315 3.0 639101.2536113344 2300.0 128.0 "228289.0-230000.947=2300 230025.0-231694.472=2300" 230034.0:230160.224=128
208000 210000 24.242281249986263 526.7844609375024 366.1580297639736 998.3539999999921 132.63394335936755 229.22850714608268 226.41048520522259 2367.8385951007485 386.4502614536567 3.684572890702389 549906.8268160524 2300.0 128.0 "230025.0-231694.472=2300 231983.0-233792.401=2300" 231980.0:232115.039=128
210000 212000 83.73683789063944 514.4127954101641 343.71951644526115 997.5760000000009 264.49600000004284 249.0630148529575 245.6244234101664 2857.8160228281913 433.01987434216267 3.438591442791109 618555.3729028541 2300.0 128.0 "231983.0-233792.401=2300 233827.0-235575.451=2300" 233824.0:233973.099=128
212000 214000 3.9642910155816935 721.6663040364898 297.1411753137253 999.2840000000433 408.2459179687721 271.76079227320395 268.35061080203116 2842.450621073417 433.55702290963546 3.410181471172792 619040.2507334412 2300.0 128.0 235815.0-237584.657=2300 235812.0:235985.328=128
214000 216000 0.7238554687355645 537.0632651367268 423.16578147996535 999.6780000000435 129.59299999999348 246.94817544837318 243.8872023701005 2552.607654966296 421.03928754951903 2.263813636803178 619149.6950661092 2300.0 128.0 "235815.0-237584.657=2300 237787.0-239682.541=2300" 237785.0:237927.445=128
216000 218000 4.81310156249674 567.5307796875131 370.43042956118916 999.5590000000084 163.30100000006496 341.4383484471687 338.22852875448643 1838.10895917007 464.5086722179526 3.0069791341517353 701554.3293929156 2300.0 128.0 "237787.0-239682.541=2300 239778.0-241539.332=2300" 239776.0:239921.38=128
218000 220000 27.37682812497951 531.6833261718712 421.6772634195513 999.9089999999851 157.19899999999325 258.47510512762597 254.72235632170822 3134.8228946679656 422.02588120338214 2.974305115148286 589915.6122333193 2300.0 128.0 241793.0-243624.109=2300 241789.0:241947.125=128
220000 222000 12.045162109367084 526.1392094726616 425.450099090449 998.9239999999991 116.6020000000135 283.6192872872417 280.6374141621395 2486.9546938348044 428.83984777993646 2.990936562551087 615865.8657153526 2300.0 128.0 "241793.0-243624.109=2300 243802.0-245701.472=2300" 243797.0:243942.076=128
222000 224000 7.685154296836117 528.7227114257912 420.3125972794932 998.7419999999984 122.57600000000093 216.846825136082 213.84667990887164 2502.1205385845988 403.01178067821155 3.0000726136051803 591269.0274531838 2300.0 128.0 "243802.0-245701.472=2300 245810.0-247647.42=2300" 245806.0:245953.19=128
224000 226000 4.740015625051456 526.6999960937392 424.9201063612713 997.7779999999912 111.54000000000815 259.76006174527254 256.739833416464 2518.7895129110693 421.60508254235515 3.010114164404259 603257.6854203297 2300.0 128.0 "245810.0-247647.42=2300 247807.0-249689.821=2300" 247805.0:247958.109=128
226000 228000 3.440005859301891 528.9777485351733 427.84563128639667 999.5610000000161 119.35099999999511 303.7773312061371 301.5505632765452 1852.35836163877 453.3575662837595 3.00633496092193 672088.0394924572 2300.0 128.0 "247807.0-249689.821=2300 249795.0-251563.155=2300" 249793.0:249937.028=128
228000 230000 22.948759765626164 534.3912534179835 413.00881715112405 999.6510000000417 161.6710000000312 306.17107973486884 302.4122339259295 3139.701041342133 456.49993093510705 3.758845808939294 667013.8523470452 2300.0 128.0 251810.0-253586.168=2300 251809.0:251971.5=128
230000 232000 0.45121484374976717 540.7417773437483 422.86869209474736 999.8940000000002 140.56299999999464 215.49529826145329 212.44069182034525 2547.323346119675 408.05109580249393 2.2549293199584017 585999.890925486 2300.0 128.0 "251810.0-253586.168=2300 253778.0-255591.009=2300" 253776.0:253932.056=128
232000 234000 6.454062499979045 546.7899843750201 412.56844030487497 997.6900000000314 193.6140000000596 285.6379228915547 283.43215804001056 1834.7336358431994 432.8630749806264 3.0054419726937773 625699.748619296 2300.0 128.0 "253778.0-255591.009=2300 255779.0-257639.026=2300" 255776.0:255952.396=128
234000 236000 20.43890820312663 534.6899799804814 422.5655828407165 999.4380000000237 160.89999999999418 237.32656485714904 235.13168395099245 1841.8023430483972 391.7715456530874 2.194880906156582 552078.4510771654 2300.0 128.0 "255779.0-257639.026=2300 257789.0-259761.804=2300" 257787.0:257948.73=128
236000 238000 2.7699628906848375 550.4518476562371 336.2135750967631 998.9919999999984 184.38109960936708 236.69945265944943 233.17307873159697 2945.206847251763 388.3306625341584 3.52637392785245 545509.2795089309 2300.0 128.0 "257789.0-259761.804=2300 260049.0-261798.897=2300" 260048.0:260211.964=128
238000 240000 5.670337890565861 571.2461655273582 301.81634981993386 998.4770000000426 290.65499999999884 279.6494063859816 276.01203464484263 3024.7020580110952 471.22915491085917 3.6373717411389457 670068.8019826979 2300.0 128.0 "260049.0-261798.897=2300 261838.0-263596.438=2300" 261837.0:261996.158=128
240000 242000 2.3801484375144355 720.2260540364465 316.40208816032424 998.1969999999856 375.91304687497905 290.4166178055664 287.77969396797346 2192.6400901363145 444.7898227332755 2.6369238375929616 636224.3479400747 2300.0 128.0 "261838.0-263596.438=2300 263789.0-265595.95=2300" 263787.0:263953.294=128
242000 244000 22.045525390654802 540.3489677734324 412.4653792518311 996.929999999993 186.8850000000093 246.86585338907582 243.86521972767116 2502.519602351826 427.88658498953134 3.000633661404666 605593.4438375119 2300.0 128.0 "263789.0-265595.95=2300 265793.0-267481.156=2300" 265790.0:265977.605=128
244000 246000 32.11286523437593 730.6828152343747 325.80852017462587 997.4369999999763 193.85101367189782 275.376364854521 270.67179511859035 3935.293398427486 474.8229600651004 4.7045697359306375 665029.3605409235 2300.0 128.0 "267800.0-269668.725=2300 269577.0-271391.435=2300" "267798.0:267938.137=128 268480.0:268878.855=128"
246000 248000 10.351910156256054 436.86159531249433 403.45643308514576 993.9610000000102 0.0 214.589197160386 212.6895964535696 1578.181100732433 403.01897461315275 1.8996007068163845 578454.1718427007 2300.0  "267800.0-269668.725=2300 269577.0-271391.435=2300" 
248000 250000 0.0 617.567207682286 380.03069077773665 999.1419999999925 28.103271484375 317.34177659480054 312.8838962408997 3816.544689340109 474.70316958345455 4.65586600678559 663872.0027124173 2300.0 128.0 "271789.0-273631.663=2300 273548.0-275835.742=2300" "271787.0:271928.595=128 272475.0:273619.311=128"
250000 252000 3.5829042968107387 477.78280998885333 394.87251649498955 997.1960000000545 74.612060546875 351.3118282465186 348.09638099938996 3064.1840328437975 518.9489669662651 4.017461594243909 737063.7663364261 2300.0 128.0 "271789.0-273631.663=2300 273548.0-275835.742=2300" "272475.0:273619.311=128 274477.0:275572.026=128"
252000 254000 0.0 680.155221484392 303.9452817206518 967.7310000000289 259.0131054688245 143.77080658411234 137.33025654426422 5392.502583512249 209.6785968481464 6.440550039848096 281438.3214589337 958.6666666666666 128.0 "273548.0-275835.742=2300 276416.0-276735.941=288 276852.0-277367.213=288" "276411.0:276612.732=128 276867.0:277018.157=128 277034.0:277326.905=128"
254000 256000 474.5920507811825 456.04898437501106 211.20484478414795 726.3360000000102 211.13099999999395 53.248433729022665 49.76778498063631 2064.2255973929277 82.01621870965897 3.480648748386359 106676.28152361464 288.0 128.0 277977.0-278385.965=288 277975.0:278164.544=128
256000 258000 1413.8701230468578 389.2895000000135 110.65019044041978 467.53100000001723 311.0480000000098 59.0 56.0 2501.0 97.0 3.0 138982.0 480.0 128.0 279825.0-280293.586=480 279825.0:280018.831=128
258000 260000 1191.416923828132 483.68599999998696 340.10987646936366 724.179999999993 243.1919999999809 59.0 56.0 2501.0 108.0 3.0 157891.0 480.0 128.0 281790.0-282473.758=480 281787.0:281950.163=128
260000 262000 1006.5818320312537 582.679999999993 460.70269536003826 908.4459999999963 256.91399999998976 105.0 102.0 2501.0 159.0 3.0 284258.0 840.0 128.0 283790.0-284699.422=840 283788.0:283962.949=128
262000 264000 1173.9396308593568 488.0945000000065 340.6663695061654 728.9820000000182 247.20699999999488 90.0 87.0 2501.0 174.0 3.0 243774.0 840.0 128.0 285802.0-286532.0=840 285800.0:285953.059=128
264000 266000 1135.884136718756 500.24499999999534 356.5741507625007 752.380999999994 248.10899999999674 99.0 96.0 2501.0 183.0 3.0 251985.0 840.0 128.0 287818.0-288571.419=840 287814.0:287954.785=128
266000 268000 957.3868476562784 610.748499999987 500.36077918285946 964.5569999999716 256.9400000000023 124.0 121.0 2501.0 193.0 3.0 292355.0 840.0 128.0 289783.0-290749.054=840 289779.0:289921.959=128
268000 270000 1235.1630332031054 453.27800000002026 320.59231509504303 679.9710000000196 226.58500000002095 93.0 90.0 2501.0 161.0 3.0 227226.0 840.0 128.0 291790.0-292470.753=840 291786.0:291932.03=128
270000 272000 132.07592578127515 693.6923717447789 346.0872268213355 998.1979999999749 317.31099999998696 189.320488785058 184.7657895327208 3792.4003794398755 298.320488785058 3.7773496261685997 416148.77414169675 1500.0 128.0 293810.0-294998.773=1500 293808.0:294024.18=128
272000 274000 2.13422460941365 551.7929438476422 399.9650904769354 999.3769999999786 209.3059999999823 173.52180446712498 170.51633991573482 2506.535577653829 292.40147685967025 3.7828141775587545 407796.26564669004 1500.0 128.0 295795.0-296964.928=1500 295795.0:296034.742=128
274000 276000 3.5630624999757856 528.3445219726564 438.56373228983176 997.4760000000242 95.42599999997765 142.33486167110385 140.08912031072163 1867.906277476135 278.4551892785586 2.2457413603822056 393317.7883155956 1500.0 128.0 297774.0-298993.526=1500 297772.0:297921.409=128
276000 278000 27.070855468627997 555.5807641601859 394.74448467999053 998.5370000000112 192.86602148442762 152.22002349694347 149.19640353437785 2521.368369303821 289.79999583676437 3.0236199625656353 408641.847782744 1500.0 128.0 299792.0-300928.118=1500 299788.0:299997.849=128
278000 280000 78.86706054682145 557.3388193359569 376.65555653225204 997.3180000000284 159.61596484377515 188.24420661609705 184.5812224299221 3060.572125791974 290.15674358912634 3.662984186174966 404288.9897203784 1500.0 128.0 301847.0-303032.397=1500 301845.0:302155.861=128
280000 282000 2.2958496093633585 549.4396918945422 405.4636403959709 998.3250000000116 168.16200000001118 175.56098956284322 172.4676149757526 2579.500907285191 298.27553830002273 2.300432637120215 414935.91346289456 1500.0 128.0 303791.0-304979.257=1500 303789.0:304050.234=128
282000 284000 6.780105468758848 533.3712236328138 425.8870428450665 997.045999999973 140.26500000001397 187.35988632796085 184.3592391224514 2502.5371805728387 289.66731388160457 3.000323602754722 419916.5668481658 1500.0 128.0 305782.0-307056.263=1500 305780.0:305910.975=128
284000 286000 8.602089843712747 540.9529775390693 415.5570698829756 999.7050000000163 172.41399999998976 177.93657574804413 174.9377977473882 2500.98574054442 293.22776265888507 2.9993890003279637 414845.7560806353 1500.0 128.0 307787.0-308942.578=1500 307782.0:308002.562=128
286000 288000 6.02656445314642 563.1738588867156 392.1104701123221 997.6140000000014 205.45611523435218 179.17839258254594 176.16851622756494 2510.1973746342246 278.64734542118134 3.0049381774904966 444981.7806711585 1500.0 128.0 309784.0-311211.883=1500 309782.0:310016.443=128
288000 290000 8.406271484389435 539.491682128908 419.42439523426185 996.3339999999735 166.37300000002142 189.0709948149401 186.07016303966864 2502.6903734753178 294.0182746618182 3.0004158876357336 411419.33870836033 1500.0 128.0 311780.0-312937.737=1500 311777.0:311968.864=128
290000 292000 5.3309492187108845 530.8430126953172 431.7256583389972 999.0260000000126 128.7029999999795 144.39879081905735 142.19759674532546 1831.0189680965605 281.78525168875814 2.9992026919111785 395304.6173166005 1500.0 128.0 313780.0-314910.199=1500 313777.0:313927.185=128
292000 294000 15.451841796922963 641.0101988932196 368.1487274122184 998.3279999999795 177.5810000000056 252.698803293533 245.9870557499941 6111.866064975748 459.47168804925144 7.711747543538861 638733.1719604803 1500.0 128.0 "315796.0-317069.87=1500 317013.0-318242.272=1500" "315791.0:315931.107=128 316480.0:317077.6=128"
294000 296000 7.8672089843894355 588.1725187500008 336.87372464607336 994.4469999999856 215.68669531249907 289.7711925447745 287.2801513984038 2089.420660750065 468.2444024921457 2.4910411463706676 679714.4818177468 1900.0 128.0 "317013.0-318242.272=1500 318276.0-320087.055=2300" 318290.0:318579.349=128
296000 298000 0.0 724.795055859373 322.4245867772265 997.2160000000149 222.5281132812379 270.23448747864717 267.23448747864717 2502.0 426.4204187558781 3.0 613840.6055995661 2300.0 128.0 "318276.0-320087.055=2300 320199.0-322041.392=2300" 320481.0:322288.159=128
298000 300000 1.9698749999515712 447.1554729818017 305.5702623904495 999.4520000000484 132.7347519531031 207.08275758117404 204.08275758117404 2502.0 336.71215421248894 3.0 500048.7263334261 2300.0 128.0 "320199.0-322041.392=2300 322478.0-324381.788=2300" "320481.0:322288.159=128 322306.0:322450.306=128"
300000 302000 1575.2470039062318 424.75299609376816  424.75299609376816 424.75299609376816 74.06574421015236 74.06574421015236 0.0 109.39595552878825 0.0 161497.37559386095 2300.0  322478.0-324381.788=2300 
