ts te idle avg_span std_span max_span min_span c_ack_cnt c_ack_cnt_p c_bytes_all s_ack_cnt s_ack_cnt_p s_bytes_all avg_video_rate avg_audio_rate video_requests_sequence audio_requests_sequence
0 2000 2000.0 0.0 0.0 0.0 0.0 0.0 0.0 0.0 0.0 0.0 0.0 0.0 0.0 0 0
2000 4000 2000.0 0.0 0.0 0.0 0.0 0.0 0.0 0.0 0.0 0.0 0.0 0.0 0.0 0 0
4000 6000 2000.0 0.0 0.0 0.0 0.0 0.0 0.0 0.0 0.0 0.0 0.0 0.0 0.0 0 0
6000 8000 979.302734375 597.3884726562519 182.14398671527573 720.157958984375 333.82400000000416 122.49817291157963 108.92726395156954 12417.411727387229 174.08852645666633 19.757909865367083 240584.81204032231 840.0 128.0 "29513.0-30542.267=840 29515.0-30326.272=840" "29511.0:29554.676=128 29511.0:29687.475=128"
8000 10000 225.4398457031275 484.2328803013391 233.39431359063204 918.8389999999999 262.5350683593715 261.1349433659611 252.74858421754644 7269.833514431054 384.0437407857043 14.979830550255425 582834.4452879651 564.0 128.0 "29513.0-30542.267=840 29515.0-30326.272=840 30494.0-31463.252=840 31656.0-31697.318=288 31660.0-32311.176=288 31948.0-32371.177=288" "30613.0:30722.791=128 31867.0:32077.491=128"
10000 12000 11.89483398437369 653.7949999999998 288.89772627961446 988.9460000000036 354.68310546875 218.24725868464893 208.4254590942188 8218.566801219611 287.0743515045145 17.82039498208719 430198.4842675468 370.2857142857143 128.0 "31660.0-32311.176=288 31948.0-32371.177=288 32578.0-33048.013=288 33005.0-33793.316=288 33709.0-33772.885=480 33712.0-34304.515=480 34214.0-34797.535=480" "32594.0:32748.169=128 33013.0:33150.548=128 33179.0:33356.736=128 33840.0:34224.117=128"
12000 14000 5.311917968741909 404.18360131836016 357.0769849559348 991.6290000000081 6.351052734375116 212.3306966708144 205.06343220257185 5238.252250406569 311.2124595141525 14.278188246994516 479148.7856596163 1208.0 128.0 "33712.0-34304.515=480 34214.0-34797.535=480 34752.0-35475.851=480 36010.0-36129.301=2300 36015.0-38117.983=2300" "34328.0:34453.288=128 34834.0:34956.98=128 36005.0:36123.572=128"
14000 16000 7.027976562501863 459.6403376116068 401.0814439807198 996.1240000000034 29.743082031251106 340.83899811289143 337.599104259667 2704.7591585827786 432.80591274923427 5.853676017449292 697101.2640564251 2300.0 128.0 "36015.0-38117.983=2300 37709.0-39480.465=2300" 37695.0:38331.497=128
16000 18000 0.9829941406351281 462.5454054687492 374.322507828085 980.4209999999948 99.81673828125349 254.10493261974528 250.7405735085178 2805.9692287373296 361.86863003762727 5.611170600945233 645436.7910259377 2300.0 128.0 "37709.0-39480.465=2300 39584.0-41349.309=2300" "37695.0:38331.497=128 39583.0:39699.548=128"
18000 20000 38.2691523437461 553.0402006835939 324.89722014945716 973.849000000002 252.87599999999657 209.2716843735748 206.2823795320728 2492.994676544683 300.4466841282957 4.978609683003997 600263.0752005106 2300.0 128.0 "39584.0-41349.309=2300 41593.0-43498.748=2300" 41591.0:41709.079=128
20000 22000 6.065755859373894 586.2642089843739 295.06119142500506 992.4020000000019 359.0509433593761 253.10730336731478 249.74719334036615 2805.212642690748 364.31073094014175 4.953564710906408 668117.2247762986 2300.0 128.0 "41593.0-43498.748=2300 43589.0-45273.865=2300" 43586.0:43708.403=128
22000 24000 6.1418378906164435 562.7330000000002 332.99761500564625 993.3470000000016 232.91799999999785 208.76414257349424 206.12047138242605 2201.9711428794244 312.4464901866213 5.053997725127256 587332.4287002742 2300.0 128.0 "43589.0-45273.865=2300 45590.0-47280.365=2300" 45588.0:45714.62=128
24000 26000 6.366003906245169 561.6832490234392 331.7765352865185 991.9630000000034 253.09900000000198 248.55219483215996 245.5458630185292 2507.3313870770835 339.70301454285135 5.012663627261482 596580.9488866453 2300.0 128.0 "45590.0-47280.365=2300 47584.0-49311.31=2300" 47584.0:47707.087=128
26000 28000 32.766890625003725 557.860790527342 323.46186383925954 981.1549999999988 266.80599999999686 199.25087541655512 196.26528993155466 2489.8629783704037 288.32920599579734 4.9711709700009585 575281.5719570545 2300.0 128.0 "47584.0-49311.31=2300 49596.0-51277.082=2300" 49593.0:49711.252=128
28000 30000 13.763966796883324 606.4390083007784 274.2380034139413 977.4739999999947 364.275949218747 196.79391614365701 193.78168421769263 2512.2992816620035 292.2084421585833 5.024463851928749 547840.4158066516 2300.0 128.0 "49596.0-51277.082=2300 51587.0-53505.164=2300" 51585.0:51716.078=128
30000 32000 7.001980468747206 561.541366699219 323.2091117127843 915.6339999999982 232.00927734375 292.42997890091465 290.09935678621844 1943.8765256180793 389.4393065627977 3.895433182263461 630161.9959346639 1570.0 128.0 "51587.0-53505.164=2300 53556.0-54460.6=840" 53999.0:54519.091=128
32000 34000 963.4451855468724 375.21638427734433 250.7648301776214 749.319091796875 228.7897265624997 104.06267002981527 100.39606651068817 3058.368032370444 159.97718726536596 6.1974742121317545 278915.63855498796 840.0 128.0 "53556.0-54460.6=840 55589.0-56314.105=840" "53999.0:54519.091=128 55995.0:56237.147=128"
34000 36000 1170.354126953127 277.8557480468753 324.2940875846776 747.81396484375 44.2090039062532 84.70639260013331 82.22183016042382 2069.5511725937276 129.85190513308783 4.04905768140577 220246.2847841035 840.0 128.0 "55589.0-56314.105=840 57582.0-58394.413=840" "55995.0:56237.147=128 57993.0:58482.536=128"
36000 38000 998.7131933593773 350.1757226562477 269.6464111197983 750.419921875 162.3660351562503 85.80224897434402 83.06489502329066 2281.6822699608592 134.64412650660745 4.543389537687348 212477.3221672763 840.0 128.0 "57582.0-58394.413=840 59564.0-60667.423=840" "57993.0:58482.536=128 59994.0:60651.259=128"
38000 40000 26.324113281247264 523.6928527343756 331.32975518844734 998.4420000000027 230.6533203125 112.95666922575487 109.56971365163288 2821.0893295909286 141.1809836111558 5.267828634387065 268442.9038458863 840.0 128.0 "59564.0-60667.423=840 61563.0-62440.813=840" "59994.0:60651.259=128 62000.0:62450.744=128"
40000 42000 999.6480078125023 363.2529814453119 256.4611340148862 747.37890625 219.02467968749988 101.56414020941902 98.20071502958136 2808.6635633518667 141.59593720590794 6.097830748095033 279933.9362863789 840.0 128.0 "61563.0-62440.813=840 63579.0-64325.997=840" "62000.0:62450.744=128 63998.0:64169.258=128"
42000 44000 1155.3606328125024 241.3152535156245 293.3398311998614 750.4052734375 44.07874609374994 102.04931442921058 99.17245395842227 2398.262215551945 157.19669335685546 4.785565300418844 257164.2691927789 840.0 128.0 "63579.0-64325.997=840 65582.0-66358.249=840 66146.0-67048.165=840" 65998.0:66385.689=128
44000 46000 435.12212695312337 478.00757226562416 267.0418605838442 816.3129316406266 126.04472656249709 187.44215442851882 182.0061020952907 4545.387395481406 263.60127118064463 9.728291868735386 487438.64938977564 840.0 128.0 "65582.0-66358.249=840 66146.0-67048.165=840 67580.0-68280.64=840" "65998.0:66385.689=128 66404.0:66546.388=128 67579.0:67688.628=128"
46000 48000 1203.0351894531195 340.5475963541685 363.78320658123243 748.152099609375 48.81271093750547 33.2536333533359 31.033756896340435 1845.9773455403617 49.95128392861602 4.439752913990933 101722.02587378211 1570.0 128.0 "67580.0-68280.64=840 70006.0-72015.235=2300" 70000.0:70119.237=128
48000 50000 0.0 537.3372661830363 428.81019220680975 999.4989999999962 0.0 209.16277872682045 205.02835949720316 3444.269878585834 330.7058689746089 8.268838459234647 637951.6630823301 1766.6666666666667 128.0 "70006.0-72015.235=2300 71946.0-72024.527=1500 71948.0-73116.135=1500" 70496.0:70763.417=128
50000 52000 14.874671875004424 554.7453212890614 363.8054739335656 993.9210000000021 233.85595703125 133.46287635325842 130.06880574401126 2834.4502083979532 221.6733729916255 5.78814121849436 431573.5657723107 1500.0 128.0 "71948.0-73116.135=1500 73588.0-75071.132=1500" 73997.0:74342.996=128
52000 54000 8.673179687510128 467.6069648437493 375.9129230846521 998.3319999999949 110.74804296875664 149.26679106807805 146.5553646623749 2259.59818079064 213.22841818830864 4.422852811406287 417196.855474188 1500.0 128.0 "73588.0-75071.132=1500 75586.0-76907.455=1500" "73997.0:74342.996=128 75995.0:76559.744=128"
54000 56000 574.5389863281307 506.2544868164041 246.86918189871056 749.631103515625 230.56689453125 161.9617385035551 159.49384421114308 2059.5199433403104 231.85652427242604 4.1851629022791 456341.5303484592 1500.0 128.0 "75586.0-76907.455=1500 77582.0-78926.133=1500" "75995.0:76559.744=128 78000.0:78648.439=128"
56000 58000 44.65113085937628 518.9707789062493 326.5973859772611 994.5829999999987 231.367919921875 148.27945404545258 144.88216252483952 2830.6541064783232 210.616018293342 5.254192162531867 427866.12966738205 1500.0 128.0 "77582.0-78926.133=1500 79596.0-80921.386=1500" "78000.0:78648.439=128 80000.0:80424.551=128"
58000 60000 65.43990039062919 471.83425507812353 340.4878602673644 978.4060000000027 192.18808007812186 149.14913589160022 146.42332223351724 2271.6023459264884 210.2879114151492 4.74264387740523 422581.79204862134 1500.0 128.0 "79596.0-80921.386=1500 81580.0-83066.334=1500" "80000.0:80424.551=128 81999.0:82743.358=128"
60000 62000 64.50697656249395 534.3998820312496 279.1827304169978 936.619000000006 231.435302734375 146.70334011882457 143.70855233913215 2497.615848893612 211.7667236106734 4.989575559384813 413796.12558432133 1500.0 128.0 "81580.0-83066.334=1500 83584.0-84928.765=1500" "81999.0:82743.358=128 84000.0:84746.38=128"
62000 64000 19.725824218752678 543.3852867187495 295.0440505680514 986.0939999999973 234.055908203125 140.89098000739745 137.89681164442604 2497.0736620452303 198.6615642016496 4.9883367259428315 369370.88015862234 1500.0 128.0 "83584.0-84928.765=1500 85582.0-87136.899=1500" "84000.0:84746.38=128 85997.0:86733.021=128"
64000 66000 17.33134765624709 542.3397691406251 291.0357231911509 983.5500000000029 235.60595703125 158.69898087306024 155.68333917009664 2515.1307063292265 246.12175887722503 5.031283405927242 467833.5735943055 1500.0 128.0 "85582.0-87136.899=1500 87587.0-88935.639=1500" "85997.0:86733.021=128 87996.0:88693.37=128"
66000 68000 23.657156250003027 532.6398101562488 290.99348776030496 978.752999999997 232.7099609375 174.7947886606871 171.71446696958284 2569.4597781083953 256.0111689922167 5.1606433822084945 435261.48066616175 1500.0 128.0 "87587.0-88935.639=1500 89591.0-90934.482=1500" "87996.0:88693.37=128 89998.0:90548.0=128"
68000 70000 215.9839355468721 466.75284453124914 292.2877477625483 969.1650000000081 233.297119140625 164.99922098903636 161.225183658947 3152.9069327389047 230.55582469636815 6.0076528096994215 432091.56523312826 1500.0 128.0 "89591.0-90934.482=1500 91539.0-92907.371=1500" "89998.0:90548.0=128 91998.0:92215.006=128"
70000 72000 210.252892578108 413.4280527343741 298.5164098617063 828.0170000000217 44.43588085935335 137.6264454724538 135.1434021558152 2067.7563859764223 199.94171944881822 3.931472494387345 393203.57985179394 1500.0 128.0 "91539.0-92907.371=1500 93583.0-94933.368=1500" 93998.0:94720.444=128
72000 74000 262.97500390626374 491.46811992186997 208.67266723626628 787.2280000000028 232.15087890623545 143.9759079468119 140.97985645909455 2498.6832496825673 217.4718766523513 4.9450236675825225 414903.27004671504 1500.0 128.0 "93583.0-94933.368=1500 95570.0-97001.829=1500" "93998.0:94720.444=128 95999.0:96727.278=128"
74000 76000 9.669859374975204 543.8568351562571 292.01825252168175 998.093000000008 233.5869140625 154.5488229213921 151.4549251378717 2580.8741381571303 223.48163561403416 5.8099108642621085 437294.63879044453 1500.0 128.0 "95570.0-97001.829=1500 97592.0-99052.138=1500" "95999.0:96727.278=128 97998.0:98564.558=128"
76000 78000 193.07498242188012 473.21764648437676 337.29783131526256 998.3540000000066 187.235107421875 153.72281831719428 150.78024853310683 2453.7586186335043 219.81341249890104 4.885139568175011 433377.69722672814 1500.0 128.0 "97592.0-99052.138=1500 99580.0-100907.18=1500" "97998.0:98564.558=128 99998.0:100655.361=128"
78000 80000 575.3678066406428 519.9324482421798 237.37329704647004 749.1333007812354 231.94189453123545 183.5006808033501 181.00427237508197 2083.4976014929252 262.4682399266797 4.243623620296169 483384.3728846414 1500.0 128.0 "99580.0-100907.18=1500 101568.0-102659.724=1500" "99998.0:100655.361=128 101999.0:102655.857=128"
80000 82000 782.7774199218547 373.9127222656331 225.42112573811508 748.2548828125 217.90300000002026 132.98278841723172 130.00573279018755 2482.697572726751 198.02147215954915 4.952491587957597 344343.7146672527 1500.0 128.0 "101568.0-102659.724=1500 103586.0-104910.778=1500" "101999.0:102655.857=128 104002.0:104701.505=128"
82000 84000 22.682609374984168 535.8294839843787 327.1389000408825 999.4170000000158 235.846923828125 153.2213773714381 149.8781117497114 2785.3106610209484 223.31006471237265 5.16379740973588 422506.0236998635 1500.0 128.0 "103586.0-104910.778=1500 105580.0-107005.802=1500" "104002.0:104701.505=128 105995.0:106524.856=128"
84000 86000 56.99598828123999 493.70454218749944 331.6138086011856 998.3169999999955 236.27001953123545 186.73157672070892 183.96971582243177 2301.8466225913157 265.6943564615119 4.797268532642765 478613.6528816675 1500.0 128.0 "105580.0-107005.802=1500 107581.0-108882.725=1500" "105995.0:106524.856=128 107995.0:108884.539=128"
86000 88000 557.2140058593795 463.85942265625056 223.9757905312823 749.8349609375 231.64208984376455 146.0136844737747 142.89313374289904 2608.9504753942083 205.67133559995776 5.213747103814261 353967.44054866355 1500.0 128.0 "107581.0-108882.725=1500 109564.0-111001.154=1500" "107995.0:108884.539=128 109999.0:110565.577=128"
88000 90000 101.52828906250943 534.1686582031203 336.49878534503284 995.3359999999957 73.20699999999488 228.14349109403048 224.19819980990457 3291.020442640775 313.66384866100225 7.917936926188862 621097.1740775174 1500.0 128.0 "109564.0-111001.154=1500 110817.0-112138.615=1500" "109999.0:110565.577=128 110997.0:111120.903=128"
90000 92000 1250.757080078125 488.637451171875 368.5517883348478 749.242919921875 228.031982421875 68.86434941865552 66.89598934053721 1640.2979475702978 113.05816235257093 3.1820762498769066 202097.361325343 1500.0 128.0 113589.0-114921.578=1500 114003.0:114363.65=128
92000 94000 0.0 535.817210937503 354.7516044382478 992.4490000000078 47.235000000015134 279.5568089305834 274.77542800418064 4000.034467373177 412.8461933970844 9.31740575916537 777054.5298494209 1500.0 128.0 "113589.0-114921.578=1500 114693.0-116060.475=1500 115850.0-117196.889=1500" "114003.0:114363.65=128 114942.0:115071.141=128 115996.0:117196.839=128"
94000 96000 0.0 509.1580908203153 332.5704478703427 994.9609999999957 184.552978515625 162.550253737933 158.92035719055974 3026.563128647821 237.91921341881775 6.259793094746524 478935.1848971949 1500.0 128.0 "115850.0-117196.889=1500 117582.0-118836.572=1500" "115996.0:117196.839=128 117998.0:118612.133=128"
96000 98000 602.4708847656439 501.8443168945232 238.99363848976643 748.62109375 229.85009765623545 150.15106498232402 147.1424313787008 2513.773731646125 202.38819635054472 5.268461907392647 394470.1788748364 1500.0 128.0 "117582.0-118836.572=1500 119579.0-120944.266=1500" "117998.0:118612.133=128 120001.0:120195.688=128"
98000 100000 22.54382226562302 453.362421093756 375.59269314548794 999.7200000000012 28.21690234376001 161.20418529533617 157.95239749187297 2708.2603682244257 237.3587881385481 5.252380906780184 448483.71186607494 1500.0 128.0 "119579.0-120944.266=1500 121594.0-122849.379=1500" 121589.0:121711.713=128
100000 102000 9.159011718758848 560.6637470703099 333.08122400778683 997.5270000000019 251.8139999999985 143.53851763129023 140.53964198357306 2501.053295377873 215.29791802081272 4.9977512954343775 393730.43999967934 1900.0 128.0 "121594.0-122849.379=1500 123595.0-125390.245=2300" 123593.0:123713.46=128
102000 104000 7.998359375007567 556.3539101562492 334.7886322013395 986.2629999999917 233.4140000000043 220.52547343067945 217.51609631619357 2509.8955303971125 330.2006256736629 5.018754228971764 611136.9845155554 2300.0 128.0 "123595.0-125390.245=2300 125583.0-127463.44=2300" 125582.0:125695.453=128
104000 106000 16.861804687490803 559.9850068359374 329.5732796991418 990.3099999999831 259.0240000000049 257.60382008167744 254.61079060625116 2496.130818308958 350.5578007733886 4.986058950852632 624982.9145644442 2300.0 128.0 "125583.0-127463.44=2300 127591.0-129341.169=2300" 127589.0:127703.793=128
106000 108000 11.370835937501397 553.5147910156193 340.4542665676846 995.1140000000014 225.42999999997846 228.0331854354432 225.033685546554 2501.5789064447 315.77374920495413 4.998999777778385 628645.4183647145 2300.0 128.0 "127591.0-129341.169=2300 129595.0-131226.48=2300" 129590.0:129708.221=128
108000 110000 9.79122851563443 561.5279428710892 332.53642037198966 998.2449999999953 255.90299999999115 189.3847340206914 186.3897132851835 2497.8074592976636 256.7124221476169 4.990041471015827 532502.1131783468 2300.0 128.0 "129595.0-131226.48=2300 131595.0-133422.328=2300" 131594.0:131713.683=128
110000 112000 3.3708964843535796 556.7890258789121 335.2276130921671 987.814000000013 230.52700000000186 207.24708905988788 204.2357714437641 2511.5294327762203 292.90743483428326 5.022635232247554 611594.5518123358 2300.0 128.0 "131595.0-133422.328=2300 133586.0-135347.466=2300" 133585.0:133708.589=128
112000 114000 26.3589375000156 551.1335932617149 336.68963259000253 987.9159999999974 230.893310546875 218.52854923751306 216.2742016083969 1875.6299090051743 309.2946570854155 3.5086952582323088 567591.3188786587 1900.0 128.0 "133586.0-135347.466=2300 135597.0-136974.574=1500" 136000.0:136870.806=128
114000 116000 23.008181640616385 567.6651035156276 287.26425391233636 977.2030000000086 233.198974609375 186.916493046259 183.55635806353374 2805.241126067355 264.3622727107997 4.976579110711075 461643.56888245384 1500.0 128.0 "135597.0-136974.574=1500 137582.0-138994.565=1500" "136000.0:136870.806=128 137998.0:138889.736=128"
116000 118000 38.70217968750512 568.7967992187536 285.0281371404384 971.3319999999949 231.491943359375 185.94757516468846 182.9719898874142 2481.491632910404 255.52350384457924 4.920295685230289 461640.4986337765 1500.0 128.0 "137582.0-138994.565=1500 139580.0-140912.066=1500" "137998.0:138889.736=128 140000.0:140976.684=128"
118000 120000 505.1759921874909 479.9966320312524 250.36133711527933 750.574951171875 232.715087890625 162.00247717494074 159.3966845755093 2175.342045901027 227.51506266088924 5.234832166179478 411095.4767243637 1500.0 128.0 "139580.0-140912.066=1500 141586.0-142959.349=1500" "140000.0:140976.684=128 141998.0:142682.826=128"
120000 122000 30.497132812510245 529.8409578124993 327.1059282483322 998.5389999999898 233.7548828125 142.88722932234384 139.53542060563905 2792.4801911450104 209.504638526222 5.173501935953747 419959.911261341 1500.0 128.0 "141586.0-142959.349=1500 143585.0-144881.707=1500" "141998.0:142682.826=128 143997.0:144488.596=128"
122000 124000 1357.2779453124967 299.91905729167047 54.822796013705904 361.68799999999464 257.03511718750815 76.05819402975315 75.25304267213617 676.8900089066559 95.77936085980977 1.8917369694309312 187154.83637145988 1500.0 128.0 143585.0-144881.707=1500 143997.0:144488.596=128
124000 126000 190.0400390625 632.8572214843822 390.32427863318105 999.2110000000102 180.860107421875 211.7294970651781 205.7294970651781 5004.0 286.52683082363956 11.0 526163.8730635617 1500.0 128.0 "146534.0-147848.936=1500 147743.0-149002.188=1500" "147000.0:147693.032=128 147864.0:148004.48=128"
126000 128000 481.315185546875 584.6082356770834 302.8410107815083 770.139892578125 235.139892578125 154.84868812704508 152.93531921323915 1593.715956140751 234.96368038892186 3.0759638578205726 488835.78833197773 1500.0 128.0 "147743.0-149002.188=1500 149594.0-151086.665=1500" 149996.0:150567.736=128
128000 130000 29.74905664063408 507.55363945311984 337.83864994979564 998.8839999999909 235.72509765625 156.81086194985207 153.68568810460934 2602.108947522473 236.74557928763244 4.725614691433575 438473.59859835566 1500.0 128.0 "149594.0-151086.665=1500 151607.0-152895.174=1500" "149996.0:150567.736=128 151995.0:152729.271=128"
130000 132000 28.960849609371508 542.1662742187502 314.66307338957597 997.1600000000035 235.339111328125 158.08715979925375 154.51438659441519 2983.0633149915775 221.95875962185372 6.421053378520411 416989.3059015703 1500.0 128.0 "151607.0-152895.174=1500 153567.0-154851.181=1500" "151995.0:152729.271=128 153995.0:154186.963=128"
132000 134000 93.66116015627631 432.6021667968715 368.9446493926964 960.109999999986 20.488888671883615 135.52660552905152 132.88961425949893 2197.5772728918664 204.04567863317112 3.9693830342518197 369863.764821572 1500.0 128.0 "153567.0-154851.181=1500 155608.0-156921.042=1500" 155995.0:156190.248=128
134000 136000 105.8529628906108 513.5737972005251 389.24602416982214 991.4150000000081 106.26500000001397 251.99718752961948 248.24549476305936 3133.534508453332 343.7594712447813 7.807985037973623 635446.6692829626 1500.0 128.0 "155608.0-156921.042=1500 156744.0-158137.153=1500" 156940.0:157060.097=128
136000 138000 1252.1630859375 492.1129150390625 361.64834764322944 747.8369140625 236.388916015625 79.20968314466576 77.23175691745826 1647.9642169147492 130.85791690569184 2.9668893408112593 235455.39357664715 1500.0 128.0 159576.0-160771.458=1500 159995.0:160777.885=128
138000 140000 0.0 552.8808699776793 374.30345197950186 999.2449999999953 0.0 253.03708016736098 247.40188257023138 4712.286043177109 383.7237805692139 10.259358307862987 690150.7466862613 1500.0 128.0 "159576.0-160771.458=1500 160619.0-161793.045=1500 161816.0-163169.388=1500" "159995.0:160777.885=128 160794.0:161014.243=128 161820.0:161933.897=128"
140000 142000 134.19100390624953 525.9417509765626 328.5409522736395 994.69200000001 237.9580078125 176.4062824160507 173.66938718038057 2281.7657503142236 230.6126580324375 3.9611189532475186 450596.5407134307 1500.0 128.0 "161816.0-163169.388=1500 163584.0-164757.709=1500" 163993.0:164673.742=128
142000 144000 7.802935546904337 511.04460117186534 348.59892051302114 961.6179999999877 0.0 155.03966276168947 151.74704944159498 2747.080453639582 226.91523674771415 5.097898158281711 437116.816914059 1500.0 128.0 "163584.0-164757.709=1500 165589.0-166744.572=1500" "163993.0:164673.742=128 165585.0:165710.747=128"
144000 146000 35.78200585936429 566.2248388671869 309.94292979583525 985.4230000000098 308.56099999998696 128.96127666122084 125.98965428494034 2478.106040828176 198.84200913736234 4.943244752560988 373369.3718591238 1900.0 128.0 "165589.0-166744.572=1500 167617.0-169444.326=2300" 167609.0:167738.963=128
146000 148000 9.58128124999348 558.3782055664124 341.59504486904433 992.0860000000102 206.50200000000768 219.05991061239536 216.02454541337357 2531.7774975763555 312.6883515614175 5.0707303980436 629791.6603526055 2300.0 128.0 "167617.0-169444.326=2300 169582.0-171097.091=2300" 169580.0:169693.763=128
148000 150000 32.297023437480675 556.025547363286 329.7736723118635 996.6020000000135 262.23099999999977 161.9271118917886 158.96016854081134 2474.1663015228455 233.76172647144898 4.933886701954503 479688.0159744821 2300.0 128.0 "169582.0-171097.091=2300 171616.0-173607.199=2300" 171610.0:171726.025=128
150000 152000 7.749230468762107 587.2664550781265 348.0550327823347 993.0620000000054 225.40100000001257 240.98082908586792 238.10110726932055 2406.266633180697 320.86428331922104 5.011301071630461 641258.0698181952 2300.0 128.0 "171616.0-173607.199=2300 173627.0-175772.845=2300" 173613.0:173737.962=128
152000 154000 7.868134765623836 587.8982416992149 341.8877446888006 996.55799999999 251.84988281250116 237.7803921060079 234.53861766771055 2700.033213398572 336.08700591893734 5.2316914380590145 599693.95947285 1900.0 128.0 "173627.0-175772.845=2300 175793.0-177131.793=1500" 175583.0:175705.487=128
154000 156000 33.60520507811452 548.1016894531276 367.6282621950383 982.9950000000244 226.011962890625 150.93217904320434 148.55972207986053 1974.8327124308446 200.2598815168481 3.467405098935991 459080.5621585749 1500.0 128.0 "175793.0-177131.793=1500 177588.0-178833.057=1500" 178002.0:178588.38=128
156000 158000 63.34903906250838 503.33847421875106 319.25711200943044 988.8159999999916 231.34130859375 114.68978124565137 111.74719541734561 2453.6564040868084 156.19743341986256 5.162680484363147 311562.1827024441 1500.0 128.0 "177588.0-178833.057=1500 179584.0-181279.076=1500" "178002.0:178588.38=128 180000.0:180596.561=128"
158000 160000 59.490960937488126 507.78701484376217 289.49076136891813 941.094000000041 237.4892578125 201.2045195083727 198.1477276541515 2549.7051535167266 270.6267064266857 5.113583708442425 548593.2402764871 1500.0 128.0 "179584.0-181279.076=1500 181585.0-182789.318=1500" "180000.0:180596.561=128 181994.0:182528.006=128"
160000 162000 61.62612695308053 493.91934335938424 301.0512991769528 944.9370000000054 235.3291015625 130.08659240183735 126.95779271124776 2610.183591994565 171.50319098494495 5.257599381179157 370659.95649151405 1500.0 128.0 "181585.0-182789.318=1500 183593.0-184966.841=1500" "181994.0:182528.006=128 183996.0:184403.967=128"
162000 164000 71.03279687499162 467.38227734375977 321.392921148722 938.390000000014 171.7268984375114 123.47302381715211 120.50321118474609 2476.6254817837716 162.78883667363158 4.939625264812022 394774.7375562901 1500.0 128.0 "183593.0-184966.841=1500 185604.0-186973.168=1500" "183996.0:184403.967=128 185995.0:186420.453=128"
164000 166000 37.04813476558775 477.7001351562503 333.8376272850585 994.2829999999958 188.25071484371438 125.19159551987225 122.10632320951134 2574.3247316157585 163.31025029387456 4.42349608993335 402788.0705092333 1500.0 128.0 "185604.0-186973.168=1500 187580.0-188967.395=1500" "185995.0:186420.453=128 187994.0:188802.688=128"
166000 168000 212.17984570312547 515.4006312500045 287.27246319841026 982.0869999999995 234.1259765625 152.49758248431954 149.14887647524338 2794.913047623993 188.00979111669702 5.865227289237774 393130.3753686051 1500.0 128.0 "187580.0-188967.395=1500 189575.0-190901.739=1500" "187994.0:188802.688=128 189997.0:190362.405=128"
168000 170000 11.586996093770722 471.04100273437217 339.8620353008434 996.4599999999919 130.28102343750652 146.2530442633789 143.3273413762371 2439.590425199134 204.24737953945387 4.847114347981366 443272.46703656606 1500.0 128.0 "189575.0-190901.739=1500 191567.0-192834.501=1500" "189997.0:190362.405=128 191995.0:192412.204=128"
170000 172000 15.251289062493015 479.54854492187735 327.423897182456 993.1389999999956 179.74401367187966 125.4844008651866 122.49519031957662 2492.936858312385 168.19067478055035 4.974697681413037 395147.5501816601 1500.0 128.0 "191567.0-192834.501=1500 193594.0-194878.323=1500" "191995.0:192412.204=128 193998.0:194417.172=128"
172000 174000 243.40996093751164 435.30078867187257 245.71578085732764 773.487999999983 185.21199999999953 130.00919953284162 126.98620416874502 2521.3161058411374 154.93840300660378 5.033594336672519 368308.8740118906 1500.0 128.0 "193594.0-194878.323=1500 195580.0-196964.172=1500" "193998.0:194417.172=128 195996.0:196401.249=128"
174000 176000 64.13574804685777 468.53666210938246 327.8821317722599 978.7240000000165 169.68209570311592 145.7788344032282 142.6900584894208 2576.5717675981896 195.0036104184661 5.777196314947705 410880.121951748 1500.0 128.0 "195580.0-196964.172=1500 197568.0-199001.536=1500" "195996.0:196401.249=128 197994.0:198349.206=128"
176000 178000 16.501320312410826 466.416728125012 353.05188198805274 995.9960000000428 117.2380371093459 153.9724028597118 151.28983702113447 2235.355304404955 217.9298728109354 4.365131677154655 443645.4472139895 1500.0 128.0 "197568.0-199001.536=1500 199583.0-200918.191=1500" "197994.0:198349.206=128 200000.0:200658.951=128"
178000 180000 37.36185937502887 525.1685011718713 298.47287323873087 996.1179999999877 236.8212890625 146.5181583074554 143.32431681498377 2664.826853676165 198.49416783477014 5.387682984943249 450495.4335416895 1500.0 128.0 "199583.0-200918.191=1500 201604.0-202955.733=1500" "200000.0:200658.951=128 201994.0:202428.994=128"
180000 182000 13.079193359328201 482.9836828125175 338.4865860298234 997.185999999987 197.25371093751164 135.73374558107167 133.01646861097518 2264.5126548810413 177.16157755514564 4.434553940192956 414536.06419356517 1500.0 128.0 "201604.0-202955.733=1500 203582.0-204869.306=1500" "201994.0:202428.994=128 204000.0:204878.911=128"
182000 184000 0.24079687503399327 602.9544652343727 211.829183836064 749.819091796875 236.0100097655959 131.89380150564284 128.08834198964607 2343.6411853482496 153.0435304203434 4.576762343329819 369452.85411249544 1500.0 128.0 "203582.0-204869.306=1500 205562.0-206981.191=1500" "204000.0:204878.911=128 205995.0:206122.559=128"
184000 186000 0.0 583.146561104929 314.62331494891134 984.054999999993 197.7109375 233.7574732358297 227.2856812175604 5772.023068561704 355.84388600848564 11.306744481699692 764004.18987514 1500.0 128.0 "205562.0-206981.191=1500 206804.0-208235.799=1500" 207002.0:207931.538=128
186000 188000 0.0 636.0334676339365 347.5555745584995 996.0979999999981 147.28790820311406 254.1102230080974 249.89451447478666 3596.3059242764043 390.4737726365613 9.10241331012408 773516.6853588731 1500.0 128.0 "206804.0-208235.799=1500 208255.0-209368.123=1500 209192.0-210490.474=1500" "208262.0:208379.104=128 209381.0:210395.654=128"
188000 190000 27.24339648435125 448.85379785157176 322.48674960182024 992.0629999999946 163.9568925781059 193.41276867296494 190.47786372152888 2441.81787554511 267.1181635854487 4.8698099028720785 425654.46892971866 1500.0 128.0 "209192.0-210490.474=1500 211541.0-212770.105=1500" "209381.0:210395.654=128 211539.0:211656.005=128"
190000 192000 70.28904492183938 544.5765454101638 320.0201066564212 964.8539999999921 281.93800000002375 174.97081913269284 172.03821729941058 2445.250743623651 201.18778437421088 4.865203666564492 391138.0492105469 1900.0 128.0 "211541.0-212770.105=1500 213604.0-215242.343=2300" 213600.0:213718.357=128
192000 194000 9.416953125037253 560.1275117187397 325.7773052914805 989.2360000000044 249.92699999999604 164.0943742010766 161.09005164108484 2505.6395955130374 224.38002421990154 5.008645119983461 569203.159112623 2300.0 128.0 "213604.0-215242.343=2300 215606.0-217270.034=2300" 215604.0:215714.788=128
194000 196000 8.390224609349389 559.4746938476601 324.78079943261855 979.015000000014 246.28899999998976 182.57620338178785 179.55920288792052 2516.3144158362948 241.92394637082998 5.034000987734667 580692.2378615588 2300.0 128.0 "215606.0-217270.034=2300 217589.0-219167.738=2300" 217587.0:217712.347=128
196000 198000 28.89121093749418 557.2629985351668 323.78870438804745 980.8450000000012 260.85800000000745 183.15291072124438 180.16009758727438 2495.9486588027676 235.17048425035108 4.985626267940066 536113.7834331131 2300.0 128.0 "217589.0-219167.738=2300 219598.0-221511.722=2300" 219595.0:219717.561=128
198000 200000 7.012777343770722 577.1774580078418 293.90670175347117 975.6950000000361 350.67800000004354 213.84507198080098 210.48252888225585 2807.261288974996 265.915263188731 4.969987039052907 615406.0678201262 2300.0 128.0 "219598.0-221511.722=2300 221574.0-223489.143=2300" 221573.0:221695.066=128
200000 202000 2.403945312544238 582.2117617187541 285.21388731961645 978.9979999999923 371.83600000003935 197.42698983765484 194.42698983765484 2502.0 271.6360104031708 4.9566255481075405 626177.2693251306 2300.0 128.0 "221574.0-223489.143=2300 223590.0-225306.62=2300" 223588.0:223715.17=128
202000 204000 7.74305468754028 562.3954858398429 335.0131827200614 992.8769999999786 217.75 185.43215018160802 182.79031268630462 2200.4271710454505 245.20985129086233 5.082148600536574 591597.9321622568 2300.0 128.0 "223590.0-225306.62=2300 225591.0-227046.89=2300" 225588.0:225708.273=128
204000 206000 9.513896484364523 556.3175258789124 337.9280329925377 995.3839999999909 234.7840000000142 172.61217443890223 169.6155097111821 2499.1917007403517 211.41188055481058 4.993329455440265 495413.6901161733 2300.0 128.0 "225591.0-227046.89=2300 227593.0-229334.909=2300" 227587.0:227706.485=128
206000 208000 243.69902343748254 585.4336588541724 297.0904947195715 922.4080000000249 361.27798632808845 122.53002964945325 121.16853187247678 1124.381128214198 149.23407559650914 2.2441348679965794 361752.94838488474 2300.0  227593.0-229334.909=2300 
208000 210000 1272.315990234376 363.84200488281203 99.60448231684866 434.2730097656313 293.4109999999928 1.9577213719127706 0.9577213719127706 820.0 3.436582057869156 2.478860685956385 1393.0057354471248    
210000 212000 1133.5280000000203 866.4719999999797  866.4719999999797 866.4719999999797 2.0 1.0 820.0 3.0 2.0 2909.0    
212000 214000 875.7170410155959 448.28400325522915 475.1515503696297 993.7170000000333 124.126953125 51.60277533277916 49.01142023596581 2159.1924872945974 94.46306016862255 4.04556106819069 217785.91675826622 1500.0 128.0 235544.0-236833.012=1500 236004.0:236235.4=128
214000 216000 0.0 730.1595929687435 289.2692183411847 986.8509999999951 236.4489746093459 209.070670661718 204.0717606820316 4182.630176965221 255.5227715143727 9.134969084808878 597160.7370749597 1500.0 128.0 "235544.0-236833.012=1500 236721.0-237999.589=1500 237968.0-239331.782=1500" "236004.0:236235.4=128 236850.0:236970.588=128 237994.0:238136.463=128"
216000 218000 0.0 512.5094605468854 420.79673982356195 987.4090000000142 164.1320253906306 202.02184787335156 198.65342177650325 2811.39530369929 281.9744914654741 7.736852193696652 680192.2505679713 1500.0 128.0 "237968.0-239331.782=1500 239276.0-240660.421=1500" 239355.0:239510.295=128
218000 220000 8.778960937488591 583.8194697265717 388.00401016006106 998.6220000000612 41.171722656232305 283.0782672035273 278.46099046804153 3861.7470112790315 369.66824309675746 8.234553470971573 730793.1864702301 1500.0 128.0 "239276.0-240660.421=1500 240549.0-241796.67=1500 241661.0-243001.474=1500" "240678.0:241304.434=128 241726.0:241889.497=128"
220000 222000 21.5269843749993 511.4888356119821 306.90053490672824 999.7429999999877 178.06298828125 221.30784274418522 217.09493126479416 3522.0512831769074 302.34769973742254 8.42582295878218 660149.4460605835 1500.0 128.0 "241661.0-243001.474=1500 242850.0-244184.597=1500 244053.0-245308.51=1500" "242995.0:243355.402=128 244213.0:244356.927=128"
222000 224000 8.659027343732305 491.2181726562558 387.3093901747003 999.265000000014 168.6298828125 182.61474788238846 178.8188618019826 3172.186731234847 240.69605450411473 6.591772160811683 564222.58657669 1500.0 128.0 "244053.0-245308.51=1500 245580.0-246857.155=1500" "244213.0:244356.927=128 245999.0:246353.6=128"
224000 226000 626.1198652343883 444.1555141601493 286.3591188284735 748.468017578125 164.92991015623556 133.11439838950736 130.44481711646912 2228.9401295139787 170.16111708478815 4.588710332846565 409223.3083711307 1500.0 128.0 "245580.0-246857.155=1500 247612.0-248967.574=1500" "245999.0:246353.6=128 247993.0:248245.401=128"
226000 228000 33.53193945312523 455.5890644531231 386.77521034699373 997.625 77.82198828124092 151.99157525492123 149.07061545587698 2430.571907176129 200.05878020517432 4.321139881718799 417442.1118722387 1500.0 128.0 "247612.0-248967.574=1500 249608.0-250994.105=1500" "247993.0:248245.401=128 249998.0:250522.085=128"
228000 230000 32.673912109370576 494.8946089843812 329.969281561457 969.7360000000044 233.2893066406541 154.06423848783254 151.04845219380397 2515.7105294462763 212.54450513390765 5.019290285981924 458183.8464647472 1500.0 128.0 "249608.0-250994.105=1500 251614.0-252856.538=1500" "249998.0:250522.085=128 251998.0:252572.928=128"
230000 232000 0.0 645.7763056640591 338.3053675315446 994.3649999999907 208.68896484375 267.0400121576217 261.5769618856626 4572.362936055926 350.9553654640536 9.469812842053908 745672.8071255451 1500.0 128.0 "251614.0-252856.538=1500 252685.0-253965.648=1500 253774.0-255100.33=1500" "251998.0:252572.928=128 252886.0:253056.926=128 253998.0:254711.777=128"
232000 234000 645.0810078124923 455.7954423828123 414.47698159570024 998.6270000000077 0.0 103.09362401216745 101.74776711886841 1111.2115041577952 134.60791162531217 3.431515720137151 271162.8026576374 1500.0 128.0 253774.0-255100.33=1500 253998.0:254711.777=128
234000 236000 1250.072021484404 509.6759521484346 229.4928523753318 671.951904296875 347.3999999999942 78.19087350140447 75.51880264056524 2225.883664826624 112.76199137833021 4.344141721678443 261846.56020089026 1500.0 128.0 257559.0-258683.532=1500 257558.0:257669.639=128
236000 238000 67.99901367185521 542.0739770507862 324.2731299647277 945.0419999999867 236.294921875 103.35081978487126 100.85020620683095 2083.0037480856936 147.35090327295578 3.744784843953356 311238.6448062816 1500.0 128.0 "257559.0-258683.532=1500 259585.0-261023.416=1500" 259995.0:260206.918=128
238000 240000 0.0 522.2401473214393 363.8620534884267 990.9830000000075 21.689941406308208 228.9140101560307 223.1895936177173 4792.677407929769 302.32242462059367 10.72697290259276 645182.4106021498 1500.0 128.0 "259585.0-261023.416=1500 260895.0-262060.007=1500 261964.0-263210.062=1500" "260995.0:261113.82=128 261996.0:262151.92=128"
240000 242000 274.4869394531124 496.0912602539029 441.70557609258645 977.9610585937626 26.972097656223923 193.204045156033 191.2601969173015 1619.3243619582593 271.01857992323016 4.115545709390411 594756.6999364992 1500.0 128.0 "261964.0-263210.062=1500 263584.0-264866.623=1500" 263999.0:264682.577=128
242000 244000 1119.9558183593908 330.5515488281235 122.90102030479247 450.03411718748976 203.132080078125 89.63070763501527 88.06391135138361 1307.947327330794 111.21470352803576 2.6801730717192194 237815.38249765206 1500.0 128.0 "263584.0-264866.623=1500 266147.0-267335.55=1500" 263999.0:264682.577=128
244000 246000 0.0 685.5833180338572 334.5692317456894 994.5899999999674 44.4599609375 219.9804807321249 214.38822623168105 4665.163489868859 308.9809244976557 10.209799905818308 625446.4503520443 1500.0 128.0 "266147.0-267335.55=1500 267177.0-268848.211=1500" "266496.0:267343.332=128 267355.0:268816.854=128"
246000 248000 635.4026503906352 400.3696671874961 264.54522940209375 748.143310546875 148.32097265624907 154.618207208396 152.7537888172326 1552.5144328152003 197.80884639745227 3.1520288626160093 416277.37208911474 1500.0 128.0 "267177.0-268848.211=1500 269600.0-270853.794=1500" "267355.0:268816.854=128 269996.0:270662.99=128"
248000 250000 630.6190644531162 404.57690234375184 209.34345868469745 747.408935546875 232.722900390625 104.75809245695223 101.66126062337695 2583.476513436471 136.06859829497003 4.735538903016213 331059.0604894721 1500.0 128.0 "269600.0-270853.794=1500 271597.0-273057.066=1500" "269996.0:270662.99=128 271998.0:272803.02=128"
250000 252000 0.0 539.126691406258 347.86318192474334 999.5630000000237 205.06005859375 246.7868360849352 241.11381667355693 4744.7955480865785 298.1305733885951 10.764666944690795 675604.9087282036 1500.0 128.0 "271597.0-273057.066=1500 272789.0-274007.494=1500 273769.0-275189.325=1500" "271998.0:272803.02=128 272997.0:273336.518=128 273996.0:274367.808=128"
252000 254000 475.90505859372206 553.2655442708443 363.0901971887816 794.6789414062514 135.70169140625512 117.5659272842369 116.20019692035387 1127.21350566175 143.34245469818129 3.526347134524486 318156.5102976924 1500.0 128.0 273769.0-275189.325=1500 273996.0:274367.808=128
254000 256000 1253.302001953125 520.751953125 319.5359610930762 746.697998046875 294.805908203125 44.800931319246914 42.617307848516404 1815.972516821987 65.76797479897559 4.367246941461026 121554.27083165073 2300.0 128.0 277936.0-279733.963=2300 277932.0:278235.542=128
256000 258000 480.6198867187486 453.77827343750687 352.1288777946289 793.0210000000079 44.90900195314316 162.1990686807531 160.3826921514836 1506.0274831780127 228.2320252010244 3.632753058538974 474857.7291683493 2300.0 128.0 277936.0-279733.963=2300 277932.0:278235.542=128
258000 260000 1251.81591796875 487.6080322265625 368.51018366339616 748.18408203125 227.031982421875 66.73974938120553 64.69336630864696 1705.9925734846433 107.55425584082855 3.0695746088378497 208887.78077091798 1500.0 128.0 281560.0-282915.838=1500 282004.0:282281.602=128
260000 262000 0.0 611.4991490885635 376.3839854938495 997.1910000000498 94.800048828125 258.23882368027876 253.3125631776102 4116.48426481319 365.8608610572832 9.331947648664098 686387.0042371633 1500.0 128.0 "281560.0-282915.838=1500 282791.0-284204.285=1500 284098.0-285358.409=1500" "282004.0:282281.602=128 282939.0:283213.551=128 284216.0:284482.15=128"
262000 264000 30.8287929687649 498.55084609375336 332.0310225075791 976.6589999999851 233.5380859375 195.3731099647081 191.72508141304095 3046.3266908744145 260.811331490714 6.559293286811905 546457.332115179 1500.0 128.0 "284098.0-285358.409=1500 285600.0-287008.313=1500" "284216.0:284482.15=128 285998.0:286256.523=128"
264000 266000 59.52381835930282 440.1622058593901 386.57423679806027 994.2039999999688 25.60291406250326 138.59649996522498 136.31292813859574 1900.0948931589007 193.4349577373629 3.847672362733142 392770.5631875805 1500.0 128.0 "285600.0-287008.313=1500 287583.0-289144.672=1500" "285998.0:286256.523=128 287996.0:288985.369=128"
266000 268000 34.41480468749069 589.2073714843834 308.2735919934764 986.0100000000093 232.406982421875 180.16736375631595 176.67276065481445 2918.1331038898206 248.37638417640716 5.271978315947609 493565.90588755783 1500.0 128.0 "287583.0-289144.672=1500 289556.0-290750.744=1500" "287996.0:288985.369=128 289999.0:290582.766=128"
268000 270000 20.862998046854045 512.6534214843763 303.51923210931545 988.3180000000284 233.840087890625 141.61167383010417 138.83552005058007 2313.242978378422 169.61430625131726 5.269535446103545 347116.65082265524 1500.0 128.0 "289556.0-290750.744=1500 291599.0-292925.543=1500" "289999.0:290582.766=128 291997.0:292432.669=128"
270000 272000 32.70121289062081 479.75899726562204 329.2948923441008 990.7490000000107 200.7269121093559 127.47394751029276 124.3632002711004 2595.7538773434258 175.7100477774595 4.457409736224489 384519.8768515549 1500.0 128.0 "291599.0-292925.543=1500 293590.0-295045.074=1500" "291997.0:292432.669=128 294000.0:294808.719=128"
272000 274000 226.64795117184985 516.7729464843869 278.0834151794575 965.0520000000251 238.535888671875 177.64210395479867 174.50749262038784 2615.0735209051113 231.67964038092947 5.457477705464281 405774.126527064 1500.0 128.0 "293590.0-295045.074=1500 295557.0-296991.227=1500" "294000.0:294808.719=128 295992.0:296560.589=128"
274000 276000 233.79205468745204 465.9236628906336 232.80167599376384 818.5830000000424 234.4892578125 150.13540900566645 147.03717847290642 2584.5136475184036 202.16847443529292 5.146550534199427 377595.1569741986 1500.0 128.0 "295557.0-296991.227=1500 297606.0-298952.722=1500" "295992.0:296560.589=128 297997.0:298449.952=128"
276000 278000 11.165041015599854 488.7551281250082 328.2792186684489 998.9920000000275 217.67774218751583 166.3621560471161 163.40824995209252 2463.281119819809 239.2755040940421 5.533552426885417 436575.3870452809 1500.0 128.0 "297606.0-298952.722=1500 299587.0-300881.687=1500" "297997.0:298449.952=128 299994.0:300497.07=128"
278000 280000 6.136888671841007 498.8052496093791 320.8427087360707 999.2540000000154 235.278076171875 151.82664331368613 148.93356514237377 2412.185663902392 239.18180944697357 4.147431677874254 394088.75142730115 1500.0 128.0 "299587.0-300881.687=1500 301598.0-302996.631=1500" "299994.0:300497.07=128 301994.0:302640.466=128"
280000 282000 11.568749999976717 526.8540312500088 301.5603111239676 998.829000000027 237.531982421875 180.70829782743186 177.59872159245586 2594.5191878220603 253.92048440491394 5.85787713470248 463923.2336369729 1500.0 128.0 "301598.0-302996.631=1500 303576.0-304882.413=1500" "301994.0:302640.466=128 303994.0:304416.408=128"
282000 284000 0.0 635.7267727864479 300.1411178192425 962.920999999973 213.719970703125 251.47417488252742 245.9493253247517 4624.398478089406 350.6230976389096 9.824904072462044 710851.5065592375 1500.0 128.0 "303576.0-304882.413=1500 304660.0-305917.033=1500 305745.0-307092.133=1500" "303994.0:304416.408=128 304899.0:305106.014=128 305936.0:306471.316=128"
284000 286000 5.521634765609633 638.1402563476586 287.617731112394 984.8630000000121 280.92302929685684 177.98931466969404 175.3575121193221 2191.977747413151 280.04051453599783 5.488400143833284 531823.9693712747 1500.0 128.0 "305745.0-307092.133=1500 307599.0-308759.853=1500" "305936.0:306471.316=128 307596.0:307759.219=128"
286000 288000 15.096945312456228 556.1325136718806 333.36993863603334 996.1160000000382 239.62699999997858 117.38677893201265 114.39392367208364 2495.984128860213 192.8278195015887 4.985710519857989 327668.138656593 1900.0 128.0 "307599.0-308759.853=1500 309610.0-311553.682=2300" 309607.0:309765.967=128
288000 290000 7.61308984371135 584.2484819336096 288.93583780824014 982.9660000000149 369.4230000000098 274.8224442370243 271.4471020473252 2818.0381237266356 362.4368316471299 4.976493164973192 603085.4396311535 2300.0 128.0 "309610.0-311553.682=2300 311595.0-313563.981=2300" 311591.0:311752.149=128
290000 292000 5.076992187474389 588.4722651367192 284.64681224459565 991.2229999999981 386.2110937500256 248.79859118121811 245.79859118121811 2502.0 357.53164085234914 4.950530138903778 629767.606631469 2300.0 128.0 "311595.0-313563.981=2300 313614.0-315464.325=2300" 313610.0:313810.193=128
292000 294000 1.5286953125032596 550.3059873046877 334.52832109761295 966.5250000000233 182.6919999999809 208.4871880749026 205.84541485404964 2200.3730519582023 317.859795079299 5.107207517227159 627328.6818117435 2300.0 128.0 "313614.0-315464.325=2300 315591.0-317327.178=2300" 315589.0:315740.811=128
294000 296000 29.629820312431548 483.69427304689304 323.9088287842913 978.6180000000168 178.71199999999953 179.2618760541627 176.27080524516867 2494.481621172963 270.99481156115695 4.982141617988036 554482.662620461 2300.0 128.0 "315591.0-317327.178=2300 317601.0-319463.407=2300" 317597.0:317796.967=128
296000 298000 11.382312499976251 442.99953750000566 380.6540601954546 983.1080000000075 0.0 192.66592149115664 189.65450590030326 2511.6119274985103 265.22655785019117 5.0228311817066755 606067.4431951406 2300.0 128.0 "317601.0-319463.407=2300 319591.0-321333.593=2300" 319587.0:319746.185=128
298000 300000 28.357085937517695 561.3657529296761 322.1542500887988 991.3640000000014 279.34499999997206 191.8873176579847 188.90868582618492 2484.008002375423 252.1732664723711 4.957263663599579 563500.4331015465 2300.0 128.0 "319591.0-321333.593=2300 321608.0-323310.089=2300" 321604.0:321869.914=128
300000 302000 1623.7459804687533 376.25401953124674  376.25401953124674 376.25401953124674 40.35061458248745 39.973506034987565 317.52539699490126 57.697607767482054 0.7542170949997654 122282.34893795446 2300.0  321608.0-323310.089=2300 
