ts te idle avg_span std_span max_span min_span c_bytes_all s_bytes_all avg_video_rate avg_audio_rate video_requests_sequence audio_requests_sequence
0 5000 5000.0 0.0 0.0 0.0 0.0 0.0 0.0 0.0 0.0 - -
5000 10000 2112.369916015654 721.9075209960865 471.45231667231906 999.9130000000005 20.861083984375 69672.69193778664 10801963.130569406 4800.0 128.0 6738.0#6738.0#4400_7025.0#7025.0#4400_7124.0#7124.0#4400_7225.0#7225.0#4400_7336.0#7336.0#4400_7432.0#7432.0#4400_7549.0#7549.0#4400_9074.0#9074.0#4400_9837.0#9837.0#8000 6735.0#6735.0#128_7029.0#7029.0#128_7164.0#7164.0#128_7273.0#7273.0#128_7453.0#7453.0#128_7565.0#7565.0#128_7676.0#7676.0#128_9071.0#9071.0#128_9828.0#9828.0#128
10000 15000 2901.449083984422 699.5169720051927 255.90119854270208 921.8059999999823 419.7719999999972 23401.308062213364 4410177.869430595 8000.0 128.0 9837.0#9837.0#8000_12328.0#12328.0#8000_13835.0#13835.0#8000 12327.0#12327.0#128_13832.0#13832.0#128
15000 20000 3524.0929999999935 737.9535000000033 227.77960031681107 899.0179999999818 576.8890000000247 21686.0 3988338.0 8000.0 128.0 16740.0#16740.0#8000_17842.0#17842.0#8000 16739.0#16739.0#128_17836.0#17836.0#128
20000 25000 2855.451000000001 714.8496666666664 343.8469426653985 916.1010000000242 317.82199999998556 32734.0 5853571.0 8000.0 128.0 20748.0#20748.0#8000_21836.0#21836.0#8000_23830.0#23830.0#8000 20746.0#20746.0#128_21835.0#21835.0#128_23829.0#23829.0#128
25000 30000 4157.8429999999935 280.71900000000215 215.6677366158313 494.5559999999823 63.26600000000326 23633.0 4122503.0 8000.0 128.0 25329.0#25329.0#8000_28741.0#28741.0#8000 25328.0#25328.0#128_28739.0#28739.0#128
30000 35000 3662.0279863281175 445.9906712239608 453.58095426202595 951.2380000000121 73.86999999999534 36467.55937281551 7126472.264869709 8000.0 128.0 30738.0#30738.0#8000_31336.0#31336.0#8000_34756.0#34756.0#8000_34829.0#34829.0#8000 30734.0#30734.0#128_31330.0#31330.0#128_34754.0#34754.0#128_34827.0#34827.0#128
35000 40000 3906.990013671806 364.336662109398 264.60976833601126 640.8969999999972 113.56598632811802 27737.440627184496 5043677.735130291 8000.0 128.0 34829.0#34829.0#8000_36749.0#36749.0#8000_38832.0#38832.0#8000 36748.0#36748.0#128_38831.0#38831.0#128
40000 45000 4216.341908203205 261.21936393226497 185.57648968959958 415.4459999999963 55.26799999992363 29247.38740733728 5135723.596672396 8000.0 128.0 42739.0#42739.0#8000_42828.0#42828.0#8000_44747.0#44747.0#8000 42737.0#42737.0#128_42826.0#42826.0#128_44741.0#44741.0#128
45000 50000 3420.5580917969346 526.4806360676885 239.17752609704465 686.0099999999511 251.4759082031087 28159.61259266272 5172405.403327604 8000.0 128.0 44747.0#44747.0#8000_46835.0#46835.0#8000_48750.0#48750.0#8000 44741.0#44741.0#128_46831.0#46831.0#128_48749.0#48749.0#128
50000 55000 3619.6789999999455 460.10700000001816 96.15319259909012 571.1300000000047 403.6700000000419 34851.0 6120876.0 8000.0 128.0 50340.0#50340.0#8000_52333.0#52333.0#8000_54330.0#54330.0#8000 50335.0#50335.0#128_52329.0#52329.0#128_54329.0#54329.0#128
55000 60000 4019.5300488281646 326.8233170572785 141.27230207771558 409.3539999999339 163.699951171875 23360.842246415403 4188307.2110100687 8000.0 128.0 56337.0#56337.0#8000_58335.0#58335.0#8000_59835.0#59835.0#8000 56333.0#56333.0#128_58332.0#58332.0#128_59832.0#59832.0#128
60000 65000 2443.5699511718703 852.1433496093765 98.66445348619338 915.5349999999744 738.4670488281408 31941.1577535846 5802553.788989931 8000.0 128.0 59835.0#59835.0#8000_61836.0#61836.0#8000_63833.0#63833.0#8000 61835.0#61835.0#128_63832.0#63832.0#128
65000 70000 2260.403085937549 684.8992285156128 374.55987154059875 999.9890000000014 165.5869140625 21720.407690451364 4289707.440381983 8000.0 128.0 65838.0#65838.0#8000_67830.0#67830.0#8000_69833.0#69833.0#8000 65834.0#65834.0#128_67828.0#67828.0#128_69831.0#69831.0#128
70000 75000 2719.5790097655845 570.1052475586039 341.29723863120336 969.0989999999874 261.8180000000284 29304.809215997426 6622691.734116869 8000.0 128.0 69833.0#69833.0#8000_71337.0#71337.0#8000_73334.0#73334.0#8000 69831.0#69831.0#128_71333.0#71333.0#128_73330.0#73330.0#128
75000 80000 3418.1359042968834 527.2880319010388 444.57688798732164 937.244000000006 54.727000000013504 16281.78309355121 3295288.8255011477 8000.0 128.0 75335.0#75335.0#8000_77338.0#77338.0#8000 75331.0#75331.0#128_77332.0#77332.0#128
80000 85000 3940.9337167968624 353.0220944010459 324.24583687474524 696.4650000000256 52.18599999998696 32731.762130896706 6482999.0648280755 8000.0 128.0 80750.0#80750.0#8000_81084.0#81084.0#8000_84742.0#84742.0#8000_84830.0#84830.0#8000 80746.0#80746.0#128_81098.0#81098.0#128_84740.0#84740.0#128_84828.0#84828.0#128
85000 90000 4374.976283203054 208.3412389323154 168.95236031579788 392.74300000001676 60.98700000002282 17434.237869103294 3593342.9351719255 8000.0 128.0 84742.0#84742.0#8000_84830.0#84830.0#8000_86834.0#86834.0#8000 84828.0#84828.0#128_86832.0#86832.0#128
90000 95000 4053.9719394531567 315.3426868489478 52.724731225220125 370.38099999999395 265.2849999999744 36356.160234559815 7374798.600810394 8000.0 128.0 90751.0#90751.0#8000_90856.0#90856.0#8000_92745.0#92745.0#8000_94747.0#94747.0#8000 90747.0#90747.0#128_90853.0#90853.0#128_92744.0#92744.0#128_94744.0#94744.0#128
95000 100000 4087.391060546972 304.20297981767607 230.8047016240177 469.25399999995716 40.460939453099854 20243.839765440185 4426967.399189606 8000.0 128.0 94747.0#94747.0#8000_96333.0#96333.0#8000_98742.0#98742.0#8000 96331.0#96331.0#128_98740.0#98740.0#128
100000 105000 3802.3790000000154 399.2069999999949 33.14887076506403 420.64399999997113 361.0260000000126 28977.0 6179454.0 8000.0 128.0 100755.0#100755.0#8000_102337.0#102337.0#8000_104333.0#104333.0#8000 100752.0#100752.0#128_102334.0#102334.0#128_104329.0#104329.0#128
105000 110000 3943.767999999982 528.1160000000091 31.498778674758007 550.3890000000247 505.8429999999935 20538.0 4095129.0 8000.0 128.0 106331.0#106331.0#8000_108766.0#108766.0#8000 106330.0#106330.0#128_108763.0#108763.0#128
110000 115000 2854.2110000000685 715.2629999999772 340.3647624930941 913.5499999999884 322.2490000000107 28925.0 6200141.0 8000.0 128.0 110741.0#110741.0#8000_111834.0#111834.0#8000_113834.0#113834.0#8000 110739.0#110739.0#128_111832.0#111832.0#128_113833.0#113833.0#128
115000 120000 3623.104933593713 344.2237666015717 389.076050956267 921.935999999987 77.86100000003353 20384.478553461224 4116276.1592849274 8000.0 128.0 115831.0#115831.0#8000_117331.0#117331.0#8000_119836.0#119836.0#8000 115828.0#115828.0#128_117329.0#117329.0#128_119832.0#119832.0#128
120000 125000 3279.8300410156953 430.04248974607617 218.1141259066793 747.7879335936741 268.4340000000084 29146.638736064262 6384066.789081252 8000.0 128.0 119836.0#119836.0#8000_121331.0#121331.0#8000_123434.0#123434.0#8000 119832.0#119832.0#128_121329.0#121329.0#128_123431.0#123431.0#128
125000 130000 2383.290025390743 654.1774936523143 458.41402903704545 995.725999999966 25.17099999997299 17801.882710474514 3550182.051633821 8000.0 128.0 125337.0#125337.0#8000_127334.0#127334.0#8000 125332.0#125332.0#128_127329.0#127329.0#128
130000 135000 4005.006000000052 331.6646666666493 230.49362669352004 519.2189999999828 74.34899999998743 27652.0 5672404.0 8000.0 128.0 130745.0#130745.0#8000_130835.0#130835.0#8000_132753.0#132753.0#8000 130742.0#130742.0#128_130833.0#130833.0#128_132750.0#132750.0#128
135000 140000 4317.74800000008 341.1259999999602 57.14695584187216 381.5349999999162 300.7170000000042 26954.0 5883149.0 8000.0 128.0 136743.0#136743.0#8000_136830.0#136830.0#8000_138740.0#138740.0#8000 136742.0#136742.0#128_136827.0#136827.0#128_138739.0#138739.0#128
140000 145000 3997.565085937502 334.14497135416605 49.9529718838726 391.49199999996927 300.10600000002887 24000.039035305836 5274402.601887882 8000.0 128.0 140830.0#140830.0#8000_142737.0#142737.0#8000_144828.0#144828.0#8000 140830.0#140830.0#128_142735.0#142735.0#128_144826.0#144826.0#128
145000 150000 4113.384914062568 295.538361979144 117.2756306349303 418.7700000000186 185.30108593747718 21678.960964694164 4654869.398112118 8000.0 128.0 144828.0#144828.0#8000_146744.0#146744.0#8000_148333.0#148333.0#8000 146743.0#146743.0#128_148329.0#148329.0#128
150000 155000 3863.274999999965 378.90833333334496 42.223074880147564 406.8080000000191 330.3319999999949 29585.0 6131220.0 8000.0 128.0 150739.0#150739.0#8000_152340.0#152340.0#8000_154333.0#154333.0#8000 150737.0#150737.0#128_152336.0#152336.0#128_154332.0#154332.0#128
155000 160000 2980.4179453124525 673.1940182291825 433.88219541049585 927.1600000000326 172.2060546875 21259.92333731372 4401621.865137618 8000.0 128.0 155828.0#155828.0#8000_157833.0#157833.0#8000_159828.0#159828.0#8000 155828.0#155828.0#128_157830.0#157830.0#128_159827.0#159827.0#128
160000 165000 2750.28105468757 749.9063151041433 154.8298519435933 910.8709999999846 602.0439999999362 27842.076662686282 5799020.134862382 8000.0 128.0 159828.0#159828.0#8000_162744.0#162744.0#8000_163827.0#163827.0#8000 162742.0#162742.0#128_163826.0#163826.0#128
165000 170000 4025.8069999999716 487.0965000000142 602.9718726279651 913.4619999999995 60.73100000002887 19394.0 4290587.0 8000.0 128.0 166755.0#166755.0#8000_167332.0#167332.0#8000 166754.0#166754.0#128_167330.0#167330.0#128
170000 175000 1756.5169804688194 810.8707548827952 351.1596080360019 999.4859999999753 284.7700195311918 29751.193902455798 6226380.450352762 8000.0 128.0 170743.0#170743.0#8000_171339.0#171339.0#8000_173336.0#173336.0#8000 170739.0#170739.0#128_171336.0#171336.0#128_173335.0#173335.0#128
175000 180000 3032.9980195311364 655.6673268229546 195.87276120896857 870.7530000000843 487.545999999973 24944.806097544202 5244513.549647238 8000.0 128.0 175332.0#175332.0#8000_176829.0#176829.0#8000_179328.0#179328.0#8000 175329.0#175329.0#128_176827.0#176827.0#128_179328.0#179328.0#128
180000 185000 3770.958925781306 409.68035807289806 151.81558749446393 584.560999999987 311.7260742186918 28743.370758972393 6071023.165945018 8000.0 128.0 180831.0#180831.0#8000_182749.0#182749.0#8000_184742.0#184742.0#8000 180829.0#180829.0#128_182747.0#182747.0#128_184739.0#184739.0#128
185000 190000 4518.407074218732 160.53097526042257 205.4765961229078 395.42399999999907 14.108925781270955 21592.629241027604 4342304.834054982 8000.0 128.0 188749.0#188749.0#8000_188827.0#188827.0#8000 188747.0#188747.0#128_188826.0#188826.0#128
190000 195000 3887.770000000077 370.7433333333077 59.96080363319412 405.57500000001164 301.50699999992503 28879.0 5977493.0 8000.0 128.0 190829.0#190829.0#8000_192746.0#192746.0#8000_194340.0#194340.0#8000 190828.0#190828.0#128_192744.0#192744.0#128_194332.0#194332.0#128
195000 200000 4245.655999999959 377.1720000000205 66.56844659445869 424.24300000001676 330.1010000000242 20944.0 4146987.0 8000.0 128.0 196330.0#196330.0#8000_198759.0#198759.0#8000 196328.0#196328.0#128_198756.0#198756.0#128
200000 205000 3258.6999999999534 580.4333333333489 300.0549286319941 926.9030000000494 405.7709999999497 28951.0 5772026.0 8000.0 128.0 200331.0#200331.0#8000_202331.0#202331.0#8000_203829.0#203829.0#8000 200330.0#200330.0#128_202329.0#202329.0#128_203829.0#203829.0#128
205000 210000 2996.7590136718936 667.7469954427021 433.7642426234608 920.4370000000345 166.885986328125 19950.772507668407 4286745.125107412 8000.0 128.0 205833.0#205833.0#8000_207831.0#207831.0#8000_209834.0#209834.0#8000 205831.0#205831.0#128_207828.0#207828.0#128_209832.0#209832.0#128
210000 215000 3020.6150527343852 659.7949824218716 313.58741099161364 915.3530000000028 309.85693359375 23963.84557578397 5115894.264383979 8000.0 128.0 209834.0#209834.0#8000_211830.0#211830.0#8000_214753.0#214753.0#8000 211829.0#211829.0#128_214750.0#214750.0#128
215000 220000 2532.6729335937416 822.4423554687528 165.21605513327327 931.5699999999488 632.362066406291 32777.38191654762 6646722.61050861 8000.0 128.0 215334.0#215334.0#8000_217336.0#217336.0#8000_219336.0#219336.0#8000 215332.0#215332.0#128_217333.0#217333.0#128_219332.0#219332.0#128
220000 225000 1962.0291113281855 759.4927221679536 305.59316265544817 996.6589999999851 311.660888671875 22037.758331871537 4560020.546699915 8000.0 128.0 221334.0#221334.0#8000_223332.0#223332.0#8000 221330.0#221330.0#128_223331.0#223331.0#128
225000 230000 2663.9968886718852 584.0007778320287 405.04938163253644 993.7240000000456 24.775999999954365 27554.241668128463 5401136.453300085 8000.0 128.0 225334.0#225334.0#8000_228739.0#228739.0#8000_228828.0#228828.0#8000 225331.0#225331.0#128_228736.0#228736.0#128_228826.0#228826.0#128
230000 235000 4307.567000000039 230.81099999998696 149.22698588393894 349.1149999999907 63.16099999996368 19845.0 4028910.0 8000.0 128.0 230757.0#230757.0#8000_232742.0#232742.0#8000 230754.0#230754.0#128_232737.0#232737.0#128
235000 240000 3865.381000000052 567.3094999999739 144.38625497080363 669.405999999959 465.2129999999888 27671.0 6111416.0 8000.0 128.0 236752.0#236752.0#8000_236830.0#236830.0#8000_238849.0#238849.0#8000 236750.0#236750.0#128_236829.0#236829.0#128_238846.0#238846.0#128
240000 245000 3535.246000000043 488.25133333331905 217.7445693107485 738.5529999999562 342.4969999999739 30783.0 6148535.0 8000.0 128.0 240752.0#240752.0#8000_243376.0#243376.0#8000_244333.0#244333.0#8000 240750.0#240750.0#128_243359.0#243359.0#128_244331.0#244331.0#128
245000 250000 4384.042999999947 307.97850000002654 27.831015800760177 327.658000000054 288.29899999999907 19727.0 4021566.0 8000.0 128.0 246750.0#246750.0#8000_248782.0#248782.0#8000 246747.0#246747.0#128_248780.0#248780.0#128
250000 255000 3406.408937499975 531.1970208333418 319.16949648160846 897.5030000000261 312.9140625 23625.88867720907 4550810.25434767 8000.0 128.0 250357.0#250357.0#8000_251838.0#251838.0#8000_254847.0#254847.0#8000 250355.0#250355.0#128_251836.0#251836.0#128_254846.0#254846.0#128
255000 260000 2089.520755859441 582.0958488281118 403.8260789091827 999.9939999999478 152.9189999999944 28289.910088762732 5747697.596654656 8000.0 128.0 254847.0#254847.0#8000_256742.0#256742.0#8000_257837.0#257837.0#8000_259831.0#259831.0#8000 254846.0#254846.0#128_256739.0#256739.0#128_257833.0#257833.0#128_259829.0#259829.0#128
260000 265000 1946.815400390653 763.2961499023368 316.9519794444042 997.2619999999879 310.87890625 24675.075271763897 4892893.174563466 8000.0 128.0 259831.0#259831.0#8000_261328.0#261328.0#8000_264772.0#264772.0#8000 259829.0#259829.0#128_261327.0#261327.0#128_264767.0#264767.0#128
265000 270000 2460.389906250057 846.5366979166478 173.94723289151648 983.3819999999832 650.7850937499898 31593.125962264305 6791630.97443421 8000.0 128.0 265326.0#265326.0#8000_267338.0#267338.0#8000_269336.0#269336.0#8000 265326.0#265326.0#128_267334.0#267334.0#128_269329.0#269329.0#128
270000 275000 2706.726105468697 573.3184736328258 482.2112491437783 989.4510000000009 24.53200000000652 21830.086425888698 4718115.148158515 8000.0 128.0 271331.0#271331.0#8000_274744.0#274744.0#8000_274939.0#274939.0#8000 271327.0#271327.0#128_274743.0#274743.0#128
275000 280000 4383.522894531256 205.49236848958148 171.88996221635657 395.920999999973 61.81299999996554 17171.9135741113 3471876.851841484 8000.0 128.0 274939.0#274939.0#8000_276841.0#276841.0#8000 275005.0#275005.0#128_276840.0#276840.0#128
280000 285000 4201.696066406323 266.10131119789247 191.00523336408838 430.24399999994785 56.45299999997951 34930.786858025174 7459969.356115092 8000.0 128.0 280762.0#280762.0#8000_280828.0#280828.0#8000_284738.0#284738.0#8000_284830.0#284830.0#8000 280761.0#280761.0#128_280827.0#280827.0#128_284736.0#284736.0#128_284829.0#284829.0#128
285000 290000 4118.280933593749 293.9063554687503 214.689518148859 424.01800000004005 46.108066406217404 24516.213141974826 4897894.643884908 8000.0 128.0 284830.0#284830.0#8000_286755.0#286755.0#8000_288327.0#288327.0#8000 286753.0#286753.0#128_288326.0#288326.0#128
290000 295000 3902.076000000001 365.97466666666634 74.0131704585658 411.22199999995064 280.56200000003446 26356.0 5572049.0 8000.0 128.0 290730.0#290730.0#8000_292331.0#292331.0#8000_294330.0#294330.0#8000 290728.0#290728.0#128_292329.0#292329.0#128_294329.0#294329.0#128
295000 300000 3770.447999999975 614.7760000000126 432.4382231024022 920.5559999999823 308.99600000004284 19215.0 4303782.0 8000.0 128.0 296742.0#296742.0#8000_297835.0#297835.0#8000 296740.0#296740.0#128_297832.0#297832.0#128
