ts te idle avg_span std_span max_span min_span c_ack_cnt c_ack_cnt_p c_bytes_all c_bytes_uniq s_ack_cnt s_ack_cnt_p s_bytes_all s_bytes_uniq avg_video_rate avg_audio_rate video_requests_sequence audio_requests_sequence
0 2000 2000.0 0.0 0.0 0.0 0.0 0.0 0.0 0.0 0.0 0.0 0.0 0.0 0.0 0.0 0.0 - -
2000 4000 2000.0 0.0 0.0 0.0 0.0 0.0 0.0 0.0 0.0 0.0 0.0 0.0 0.0 0.0 0.0 - -
4000 6000 2000.0 0.0 0.0 0.0 0.0 0.0 0.0 0.0 0.0 0.0 0.0 0.0 0.0 0.0 0.0 - -
6000 8000 249.31454687500081 449.2336503906263 344.6298935969691 999.7459999999992 106.50500000000102 485.491615187117 471.5679751071848 12933.621266343722 12933.621266343722 617.4152552670491 16.923640079932195 937271.2600081915 735092.433881995 3000.0 128.0 6479.0#6479.0#3000_6481.0#6481.0#3000 6475.0#6475.0#128_6478.0#6478.0#128
8000 10000 1.616035156253929 720.6668496093747 362.9097381018109 999.6949999999997 43.058748046874825 598.3104213525744 590.5265701138685 6514.43253712472 6514.43253712472 807.1442836058764 7.783851238705897 1223801.0683338875 1159500.962734928 1820.0 128.0 8007.0#8007.0#2300_8008.0#8008.0#2300_9094.0#9094.0#1500_9097.0#9097.0#1500_9790.0#9790.0#1500 8019.0#8019.0#128_9176.0#9176.0#128_9813.0#9813.0#128
10000 12000 112.02384960937343 489.8630922851562 385.82671881505854 888.7260000000024 7.073931640625233 390.0789049943739 384.0696461249772 4190.732386257336 4190.732386257336 499.1786636569569 6.009258869396659 690166.4582569835 579271.9232868546 1500.0 128.0 9790.0#9790.0#1500_10759.0#10759.0#1500 9813.0#9813.0#128_10815.0#10815.0#128
12000 14000 1.656968750001397 580.9176911272318 427.04262754177176 999.9820000000036 107.22899999999936 504.30178925839505 499.48047449569833 4033.836996098529 4033.836996098529 675.5969052852454 4.821314762696789 968092.2129832655 827184.9880934178 1500.0 128.0 10759.0#10759.0#1500_12055.0#12055.0#1500_13102.0#13102.0#1500 12117.0#12117.0#128_13203.0#13203.0#128
14000 16000 0.0 618.4377393973211 346.382220412268 996.3469999999943 142.75406445312547 528.4987378482089 522.9631467103181 4633.321584707005 4633.321584707005 762.734540902165 5.535591137890709 1130820.7061955943 1017044.9754918733 1500.0 128.0 13102.0#13102.0#1500_14024.0#14024.0#1500_14693.0#14693.0#1500_15591.0#15591.0#1500 14031.0#14031.0#128_14814.0#14814.0#128_15595.0#15595.0#128
16000 18000 0.0 618.8534615885401 334.77919253840616 996.1229999999996 129.36499999999796 390.2952538623847 384.22019326959395 5089.246331561197 5089.246331561197 634.3832562073987 6.075060592790806 889548.5536636185 838971.9608430197 1500.0 128.0 15591.0#15591.0#1500_16353.0#16353.0#1500_17174.0#17174.0#1500 16420.0#16420.0#128_17313.0#17313.0#128
18000 20000 3.5440996093748254 669.0813460286469 269.92601502069357 997.9830000000002 356.7730292968772 317.7961799029081 315.9448965843211 1535.8088979074926 1535.8088979074926 459.3551321340133 1.8512833185869444 658287.4312454722 577648.1464713191 2250.0 128.0 17174.0#17174.0#1500_18329.0#18329.0#3000 18325.0#18325.0#128
20000 22000 3.6560019531243597 428.1845377604174 319.4997337302206 996.3960000000006 130.59900000000198 281.0596332710379 277.55576709713534 2920.208924339181 2920.208924339181 396.6066062723502 3.503866173902628 577380.052004996 496347.49818623153 3000.0 128.0 18329.0#18329.0#3000_20866.0#20866.0#3000 20315.0#20315.0#128_21816.0#21816.0#128
22000 24000 3.7500371093774447 582.0765374999988 240.86311314310024 998.6129999999976 378.761962890625 280.47420948921376 278.1061822997529 1965.0787973296044 1965.0787973296044 459.65901728417464 2.368027189460839 638229.6916918916 575223.3161992222 2250.0 128.0 20866.0#20866.0#3000_23620.0#23620.0#1500 21816.0#21816.0#128
24000 26000 10.677080078123254 417.76341155133974 317.09656949744715 992.7430000000022 83.46600000000035 235.68871492131933 233.31200861699583 1980.5806180426785 1980.5806180426785 279.7316461227044 2.1928471946831607 386725.74350590137 358990.6038627863 1060.0 0.0 23620.0#23620.0#1500_25818.0#25818.0#840_25820.0#25820.0#840 -
26000 28000 272.4748945312531 662.0942515624993 196.3093767339538 930.9919999999984 451.8399999999965 212.00453991246704 207.25313958015403 3969.131660288536 3969.131660288536 340.19469326206615 4.935259441953372 490345.82211019815 473750.1909483526 1060.0 128.0 23620.0#23620.0#1500_25820.0#25820.0#840_26795.0#26795.0#840 26075.0#26075.0#128_27229.0#27229.0#128
28000 30000 989.8816328125104 751.7944999999963 87.21808592545553 813.4669999999969 690.1219999999958 159.0 154.0 4182.0 4182.0 299.0 5.0 443316.0 443316.0 840.0 128.0 28677.0#28677.0#840_29110.0#29110.0#840 28816.0#28816.0#128_29185.0#29185.0#128
30000 32000 1062.7319570312466 525.791500000003 421.0219841201888 823.4990000000034 228.08400000000256 256.0 253.0 2502.0 2502.0 383.0 3.0 616818.0 607018.0 2300.0 128.0 30577.0#30577.0#2300 30575.0#30575.0#128
32000 34000 377.6164433593731 469.3187416992205 419.81101130328614 994.1880000000019 105.93600000000151 341.775366446011 338.15401747334937 3025.1758349810866 3025.1758349810866 612.7743106301582 3.621348972661623 1024963.1198203233 1024963.1198203233 3000.0 128.0 32339.0#32339.0#3000_33816.0#33816.0#3000 32332.0#32332.0#128
34000 36000 1043.5204160156354 260.65063736978965 111.84665741455704 396.30599999999686 134.4320000000007 251.76170263622745 248.69437224685348 2552.586008835391 2552.586008835391 381.9525272456995 3.0673303893739563 635497.0124272273 596297.0124272273 3000.0 128.0 33816.0#33816.0#3000_35819.0#35819.0#3000 34319.0#34319.0#128_35818.0#35818.0#128
36000 38000 939.2068984375001 529.1947363281239 288.4790610842957 818.868101562497 241.9250000000029 239.46293091776155 237.15161027979713 1928.2381561835223 1928.2381561835223 421.27316212414223 2.31132063796442 675735.8677524494 675735.8677524494 3000.0 0.0 35819.0#35819.0#3000 -
38000 40000 967.9770996093721 576.961000000003 546.7194068642524 963.5500000000029 190.37200000000303 279.0 276.0 2502.0 2502.0 438.0 3.0 762432.0 745632.0 3000.0 128.0 38532.0#38532.0#3000 38528.0#38528.0#128
40000 42000 468.72677929688507 420.96927441406115 411.4137935970397 999.3969999999972 62.786999999996624 351.42133430477946 346.9670610727731 3704.5040502452393 3704.5040502452393 545.5922635850351 4.45427323200639 939189.4527727619 926717.487723144 4400.0 128.0 40581.0#40581.0#4400_40584.0#40584.0#4400 40579.0#40579.0#128
42000 44000 98.5827773437486 654.6243578124995 317.0426001807804 999.7459999999992 376.77392578125 446.25652235643054 441.923625411559 3623.8583219998745 3623.8583219998745 748.5228487944192 4.332896944871646 1226648.9630344103 1207223.1884082747 4400.0 128.0 42621.0#42621.0#4400_43950.0#43950.0#4400 42619.0#42619.0#128_43315.0#43315.0#128
44000 46000 0.0 718.3932820312505 180.26457593734878 968.5280000000057 569.779296875 627.1721830483611 624.3879522925172 2328.7572131068664 2328.7572131068664 995.1579157399744 2.784230755844032 1625833.921495845 1586731.777254166 4400.0 128.0 43950.0#43950.0#4400_45429.0#45429.0#4400 45315.0#45315.0#128
46000 48000 1195.5392968750093 310.2755677083284 161.2441862831753 427.3827031249966 126.36599999999453 260.14996029042874 258.7213612231508 1180.8804146480195 1180.8804146480195 385.72697188057117 1.4285990672779327 629296.6626969826 621896.5466144152 4400.0 0.0 45429.0#45429.0#4400 -
48000 50000 464.938720703125 742.6705761718731 299.2050037854251 999.6049999999959 438.17724609375 410.7745580656217 405.8020564984077 4151.193253397862 4151.193253397862 686.4935777958743 4.972501567214033 1124829.1668358706 1076984.3676612354 4400.0 128.0 48560.0#48560.0#4400_49955.0#49955.0#4400 48558.0#48558.0#128_49312.0#49312.0#128
50000 52000 647.5968925781199 480.06467382812843 361.50664032001197 884.6680000000051 9.221000000005006 466.2254419343783 465.19794350159236 852.8067466021382 852.8067466021382 706.5064222041257 1.0274984327859666 1198292.8331641294 1163537.6323387646 4400.0 0.0 48560.0#48560.0#4400_49955.0#49955.0#4400 -
52000 54000 468.7641542968777 555.2076731770843 396.4634245436076 999.4689999999973 237.38400000000547 316.1528025839898 312.2907600970178 3217.495264186721 3217.495264186721 544.4108010278306 3.862042486971953 924115.5314551101 918071.7515789497 4400.0 128.0 52568.0#52568.0#4400 52565.0#52565.0#128
54000 56000 1.7338789062487194 513.0865112304709 395.7110860620267 999.2920000000013 37.08100000000559 455.84171199649313 453.2272348383051 2177.250844844498 2177.250844844498 724.1210190042133 2.6144771581880697 1190512.7720688086 1179133.169435297 4400.0 128.0 52568.0#52568.0#4400_54548.0#54548.0#4400 54546.0#54546.0#128
56000 58000 101.55611523437256 521.6507800781255 320.23909101249603 999.3610000000044 127.028076171875 431.17060795811693 427.1345537705956 3374.3636421450187 3374.3636421450187 691.4123085560627 4.03605418752134 1140945.6731387163 1124518.821130889 4400.0 128.0 56613.0#56613.0#4400_57872.0#57872.0#4400 56611.0#56611.0#128_56811.0#56811.0#128
58000 60000 2.3478906249947613 662.3258304687508 266.31695936701163 998.2400000000052 383.3701171875 666.822821633745 663.3353954664262 2920.890248823762 2920.890248823762 1074.8990241521217 3.4874261673186373 1835360.0516615997 1787007.0888709778 4400.0 128.0 57872.0#57872.0#4400_59172.0#59172.0#4400 58644.0#58644.0#128
60000 62000 2.0558769531198777 592.9607451171905 287.35184492225966 999.5430000000051 366.60009765625 567.6850765892655 564.2821746214029 2832.3796136473647 2832.3796136473647 875.1256329608491 3.4029019678626398 1453777.7611267695 1426154.268129806 4400.0 128.0 59172.0#59172.0#4400_60631.0#60631.0#4400 60628.0#60628.0#128
62000 64000 1456.701097656245 543.2989023437549  543.2989023437549 543.2989023437549 97.32697923838973 96.72988120625236 489.62038635263536 489.62038635263536 117.0312142989226 0.5970980321373602 195178.21054899605 185982.90085408068 4400.0 0.0 60631.0#60631.0#4400 -
64000 66000 469.99072070312104 539.1633606770823 425.8591723827305 999.698000000004 159.6079999999929 345.4233754743045 341.93889730879664 2899.272095716444 2899.272095716444 551.0574540389961 3.4844781655078583 947775.1828809883 927670.7579955894 4400.0 128.0 64538.0#64538.0#4400 64536.0#64536.0#128
66000 68000 86.22406054688327 531.7114250000013 291.3347313803168 999.9109999999928 212.43310546876455 524.4365890980987 520.2997492310474 3458.8828877125525 3458.8828877125525 793.2613850962643 4.13683986705135 1329626.3340166674 1284000.9100835011 4400.0 128.0 64538.0#64538.0#4400_66594.0#66594.0#4400_67786.0#67786.0#4400 66593.0#66593.0#128_66812.0#66812.0#128
68000 70000 1.1498164062359137 514.5699860491046 314.4829191327734 999.4619999999995 70.787109375 752.0087521442729 745.6300701768321 5764.845016571004 5764.845016571004 1068.2982597359223 7.378681967440791 1786478.0908107844 1585401.6031253715 5450.0 128.0 66594.0#66594.0#4400_67786.0#67786.0#4400_68927.0#68927.0#6500_68928.0#68928.0#6500 68609.0#68609.0#128
70000 72000 2.148951171868248 695.8197055664095 321.882311143301 999.9260000000068 326.1490000000049 855.0285141900249 852.0285141900249 2502.0 2502.0 1071.4211849475075 3.0 1806863.756341904 1707760.1516016726 6500.0 128.0 68928.0#68928.0#6500_71170.0#71170.0#6500 70602.0#70602.0#128
72000 74000 1.3150703124847496 666.3120009765589 236.0512809368624 999.1820000000153 469.6290683593543 618.9140514594919 615.9140514594919 2502.0 2502.0 993.898248027685 3.0 1623012.432868688 1571633.2347252676 6500.0 128.0 71170.0#71170.0#6500_73067.0#73067.0#6500 72606.0#72606.0#128
74000 76000 857.9399355468777 435.81268815103977 256.56179697294453 675.7810000000027 165.37799999999697 380.1887176338071 379.1887176338071 820.0 820.0 593.0634681536249 1.0 998942.203080968 964417.3424685976 6500.0 0.0 73067.0#73067.0#6500 -
76000 78000 465.8651796875056 523.4887084960901 342.03072423755077 999.9189999999944 187.324951171875 473.44061531736855 469.0655772506257 3657.40701413072 3657.40701413072 731.7038053728111 4.37503806674283 1240855.5542572427 1216575.6066280154 6500.0 128.0 76569.0#76569.0#6500 76564.0#76564.0#128_76812.0#76812.0#128_77812.0#77812.0#128
78000 80000 4.0769921875034925 463.85669075520855 387.6826358927342 985.9729999999981 41.838000000003376 670.4269413246475 667.5202417832434 2423.8160519290395 2423.8160519290395 1025.3965557482811 2.906699541404153 1777268.3021323853 1727348.2497616129 5100.0 128.0 76569.0#76569.0#6500_78365.0#78365.0#4400_79718.0#79718.0#4400 77812.0#77812.0#128
80000 82000 135.11002343748987 660.8595742187463 131.90685370801262 781.4939999999915 475.457275390625 520.8801657652717 517.1619033734187 3106.7769339402403 3106.7769339402403 834.1164264155531 3.718262391853017 1417079.7542425022 1334336.7324476067 4400.0 128.0 79718.0#79718.0#4400_81221.0#81221.0#4400 81302.0#81302.0#128
82000 84000 2.291761718763155 498.0861949218728 330.23782598353245 999.9890000000014 106.16399999998976 566.0324290260548 562.4992205264741 2939.230969656233 2939.230969656233 909.7495073501627 3.0 1497866.4511575722 1398516.4891536415 4400.0 128.0 81221.0#81221.0#4400_82769.0#82769.0#4400 82811.0#82811.0#128
84000 86000 26.033814453156083 590.3034584960878 273.4793589831997 999.5149999999994 426.861083984375 433.16455823861327 429.8412557705145 2775.673133517749 2775.673133517749 704.8238676872184 3.4282554838397483 1235459.8035662954 1207354.9989782434 4400.0 128.0 82769.0#82769.0#4400_84571.0#84571.0#4400 84570.0#84570.0#128
86000 88000 4.864812499989057 516.8080468749977 382.86219065594787 997.6489999999903 72.09699999997974 522.8541785491979 519.8549481355453 2501.3612433316457 2501.3612433316457 809.4876568150446 2.999615206826293 1417788.130814704 1400391.8053999876 5450.0 128.0 84571.0#84571.0#4400_86570.0#86570.0#6500 86569.0#86569.0#128
88000 90000 5.108193359381403 571.4659516601496 306.4772085839217 997.7899999999936 290.97199999997974 551.8148814426447 549.6706228239768 1791.7346534943713 1791.7346534943713 864.0137164944655 2.572129309333959 1475212.7871716889 1459413.9642703158 6500.0 128.0 86570.0#86570.0#6500_88574.0#88574.0#6500 88571.0#88571.0#128
90000 92000 0.4100156250206055 571.0704594726449 308.7621461886651 999.7559999999794 286.77899999998044 584.6205891384948 581.1889430573616 2865.4460003141717 2865.4460003141717 995.9846733321392 3.0 1639842.8027019354 1630984.085241865 6500.0 128.0 88574.0#88574.0#6500_90657.0#90657.0#6500 90606.0#90606.0#128
92000 94000 2.0182656249962747 547.6932768554652 331.8258438024922 998.1790000000037 215.42799999999988 609.0731080114504 606.5047540925835 2138.5539996858283 2138.5539996858283 932.8176038857202 3.0 1594877.9611359807 1554715.273332112 6500.0 128.0 90657.0#90657.0#6500_92558.0#92558.0#6500 92556.0#92556.0#128
94000 96000 2.4029589843848953 570.8734794921875 309.4385028201388 998.2550000000047 286.9180000000051 586.0517560172982 583.0517560172982 2502.0 2502.0 924.6535100665783 3.0 1618946.444889296 1593674.4039965328 6500.0 128.0 92558.0#92558.0#6500_94669.0#94669.0#6500 94608.0#94608.0#128
96000 98000 1.1336308593745343 551.7645830078145 371.659204803089 999.2880000000005 90.34500000000116 543.6208078273588 540.6208078273588 2502.0 2502.0 876.5341462940667 3.0 1473718.0152000044 1459758.562343286 6500.0 128.0 94669.0#94669.0#6500_96771.0#96771.0#6500 96575.0#96575.0#128
98000 100000 4.124085937481141 607.8595976562589 279.9135655775725 998.7030000000086 321.84326171876455 723.3503669680517 720.3503669680517 2502.0 2502.0 1081.0126755439564 3.0 1820332.1936172266 1734990.553648273 6500.0 128.0 96771.0#96771.0#6500_98675.0#98675.0#6500 98598.0#98598.0#128
100000 102000 2.1979414062661817 593.5284282226494 343.73314483357393 998.4919999999838 159.698974609375 551.3397427463876 548.0202022821218 2767.5381258048856 2767.5381258048856 817.5127888122655 3.3195404642658066 1402606.9383603153 1342831.5958208386 5450.0 128.0 98675.0#98675.0#6500_100933.0#100933.0#4400 100944.0#100944.0#128
102000 104000 1.1670000000012806 442.3554574218753 441.5099902226857 999.9579999999987 57.039306640625 583.6776894717161 580.5167611069674 2635.9360685945244 2635.9360685945244 867.6376994906992 3.1609283647488424 1458501.6964189396 1407408.365118292 4400.0 128.0 100933.0#100933.0#4400_102568.0#102568.0#4400_103942.0#103942.0#4400 102811.0#102811.0#128
104000 106000 606.7253066406411 658.9099127604131 254.00473425516918 942.0926933593582 451.1820000000007 476.65217015544386 474.13263898445854 2102.5258056005905 2102.5258056005905 670.5553666910376 2.519531170985351 1173529.1643339107 1144930.3138593773 4400.0 128.0 103942.0#103942.0#4400 104017.0#104017.0#128
106000 108000 467.4569902343792 541.9043209635371 425.4246340006673 999.1579999999958 157.79299999999057 419.0175408697936 415.52920239408894 2902.437550077828 2902.437550077828 641.5962804504624 3.4883384757046683 1035068.0545642179 994696.6204404064 4400.0 128.0 106530.0#106530.0#4400 106529.0#106529.0#128
108000 110000 132.5047031249851 568.5507680664086 293.0255753369289 999.0540000000037 347.68603515625 539.5967909247299 536.0851294004345 2941.562449922172 2941.562449922172 827.7546824870421 3.5116615242953317 1338434.8880316415 1285470.0690194368 6500.0 128.0 108651.0#108651.0#6500 108649.0#108649.0#128_108811.0#108811.0#128
110000 112000 2.384072265616851 544.7592133789076 389.2211668533416 997.7900000000081 52.09899999998743 645.8272184232455 643.8272184232455 1662.0 1662.0 1037.128343381554 2.0 1787421.5428161495 1738570.623403302 6500.0 0.0 108651.0#108651.0#6500_110381.0#110381.0#6500 -
112000 114000 179.14691210939782 581.9006175781251 261.73078011607936 999.8459999999905 286.88111132811173 458.0283871421561 453.493972581731 2940.21993954861 2940.21993954861 722.108115380848 3.0 1241704.011588678 1192974.4118304958 5450.0 128.0 110381.0#110381.0#6500_112561.0#112561.0#4400 112813.0#112813.0#128
114000 116000 30.643992187513504 554.2137519531243 317.88710999402355 999.9379999999946 247.4990000000107 425.3968757220582 421.9181437114835 2904.6917143812934 2904.6917143812934 616.949866503071 4.013146570999883 1052938.3335472944 962421.2044660437 4400.0 128.0 114570.0#114570.0#4400 114812.0#114812.0#128
116000 118000 400.8939960937423 505.25575390625454 384.99476542386316 999.9070000000065 59.64400000000023 529.1331869180166 527.1463334890165 1661.088346070097 1661.088346070097 819.4627117970226 1.986853429000117 1381990.1694520188 1341049.0708403154 4400.0 128.0 114570.0#114570.0#4400_116128.0#116128.0#4400 116211.0#116211.0#128
118000 120000 463.674072265625 619.553258789063 432.6092815616657 998.7950000000128 43.52392578125 426.9250876248392 423.88122096887486 2538.847991010011 2538.847991010011 638.3111442005219 3.043866655964299 1086195.3035670673 1031190.316469635 4400.0 128.0 118532.0#118532.0#4400 118811.0#118811.0#128
120000 122000 0.0 542.3997427455366 437.51953773285095 999.8189999999886 40.791259765625 547.625582028907 542.3012675774823 4454.74232812289 3612.7423281228894 847.5162405078627 5.324314451424737 1374783.7584907024 1298927.456114825 4400.0 128.0 118532.0#118532.0#4400_120530.0#120530.0#4400_121654.0#121654.0#4400 118811.0#118811.0#128_120900.0#120900.0#128_121867.0#121867.0#128
122000 124000 1.549003906256985 609.449108984368 393.30984876819286 999.8930000000109 38.410888671875 588.6608858013919 585.0711879289124 2991.4492341580763 2991.4492341580763 916.234897974326 3.5896978724796105 1434305.82113572 1340976.7763168595 4400.0 128.0 121654.0#121654.0#4400_123517.0#123517.0#4400 121867.0#121867.0#128_123523.0#123523.0#128
124000 126000 2.4858984375023283 600.6406582031225 359.3633714924832 998.9349999999977 113.2049999999872 689.6567129548318 686.130178765559 2944.1792454050546 2944.1792454050546 1018.825236795702 3.526534189272855 1751283.3722695997 1633843.8515730002 4400.0 128.0 123517.0#123517.0#4400_124668.0#124668.0#4400 124814.0#124814.0#128
126000 128000 47.98166406250675 511.02098291015136 365.0295207123352 999.4619999999995 117.5799999999872 406.476877261051 403.07783897348224 2838.045910373443 2838.045910373443 634.3294902878575 2.9573125592136025 1103039.2795999767 1084816.470509958 4400.0 128.0 124668.0#124668.0#4400_126565.0#126565.0#4400 126562.0#126562.0#128
128000 130000 8.000691406254191 516.0248271484379 381.7243527630512 999.7939999999944 72.10000000000582 463.57601114869556 461.45946260540575 1768.7352909305253 1768.7352909305253 738.0652503326427 2.558274271644895 1304924.7808260028 1287165.7127647442 5450.0 128.0 126565.0#126565.0#4400_128553.0#128553.0#6500 128546.0#128546.0#128
130000 132000 2.152992187504424 500.16696289062384 325.71097091465003 997.8889999999956 186.89208984375 612.1149186223631 608.6317617349048 2903.0202165904207 2903.0202165904207 974.3008195248979 3.483156887458338 1675373.0490147339 1641244.5217176995 6500.0 128.0 128553.0#128553.0#6500_130658.0#130658.0#6500 130625.0#130625.0#128_131812.0#131812.0#128
132000 134000 0.7120039062574506 548.1693624999956 279.8222435379665 999.7669999999925 249.82500000001164 697.9278355176561 695.4109924051145 2100.9797834095793 2100.9797834095793 1046.2723457042675 2.516843112541662 1840033.7098808973 1768767.367675883 6500.0 128.0 130658.0#130658.0#6500_132560.0#132560.0#6500 131812.0#131812.0#128
134000 136000 0.0 655.7638054687529 260.2840904968768 999.7900000000081 422.3720703125 642.6894101381814 637.2073411926046 4580.148309785073 4142.84844489801 953.4252003570161 5.482068945576735 1681505.8066710755 1584908.727423973 6500.0 128.0 132560.0#132560.0#6500_134575.0#134575.0#6500 134574.0#134574.0#128_135313.0#135313.0#128
136000 138000 27.95076367186266 609.5190854492248 262.6015807114166 999.4530000000086 442.289306640625 666.7031844448452 665.1852533904221 1265.8516902149265 861.15155510199 993.3977708641762 1.517931054423265 1685440.2593419217 1537222.9618223207 6500.0 0.0 134575.0#134575.0#6500_136193.0#136193.0#6500 -
138000 140000 1.0089960937621072 541.7766572265609 331.4723960499453 999.2619999999879 218.2280000000028 609.1784175428804 606.1784175428804 2502.0 2502.0 899.8835850593824 3.0 1616574.9529299173 1583569.1650334445 6500.0 128.0 136193.0#136193.0#6500_138582.0#138582.0#6500 138581.0#138581.0#128
140000 142000 0.813410156260943 543.0267392578098 372.9295824302759 999.9819999999891 86.62200000000303 600.6908992215831 597.6908992215831 2502.0 2502.0 925.0318761711615 3.0 1615482.6498090634 1537956.043157409 6500.0 128.0 138582.0#138582.0#6500_140594.0#140594.0#6500 140592.0#140592.0#128
142000 144000 4.578916015627328 560.226020996095 316.7425077315991 998.2119999999995 245.48300000000745 642.8338893845533 639.8338893845533 2502.0 2502.0 991.1204060431373 3.0 1716052.313953387 1642745.371334175 6500.0 128.0 140594.0#140594.0#6500_142667.0#142667.0#6500 142568.0#142568.0#128
144000 146000 1.9401640624855645 582.7664858398493 289.25388052920806 998.6780000000144 334.3179999999993 616.0538642572525 613.0538642572525 2502.0 2502.0 992.6997544163937 3.0 1707726.016116244 1671822.4623612177 6500.0 128.0 142667.0#142667.0#6500_144667.0#144667.0#6500 144663.0#144663.0#128
146000 148000 4.094875000009779 589.3570444335928 280.01346767622937 996.3269999999902 363.17600000000675 657.81299024028 654.81299024028 2502.0 2502.0 993.848117034658 3.0 1734105.8731907562 1661124.143294023 6500.0 128.0 144667.0#144667.0#6500_146695.0#146695.0#6500 146694.0#146694.0#128
148000 150000 3.1970937500009313 555.6504580078108 323.87480608582905 997.6739999999991 222.0920000000042 598.9285595267193 595.9285595267193 2502.0 2502.0 931.1117767702589 3.0 1487106.1432576883 1436774.6531930668 6500.0 128.0 146695.0#146695.0#6500_148612.0#148612.0#6500 148582.0#148582.0#128
150000 152000 2.5003046875062864 592.4360151367146 278.8769957954175 998.1119999999937 370.07399999999325 661.9604972472325 658.9604972472325 2502.0 2502.0 979.478398757969 3.0 1613504.7362488874 1553980.360829227 5450.0 128.0 148612.0#148612.0#6500_150718.0#150718.0#4400 150745.0#150745.0#128
152000 154000 272.9040664062486 377.24696796875213 396.3691776410715 999.265000000014 30.00390625 443.5878804712744 439.4862305352126 3416.7297467367553 3416.7297467367553 656.7149121865508 3.5658374599252087 1109218.0765392093 1069960.9269435313 4400.0 128.0 150718.0#150718.0#4400_152565.0#152565.0#4400_153969.0#153969.0#4400 152812.0#152812.0#128
154000 156000 621.3379062500026 480.7112924804678 367.2369320528599 969.2940937500098 80.07399999999325 472.59649656546225 470.69814650152404 1587.2702532632447 1587.2702532632447 745.4327770112177 2.4341625400747917 1265523.0971571498 1245593.711465008 4400.0 128.0 152565.0#152565.0#4400_153969.0#153969.0#4400 154068.0#154068.0#128
156000 158000 465.10765039062244 545.3603255208387 419.08444363290675 998.5840000000026 171.87100000001374 313.5194795333342 310.03925521780394 2895.7839387348527 2895.7839387348527 527.3724898340921 3.4802243155303083 913367.5559783508 900593.5891852446 4400.0 128.0 156534.0#156534.0#4400 156532.0#156532.0#128
158000 160000 65.56111132816295 518.5790312499958 350.05212869517567 999.176999999996 167.58499999999185 428.688627937575 425.3432053386243 2793.5030002843623 2793.5030002843623 683.8896139560821 3.345422598950673 1213452.3300495197 1165179.0514004389 4400.0 128.0 156534.0#156534.0#4400_158594.0#158594.0#4400 158591.0#158591.0#128
160000 162000 1.9049570312199648 514.9409677734584 397.7496462449336 999.4510000000009 32.638000000064494 515.9880677740464 513.8137146885274 1816.713060980785 1816.713060980785 788.475147699477 2.1743530855190185 1324442.5959054506 1275626.5269368868 6500.0 128.0 160544.0#160544.0#6500 160541.0#160541.0#128
162000 164000 2.3620410156145226 619.8454775390783 261.0942344283591 999.9800000000105 404.4800000000396 491.65964435995863 487.5919859016193 3388.1565204216918 3388.1565204216918 799.2382956364204 3.5338292291696938 1377966.3060555595 1352956.0112579348 5450.0 128.0 160544.0#160544.0#6500_162630.0#162630.0#4400 162814.0#162814.0#128
164000 166000 495.75708789064083 516.0607792968804 351.33907259945244 999.5540000000037 157.63000000000466 514.1441803950856 512.211838853425 1615.8434795783082 1615.8434795783082 761.0244528739283 2.4661707708303062 1327024.2120111191 1292497.8212194948 4400.0 128.0 162630.0#162630.0#4400_164062.0#164062.0#4400 164200.0#164200.0#128
166000 168000 465.62994921873906 570.3623502604217 412.407569571381 999.2680000000109 176.7170000000042 330.7409365040753 327.20161262597634 2955.032057603158 2955.032057603158 512.2126481920741 3.539323878098998 877705.4293182227 858939.200443435 4400.0 128.0 166629.0#166629.0#4400 166814.0#166814.0#128
168000 170000 1.4621796875144355 474.4232272135462 310.35787759336915 999.0719999999856 187.029296875 651.8785672830521 648.6463157367691 2693.2856996877854 2693.2856996877854 1016.8607947965585 3.2322515462830337 1714866.8289717543 1663362.724038279 4400.0 128.0 166629.0#166629.0#4400_168188.0#168188.0#4400_169674.0#169674.0#4400 168314.0#168314.0#128_169812.0#169812.0#128
170000 172000 4.009021484351251 600.6420980468799 311.53153396879037 999.5070000000123 133.826904296875 573.139072150454 568.756544567326 3669.1287690174613 3669.1287690174613 889.7972449778197 4.382527583127974 1459871.8858380213 1392616.265962172 4400.0 128.0 169674.0#169674.0#4400_170863.0#170863.0#4400 169812.0#169812.0#128_171070.0#171070.0#128
172000 174000 1.6007656249857973 496.1075862630096 348.50121029364493 998.5340000000142 136.7912597655959 604.05414573234 600.4026320848595 3049.545306553733 3049.545306553733 951.7720643334025 3.6515136474805536 1655709.254474128 1593457.0263804272 4400.0 128.0 170863.0#170863.0#4400_172351.0#172351.0#4400_173862.0#173862.0#4400 172613.0#172613.0#128_173813.0#173813.0#128
174000 176000 0.0 412.7774123883906 378.0278952943194 982.5229999999865 91.98508789061452 502.6048610045762 499.1226370650918 2904.9182522980395 2904.9182522980395 793.5881771451378 3.4822239394844745 1381190.2853675056 1330782.3102314512 5100.0 128.0 172351.0#172351.0#4400_173862.0#173862.0#4400_175823.0#175823.0#6500 173813.0#173813.0#128_175815.0#175815.0#128
176000 178000 289.7733124999504 837.5718971354266 45.32620014260593 888.7490000000398 802.4890039062302 576.5824173255022 574.8702579199772 1422.0899148398232 1422.0899148398232 854.7690705550074 1.7121594055249658 1484274.3160303687 1423660.4729442357 6500.0 0.0 175823.0#175823.0#6500 -
178000 180000 465.3000488280668 664.3562475586077 402.1533013955568 998.5070000000414 155.7849121093459 375.14666146264324 371.6028580008154 2958.7949079353925 2958.7949079353925 594.902483410511 3.5438034618278484 967109.4400941171 888172.1909063448 6500.0 128.0 178843.0#178843.0#6500 178842.0#178842.0#128_179813.0#179813.0#128
180000 182000 0.0 751.9486101562564 249.89896582751757 997.6680000000342 443.2159218750021 671.3625087723258 667.9063122341536 2885.205092064607 2885.205092064607 1081.4313316745443 3.4561965381721516 1822795.6546920082 1761006.7572758398 6500.0 128.0 178843.0#178843.0#6500_180773.0#180773.0#6500 179813.0#179813.0#128_181319.0#181319.0#128
182000 184000 3.005015624978114 453.13740156250424 356.3413366838043 998.2179999999935 108.63200000001234 634.1667801601589 632.1667801601589 1662.0 1662.0 969.9351461668917 2.0 1693313.0825983805 1633670.0679617035 6500.0 0.0 180773.0#180773.0#6500_182467.0#182467.0#6500 -
184000 186000 2.22984375001397 678.2766019531293 240.97022607231742 998.359999999986 466.72995117187384 502.95125026372295 498.42238336786727 3775.6708546016744 3775.6708546016744 782.848030724383 4.0 1362473.7349855616 1329208.037345655 6500.0 128.0 182467.0#182467.0#6500_184857.0#184857.0#6500 184855.0#184855.0#128_185313.0#185313.0#128
186000 188000 3.367257812496973 628.5041402994781 240.73893940132655 999.472000000038 458.052001953125 670.6585398447443 667.704107169028 2464.6347940874016 2464.6347940874016 1028.251357982257 3.483299571572044 1730245.596112444 1669523.79067482 6500.0 128.0 184857.0#184857.0#6500_186775.0#186775.0#6500 187314.0#187314.0#128
188000 190000 1.81160351561266 564.5512820312521 244.72195942312572 998.6320000000123 419.0599999999977 677.9541061497537 676.4374057213257 1265.6943513109238 1265.6943513109238 1058.2163072064734 1.516700428427956 1835026.9139744889 1790381.525938324 6500.0 0.0 186775.0#186775.0#6500_188724.0#188724.0#6500 -
190000 192000 0.0 664.0526054687623 259.57781083272107 999.6860000000161 427.9873046875 596.9150274692979 592.9150274692979 3342.0 3342.0 878.3938229199482 4.0 1507762.2821886842 1451922.4658426 6500.0 128.0 188724.0#188724.0#6500_190723.0#190723.0#6500 190723.0#190723.0#128_191313.0#191313.0#128
192000 194000 0.0 613.7252215401926 221.87325523749814 999.8539999999921 413.82500000004075 689.3351074377817 685.3351074377817 3831.0 3831.0 1061.7802155092206 5.0 1798897.0456618913 1728620.0480186841 6500.0 128.0 190723.0#190723.0#6500_192599.0#192599.0#6500 191313.0#191313.0#128
194000 196000 0.6840449218871072 439.2280142299091 282.1739695666706 999.512000000017 184.837890625 692.0094101699143 688.3186126731875 3078.346359720453 3078.346359720453 1044.8791214010853 3.6907974967266566 1762228.0537824056 1693178.0570638333 5100.0 128.0 192599.0#192599.0#6500_194447.0#194447.0#4400_195750.0#195750.0#4400 194647.0#194647.0#128_195814.0#195814.0#128
196000 198000 501.0131425781874 409.1853264973858 265.48454575158433 750.7349101562286 35.73399999999674 467.6174481532192 464.93596568875853 1925.6536402795468 1925.6536402795468 700.4790228882473 2.681482464460645 1193515.1306290869 1072525.993691263 4400.0 128.0 194447.0#194447.0#4400_195750.0#195750.0#4400 195814.0#195814.0#128
198000 200000 1.2800859374983702 555.7712709960979 301.0143577901933 999.8830000000016 354.179999999993 268.82710436821884 264.417384935365 3151.0594970541088 3151.0594970541088 486.5810758881503 4.409719432853794 806089.0619323984 802804.6644774257 4400.0 128.0 198611.0#198611.0#4400 198606.0#198606.0#128
200000 202000 2.1488808593712747 514.4290029296826 400.606260767946 999.8040000000037 35.75899999999092 555.9452327946242 553.7272321886653 1852.940502945891 1852.940502945891 857.8901418895485 2.218000605958905 1483388.7140768857 1416972.3401024654 5450.0 128.0 198611.0#198611.0#4400_200578.0#200578.0#6500 200575.0#200575.0#128
202000 204000 0.7820429687271826 616.8772089843915 272.4235768577742 999.3619999999937 356.7950000000419 557.755460159185 554.2230676286528 2938.5618750363715 2938.5618750363715 828.0508043953055 3.0 1435493.0864594101 1383031.0615468428 5450.0 128.0 200578.0#200578.0#6500_202765.0#202765.0#4400 202813.0#202813.0#128
204000 206000 28.318896484357538 539.2865258789097 337.12345047104697 996.9919999999984 185.4649999999965 444.53068203736944 441.554210444923 2482.7067058060975 2482.7067058060975 662.3519565004262 3.508864122978621 1102052.9312374732 1080628.859174243 4400.0 128.0 202765.0#202765.0#4400_204568.0#204568.0#4400 204813.0#204813.0#128
206000 208000 107.0540156250645 516.0597460937424 349.4496571630481 999.755999999994 171.29300000003423 446.1435222380778 442.8377609822194 2761.68510897115 2761.68510897115 726.3985924325308 3.3057612558584664 1219244.3558935325 1176320.511003165 4400.0 128.0 204568.0#204568.0#4400_206612.0#206612.0#4400 206814.0#206814.0#128
208000 210000 110.4868574218417 563.4775356445389 315.2712557424356 999.9979999999923 303.662109375 451.87942558287534 449.0461202791559 2363.476707390832 2363.476707390832 692.8798856301802 2.833305303719413 1171539.6277537637 1152250.3410493217 4400.0 128.0 206612.0#206612.0#4400_208561.0#208561.0#4400 208814.0#208814.0#128
210000 212000 263.2230644530209 434.19423388674477 467.07920191312616 999.6590000000433 17.196044921933208 400.4519194445059 398.0654321204596 1992.1709662825056 1992.1709662825056 620.7385233410092 2.3864873240463362 1085898.0545306613 1056498.0545306613 4400.0 128.0 210605.0#210605.0#4400 210813.0#210813.0#128
212000 214000 73.1269257812528 719.3846516927102 420.34103365109064 982.050955078128 234.5810000000056 523.3498134915816 520.3842314981845 2473.398636513043 2473.398636513043 798.9921800392873 2.965581993397164 1317298.2333968068 1273898.2333968068 4400.0 128.0 210605.0#210605.0#4400_212564.0#212564.0#4400 212815.0#212815.0#128
214000 216000 466.9166894531227 561.7737701822965 424.16378039397426 999.1900000000023 152.2380000000121 321.1789805783654 317.64507712365287 2939.800832864262 2939.800832864262 501.0268707742166 3.0 850364.2383919592 834489.590025984 4400.0 128.0 214560.0#214560.0#4400 214814.0#214814.0#128
216000 218000 27.980326171877095 515.6266684570292 372.0128712133544 997.2229999999981 90.48699999999371 402.7015372251176 399.7262494913997 2491.919765417305 2491.919765417305 630.2635746838796 3.509191188430436 1104799.8551157913 1090458.694507543 4400.0 128.0 214560.0#214560.0#4400_216557.0#216557.0#4400 216813.0#216813.0#128
218000 220000 0.0 581.2380540364635 307.0915592418697 999.0869999999995 90.79399999999441 824.2020790005784 820.2328665510377 3317.095264890038 3317.095264890038 1265.469595266837 3.9692124495405907 2194067.003009418 1792654.9261452067 4400.0 128.0 216557.0#216557.0#4400_218053.0#218053.0#4400_219521.0#219521.0#4400 218201.0#218201.0#128_219625.0#219625.0#128
220000 222000 1.0259550781047437 497.1109550781315 332.40878579366506 999.6529999999912 95.65600000001723 564.9656660888135 560.9089615272828 3379.972860419825 3379.972860419825 870.6755797340602 3.521596362028973 1537122.503286154 1507719.905100633 4400.0 128.0 219521.0#219521.0#4400_220707.0#220707.0#4400 220814.0#220814.0#128
222000 224000 23.334771484311204 545.7440478515637 311.2133857424866 999.2600000000093 292.54899999999907 441.11956425052966 438.19242380047353 2442.255169046005 2442.255169046005 691.5518608030184 3.4622486495578473 1203299.3770246473 1176482.7129392223 4400.0 128.0 220707.0#220707.0#4400_222572.0#222572.0#4400 222571.0#222571.0#128
224000 226000 95.52148242181283 451.64633007813825 331.93665334289096 999.3360000000102 183.9919433593459 502.68998737247443 499.38467936678876 2760.0881630073195 2760.0881630073195 787.253778272979 3.3053080056857613 1341655.6226460892 1296831.6306935973 5450.0 128.0 222572.0#222572.0#4400_224623.0#224623.0#6500 224619.0#224619.0#128_225815.0#225815.0#128
226000 228000 3.037835937429918 639.9740454101702 353.7035947311198 999.6200000000244 182.3601074219332 578.0823072243845 575.4505896767158 2196.2655327724424 2196.2655327724424 959.2759995970098 2.631717547668676 1672099.0673587148 1626848.7638263172 6500.0 128.0 224623.0#224623.0#6500_226324.0#226324.0#6500 225815.0#225815.0#128
228000 230000 2.337226562522119 575.9242436523346 356.63973238275594 999.6949999999779 214.59500000000116 566.8316782590397 563.2309524619519 3010.602411582804 3010.602411582804 804.2312408668723 3.6007257970877156 1401478.109643084 1348831.1154596498 6500.0 128.0 226324.0#226324.0#6500_228638.0#228638.0#6500 228637.0#228637.0#128_229315.0#229315.0#128
230000 232000 1.5819785155763384 556.1647094726795 372.8878704657546 998.9709999999905 86.70000000004075 619.6011560576935 617.6011560576935 1662.0 1662.0 989.9758931334653 2.0 1762423.3478425976 1731518.4862907715 6500.0 0.0 228638.0#228638.0#6500_230416.0#230416.0#6500 -
232000 234000 4.408779296907596 535.5220307617128 313.356617680027 998.2649999999849 303.59700000000885 548.8535233055323 545.8535233055323 2502.0 2502.0 811.2525788023161 3.0 1552557.2855520102 1519945.090334031 6500.0 128.0 230416.0#230416.0#6500_232576.0#232576.0#6500 232574.0#232574.0#128
234000 236000 0.6661367187916767 613.4177182617277 269.04347961655617 999.8490000000165 382.3889160155959 607.4576251213725 604.4576251213725 2502.0 2502.0 925.1667289454097 3.0 1573008.6570607577 1538691.2642943943 6500.0 128.0 232576.0#232576.0#6500_234615.0#234615.0#6500 234614.0#234614.0#128
236000 238000 2.2030058593663853 594.6525053710939 292.0052797139516 999.4529999999795 379.3359375 602.1567487464371 599.1567487464371 2502.0 2502.0 915.4572617837966 3.0 1582173.8195388182 1547299.1337019422 6500.0 128.0 234615.0#234615.0#6500_236695.0#236695.0#6500 236669.0#236669.0#128
238000 240000 0.0 697.1945792968793 285.5097242572906 998.9710000000196 377.577880859375 519.3096709847293 514.8067320695 3754.409910488093 3754.409910488093 810.3768157900374 4.5029389152293815 1363290.446905369 1328662.4915393256 6500.0 128.0 236695.0#236695.0#6500_238977.0#238977.0#6500 238976.0#238976.0#128_239322.0#239322.0#128
240000 242000 0.6846914062625729 631.7504917968763 216.0375255527279 999.4739999999874 459.67529296875 739.9867952479798 738.4897341632092 1249.5900895119069 1249.5900895119069 1059.0461094655172 1.497061084770618 1771163.8054151451 1679451.4971813844 5450.0 0.0 238977.0#238977.0#6500_240937.0#240937.0#4400 -
242000 244000 410.5860468749888 493.8354882812564 359.54577115060044 999.9079999999958 151.92724609375 461.17810793005543 457.99524547706426 2655.604460512589 2655.604460512589 653.1608330804881 3.182862452991177 1112615.4734168102 1018936.1317468598 4400.0 128.0 240937.0#240937.0#4400_243122.0#243122.0#4400 243320.0#243320.0#128
244000 246000 203.0679863280384 535.2151884765917 399.2877712813194 999.8570000000182 62.64200000005076 532.6845726068968 529.8674350598881 2348.395539487411 2348.395539487411 913.8152790000968 2.817137547008823 1561646.3877926336 1525790.5662131372 4400.0 128.0 243122.0#243122.0#4400_244397.0#244397.0#4400 244513.0#244513.0#128
246000 248000 466.70791406248463 591.3940286458625 382.573697116605 999.5040000000154 240.89000000007218 350.5496960073759 347.01522861338066 2940.263263076123 2940.263263076123 536.1181852212294 3.0 977020.0711802448 950878.7994222778 4400.0 128.0 246546.0#246546.0#4400 246815.0#246815.0#128
248000 250000 27.566093750006985 533.4379765625054 346.9985821621498 999.7010000000009 161.3180000000284 390.7788850298323 387.79104015043987 2492.0328011017673 2492.0328011017673 573.6698235716486 3.0 1064403.5604278722 1051826.1719066398 4400.0 128.0 248543.0#248543.0#4400 248815.0#248815.0#128
250000 252000 34.74594335933216 526.4565141601634 354.47350008769234 999.2960000000312 140.57199999998556 436.33784042013997 433.34137507763086 2499.1015808575007 2499.1015808575007 645.5919620685493 3.0 1151979.8957915157 1142319.6900839482 4400.0 128.0 248543.0#248543.0#4400_250546.0#250546.0#4400 250813.0#250813.0#128
252000 254000 34.35716992180096 539.1336311849105 362.0634202023369 998.5070000000414 163.305908203125 471.33911785374244 468.02338989479813 2767.8862025233293 2767.8862025233293 715.7214357290334 3.8345055748410806 1234687.4302564033 1196879.333266541 4400.0 128.0 252609.0#252609.0#4400_253836.0#253836.0#4400 252815.0#252815.0#128
254000 256000 3.0139589842874557 571.6958766741196 351.7443551901486 997.7760000000126 72.8190000000177 687.0734471175574 682.7094669073576 3659.841183445627 3659.841183445627 1018.5973882580419 4.3639802101997125 1758371.9973620884 1719922.3200415461 4400.0 128.0 253836.0#253836.0#4400_255134.0#255134.0#4400 252815.0#252815.0#128_254687.0#254687.0#128_255257.0#255257.0#128
256000 258000 64.08500781247858 529.0615156249987 391.87055436121165 999.164999999979 71.43603515630821 506.36248461723176 503.5609704022726 2334.8749689956526 2334.8749689956526 846.0204590841809 2.8015142149592074 1538389.7124890527 1531245.693944389 5450.0 128.0 255134.0#255134.0#4400_256618.0#256618.0#6500 256616.0#256616.0#128
258000 260000 944.6392519531073 616.164482421882 40.26334236830528 644.6349648437463 587.6940000000177 225.55852895412022 224.55852895412022 820.0 820.0 311.2807460673169 1.0 548212.3324928229 536478.9913346581 6500.0 0.0 256618.0#256618.0#6500 -
260000 262000 466.2505996093969 538.6529967447859 417.56392146587217 999.0889999999781 184.50500000000466 454.56497872264094 451.56497872264094 2502.0 2502.0 681.1697824754241 3.0 1231039.729276168 1178003.8166027307 6500.0 128.0 260566.0#260566.0#6500 260564.0#260564.0#128
262000 264000 1.1738320312579162 527.5442827148509 371.833303753073 999.2289999999921 91.02900000003865 470.03335921918824 466.49876477834476 2940.367441491635 2940.367441491635 756.1144828084634 3.0 1272460.2675329705 1253030.6714284292 5450.0 128.0 260566.0#260566.0#6500_262541.0#262541.0#4400 262817.0#262817.0#128
264000 266000 32.84423242189223 515.0316918945318 371.9337447963339 998.9720000000088 92.97100000001956 429.88918029294734 426.9198714996612 2476.8332104945976 2476.8332104945976 692.9491567010507 3.5039032341295515 1176613.040261542 1141820.0777338608 4400.0 128.0 262541.0#262541.0#4400_264652.0#264652.0#4400 264815.0#264815.0#128
266000 268000 28.08557226555422 448.0540792968939 355.09438073596766 999.6300000000047 131.91796875 561.6111788791434 557.9932953663028 3021.4689461625817 3021.4689461625817 764.7021778200924 3.617883512840521 1330896.8076271175 1270596.6516976086 4400.0 128.0 264652.0#264652.0#4400_266539.0#266539.0#4400_267867.0#267867.0#4400 266816.0#266816.0#128
268000 270000 1.0040820311987773 670.5973187500146 246.22802026873566 999.429999999993 452.6508789063082 661.4957534272883 657.6175401742582 3251.3304018511863 3251.3304018511863 1013.0112082334294 3.8782132530299274 1825298.1141787819 1793321.9225793353 4400.0 128.0 267867.0#267867.0#4400_269154.0#269154.0#4400 268015.0#268015.0#128_269323.0#269323.0#128
270000 272000 0.9118574218009599 560.8875546875206 317.5970242785962 999.2920000000158 247.57500000001164 490.5037094650425 487.0277006845293 2892.327200020835 2892.327200020835 803.8481948970586 3.4760087805132134 1418892.524380663 1380365.5096536265 4400.0 128.0 269154.0#269154.0#4400_270619.0#270619.0#4400 270626.0#270626.0#128
272000 274000 55.33720703126164 404.7948255208321 321.75810509752023 998.4780000000028 145.08799999998882 577.2378119693105 574.1280020835777 2600.3939979443567 2600.3939979443567 895.3846646131572 3.109809885732867 1532460.7395377574 1497625.2690302746 4400.0 128.0 270619.0#270619.0#4400_272569.0#272569.0#4400_273791.0#273791.0#4400 272567.0#272567.0#128_273818.0#273818.0#128
274000 276000 2.319892578118015 714.1349824218923 82.72413060322798 791.621025390632 618.3630000000703 533.728939373405 529.6415575193287 3420.113640146161 3420.113640146161 818.0745119625074 4.08738185407619 1460918.8555381647 1402821.4294089829 5450.0 128.0 273791.0#273791.0#4400_275326.0#275326.0#6500 275323.0#275323.0#128
276000 278000 2.0379824218689464 701.2914390625083 297.13738865686014 999.7060000000638 326.38901953125605 570.8688433149173 567.3460013106272 2930.6961504076576 2930.6961504076576 892.3532217198634 2.5228420042898976 1541467.8367015282 1512662.566899845 6500.0 128.0 275326.0#275326.0#6500_277456.0#277456.0#6500 277461.0#277461.0#128
278000 280000 479.34594921872485 415.4879648437724 355.1471935905693 999.1390000000247 93.9220000000787 470.06624533611694 469.2622878607291 666.4690114809905 666.4690114809905 716.3925987689533 1.8039574753878318 1268438.0849653066 1247438.0849653066 6500.0 0.0 277456.0#277456.0#6500 -
280000 282000 467.04131249990314 554.7714290364723 402.27397926883265 999.6540000000386 216.64100000000326 466.62380774454886 463.62380774454886 2502.0 2502.0 675.2528319003995 3.0 1207329.333513977 1164817.2703079907 6500.0 128.0 280551.0#280551.0#6500 280549.0#280549.0#128
282000 284000 1.0650996094336733 535.2486621093703 336.20187080097276 999.2119999999995 197.1240000000107 638.5099351961355 635.5099351961355 2502.0 2502.0 977.2269743098338 3.0 1654973.9874830134 1583875.013086475 6500.0 128.0 280551.0#280551.0#6500_282555.0#282555.0#6500 282553.0#282553.0#128
284000 286000 1.5146367187262513 543.0060791015567 322.51888481662286 998.5630000000237 245.88299999997253 538.1639831703453 535.1639831703453 2502.0 2502.0 873.8528220833069 3.0 1545596.4354965298 1489774.2102697005 6500.0 128.0 282555.0#282555.0#6500_284578.0#284578.0#6500 284578.0#284578.0#128
286000 288000 2.3359589843894355 564.4369624023384 317.0419410268507 999.8219999999856 264.8080000000191 639.574511985584 636.574511985584 2502.0 2502.0 929.0646711536529 3.0 1613940.0334902185 1545253.7893665067 6500.0 128.0 284578.0#284578.0#6500_286620.0#286620.0#6500 286574.0#286574.0#128
288000 290000 2.1911015625228174 635.4092192382814 252.40549883984147 998.3879999999772 415.052978515625 573.7115064553856 570.7115064553856 2502.0 2502.0 860.416889732158 3.0 1539763.607611003 1480216.3781037913 6500.0 128.0 286620.0#286620.0#6500_288881.0#288881.0#6500 288879.0#288879.0#128
290000 292000 1.0068867187364958 561.6190351562691 322.44775799723504 999.9770000000135 250.42300000000978 664.3164460249695 661.3164460249695 2502.0 2502.0 989.3039407448084 3.0 1658716.0350329108 1542262.7071409503 6500.0 128.0 288881.0#288881.0#6500_290660.0#290660.0#6500 290573.0#290573.0#128
292000 294000 2.5699648436857387 647.8514995117293 239.52649055773696 999.9940000000643 471.5009999999893 634.1818397795919 630.6481646531063 2939.613603718249 2939.613603718249 977.1344892193392 3.0 1681997.8754661127 1604416.3591100308 5450.0 128.0 290660.0#290660.0#6500_292927.0#292927.0#4400 292560.0#292560.0#128
294000 296000 24.759208984381985 525.2556977539061 359.87957205271 999.7029999999795 125.78200000000652 432.0713249150938 429.0814014320814 2493.737256070141 2493.737256070141 682.1750610410498 3.0 1153474.832656668 1128331.2611517988 4400.0 128.0 292927.0#292927.0#4400_294569.0#294569.0#4400 294814.0#294814.0#128
296000 298000 29.41482812492177 527.6915429687651 354.6695351158147 999.6800000000512 140.1809999999823 444.47005453844645 441.47250745661063 2499.988607105368 2499.988607105368 692.1411332282667 3.0 1155417.2214433935 1142160.5617529803 4400.0 128.0 296539.0#296539.0#4400 296815.0#296815.0#128
