ts te idle avg_span std_span max_span min_span c_bytes_all s_bytes_all avg_video_rate avg_audio_rate video_requests_sequence audio_requests_sequence
0 3000 3000.0 0.0 0.0 0.0 0.0 0.0 0.0 0.0 0.0 - -
3000 6000 3000.0 0.0 0.0 0.0 0.0 0.0 0.0 0.0 0.0 - -
6000 9000 3000.0 0.0 0.0 0.0 0.0 0.0 0.0 0.0 0.0 - -
9000 12000 2865.0160000000033 134.98399999999674  134.98399999999674 134.98399999999674 3707.0 10934.0 0.0 0.0 - -
12000 15000 567.2309199218871 810.9230266927043 318.1915435630173 994.6359999999986 443.507080078125 21980.020269644134 561570.8217594883 288.0 128.0 12542.0#12542.0#288_13482.0#13482.0#288_14198.0#14198.0#288_14716.0#14716.0#288 12531.0#12531.0#128_12784.0#12784.0#128_13512.0#13512.0#128_14212.0#14212.0#128_14768.0#14768.0#128
15000 18000 137.25516210938804 715.686209472653 326.4008489490579 998.5389999999898 419.06591796875 23869.238280800044 677523.1288099181 288.0 128.0 14716.0#14716.0#288_15353.0#15353.0#288_15847.0#15847.0#288_16900.0#16900.0#288_17446.0#17446.0#288_17820.0#17820.0#288 14768.0#14768.0#128_15578.0#15578.0#128_16188.0#16188.0#128_16907.0#16907.0#128_17629.0#17629.0#128
18000 21000 1100.111822265666 474.9720444335835 398.6697103571708 993.609999999986 116.89399999997113 16884.04799854617 573708.4238700698 472.0 128.0 17446.0#17446.0#288_17820.0#17820.0#288_19784.0#19784.0#840 17629.0#17629.0#128_19777.0#19777.0#128
21000 24000 1286.0590957031236 856.9704521484382 101.97547212111665 929.0779999999795 784.8629042968969 11670.693451009647 421113.62556052394 840.0 128.0 21284.0#21284.0#840 21281.0#21281.0#128
24000 27000 514.3116855468252 828.5627714843916 292.7827734867087 999.954000000027 490.497314453125 19712.842488749706 730650.1674141337 840.0 128.0 24755.0#24755.0#840_26167.0#26167.0#840 24752.0#24752.0#128_25040.0#25040.0#128
27000 30000 22.571212890616152 744.357196777346 289.4343827212386 996.1780000000144 484.9541015625 18853.267715407084 503295.1804078057 840.0 128.0 26167.0#26167.0#840_27416.0#27416.0#840_29279.0#29279.0#840 27022.0#27022.0#128_29277.0#29277.0#128
30000 33000 26.26721484377049 743.4331962890574 293.07392189838544 998.1269999999786 465.60888671875 15651.058473823234 421740.5307039755 840.0 128.0 29279.0#29279.0#840_31278.0#31278.0#840 31276.0#31276.0#128
33000 36000 13.734947265591472 746.5662631836021 291.5627122841627 998.5540000000037 459.262939453125 17145.020242512936 449780.1431700451 840.0 128.0 33283.0#33283.0#840_34788.0#34788.0#840 33277.0#33277.0#128_34782.0#34782.0#128
36000 39000 226.0390019530896 693.4902495117276 362.37555374954184 996.064000000013 272.2109375 16278.994964890153 408754.20227597695 840.0 128.0 34788.0#34788.0#840_36688.0#36688.0#840_38774.0#38774.0#840 36686.0#36686.0#128_38770.0#38770.0#128
39000 42000 756.7936582031543 560.8015854492114 362.24497062808564 994.3209999999963 215.311279296875 16178.785291661039 417377.24936487357 840.0 128.0 38774.0#38774.0#840_40785.0#40785.0#840 38770.0#38770.0#128_40781.0#40781.0#128
42000 45000 26.19496484368574 743.4512587890786 371.4191360246759 995.9949999999953 208.997314453125 15659.805077854624 390351.69631302037 840.0 128.0 40785.0#40785.0#840_42731.0#42731.0#840_44285.0#44285.0#840 42729.0#42729.0#128_44278.0#44278.0#128
45000 48000 536.6870546874707 821.1043151041764 156.6254895674237 999.5800000000163 706.541259765625 15615.118753299303 374517.2752535922 840.0 128.0 44285.0#44285.0#840_46290.0#46290.0#840 46287.0#46287.0#128
48000 51000 62.72924609371694 734.3176884765708 340.3050028862981 998.8009999999776 282.4347402343992 15166.116148232479 428212.6050368183 840.0 128.0 48281.0#48281.0#840_50286.0#50286.0#840 48278.0#48278.0#128_50279.0#50279.0#128
51000 54000 20.691125000070315 744.8272187499824 317.43105417909067 996.9760000000242 334.02998632809613 15216.776830212117 361928.2390311392 840.0 128.0 50286.0#50286.0#840_52284.0#52284.0#840 52279.0#52279.0#128
54000 57000 19.583769531280268 745.1040576171799 315.1059516591825 998.484999999986 340.81111132807564 18209.15429968018 496867.6470168199 840.0 128.0 54285.0#54285.0#840_55785.0#55785.0#840 54281.0#54281.0#128_55783.0#55783.0#128
57000 60000 689.8962246094598 577.5259438476351 362.0494251312124 999.295999999973 211.8168945311918 13072.303579229869 338700.8323322126 840.0 128.0 55785.0#55785.0#840_57786.0#57786.0#840_59792.0#59792.0#840 57784.0#57784.0#128_59786.0#59786.0#128
60000 63000 19.425908203062136 745.1435229492345 376.4688495811013 999.7119999999995 201.760986328125 16261.903950938373 458341.4128332048 840.0 128.0 59792.0#59792.0#840_61792.0#61792.0#840 59786.0#59786.0#128_61786.0#61786.0#128
63000 66000 82.45297070307424 729.3867573242314 382.8632240205505 991.9409999999916 171.666015625 13642.600911851308 305341.9123867409 840.0 128.0 61792.0#61792.0#840_63785.0#63785.0#840_65791.0#65791.0#840 63781.0#63781.0#128_65786.0#65786.0#128
66000 69000 1269.8017441406264 576.7327519531245 217.30385357817255 823.7129843750154 414.88199999998324 10837.940683164461 319093.3807170834 840.0 128.0 65791.0#65791.0#840_68737.0#68737.0#840 65786.0#65786.0#128_68734.0#68734.0#128
69000 72000 22.54928320326144 744.3626791991846 288.96758590108993 996.332999999926 487.3129882811918 19864.801658818364 530907.7915078825 840.0 128.0 68737.0#68737.0#840_69930.0#69930.0#840_71311.0#71311.0#840 69784.0#69784.0#128_71280.0#71280.0#128
72000 75000 414.85398828127654 646.2865029296809 441.9310615968569 998.131999999925 79.05099999997765 14326.508929674772 379311.73423467536 840.0 128.0 71311.0#71311.0#840_73289.0#73289.0#840 73282.0#73282.0#128
75000 78000 1514.580115234421 742.7099423827894 355.8911670948519 994.3629999999539 491.056884765625 11389.596326182553 282383.69297037896 840.0 128.0 76779.0#76779.0#840 76773.0#76773.0#128_77023.0#77023.0#128
78000 81000 14.303892578172963 746.4240268554568 287.82056731297735 998.3519999999553 486.4169921875 21357.658840844873 565136.5601541604 840.0 128.0 76779.0#76779.0#840_78132.0#78132.0#840_79651.0#79651.0#840_80849.0#80849.0#840 79276.0#79276.0#128_80785.0#80785.0#128
81000 84000 55.81790429685498 736.0455239257863 302.89122988958917 998.5599999999977 440.465087890625 17008.724392430326 434556.9861954462 840.0 128.0 80849.0#80849.0#840_82736.0#82736.0#840 80785.0#80785.0#128_82733.0#82733.0#128
84000 87000 659.6291347656515 585.0927163085871 476.0215405485858 997.6819999999716 128.9209121093736 16656.649264129584 404623.31409063976 840.0 128.0 82736.0#82736.0#840_84779.0#84779.0#840_86740.0#86740.0#840 84777.0#84777.0#128_86735.0#86735.0#128
87000 90000 27.351929687487427 743.1620175781281 372.5414678598865 994.9670000000042 205.1240234375 14190.671998716589 382866.2823082783 840.0 128.0 86740.0#86740.0#840_88790.0#88790.0#840 88782.0#88782.0#128
90000 93000 2481.8009999999776 259.0995000000112 327.77867445785745 490.8740234375 27.32497656252235 4058.1956219814583 102414.55947523232 840.0 128.0 88790.0#88790.0#840_92658.0#92658.0#840 92656.0#92656.0#128
93000 96000 21.096968750003725 744.7257578124991 292.9429696989962 998.4020000000019 475.4560546875 22406.77858361174 576370.0211282765 840.0 128.0 92658.0#92658.0#840_94014.0#94014.0#840_95913.0#95913.0#840 93035.0#93035.0#128_94165.0#94165.0#128
96000 99000 55.27000000001863 736.1824999999953 291.65526103846145 995.6410000000033 448.9560546875 20143.7733951189 518921.56667799724 840.0 128.0 94014.0#94014.0#840_95913.0#95913.0#840_97346.0#97346.0#840_98667.0#98667.0#840 96280.0#96280.0#128_98664.0#98664.0#128
99000 102000 30.093962890678085 742.4765092773305 299.09157959576197 998.5580000000191 424.319091796875 18111.335724846387 494236.67538821977 840.0 128.0 98667.0#98667.0#840_100088.0#100088.0#840 100279.0#100279.0#128
102000 105000 817.7840546874213 727.4053151041929 160.63405194212825 894.8699999999953 574.6079082032084 12994.537321247264 343799.3481225438 840.0 128.0 102292.0#102292.0#840_104289.0#104289.0#840 102288.0#102288.0#128_104285.0#104285.0#128
105000 108000 531.6437343750731 617.0890664062317 426.75589307171913 999.0540000000037 216.685302734375 15918.778529357882 422554.67636583385 840.0 128.0 104289.0#104289.0#840_105785.0#105785.0#840_107786.0#107786.0#840 105782.0#105782.0#128_107782.0#107782.0#128
108000 111000 53.544041015789844 736.6139897460525 387.3331760640641 998.0559999999823 175.3432617186918 17627.61193385764 454809.4083494851 840.0 128.0 107786.0#107786.0#840_109779.0#109779.0#840 107782.0#107782.0#128_109775.0#109775.0#128
111000 114000 26.37694726564223 743.4057631835894 397.94590442713536 996.8649999999907 159.497314453125 13785.73145799857 305401.21457929816 840.0 128.0 109779.0#109779.0#840_111787.0#111787.0#840_113787.0#113787.0#840 111782.0#111782.0#128_113782.0#113782.0#128
114000 117000 1269.5284296874888 576.8238567708371 231.6745621775556 839.2296855468885 400.5599999999977 12235.467875557424 351046.30099804397 840.0 128.0 113787.0#113787.0#840_116579.0#116579.0#840 113782.0#113782.0#128_116574.0#116574.0#128
117000 120000 471.2359472656972 632.1910131835757 344.1761323165958 999.8260000000009 214.2109375 18732.861922441218 474490.1482474191 840.0 128.0 116579.0#116579.0#840_118021.0#118021.0#840_119789.0#119789.0#840 117278.0#117278.0#128_119784.0#119784.0#128
120000 123000 383.1079374999972 872.2973541666676 110.85585696215097 997.1900000000023 785.5530625000247 18312.6268116776 456697.24494874675 840.0 128.0 119789.0#119789.0#840_121302.0#121302.0#840 121300.0#121300.0#128
123000 126000 1426.253000000026 786.873499999987 297.9104508749291 997.5279999999912 576.2189999999828 10964.0 278134.0 840.0 128.0 123285.0#123285.0#840 123280.0#123280.0#128
126000 129000 1829.8349999999627 585.0825000000186 577.4651168170142 993.4120000000112 176.75300000002608 9020.0 228769.0 840.0 128.0 127061.0#127061.0#840 127056.0#127056.0#128
129000 132000 3000.0 0.0 0.0 0.0 0.0 0.0 0.0 0.0 0.0 - -
132000 135000 3000.0 0.0 0.0 0.0 0.0 0.0 0.0 0.0 0.0 - -
135000 138000 1085.3207070312928 957.3396464843536 51.851225997490566 994.0040000000154 920.6752929686918 15156.996822815241 365820.4200158614 564.0 128.0 136219.0#136219.0#840_137929.0#137929.0#288 136217.0#136217.0#128_136774.0#136774.0#128
138000 141000 33.374214843672235 741.6564462890819 447.43609463691627 998.9510000000009 74.44470703130355 22886.56066563884 531923.778860855 380.0 128.0 136219.0#136219.0#840_137929.0#137929.0#288_138557.0#138557.0#288_139293.0#139293.0#288_139967.0#139967.0#288_140640.0#140640.0#288 138054.0#138054.0#128_138693.0#138693.0#128_139410.0#139410.0#128_140098.0#140098.0#128_140755.0#140755.0#128
141000 144000 974.6220781250158 675.125973958328 496.44677742319857 994.7519999999786 103.19792187499115 15528.44251154592 321433.80112328357 288.0 128.0 140640.0#140640.0#288_141229.0#141229.0#288_141793.0#141793.0#288_142261.0#142261.0#288 141279.0#141279.0#128_142277.0#142277.0#128
144000 147000 519.6721093750675 826.7759635416442 296.9932754050774 998.582999999926 483.837890625 17740.888284571294 424708.84349875565 840.0 128.0 144632.0#144632.0#840_146288.0#146288.0#840 144623.0#144623.0#128_146282.0#146282.0#128
147000 150000 492.67289062490454 835.7757031250318 279.6868849038032 997.2900000000373 512.8211093749851 14040.111715428706 344121.15650124435 840.0 128.0 146288.0#146288.0#840_148280.0#148280.0#840 148277.0#148277.0#128
150000 153000 291.0439726563054 902.9853424478982 165.85313081096672 999.7249999999767 711.47802734375 15434.16454514922 418407.38279825664 840.0 128.0 150280.0#150280.0#840_152287.0#152287.0#840 150278.0#150278.0#128_152283.0#152283.0#128
153000 156000 1064.2270273436443 645.2576575521185 352.460000110888 992.9899999999907 288.25297265627887 13879.83545485078 331201.61720174336 840.0 128.0 152287.0#152287.0#840_153837.0#153837.0#840 153774.0#153774.0#128
156000 159000 291.08870898437453 902.9704303385419 161.16817357384753 997.0540000000037 716.873291015625 18594.610786834062 491645.371126455 840.0 128.0 156277.0#156277.0#840_157777.0#157777.0#840 156276.0#156276.0#128_157773.0#157773.0#128
159000 162000 930.2750117187388 517.4312470703153 365.2135113187368 995.9670000000042 217.561279296875 14597.648990877999 385916.93153674563 840.0 128.0 157777.0#157777.0#840_159783.0#159783.0#840_161785.0#161785.0#840 159778.0#159778.0#128_161781.0#161781.0#128
162000 165000 52.29339648433961 736.9266508789151 385.4755053836788 995.005999999994 179.1298828125 17430.550566685713 449310.9120492024 840.0 128.0 161785.0#161785.0#840_163778.0#163778.0#840 161781.0#161781.0#128_163776.0#163776.0#128
165000 168000 127.85476562503027 718.0363085937424 443.85333655739777 996.7139999999781 64.2451171875 15499.603085665163 388839.4154058132 840.0 128.0 163778.0#163778.0#840_165777.0#165777.0#840_167781.0#167781.0#840 165774.0#165774.0#128_167777.0#167777.0#128
168000 171000 202.27311718737474 932.5756276042084 68.02190687983406 998.9650000000256 863.0310000000754 18862.586569937062 476136.3698817837 840.0 128.0 167781.0#167781.0#840_169250.0#169250.0#840 167777.0#167777.0#128_169285.0#169285.0#128
171000 174000 1764.3670000000275 617.8164999999863 537.1699297843351 997.6529999999912 237.97999999998137 9768.0 241192.0 840.0 128.0 171321.0#171321.0#840 171320.0#171320.0#128
174000 177000 518.5980976562714 827.1339674479095 295.51765900979984 998.164999999979 485.89990234375 18493.978956298273 451886.4689990283 840.0 128.0 174574.0#174574.0#840_175862.0#175862.0#840 174570.0#174570.0#128_175280.0#175280.0#128
177000 180000 17.955806640617084 745.5110483398457 290.230808702712 999.1959999999963 478.798095703125 20083.296387966926 520035.21546233783 840.0 128.0 175862.0#175862.0#840_177322.0#177322.0#840_178984.0#178984.0#840 177282.0#177282.0#128_178862.0#178862.0#128
180000 183000 32.40914453123696 741.8977138671908 294.3124311055232 999.4170000000158 467.574951171875 14089.596359903153 330743.998602519 840.0 128.0 178984.0#178984.0#840_180787.0#180787.0#840_182580.0#182580.0#840 180779.0#180779.0#128_182576.0#182576.0#128
183000 186000 24.888996093708556 743.7777509765729 293.362236749696 997.4810000000289 450.428955078125 17901.43994026018 449655.161599285 840.0 128.0 182580.0#182580.0#840_184785.0#184785.0#840 184779.0#184779.0#128
186000 189000 247.61394140624907 688.0965146484377 380.34502415162984 998.4389999999548 216.614013671875 13717.536878937035 321010.1854931903 840.0 128.0 184785.0#184785.0#840_186574.0#186574.0#840_188786.0#188786.0#840 186572.0#186572.0#128_188782.0#188782.0#128
189000 192000 50.59504687495064 737.3512382812623 386.19793856851237 996.5879999999888 178.365966796875 19067.007674138993 517934.48843064613 840.0 128.0 188786.0#188786.0#840_190616.0#190616.0#840 188782.0#188782.0#128_190610.0#190610.0#128
192000 195000 51.547029296983965 737.113242675754 388.57417766102583 995.9969999999739 173.5859375 22412.54610946278 461398.01561354107 840.0 128.0 190616.0#190616.0#840_192783.0#192783.0#840_194585.0#194585.0#840 192778.0#192778.0#128_194579.0#194579.0#128
195000 198000 561.6519472656655 812.7826842447781 160.02537376229506 997.0739999999641 708.989990234375 14893.308916204433 368267.90271083487 840.0 128.0 194585.0#194585.0#840_196290.0#196290.0#840 196285.0#196285.0#128
198000 201000 728.522080078139 567.8694799804653 301.94840241839614 997.2970000000205 288.9870097655803 15434.363751336507 395265.2782375718 840.0 128.0 198292.0#198292.0#840_200584.0#200584.0#840 198287.0#198287.0#128_200582.0#200582.0#128
201000 204000 832.6389101563254 722.4536966145582 249.01698221126307 993.8379999999888 504.46708984370343 16507.92502549172 378491.2848510457 840.0 128.0 200584.0#200584.0#840_201848.0#201848.0#840 201775.0#201775.0#128
204000 207000 1242.1759160156362 585.9413613281213 368.12413885749567 992.3159999999916 274.7719999999972 13552.296365128928 357707.8800861419 840.0 128.0 204286.0#204286.0#840_206577.0#206577.0#840 204280.0#204280.0#128_206572.0#206572.0#128
207000 210000 637.0397988281911 590.7400502929522 323.67411263947855 995.3449999999721 215.46728515625 16645.079378448696 386042.12739001476 840.0 128.0 206577.0#206577.0#840_207819.0#207819.0#840_209785.0#209785.0#840 207777.0#207777.0#128_209783.0#209783.0#128
210000 213000 47.36626367177814 738.1584340820555 386.61225718132266 996.8000000000466 177.822021484375 20376.86536924516 489015.8849159943 840.0 128.0 209785.0#209785.0#840_211780.0#211780.0#840 209783.0#209783.0#128_211779.0#211779.0#128_212781.0#212781.0#128
213000 216000 25.14509570307564 743.7137260742311 397.5713227816284 999.3199999999488 161.27392578125 17908.586005021833 387592.2892711486 840.0 128.0 211780.0#211780.0#840_213513.0#213513.0#840_213736.0#213736.0#840_215786.0#215786.0#840 212781.0#212781.0#128_213592.0#213592.0#128_215781.0#215781.0#128
216000 219000 281.57592578139156 906.1413580728695 82.71790634516039 997.2489999999525 835.7520742187044 18571.172882155384 464374.81833670044 840.0 128.0 215786.0#215786.0#840_217282.0#217282.0#840 217275.0#217275.0#128
219000 222000 1513.6699121093843 743.1650439453078 352.5987342906084 992.4899999999907 493.840087890625 12482.057537321027 333066.2472759687 840.0 128.0 220560.0#220560.0#840 220558.0#220558.0#128_221271.0#221271.0#128
222000 225000 30.898130859364755 742.2754672851588 288.6426931481273 994.3090000000084 481.60595703125 20543.896761804026 510605.048043924 840.0 128.0 220560.0#220560.0#840_222049.0#222049.0#840_223343.0#223343.0#840 221271.0#221271.0#128_223276.0#223276.0#128
225000 228000 20.1150644532172 744.9712338866957 291.0762507043642 996.6589999999851 471.139892578125 18404.19694249873 479194.26753669465 840.0 128.0 225289.0#225289.0#840_226797.0#226797.0#840 225284.0#225284.0#128_226795.0#226795.0#128
228000 231000 13.892968749976717 746.5267578125058 290.6350713910234 999.8490000000456 463.221923828125 16111.01206061446 379404.8549925925 840.0 128.0 226797.0#226797.0#840_229283.0#229283.0#840_230796.0#230796.0#840 229279.0#229279.0#128_230793.0#230793.0#128
231000 234000 20.205044921836816 744.9487387695408 289.7474853578885 995.7580000000307 456.15087890625 16069.447544982633 397781.8234338269 840.0 128.0 230796.0#230796.0#840_232784.0#232784.0#840 230793.0#230793.0#128_232779.0#232779.0#128
234000 237000 17.546992187504657 745.6132519531238 291.6609376980574 999.2739999999758 447.85888671875 16731.378080463033 400869.40312358097 840.0 128.0 232784.0#232784.0#840_234786.0#234786.0#840_236596.0#236596.0#840 234783.0#234783.0#128_236593.0#236593.0#128
237000 240000 25.614630859345198 743.5963422851637 295.1950205073993 997.8410000000149 434.187255859375 16238.216677338123 412842.75023137114 840.0 128.0 236596.0#236596.0#840_238580.0#238580.0#840 238577.0#238577.0#128
240000 243000 54.57837500004098 736.3554062499898 307.70751341211604 998.5089999999618 398.327880859375 16178.92864065323 396600.26768533245 840.0 128.0 240792.0#240792.0#840_242602.0#242602.0#840 240788.0#240788.0#128_242600.0#242600.0#128
243000 246000 1819.4518300780328 393.51605664065573 186.98653401386707 598.53111914068 232.35205078125 9126.45531949943 231007.5024822983 840.0 128.0 242602.0#242602.0#840_245769.0#245769.0#840 245766.0#245766.0#128
246000 249000 13.624058593763039 746.5939853515592 366.17966853828 999.9640000000363 222.2919921875 22073.615279372698 580132.293802752 840.0 128.0 245769.0#245769.0#840_247327.0#247327.0#840_248349.0#248349.0#840 246089.0#246089.0#128_248281.0#248281.0#128
249000 252000 21.216039062361233 744.6959902344097 372.0221476308919 999.2020000000484 209.251953125 18420.711947797394 471797.7011089838 840.0 128.0 248349.0#248349.0#840_249926.0#249926.0#840_251789.0#251789.0#840 250288.0#250288.0#128_251783.0#251783.0#128
252000 255000 49.74395898450166 737.5640102538746 392.88888226267864 999.6119999999646 167.593994140625 16504.72935968115 420753.2596209433 840.0 128.0 251789.0#251789.0#840_253789.0#253789.0#840 251783.0#251783.0#128_253786.0#253786.0#128
255000 258000 36.388996093766764 740.9027509765583 401.61549793457004 995.8719999999739 149.822998046875 14444.69020505261 314471.28913596174 840.0 128.0 253789.0#253789.0#840_255790.0#255790.0#840_257796.0#257796.0#840 255785.0#255785.0#128_257791.0#257791.0#128
258000 261000 23.67111718747765 744.0822207031306 409.73327818128456 996.3610000000335 138.577880859375 17508.61740316785 479052.27844472934 840.0 128.0 257796.0#257796.0#840_259792.0#259792.0#840 257791.0#257791.0#128_259786.0#259786.0#128
261000 264000 11.865958984359168 747.0335102539102 414.50959607170927 999.7789999999804 133.544921875 15141.837822675905 349183.314873273 840.0 128.0 259792.0#259792.0#840_261792.0#261792.0#840_263788.0#263788.0#840 261786.0#261786.0#128_263784.0#263784.0#128
264000 267000 19.113656250061467 745.2215859374846 418.07946339562176 998.0729999999749 125.697265625 17807.570570105694 491294.59670082276 840.0 128.0 263788.0#263788.0#840_265791.0#265791.0#840 263784.0#263784.0#128_265787.0#265787.0#128
267000 270000 596.6632070312044 801.1122643229319 80.0761481386951 873.4377343750093 715.06005859375 16739.38933552539 399139.3993206301 840.0 128.0 265791.0#265791.0#840_267289.0#267289.0#840_269286.0#269286.0#840 267285.0#267285.0#128_269284.0#269284.0#128
270000 273000 354.8080585937714 661.2979853515571 390.68859518264355 998.7369999999646 280.1359414062463 15698.248511446627 357589.7021863143 840.0 128.0 269286.0#269286.0#840_271287.0#271287.0#840 271284.0#271284.0#128
273000 276000 353.66699023440015 882.1110032552 194.08232987191545 995.579000000027 658.010009765625 15788.366395319918 392053.48846237257 840.0 128.0 273335.0#273335.0#840_275285.0#275285.0#840 273327.0#273327.0#128_275281.0#275281.0#128
276000 279000 16.94691406248603 745.7632714843785 316.72249300093875 997.7060000000056 335.8849902343936 18677.61368148683 485006.38417758746 840.0 128.0 275285.0#275285.0#840_277280.0#277280.0#840_278789.0#278789.0#840 277276.0#277276.0#128_278740.0#278740.0#128
279000 282000 325.70111328118946 668.5747216797026 308.0723400472103 997.265000000014 343.17590429692063 17227.06020360817 400618.3121840356 840.0 128.0 278789.0#278789.0#840_280596.0#280596.0#840 280593.0#280593.0#128
282000 285000 49.53000390622765 737.6174990234431 287.97310700915364 994.8020000000251 470.927978515625 16032.875087263834 383099.2659573023 840.0 128.0 282782.0#282782.0#840_284581.0#284581.0#840 282780.0#282780.0#128_284577.0#284577.0#128
285000 288000 28.89799218752887 742.7755019531178 293.29384945952415 996.1219999999739 454.510986328125 18197.424472510276 436125.7294350484 840.0 128.0 284581.0#284581.0#840_286579.0#286579.0#840 286575.0#286575.0#128
288000 291000 33.4368828125298 741.6407792968675 292.8571302732788 996.3059999999823 440.131103515625 13612.521339915897 345453.9619237668 840.0 128.0 288289.0#288289.0#840_290583.0#290583.0#840 288285.0#288285.0#128_290578.0#290578.0#128
291000 294000 22.156208984320983 744.4609477539198 293.785074460131 997.2639999999665 431.94189453125 19097.210225071514 473126.78975320875 840.0 128.0 290583.0#290583.0#840_292290.0#292290.0#840 292285.0#292285.0#128
294000 297000 22.14657421875745 744.4633564453106 295.13683149252165 996.4459999999963 422.6533203125 15796.59465989405 381438.9733411176 840.0 128.0 294287.0#294287.0#840_296300.0#296300.0#840 294284.0#294284.0#128_296296.0#296296.0#128
297000 300000 26.29034179681912 743.4274145507952 301.9450473847909 998.7029999999795 407.802978515625 16863.90240260127 409457.0778911178 840.0 128.0 296300.0#296300.0#840_298294.0#298294.0#840_299788.0#299788.0#840 298288.0#298288.0#128_299803.0#299803.0#128
