ts te idle avg_span std_span max_span min_span c_bytes_all s_bytes_all avg_video_rate avg_audio_rate video_requests_sequence audio_requests_sequence
0 1000 1000.0 0.0 0.0 0.0 0.0 0.0 0.0 0.0 0.0 - -
1000 2000 1000.0 0.0 0.0 0.0 0.0 0.0 0.0 0.0 0.0 - -
2000 3000 1000.0 0.0 0.0 0.0 0.0 0.0 0.0 0.0 0.0 - -
3000 4000 1000.0 0.0 0.0 0.0 0.0 0.0 0.0 0.0 0.0 - -
4000 5000 1000.0 0.0 0.0 0.0 0.0 0.0 0.0 0.0 0.0 - -
5000 6000 1000.0 0.0 0.0 0.0 0.0 0.0 0.0 0.0 0.0 - -
6000 7000 1000.0 0.0 0.0 0.0 0.0 0.0 0.0 0.0 0.0 - -
7000 8000 1000.0 0.0 0.0 0.0 0.0 0.0 0.0 0.0 0.0 - -
8000 9000 656.7010000000009 343.29899999999907  343.29899999999907 343.29899999999907 3800.0 10930.0 0.0 0.0 - -
9000 10000 1000.0 0.0 0.0 0.0 0.0 0.0 0.0 0.0 0.0 - -
10000 11000 479.688720703125 520.311279296875  520.311279296875 520.311279296875 13923.094083229402 1787697.7077351739 4400.0 128.0 10490.0#10490.0#4400 10481.0#10481.0#128_10671.0#10671.0#128
11000 12000 4.675189453118946 497.6624052734405 30.5536379301244 519.26708984375 476.05772070313105 34441.67474604352 5575308.034077039 4400.0 128.0 11095.0#11095.0#4400_11238.0#11238.0#4400_11400.0#11400.0#4400_11564.0#11564.0#4400_11679.0#11679.0#4400_11804.0#11804.0#4400 11484.0#11484.0#128_11617.0#11617.0#128_11724.0#11724.0#128_11869.0#11869.0#128_11979.0#11979.0#128
12000 13000 642.5480898437672 178.72595507811639 143.18494407872316 279.97299999999814 77.47891015623463 10102.231170727073 1629952.2581877871 4400.0 128.0 12656.0#12656.0#4400 11979.0#11979.0#128_12654.0#12654.0#128
13000 14000 1000.0 0.0 0.0 0.0 0.0 0.0 0.0 0.0 0.0 - -
14000 15000 499.446044921875 500.553955078125  500.553955078125 500.553955078125 11718.657392860729 1818204.726871314 8000.0 128.0 14542.0#14542.0#8000 14534.0#14534.0#128
15000 16000 928.4389550781343 71.56104492186569  71.56104492186569 71.56104492186569 1675.3426071392719 259937.27312868604 8000.0 0.0 14542.0#14542.0#8000 -
16000 17000 552.1529999999912 447.84700000000885  447.84700000000885 447.84700000000885 11296.0 2088501.0 8000.0 128.0 16532.0#16532.0#8000 16531.0#16531.0#128
17000 18000 1000.0 0.0 0.0 0.0 0.0 0.0 0.0 0.0 0.0 - -
18000 19000 419.52799999999115 580.4720000000088  580.4720000000088 580.4720000000088 9921.0 1887271.0 8000.0 128.0 18039.0#18039.0#8000 18037.0#18037.0#128
19000 20000 1000.0 0.0 0.0 0.0 0.0 0.0 0.0 0.0 0.0 - -
20000 21000 421.1390000000247 578.8609999999753  578.8609999999753 578.8609999999753 10662.0 2118496.0 8000.0 128.0 20037.0#20037.0#8000 20035.0#20035.0#128
21000 22000 1000.0 0.0 0.0 0.0 0.0 0.0 0.0 0.0 0.0 - -
22000 23000 426.07299999997485 573.9270000000251  573.9270000000251 573.9270000000251 9530.0 1868391.0 8000.0 128.0 22031.0#22031.0#8000 22029.0#22029.0#128
23000 24000 1000.0 0.0 0.0 0.0 0.0 0.0 0.0 0.0 0.0 - -
24000 25000 437.0650000000023 562.9349999999977  562.9349999999977 562.9349999999977 11204.0 2146355.0 8000.0 128.0 24036.0#24036.0#8000 24035.0#24035.0#128
25000 26000 1000.0 0.0 0.0 0.0 0.0 0.0 0.0 0.0 0.0 - -
26000 27000 327.91300000000047 672.0869999999995  672.0869999999995 672.0869999999995 11546.0 2082658.0 8000.0 128.0 26037.0#26037.0#8000 26034.0#26034.0#128
27000 28000 1000.0 0.0 0.0 0.0 0.0 0.0 0.0 0.0 0.0 - -
28000 29000 420.5769999999902 579.4230000000098  579.4230000000098 579.4230000000098 11275.0 1987012.0 8000.0 128.0 28032.0#28032.0#8000 28031.0#28031.0#128
29000 30000 1000.0 0.0 0.0 0.0 0.0 0.0 0.0 0.0 0.0 - -
30000 31000 433.09499999997206 566.9050000000279  566.9050000000279 566.9050000000279 11567.0 2103718.0 8000.0 128.0 30034.0#30034.0#8000 30031.0#30031.0#128
31000 32000 529.4130859375 470.5869140625  470.5869140625 470.5869140625 5347.73857642257 1038464.4096566386 8000.0 128.0 31530.0#31530.0#8000 31529.0#31529.0#128
32000 33000 59.62292773439549 470.18853613280226 40.202626478811204 498.6160859374795 441.760986328125 6341.307898685965 1101967.7039491823 0.0 0.0 - -
33000 34000 50.09499218745623 474.9525039062719 86.24370659168991 535.9360136719188 413.968994140625 4878.171754092513 888335.5221190933 8000.0 128.0 33535.0#33535.0#8000 33533.0#33533.0#128
34000 35000 5.034982421959285 497.48250878902036 123.98480597684936 585.1530058593489 409.8120117186918 6488.1249293139535 1271681.3374594767 0.0 0.0 - -
35000 36000 1.067025390570052 499.466487304715 127.569842881753 589.671988281305 409.260986328125 4785.8863388793025 789290.9484006243 8000.0 128.0 35533.0#35533.0#8000 35531.0#35531.0#128
36000 37000 23.170904296915978 488.414547851542 143.16149768848533 589.6450136718922 387.1840820311918 5945.6687934526235 1098153.083685549 0.0 0.0 - -
37000 38000 92.83783593750559 453.5810820312472 118.65794271801795 537.4849179688026 369.6772460936918 4834.2940947770685 830536.7650601275 8000.0 128.0 37537.0#37537.0#8000 37535.0#37535.0#128
38000 39000 392.34324609377654 607.6567539062235  607.6567539062235 607.6567539062235 6563.8076143760045 1365153.2296693085 0.0 0.0 - -
39000 40000 537.1411132813082 462.8588867186918  462.8588867186918 462.8588867186918 4549.943010917501 862519.90136698 8000.0 128.0 39538.0#39538.0#8000 39536.0#39536.0#128
40000 41000 70.18277539056726 464.90861230471637 49.77254060204866 500.10311328130774 429.714111328125 10835.923770451345 2095235.97634127 0.0 0.0 - -
41000 42000 651.1301113280933 348.86988867190666  348.86988867190666 348.86988867190666 4806.133218631154 944453.1222917503 8000.0 128.0 41041.0#41041.0#8000 41039.0#41039.0#128
42000 43000 503.531005859375 496.468994140625  496.468994140625 496.468994140625 6489.852968592697 1236513.2562316847 0.0 0.0 - -
43000 44000 661.7089941406157 338.2910058593843  338.2910058593843 338.2910058593843 4422.147031407303 842552.7437683152 8000.0 128.0 43037.0#43037.0#8000 43035.0#43035.0#128
44000 45000 496.635986328125 503.364013671875  503.364013671875 503.364013671875 6405.639743287252 1186112.3273572824 0.0 0.0 - -
45000 46000 644.9410136719234 355.05898632807657  355.05898632807657 355.05898632807657 4518.360256712748 836650.6726427177 8000.0 128.0 45033.0#45033.0#8000 45032.0#45032.0#128
46000 47000 497.7270507813082 502.2729492186918  502.2729492186918 502.2729492186918 5788.878408669699 1072577.0188308947 0.0 0.0 - -
47000 48000 576.4019492188236 423.5980507811764  423.5980507811764 423.5980507811764 4882.121591330301 904570.9811691052 8000.0 128.0 47037.0#47037.0#8000 47033.0#47033.0#128
48000 49000 498.3291015625 501.6708984375  501.6708984375 501.6708984375 6394.3111053858065 1201327.6172390736 0.0 0.0 - -
49000 50000 626.2608984375256 373.7391015624744  373.7391015624744 373.7391015624744 4763.6888946141935 894975.3827609265 8000.0 128.0 49029.0#49029.0#8000 49028.0#49028.0#128
50000 51000 559.3960000000079 440.6039999999921  440.6039999999921 440.6039999999921 8825.0 1533016.0 8000.0 128.0 50599.0#50599.0#8000 50597.0#50597.0#128
51000 52000 1000.0 0.0 0.0 0.0 0.0 0.0 0.0 0.0 0.0 - -
52000 53000 497.8466796875 502.1533203125  502.1533203125 502.1533203125 6314.413612829366 1132073.3832450751 0.0 0.0 - -
53000 54000 669.6863203124958 330.3136796875042  330.3136796875042 330.3136796875042 4153.586387170634 744671.6167549248 8000.0 128.0 53034.0#53034.0#8000 53032.0#53032.0#128
54000 55000 499.577880859375 500.422119140625  500.422119140625 500.422119140625 9346.216800827495 1819100.1772085559 8000.0 128.0 54617.0#54617.0#8000 54613.0#54613.0#128
55000 56000 835.3141191406175 164.68588085938245  164.68588085938245 164.68588085938245 3075.7831991725043 598654.822791444 8000.0 0.0 54617.0#54617.0#8000 -
56000 57000 607.9569999999949 392.0430000000051  392.0430000000051 392.0430000000051 11235.0 2074790.0 8000.0 128.0 56538.0#56538.0#8000 56535.0#56535.0#128
57000 58000 1000.0 0.0 0.0 0.0 0.0 0.0 0.0 0.0 0.0 - -
58000 59000 642.9259999999776 357.07400000002235  357.07400000002235 357.07400000002235 8844.0 1596426.0 8000.0 128.0 58533.0#58533.0#8000 58531.0#58531.0#128
59000 60000 1000.0 0.0 0.0 0.0 0.0 0.0 0.0 0.0 0.0 - -
60000 61000 604.8269999999902 395.1730000000098  395.1730000000098 395.1730000000098 10399.0 1837233.0 8000.0 128.0 60536.0#60536.0#8000 60533.0#60533.0#128
61000 62000 1000.0 0.0 0.0 0.0 0.0 0.0 0.0 0.0 0.0 - -
62000 63000 498.802734375 501.197265625  501.197265625 501.197265625 10364.24322872854 1966947.220849329 8000.0 128.0 62548.0#62548.0#8000 62545.0#62545.0#128
63000 64000 961.6152656250051 38.38473437499488  38.38473437499488 38.38473437499488 793.75677127146 150640.77915067112 8000.0 0.0 62548.0#62548.0#8000 -
64000 65000 543.8449999999721 456.15500000002794  456.15500000002794 456.15500000002794 10592.0 2021197.0 8000.0 128.0 64535.0#64535.0#8000 64533.0#64533.0#128
65000 66000 1000.0 0.0 0.0 0.0 0.0 0.0 0.0 0.0 0.0 - -
66000 67000 499.652099609375 500.347900390625  500.347900390625 500.347900390625 11407.02135230519 2117192.9972322383 8000.0 128.0 66538.0#66538.0#8000 66535.0#66535.0#128
67000 68000 962.1909003906185 37.80909960938152  37.80909960938152 37.80909960938152 861.9786476948108 159987.00276776176 8000.0 0.0 66538.0#66538.0#8000 -
68000 69000 461.51500000001397 538.484999999986  538.484999999986 538.484999999986 10286.0 1967892.0 8000.0 128.0 68034.0#68034.0#8000 68033.0#68033.0#128
69000 70000 1000.0 0.0 0.0 0.0 0.0 0.0 0.0 0.0 0.0 - -
70000 71000 456.8400000000256 543.1599999999744  543.1599999999744 543.1599999999744 11253.0 2149467.0 8000.0 128.0 70032.0#70032.0#8000 70031.0#70031.0#128
71000 72000 196.053955078125 803.946044921875  803.946044921875 803.946044921875 3514.95755712525 606869.6425841675 0.0 0.0 - -
72000 73000 426.571044921875 286.7144775390625 128.25576684299912 377.40500000002794 196.02395507809706 6426.04244287475 1426188.3574158326 8000.0 128.0 72034.0#72034.0#8000 72030.0#72030.0#128
73000 74000 1000.0 0.0 0.0 0.0 0.0 0.0 0.0 0.0 0.0 - -
74000 75000 425.304999999993 574.695000000007  574.695000000007 574.695000000007 9956.0 1932805.0 8000.0 128.0 74038.0#74038.0#8000 74033.0#74033.0#128
75000 76000 1000.0 0.0 0.0 0.0 0.0 0.0 0.0 0.0 0.0 - -
76000 77000 412.6820000000298 587.3179999999702  587.3179999999702 587.3179999999702 10626.0 2228034.0 8000.0 128.0 76033.0#76033.0#8000 76032.0#76032.0#128
77000 78000 1000.0 0.0 0.0 0.0 0.0 0.0 0.0 0.0 0.0 - -
78000 79000 433.3320000000531 566.6679999999469  566.6679999999469 566.6679999999469 9347.0 1881387.0 8000.0 128.0 78040.0#78040.0#8000 78036.0#78036.0#128
79000 80000 531.930908203125 468.069091796875  468.069091796875 468.069091796875 5119.460978092716 1027170.008720386 8000.0 128.0 79533.0#79533.0#8000 79531.0#79531.0#128
80000 81000 53.23716992180562 473.3814150390972 33.35633852148654 496.9679082031944 449.794921875 6139.769768922856 1092249.3356328006 0.0 0.0 - -
81000 82000 43.741947265632916 478.12902636718354 78.74348434952873 533.8090781249921 422.448974609375 4369.561640446661 802713.8627298262 8000.0 128.0 81533.0#81533.0#8000 81530.0#81530.0#128
82000 83000 37.355091796896886 481.32245410155156 102.27249011485986 553.6400253906031 409.0048828125 5321.814540058362 1055053.047368259 0.0 0.0 - -
83000 84000 3.403636718809139 498.29818164059543 128.15735608536923 588.9191171874991 407.6772460936918 4912.169122070428 908809.5409293255 8000.0 128.0 83538.0#83538.0#8000 83535.0#83535.0#128
84000 85000 23.940330078068655 488.0298349609657 128.36239357375783 578.7957539063063 397.263916015625 6340.597548761625 1329213.4452566074 8000.0 0.0 83538.0#83538.0#8000 -
85000 86000 0.8868339844048023 499.5565830077976 144.9533559904655 602.0540839844034 397.0590820311918 4106.127245072926 783252.7927178342 8000.0 128.0 85533.0#85533.0#8000 85531.0#85531.0#128
86000 87000 24.858960937533993 487.570519531233 143.50222786333487 589.0419179687742 386.0991210936918 5100.130331592097 1111847.0937608061 0.0 0.0 - -
87000 88000 3.2400800781324506 498.3799599609338 159.15265125369973 610.9178789062425 385.842041015625 3953.7763050055446 788597.6299363347 8000.0 128.0 87534.0#87534.0#8000 87532.0#87532.0#128
88000 89000 394.2640410155873 605.7359589844127  605.7359589844127 605.7359589844127 4322.592519976785 1080643.2429478199 0.0 0.0 - -
89000 90000 639.1510000000126 360.8489999999874  360.8489999999874 360.8489999999874 8801.0 1904831.0 8000.0 128.0 89038.0#89038.0#8000 89035.0#89035.0#128
90000 91000 887.2639999999665 112.73600000003353  112.73600000003353 112.73600000003353 800.0 3633.0 0.0 0.0 - -
91000 92000 534.6020507813082 465.3979492186918  465.3979492186918 465.3979492186918 4724.174969631746 971105.1195761433 8000.0 128.0 91536.0#91536.0#8000 91534.0#91534.0#128
92000 93000 52.28801757807378 473.8559912109631 33.1294511573322 497.2820507813012 450.429931640625 9259.088179381199 1882406.8807251542 8000.0 0.0 91536.0#91536.0#8000 -
93000 94000 0.09385156247299165 499.9530742187635 70.1039722140082 549.524068359402 450.382080078125 5886.86005512075 1117754.757226912 8000.0 128.0 93036.0#93036.0#8000 93033.0#93033.0#128
94000 95000 54.233777343761176 472.8831113281194 35.98863604594795 498.3309199218638 447.435302734375 5050.357586012455 1039279.4249254486 0.0 0.0 - -
95000 96000 566.7633027342963 433.2366972657037  433.2366972657037 433.2366972657037 4087.519209853851 912948.8175463418 8000.0 128.0 95038.0#95038.0#8000 95034.0#95034.0#128
96000 97000 497.50390625 502.49609375  502.49609375 502.49609375 3603.4430980353736 642629.7686103389 0.0 0.0 - -
97000 98000 1.1821132813347504 499.4089433593326 3.1056654635303427 501.6049804686918 497.21290624997346 5512.336493115654 1006851.7109213476 8000.0 128.0 97048.0#97048.0#8000 97045.0#97045.0#128
98000 99000 59.03191015624907 470.48404492187547 38.342122195293776 497.59601953125093 443.3720703125 10600.254786431362 2187719.2052266044 8000.0 128.0 98654.0#98654.0#8000 98650.0#98650.0#128
99000 100000 892.7520703125047 107.24792968749534  107.24792968749534 107.24792968749534 2096.9656224176106 440171.3152417093 8000.0 0.0 98654.0#98654.0#8000 -
100000 101000 643.9629999999888 356.0370000000112  356.0370000000112 356.0370000000112 9224.0 1987735.0 8000.0 128.0 100537.0#100537.0#8000 100536.0#100536.0#128
101000 102000 1000.0 0.0 0.0 0.0 0.0 0.0 0.0 0.0 0.0 - -
102000 103000 497.449951171875 502.550048828125  502.550048828125 502.550048828125 7988.902837188235 1626728.325130219 8000.0 128.0 102685.0#102685.0#8000 102679.0#102679.0#128
103000 104000 948.3480488280766 51.65195117192343  51.65195117192343 51.65195117192343 821.0971628117647 167194.67486978087 8000.0 0.0 102685.0#102685.0#8000 -
104000 105000 542.7679999999818 457.23200000001816  457.23200000001816 457.23200000001816 10313.0 2056650.0 8000.0 128.0 104539.0#104539.0#8000 104536.0#104536.0#128
105000 106000 1000.0 0.0 0.0 0.0 0.0 0.0 0.0 0.0 0.0 - -
106000 107000 496.24609375 503.75390625  503.75390625 503.75390625 9888.65893310908 1912155.1402989537 8000.0 128.0 106535.0#106535.0#8000 106532.0#106532.0#128
107000 108000 957.1399062499986 42.8600937500014  42.8600937500014 42.8600937500014 841.3410668909208 162688.8597010462 8000.0 0.0 106535.0#106535.0#8000 -
108000 109000 497.381103515625 502.618896484375  502.618896484375 502.618896484375 7243.971970441541 1329070.854201524 8000.0 128.0 108532.0#108532.0#8000 108530.0#108530.0#128
109000 110000 795.6608964843908 204.33910351560917  204.33910351560917 204.33910351560917 2945.028029558458 540332.1457984758 8000.0 0.0 108532.0#108532.0#8000 -
110000 111000 516.3250000000116 483.67499999998836  483.67499999998836 483.67499999998836 9531.0 1895484.0 8000.0 128.0 110535.0#110535.0#8000 110533.0#110533.0#128
111000 112000 1000.0 0.0 0.0 0.0 0.0 0.0 0.0 0.0 0.0 - -
112000 113000 580.4199999999837 419.5800000000163  419.5800000000163 419.5800000000163 9803.0 1908976.0 8000.0 128.0 112534.0#112534.0#8000 112532.0#112532.0#128
113000 114000 1000.0 0.0 0.0 0.0 0.0 0.0 0.0 0.0 0.0 - -
114000 115000 638.7540000000154 361.24599999998463  361.24599999998463 361.24599999998463 10396.0 2183645.0 8000.0 128.0 114539.0#114539.0#8000 114536.0#114536.0#128
115000 116000 1000.0 0.0 0.0 0.0 0.0 0.0 0.0 0.0 0.0 - -
116000 117000 160.81099999998696 839.189000000013  839.189000000013 839.189000000013 11798.0 2157188.0 8000.0 128.0 116044.0#116044.0#8000 116040.0#116040.0#128
117000 118000 1000.0 0.0 0.0 0.0 0.0 0.0 0.0 0.0 0.0 - -
118000 119000 427.49099999992177 572.5090000000782  572.5090000000782 572.5090000000782 9579.0 2024469.0 8000.0 128.0 118035.0#118035.0#8000 118034.0#118034.0#128
119000 120000 1000.0 0.0 0.0 0.0 0.0 0.0 0.0 0.0 0.0 - -
120000 121000 413.89600000012433 586.1039999998757  586.1039999998757 586.1039999998757 9222.0 1949396.0 8000.0 128.0 120031.0#120031.0#8000 120031.0#120031.0#128
121000 122000 1000.0 0.0 0.0 0.0 0.0 0.0 0.0 0.0 0.0 - -
122000 123000 358.8059999999823 641.1940000000177  641.1940000000177 641.1940000000177 10218.0 1990864.0 8000.0 128.0 122035.0#122035.0#8000 122034.0#122034.0#128
123000 124000 1000.0 0.0 0.0 0.0 0.0 0.0 0.0 0.0 0.0 - -
124000 125000 654.323974609375 345.676025390625  345.676025390625 345.676025390625 4232.510830300338 704987.1669854327 8000.0 128.0 124657.0#124657.0#8000 124654.0#124654.0#128
125000 126000 7.180714843736496 496.40964257813175 215.3371118514081 648.6759746093885 344.143310546875 10923.003853230344 2027561.5823932549 8000.0 128.0 124657.0#124657.0#8000_125532.0#125532.0#8000 125531.0#125531.0#128
126000 127000 397.3353105468559 602.6646894531441  602.6646894531441 602.6646894531441 5219.485316469318 1233937.2506213123 8000.0 0.0 125532.0#125532.0#8000 -
127000 128000 537.906005859375 462.093994140625  462.093994140625 462.093994140625 5044.2217984411855 992466.7476545756 8000.0 128.0 127539.0#127539.0#8000 127537.0#127537.0#128
128000 129000 47.71594140626257 476.1420292968687 32.156354835600176 498.8800058593624 453.404052734375 6149.932450560693 1073146.6758050912 8000.0 0.0 127539.0#127539.0#8000 -
129000 130000 37.98906054679537 481.0054697266023 81.79595936281012 538.8439472657046 423.1669921875 5066.645837816794 842195.1521525093 8000.0 128.0 129538.0#129538.0#8000 129536.0#129536.0#128
130000 131000 26.915876953105908 486.54206152344705 99.31165724536547 556.7660078125191 416.318115234375 6268.768965821467 1109314.988341073 8000.0 0.0 129538.0#129538.0#8000 -
131000 132000 2.993224609293975 498.503387695353 117.96732726898641 581.918884765706 415.087890625 4119.08553764756 754223.310433485 8000.0 128.0 131535.0#131535.0#8000 131534.0#131534.0#128
132000 133000 4.715914062515367 497.6420429687423 120.76120421720947 583.0331093749846 412.2509765625 5040.782640704636 1059883.0973341684 0.0 0.0 - -
133000 134000 5.134015624993481 497.43299218750326 124.23587722153009 585.2810234375065 409.5849609375 4133.132208365201 818385.1612837537 8000.0 128.0 133540.0#133540.0#8000 133538.0#133538.0#128
134000 135000 5.997873046901077 497.00106347654946 131.57273846222654 590.0370390624739 403.965087890625 5424.928507217439 1216694.1004573905 0.0 0.0 - -
135000 136000 0.7338144531240687 499.63309277343797 135.37958040128487 595.3609121093759 403.9052734375 4359.571162816 916187.5827442461 8000.0 128.0 135539.0#135539.0#8000 135538.0#135538.0#128
136000 137000 5.407968749990687 497.29601562500466 133.72621144833622 591.8547265625093 402.7373046875 5349.385997376362 1229926.950451139 0.0 0.0 - -
137000 138000 17.937193359364755 491.0314033203176 130.3795896816193 583.2236953125102 398.839111328125 4154.014233288516 787091.8092957428 8000.0 128.0 137541.0#137541.0#8000 137539.0#137539.0#128
138000 139000 20.746160156209953 489.626919921895 136.89865707069484 586.428888671915 392.824951171875 5601.686550513325 1210383.1591957205 0.0 0.0 - -
139000 140000 0.4149648437742144 499.7925175781129 151.54221979058926 606.9490488281008 392.635986328125 4104.300251785193 739549.4148883724 8000.0 128.0 139539.0#139539.0#8000 139538.0#139538.0#128
140000 141000 5.7138671875 497.14306640625 153.5778614418003 605.739013671875 388.547119140625 7451.250811276909 1588503.09076997 0.0 0.0 - -
141000 142000 5.350185546907596 497.3249072265462 157.8162967771259 608.9178808594006 385.7319335936918 6192.833451512313 1194300.108466291 8000.0 128.0 141034.0#141034.0#8000 141032.0#141032.0#128
142000 143000 387.6719335936941 612.3280664063059  612.3280664063059 612.3280664063059 2099.459594856405 411129.65072647115 0.0 0.0 - -
143000 144000 573.4469999999856 426.55300000001444  426.55300000001444 426.55300000001444 8822.0 2038170.0 8000.0 128.0 143036.0#143036.0#8000 143034.0#143034.0#128
144000 145000 497.56396484375 502.43603515625  502.43603515625 502.43603515625 4954.683691797224 1058598.9008006519 0.0 0.0 - -
145000 146000 20.955783203127794 489.5221083984361 4.156170642826546 492.4609648437472 486.583251953125 5204.932926404637 1037603.3623406 8000.0 128.0 145033.0#145033.0#8000 145032.0#145032.0#128
146000 147000 62.832355468766764 468.5838222656166 40.78581417766537 497.42374804685824 439.743896484375 5259.789859031029 1129171.6735458258 0.0 0.0 - -
147000 148000 588.2198964843992 411.7801035156008  411.7801035156008 411.7801035156008 4591.59352276711 1057346.0633129221 8000.0 128.0 147035.0#147035.0#8000 147034.0#147034.0#128
148000 149000 497.133056640625 502.866943359375  502.866943359375 502.866943359375 4714.864046148254 870861.9254518279 0.0 0.0 - -
149000 150000 540.1929433593759 459.80705664062407  459.80705664062407 459.80705664062407 4311.135953851747 796291.0745481722 8000.0 128.0 149032.0#149032.0#8000 149030.0#149030.0#128
150000 151000 606.917000000074 393.08299999992596  393.08299999992596 393.08299999992596 9707.0 1919872.0 8000.0 128.0 150592.0#150592.0#8000 150586.0#150586.0#128
151000 152000 1000.0 0.0 0.0 0.0 0.0 0.0 0.0 0.0 0.0 - -
152000 153000 641.005999999994 358.99400000000605  358.99400000000605 358.99400000000605 9070.0 1783381.0 8000.0 128.0 152540.0#152540.0#8000 152537.0#152537.0#128
153000 154000 1000.0 0.0 0.0 0.0 0.0 0.0 0.0 0.0 0.0 - -
154000 155000 497.427001953125 502.572998046875  502.572998046875 502.572998046875 8141.859216831331 1705831.631560203 8000.0 128.0 154535.0#154535.0#8000 154532.0#154532.0#128
155000 156000 881.7839980468852 118.21600195311476  118.21600195311476 118.21600195311476 1915.1407831686688 401248.368439797 8000.0 0.0 154535.0#154535.0#8000 -
156000 157000 648.2889999999898 351.71100000001024  351.71100000001024 351.71100000001024 10386.0 2172434.0 8000.0 128.0 156536.0#156536.0#8000 156534.0#156534.0#128
157000 158000 1000.0 0.0 0.0 0.0 0.0 0.0 0.0 0.0 0.0 - -
158000 159000 497.993896484375 502.006103515625  502.006103515625 502.006103515625 8755.467125395142 1817356.726885274 8000.0 128.0 158536.0#158536.0#8000 158534.0#158534.0#128
159000 160000 922.5081035156036 77.49189648439642  77.49189648439642 77.49189648439642 1351.5328746048576 280535.27311472583 8000.0 0.0 158536.0#158536.0#8000 -
160000 161000 547.8980000000447 452.1019999999553  452.1019999999553 452.1019999999553 8699.0 1754293.0 8000.0 128.0 160537.0#160537.0#8000 160531.0#160531.0#128
161000 162000 1000.0 0.0 0.0 0.0 0.0 0.0 0.0 0.0 0.0 - -
162000 163000 438.9870000000228 561.0129999999772  561.0129999999772 561.0129999999772 8677.0 1829741.0 8000.0 128.0 162040.0#162040.0#8000 162036.0#162036.0#128
163000 164000 1000.0 0.0 0.0 0.0 0.0 0.0 0.0 0.0 0.0 - -
164000 165000 496.4409179688082 503.5590820311918  503.5590820311918 503.5590820311918 7615.134361922196 1480665.7456147918 8000.0 128.0 164538.0#164538.0#8000 164536.0#164536.0#128
165000 166000 822.8570820312016 177.14291796879843  177.14291796879843 177.14291796879843 2678.865638077804 520871.2543852082 8000.0 0.0 164538.0#164538.0#8000 -
166000 167000 424.3650000000489 575.6349999999511  575.6349999999511 575.6349999999511 10166.0 2001005.0 8000.0 128.0 166041.0#166041.0#8000 166035.0#166035.0#128
167000 168000 1000.0 0.0 0.0 0.0 0.0 0.0 0.0 0.0 0.0 - -
168000 169000 441.4300000000512 558.5699999999488  558.5699999999488 558.5699999999488 9613.0 2045312.0 8000.0 128.0 168036.0#168036.0#8000 168035.0#168035.0#128
169000 170000 1000.0 0.0 0.0 0.0 0.0 0.0 0.0 0.0 0.0 - -
170000 171000 433.1329999999725 566.8670000000275  566.8670000000275 566.8670000000275 9804.0 2154782.0 8000.0 128.0 170035.0#170035.0#8000 170033.0#170033.0#128
171000 172000 535.944091796875 464.055908203125  464.055908203125 464.055908203125 4386.346938143919 933535.4979509813 8000.0 128.0 171539.0#171539.0#8000 171534.0#171534.0#128
172000 173000 452.9549082030426 273.5225458984787 316.4805540725808 497.3080917968764 49.737000000081025 4794.653061856081 1004079.5020490189 0.0 0.0 - -
173000 174000 1000.0 0.0 0.0 0.0 0.0 0.0 0.0 0.0 0.0 - -
174000 175000 421.50500000000466 578.4949999999953  578.4949999999953 578.4949999999953 9322.0 1994776.0 8000.0 128.0 174034.0#174034.0#8000 174032.0#174032.0#128
175000 176000 541.322021484375 458.677978515625  458.677978515625 458.677978515625 4443.68795558073 965277.5654731796 8000.0 128.0 175542.0#175542.0#8000 175540.0#175540.0#128
176000 177000 50.37768359371694 474.81115820314153 34.05972608670652 498.89502148440806 450.727294921875 5535.815757915831 1051562.4935685673 0.0 0.0 - -
177000 178000 54.78141210938338 472.6092939453083 91.54121110844152 537.3387050781166 407.8798828125 4818.967946534542 927811.0120047729 8000.0 128.0 177537.0#177537.0#8000 177534.0#177534.0#128
178000 179000 19.302812499983702 490.34859375000815 119.82139853804593 575.0751171875163 405.6220703125 6221.293636349413 1308934.6540284466 0.0 0.0 - -
179000 180000 3.7399921874748543 498.1300039062626 131.06213693178154 590.8049296875251 405.455078125 4305.901895935967 893857.7544210451 8000.0 128.0 179541.0#179541.0#8000 179538.0#179538.0#128
180000 181000 26.778970703133382 486.6105146484333 123.03715583178099 573.6109218749916 399.610107421875 5528.151704345814 1287714.4413641705 0.0 0.0 - -
181000 182000 1.778201171895489 499.11089941405226 142.63332759277324 599.9678925781045 398.25390625 3746.0450608805095 719496.6222389286 8000.0 128.0 181540.0#181540.0#8000 181533.0#181533.0#128
182000 183000 402.86290624999674 597.1370937500033  597.1370937500033 597.1370937500033 4066.1360424571944 1010126.4569008898 0.0 0.0 - -
183000 184000 535.278076171875 464.721923828125  464.721923828125 464.721923828125 3990.030136614388 819637.6389818513 8000.0 128.0 183537.0#183537.0#8000 183534.0#183534.0#128
184000 185000 48.964947265572846 475.5175263672136 31.666433416378567 497.90907617192715 453.1259765625 4954.8516815113435 879802.4416853709 0.0 0.0 - -
185000 186000 90.75368750002235 454.6231562499888 123.46348459704139 541.9250234374776 367.3212890625 2537.8645125376747 404678.6706153917 8000.0 128.0 185541.0#185541.0#8000 185539.0#185539.0#128
186000 187000 398.7282890625065 601.2717109374935  601.2717109374935 601.2717109374935 2823.253669336593 659227.2487173862 0.0 0.0 - -
187000 188000 830.9189999999944 169.0810000000056  169.0810000000056 169.0810000000056 5234.0 1026842.0 8000.0 128.0 187040.0#187040.0#8000 187037.0#187037.0#128
188000 189000 498.033935546875 501.966064453125  501.966064453125 501.966064453125 4451.753964032123 712851.3013297511 0.0 0.0 - -
189000 190000 772.7670644531026 227.23293554689735  227.23293554689735 227.23293554689735 2015.2460359678773 322697.69867024885 8000.0 128.0 189036.0#189036.0#8000 189036.0#189036.0#128
190000 191000 497.887939453125 502.112060546875  502.112060546875 502.112060546875 3618.369746555118 611107.1105793106 0.0 0.0 - -
191000 192000 628.987060546875 371.012939453125  371.012939453125 371.012939453125 2673.630253444882 451549.88942068943 8000.0 128.0 191035.0#191035.0#8000 191033.0#191033.0#128
192000 193000 499.197021484375 500.802978515625  500.802978515625 500.802978515625 3912.8223189878145 694994.0599959216 0.0 0.0 - -
193000 194000 728.8939785155817 271.1060214844183  271.1060214844183 271.1060214844183 2118.1776810121855 376229.9400040785 8000.0 128.0 193034.0#193034.0#8000 193033.0#193033.0#128
194000 195000 498.458740234375 501.541259765625  501.541259765625 501.541259765625 4419.91264693181 853891.7520276321 0.0 0.0 - -
195000 196000 4.347312500001863 497.82634374999907 1.6187138153381169 498.970947265625 496.68174023437314 5655.277105174093 1074865.633785855 8000.0 128.0 195031.0#195031.0#8000 195029.0#195029.0#128
196000 197000 182.95594726561103 408.5220263671945 126.6004353925138 498.0420527344104 319.0019999999786 10590.810247894098 2267753.614186513 8000.0 128.0 196539.0#196539.0#8000 196537.0#196537.0#128
197000 198000 1000.0 0.0 0.0 0.0 0.0 0.0 0.0 0.0 0.0 - -
198000 199000 499.56005859375 500.43994140625  500.43994140625 500.43994140625 4353.7145308863755 903425.0435012678 0.0 0.0 - -
199000 200000 0.12293554691132158 499.93853222654434 0.661107551600941 500.406005859375 499.4710585937137 4966.702856346705 961776.3967829453 8000.0 128.0 199036.0#199036.0#8000 199034.0#199034.0#128
200000 201000 40.076048828079365 479.9619755859603 24.545116828870416 497.31799414067063 462.60595703125 8341.100308248348 1756790.8031211605 8000.0 128.0 200539.0#200539.0#8000 200536.0#200536.0#128
201000 202000 923.0649570312817 76.93504296871834  76.93504296871834 76.93504296871834 1284.4823045185733 282234.7565946263 8000.0 0.0 200539.0#200539.0#8000 -
202000 203000 519.7619999999879 480.2380000000121  480.2380000000121 480.2380000000121 10202.0 2157112.0 8000.0 128.0 202537.0#202537.0#8000 202535.0#202535.0#128
203000 204000 1000.0 0.0 0.0 0.0 0.0 0.0 0.0 0.0 0.0 - -
204000 205000 498.022705078125 501.977294921875  501.977294921875 501.977294921875 8126.0645031029235 1584083.118590289 8000.0 128.0 204538.0#204538.0#8000 204536.0#204536.0#128
205000 206000 864.7812949218787 135.21870507812127  135.21870507812127 135.21870507812127 2188.9354968970756 426707.8814097109 8000.0 0.0 204538.0#204538.0#8000 -
206000 207000 497.22607421875 502.77392578125  502.77392578125 502.77392578125 8064.08147341182 1575787.223236556 8000.0 128.0 206539.0#206539.0#8000 206536.0#206536.0#128
207000 208000 850.8079257812351 149.1920742187649  149.1920742187649 149.1920742187649 2392.9185265881792 467595.776763444 8000.0 0.0 206539.0#206539.0#8000 -
208000 209000 497.896728515625 502.103271484375  502.103271484375 502.103271484375 7698.401643770279 1420274.2994415693 8000.0 128.0 208536.0#208536.0#8000 208532.0#208532.0#128
209000 210000 818.5792714843992 181.42072851560079  181.42072851560079 181.42072851560079 2781.5983562297206 513175.7005584307 8000.0 0.0 208536.0#208536.0#8000 -
210000 211000 500.30810546875 499.69189453125  499.69189453125 499.69189453125 6947.9873463732065 1381865.624923026 8000.0 128.0 210578.0#210578.0#8000 210576.0#210576.0#128
211000 212000 806.752894531237 193.24710546876304  193.24710546876304 193.24710546876304 2687.012653626794 534412.375076974 8000.0 0.0 210578.0#210578.0#8000 -
212000 213000 434.2730000000447 565.7269999999553  565.7269999999553 565.7269999999553 9808.0 2081507.0 8000.0 128.0 212039.0#212039.0#8000 212037.0#212037.0#128
213000 214000 1000.0 0.0 0.0 0.0 0.0 0.0 0.0 0.0 0.0 - -
214000 215000 412.7269999999553 587.2730000000447  587.2730000000447 587.2730000000447 9425.0 1962649.0 8000.0 128.0 214038.0#214038.0#8000 214035.0#214035.0#128
215000 216000 1000.0 0.0 0.0 0.0 0.0 0.0 0.0 0.0 0.0 - -
216000 217000 403.9549999999581 596.0450000000419  596.0450000000419 596.0450000000419 9818.0 2029686.0 8000.0 128.0 216038.0#216038.0#8000 216036.0#216036.0#128
217000 218000 1000.0 0.0 0.0 0.0 0.0 0.0 0.0 0.0 0.0 - -
218000 219000 420.9300000000512 579.0699999999488  579.0699999999488 579.0699999999488 11141.0 2147272.0 8000.0 128.0 218039.0#218039.0#8000 218037.0#218037.0#128
219000 220000 1000.0 0.0 0.0 0.0 0.0 0.0 0.0 0.0 0.0 - -
220000 221000 436.59499999997206 563.4050000000279  563.4050000000279 563.4050000000279 10284.0 2075750.0 8000.0 128.0 220043.0#220043.0#8000 220041.0#220041.0#128
221000 222000 543.02001953125 456.97998046875  456.97998046875 456.97998046875 4373.637061247606 906729.9148171792 8000.0 128.0 221542.0#221542.0#8000 221542.0#221542.0#128
222000 223000 48.436923828092404 475.7815380859538 31.1459061506562 497.8050195312826 453.758056640625 5449.575676240443 989398.0422187021 0.0 0.0 - -
223000 224000 37.752074218704365 481.1239628906478 77.027942480449 535.5909433594206 426.656982421875 4361.180747096017 834722.8847793053 8000.0 128.0 223534.0#223534.0#8000 223533.0#223533.0#128
224000 225000 430.873982421821 569.126017578179  569.126017578179 569.126017578179 4738.606515415935 1110833.1581848133 0.0 0.0 - -
225000 226000 534.75390625 465.24609375  465.24609375 465.24609375 3882.467259617189 705320.6845520288 8000.0 128.0 225535.0#225535.0#8000 225534.0#225534.0#128
226000 227000 60.94908203126397 469.525458984368 39.546286373741836 497.48890624998603 441.56201171875 4843.3498140471165 756315.8244790932 0.0 0.0 - -
227000 228000 42.68304687505588 478.65847656247206 89.58266757451818 542.0029882811941 415.31396484375 1969.3292588276563 229664.79706684913 8000.0 128.0 227541.0#227541.0#8000 227538.0#227538.0#128
228000 229000 4.863999999943189 497.5680000000284 116.85510216381219 580.1970351563068 414.93896484375 2215.0426806819123 317236.40750816447 0.0 0.0 - -
229000 230000 54.357025390607305 472.82148730469635 92.89056419647437 538.5050351562677 407.137939453125 5655.95165886625 859578.0718307777 8000.0 128.0 229538.0#229538.0#8000_229786.0#229786.0#8000 229535.0#229535.0#128_229793.0#229793.0#128
230000 231000 19.566041015670635 490.2169794921647 127.52116576135045 580.3880605468294 400.0458984375 7513.1638850990175 1251508.2728292337 8000.0 0.0 229786.0#229786.0#8000 -
231000 232000 2.4838671875186265 498.7580664062407 141.31675415212626 598.6841015624814 398.83203125 4741.036738162271 949069.9624337575 8000.0 128.0 231540.0#231540.0#8000 231538.0#231538.0#128
232000 233000 19.98698437504936 490.0065078124753 136.83712773212494 586.7649687499506 393.248046875 6218.8059410462 1361803.7900854377 0.0 0.0 - -
233000 234000 0.5639414062025025 499.71802929689875 150.8399108394492 606.3779531250475 393.05810546875 4675.344766443856 870996.8031584177 8000.0 128.0 233541.0#233541.0#8000 233536.0#233536.0#128
234000 235000 407.99710546876304 592.002894531237  592.002894531237 592.002894531237 5457.507997208532 1258012.3860562404 8000.0 0.0 233541.0#233541.0#8000 -
235000 236000 536.40087890625 463.59912109375  463.59912109375 463.59912109375 4954.843448388431 988966.5382696924 8000.0 128.0 235540.0#235540.0#8000 235535.0#235535.0#128
236000 237000 50.1162109375 474.94189453125 34.943780815589896 499.65087890625 450.23291015625 8564.891575623285 1605232.4632136102 0.0 0.0 - -
237000 238000 5.564642578130588 497.2176787109347 73.8479852295937 549.4360898437444 444.999267578125 5931.142534038969 1035113.9365657654 8000.0 128.0 237034.0#237034.0#8000 237031.0#237031.0#128
238000 239000 19.97836523433216 490.0108173828339 84.30256451374278 549.6217324219178 430.39990234375 5452.91641976479 1058030.5641628166 0.0 0.0 - -
239000 240000 0.9258554687257856 499.5370722656371 98.69658621223928 569.3260976562742 429.748046875 5305.608930756879 1048096.1325744351 8000.0 128.0 239036.0#239036.0#8000 239034.0#239034.0#128
240000 241000 22.635080078151077 488.68245996092446 84.23974249560301 548.2489531249739 429.115966796875 4165.792253702661 711488.4644689275 0.0 0.0 - -
241000 242000 0.08689843746833503 499.95655078126583 100.24862482996002 570.8430332031567 429.070068359375 7873.099655645754 1403217.4998661305 8000.0 128.0 241032.0#241032.0#8000 241030.0#241030.0#128
242000 243000 845.6720683593303 154.3279316406697  154.3279316406697 154.3279316406697 1664.7051820792326 325639.40087862243 8000.0 0.0 241032.0#241032.0#8000 -
243000 244000 233.757080078125 766.242919921875  766.242919921875 766.242919921875 5636.8684531381405 1094605.462274263 8000.0 128.0 243828.0#243828.0#8000 243826.0#243826.0#128
244000 245000 1.0700351562118158 499.4649824218941 377.01788391334793 766.056884765625 232.87308007816318 8886.775404137456 944602.004283051 8000.0 0.0 243828.0#243828.0#8000 -
245000 246000 196.49288476561196 401.753557617194 240.24581138618646 571.6330000000307 231.8741152343573 9065.356142724404 1903700.533442686 8000.0 128.0 245039.0#245039.0#8000 245036.0#245036.0#128
246000 247000 497.888916015625 502.111083984375  502.111083984375 502.111083984375 7762.33797715955 1518757.5168002022 8000.0 128.0 246539.0#246539.0#8000 246538.0#246538.0#128
247000 248000 791.7990839843405 208.20091601565946  208.20091601565946 208.20091601565946 3218.66202284045 629754.4831997979 8000.0 0.0 246539.0#246539.0#8000 -
248000 249000 498.44189453125 501.55810546875  501.55810546875 501.55810546875 6031.233012465638 1184300.9923144497 8000.0 128.0 248537.0#248537.0#8000 248533.0#248533.0#128
249000 250000 691.9111054687528 308.0888945312472  308.0888945312472 308.0888945312472 3704.7669875343613 727473.0076855501 8000.0 0.0 248537.0#248537.0#8000 -
250000 251000 498.22998046875 501.77001953125  501.77001953125 501.77001953125 6780.307928532729 1276140.5658012978 8000.0 128.0 250537.0#250537.0#8000 250535.0#250535.0#128
251000 252000 746.3370195312891 253.66298046871088  253.66298046871088 253.66298046871088 3427.6920714672706 645135.4341987022 8000.0 0.0 250537.0#250537.0#8000 -
252000 253000 497.076904296875 502.923095703125  502.923095703125 502.923095703125 6441.819679581518 1209050.9100256339 8000.0 128.0 252543.0#252543.0#8000 252541.0#252541.0#128
253000 254000 666.4640957030933 333.53590429690666  333.53590429690666 333.53590429690666 4272.180320418482 801836.0899743661 8000.0 0.0 252543.0#252543.0#8000 -
254000 255000 498.97998046875 501.02001953125  501.02001953125 501.02001953125 6322.8262932742155 1199114.7784243375 8000.0 128.0 254546.0#254546.0#8000 254546.0#254546.0#128
255000 256000 629.6190195312956 370.38098046870437  370.38098046870437 370.38098046870437 4674.1737067257845 886450.2215756625 8000.0 0.0 254546.0#254546.0#8000 -
256000 257000 499.760009765625 500.239990234375  500.239990234375 500.239990234375 6241.706585701327 1205631.5620776953 8000.0 128.0 256536.0#256536.0#8000 256533.0#256533.0#128
257000 258000 712.3369902343256 287.66300976567436  287.66300976567436 287.66300976567436 3589.2934142986733 693298.437922305 8000.0 0.0 256536.0#256536.0#8000 -
258000 259000 499.493896484375 500.506103515625  500.506103515625 500.506103515625 8457.247035613864 1789688.0198478238 8000.0 128.0 258537.0#258537.0#8000 258535.0#258535.0#128
259000 260000 953.6761035156669 46.32389648433309  46.32389648433309 46.32389648433309 782.7529643861357 165642.98015217608 8000.0 0.0 258537.0#258537.0#8000 -
260000 261000 420.8959999999497 579.1040000000503  579.1040000000503 579.1040000000503 9601.0 2090142.0 8000.0 128.0 260032.0#260032.0#8000 260030.0#260030.0#128
261000 262000 1000.0 0.0 0.0 0.0 0.0 0.0 0.0 0.0 0.0 - -
262000 263000 434.1959999999963 565.8040000000037  565.8040000000037 565.8040000000037 10393.0 2112198.0 8000.0 128.0 262038.0#262038.0#8000 262037.0#262037.0#128
263000 264000 1000.0 0.0 0.0 0.0 0.0 0.0 0.0 0.0 0.0 - -
264000 265000 414.51899999997113 585.4810000000289  585.4810000000289 585.4810000000289 9121.0 1925710.0 8000.0 128.0 264037.0#264037.0#8000 264031.0#264031.0#128
265000 266000 1000.0 0.0 0.0 0.0 0.0 0.0 0.0 0.0 0.0 - -
266000 267000 435.34699999995064 564.6530000000494  564.6530000000494 564.6530000000494 9364.0 1974645.0 8000.0 128.0 266036.0#266036.0#8000 266030.0#266030.0#128
267000 268000 1000.0 0.0 0.0 0.0 0.0 0.0 0.0 0.0 0.0 - -
268000 269000 425.5030000000261 574.4969999999739  574.4969999999739 574.4969999999739 9384.0 2034844.0 8000.0 128.0 268036.0#268036.0#8000 268033.0#268033.0#128
269000 270000 1000.0 0.0 0.0 0.0 0.0 0.0 0.0 0.0 0.0 - -
270000 271000 416.89099999994505 583.109000000055  583.109000000055 583.109000000055 10511.0 2130471.0 8000.0 128.0 270046.0#270046.0#8000 270044.0#270044.0#128
271000 272000 538.118896484375 461.881103515625  461.881103515625 461.881103515625 4579.857525233682 925080.8181435145 8000.0 128.0 271540.0#271540.0#8000 271537.0#271537.0#128
272000 273000 56.262050781282596 471.8689746093587 40.25547856749254 500.3338964843424 443.404052734375 5655.374283023495 1004240.186064324 0.0 0.0 - -
273000 274000 51.96605859370902 474.0169707031455 93.58272091731342 540.189947265666 407.843994140625 4030.921201960935 763658.3741528174 8000.0 128.0 273539.0#273539.0#8000 273536.0#273536.0#128
274000 275000 408.06599414057564 591.9340058594244  591.9340058594244 591.9340058594244 4622.846989781889 1104562.6216393444 0.0 0.0 - -
275000 276000 535.60888671875 464.39111328125  464.39111328125 464.39111328125 4313.4616639250235 928936.123696 8000.0 128.0 275537.0#275537.0#8000 275535.0#275535.0#128
276000 277000 48.25702734373044 475.8714863281348 31.584197726344282 498.20488671876956 453.5380859375 5327.232580389216 998738.4344312921 0.0 0.0 - -
277000 278000 36.572185546858236 481.7139072265709 89.96661965141419 545.3299140625168 418.097900390625 4344.970008549008 905350.4459519113 8000.0 128.0 277544.0#277544.0#8000 277542.0#277542.0#128
278000 279000 21.696798828081228 489.1516005859594 121.5481187710246 575.0990996094188 403.2041015625 5403.136373688631 1247307.8625704371 0.0 0.0 - -
279000 280000 0.9648203124525025 499.51758984377375 136.68983407510925 596.1718984375475 402.86328125 4261.6633291703065 797506.8568171448 8000.0 128.0 279543.0#279543.0#8000 279539.0#279539.0#128
280000 281000 404.73328124999534 595.2667187500047  595.2667187500047 595.2667187500047 5021.536044277816 1166230.2765332146 0.0 0.0 - -
281000 282000 630.3149999999441 369.6850000000559  369.6850000000559 369.6850000000559 9013.0 1881312.0 8000.0 128.0 281080.0#281080.0#8000 281078.0#281078.0#128
282000 283000 498.7119140625 501.2880859375  501.2880859375 501.2880859375 4280.680792928696 762839.48815659 0.0 0.0 - -
283000 284000 342.492085937527 328.7539570312365 239.4687217496294 498.0839140624739 159.42399999999907 6254.319207071304 1238640.5118434099 8000.0 128.0 283033.0#283033.0#8000 283030.0#283030.0#128
284000 285000 499.527099609375 500.472900390625  500.472900390625 500.472900390625 5521.547928994812 1192272.6188128288 0.0 0.0 - -
285000 286000 616.8239003906492 383.1760996093508  383.1760996093508 383.1760996093508 4227.452071005188 912837.3811871711 8000.0 128.0 285032.0#285032.0#8000 285031.0#285031.0#128
286000 287000 499.910888671875 500.089111328125  500.089111328125 500.089111328125 5069.023033432575 1002556.4026825757 0.0 0.0 - -
287000 288000 521.2251113281818 478.7748886718182  478.7748886718182 478.7748886718182 4852.976966567425 959826.5973174243 8000.0 128.0 287034.0#287034.0#8000 287031.0#287031.0#128
288000 289000 498.312744140625 501.687255859375  501.687255859375 501.687255859375 4839.811433897414 912899.884748671 0.0 0.0 - -
289000 290000 4.285144531284459 497.85742773435777 1.5650869475614129 498.964111328125 496.75074414059054 5657.9565546424 1019823.9316037737 8000.0 128.0 289033.0#289033.0#8000 289031.0#289031.0#128
290000 291000 51.161101562553085 474.41944921872346 33.45950015271692 498.0788886718219 450.760009765625 8371.604615095799 1678784.4494809534 8000.0 128.0 290593.0#290593.0#8000 290589.0#290589.0#128
291000 292000 888.824009765638 111.17599023436196  111.17599023436196 111.17599023436196 1851.6273963643862 385520.734166602 8000.0 0.0 290593.0#290593.0#8000 -
292000 293000 499.752685546875 500.247314453125  500.247314453125 500.247314453125 5199.3094743119345 1105703.1196769725 0.0 0.0 - -
293000 294000 561.3893144531175 438.61068554688245  438.61068554688245 438.61068554688245 4558.690525688065 969466.8803230274 8000.0 128.0 293038.0#293038.0#8000 293036.0#293036.0#128
294000 295000 497.78271484375 502.21728515625  502.21728515625 502.21728515625 8779.003172866358 1824629.5487250902 8000.0 128.0 294589.0#294589.0#8000 294587.0#294587.0#128
295000 296000 976.7742851562798 23.225714843720198  23.225714843720198 23.225714843720198 405.9968271336417 84382.45127490992 8000.0 0.0 294589.0#294589.0#8000 -
296000 297000 598.2580000000307 401.74199999996927  401.74199999996927 401.74199999996927 9234.0 1958275.0 8000.0 128.0 296541.0#296541.0#8000 296536.0#296536.0#128
297000 298000 1000.0 0.0 0.0 0.0 0.0 0.0 0.0 0.0 0.0 - -
298000 299000 668.0999999999767 331.9000000000233  331.9000000000233 331.9000000000233 9707.0 2137208.0 8000.0 128.0 298538.0#298538.0#8000 298537.0#298537.0#128
299000 300000 1000.0 0.0 0.0 0.0 0.0 0.0 0.0 0.0 0.0 - -
