ts te idle avg_span std_span max_span min_span c_bytes_all s_bytes_all avg_video_rate avg_audio_rate video_requests_sequence audio_requests_sequence
0 8000 6661.848916015646 669.075541992177 456.9174933744062 992.164999999979 345.986083984375 13103.898832042545 293550.12825051986    
8000 16000 920.1380839843187 884.9827395019602 207.8573314935214 998.4199999999837 470.1450000000186 49503.10116795745 1414672.8717494803    
16000 24000 2475.7119628906366 920.7146728515605 126.26271314189648 999.1170000000275 681.1830000000191 38373.13512890877 904314.3529267053    
24000 32000 3655.3900253907195 620.6585678013258 442.02177683416517 994.3910000000033 8.758962890598923 35206.58722693399 899073.7676324442    
32000 40000 1989.3909843749716 751.3261269531286 419.2509096070382 999.6469999999972 63.01600000000326 42105.69991123719 1187742.2372203495    
40000 48000 3159.8839570313576 691.4451489955203 435.85880115419957 999.0169999999343 60.125 34140.35010311449 762498.832439715    
48000 56000 2051.1941035155323 743.6007370605585 430.2340676002851 998.8570000000764 34.87599999998929 30037.117952397297 725755.2655529736    
56000 64000 150.71892773447325 872.1423413628363 306.6438899083192 999.4970000000321 62.20903320319485 48834.876534323834 1237807.308319147    
64000 72000 88.63496289064642 879.0405596788171 287.2505462073736 999.994000000006 127.78796093747951 41638.03150495301 1113433.7785312016    
72000 80000 41.879132812377065 884.2356519097359 274.4214213566693 999.9380000000237 171.7549238281208 38724.92973728504 936837.5751984399    
80000 88000 1956.1070136718336 863.4132837611667 300.1912285137476 998.7930000000051 185.5640566406073 43261.955117881575 1006851.4889071111    
88000 96000 731.3049296875251 807.632785590275 380.09968098180286 999.8819999999832 58.29407031252049 38825.31678296479 931291.3932719129    
96000 104000 2385.7710937500233 935.7048177083294 122.75995864115144 998.8279999999795 690.0949999999721 39302.15812073154 1007410.6467761212    
104000 112000 2322.648919921834 709.6688850097707 417.1421048748976 998.7189999999828 61.93509375001304 40223.88764576967 1001560.8402647342    
112000 120000 440.3269863280584 839.9636681857713 330.7594783495484 999.0590000000084 59.55101367190946 44852.95423349879 1157466.5129591445    
120000 128000 1419.9339785157354 940.0094316406093 98.49161687207707 999.7919999999576 763.8609999999753 42370.18500472026 988883.8344878216    
128000 136000 3364.2380214844015 662.2517112165141 453.0225174870551 999.3989999999758 8.743978515616618 34562.81499527974 823479.1655121784    
136000 144000 1116.3891132813296 983.3729838169529 33.69589587833487 999.5 907.2338867186918 45538.149536602556 1000834.6575136823    
144000 152000 1653.6926054689684 793.288424316379 366.3170254591331 999.5969999999506 60.928113281261176 40347.14753384027 1029723.7743199451    
152000 160000 2004.761402343749 749.4048247070314 431.9803745781306 999.3620000000228 45.20600000000559 41420.092780600535 1040850.0834995062    
160000 168000 3008.9557714844123 713.0063183593696 383.3026716793522 999.7060000000056 68.11112109373789 37070.49540572438 904632.3036100089    
168000 176000 1094.5571347660152 863.1803581542481 326.8719643640241 1000.0 56.98089257808169 45113.44969984758 1012898.6261458758    
176000 184000 1648.2230058594141 793.9721242675732 348.1054744597397 999.5200000000186 56.45302734372672 43577.963433324316 1091611.0895979118    
184000 192000 2718.2360546874697 660.2204931640663 442.67596847953604 999.829000000027 61.35103320312919 39477.01728207108 918796.4643266896    
192000 200000 912.9649121094262 787.4483430989526 414.9322253734329 999.3710000000428 26.505000000004657 49819.68432798928 1152957.0009863803    
200000 208000 1984.939000000013 859.2944285714267 359.3222716521911 999.9350000000559 44.60499999998137 42152.0 1012822.0    
208000 216000 2891.407005859306 851.4321656901157 328.1892647853086 998.6110000000335 183.40500000002794 38820.27635315276 943428.2079982923    
216000 224000 2939.3120371093974 722.955423270086 444.48274908116355 999.6169999999693 63.84500585938804 40707.20528617699 883891.217595407    
224000 232000 3501.4209570313105 642.6541489955271 430.3810180309461 997.2950000000419 64.24904296873137 34370.51836067025 738537.5744063007    
232000 240000 1135.4680351562565 980.6474235491062 35.958820043143426 999.39300000004 900.43896484375 51718.31587025325 1146861.8474625838    
240000 248000 1674.2519707031315 790.7185036621086 358.6515216104344 998.0230000000447 95.01303515629843 45596.4452778828 1208046.4038629124    
248000 256000 1975.3520332031185 753.0809958496102 431.04375472610116 999.9379999999655 21.81200000003446 44438.92503495417 1072404.904376946    
256000 264000 172.73996484384406 869.6955594617951 301.3042711459581 999.2480000000214 73.95103906246368 42492.08568909532 1010784.7100225037    
264000 272000 2822.7199960937724 647.1600004882785 478.136177755169 999.655999999959 0.0 33090.22812781446 703165.1342750539    
272000 280000 3124.530970703112 812.5781715494813 387.8624222761431 999.189000000013 22.45100000000093 39135.92618730114 802254.07486693    
280000 288000 985.984029296902 779.3351078558998 418.2304577397531 999.4499999999534 37.6589999999851 29929.073812698858 689738.92513307    
288000 296000 3063.671115234378 822.7214807942704 385.8747297883862 999.8989999999758 36.56200000003446 39530.90533065854 949783.5226585456    
296000 304000 4902.567884765682 619.4864230468636 515.0466219345994 998.8730000000214 48.555999999982305 19965.094669341463 522862.47734145436    
