ts te idle avg_span std_span max_span min_span c_bytes_all s_bytes_all avg_video_rate avg_audio_rate video_requests_sequence audio_requests_sequence
0 8000 6288.601738281257 855.6991308593715 193.89697961961775 992.804999999993 718.59326171875 17638.595453388454 368892.4992241458    
8000 16000 951.0583574217162 783.2157380642537 303.3608256711695 998.493000000075 278.1217382812756 50794.33587595533 1461394.0840460763    
16000 24000 92.07197656255448 878.6586692708273 236.49388965582398 999.8329999999842 388.825927734375 49572.14918155476 1844454.7937026797    
24000 32000 1541.925945312425 807.2592568359469 241.87538446316657 998.5970000000088 435.031982421875 50747.166293984876 1838616.8407566445    
32000 40000 646.2989824219258 919.2126271972593 155.72933650548347 998.5449999999255 546.6810175781138 58459.75319511659 2121384.782270454    
40000 48000 1707.3950000000768 898.9435714285604 235.6846925250318 999.0530000000144 366.6149999999907 50158.0 1399565.0    
48000 56000 1315.3920820315252 835.5759897460593 272.7685336776379 999.295999999973 380.1039999999339 53845.74037847616 1200383.8260045697    
56000 64000 72.59294726565713 880.8230058593714 232.3311376510381 999.9959999999846 377.844970703125 50158.09762798895 1154475.9537146776    
64000 72000 533.5160839842865 933.3104895019642 135.80513689636726 999.8310000000056 615.4080292969011 49596.739967885085 1121104.707237722    
72000 80000 673.2869296876597 814.0792300347044 320.8035620120979 998.7619999999879 123.68811328127049 47161.60352620646 1015435.4175887788    
80000 88000 96.18083789071534 878.2021291232538 237.11825660536377 999.5329999999958 383.797119140625 48360.487607370625 1080648.2428466347    
88000 96000 2185.998021484411 726.7502473144486 255.94639677570302 996.0109999999986 420.7249999999767 45355.361177173705 1044838.3513213337    
96000 104000 1285.7901582031627 839.2762302246047 227.79508444671845 999.6930000000284 423.637939453125 43704.06735201908 1069623.0871663168    
104000 112000 517.1829453125829 831.4241171874908 252.4810966302837 999.7870000000694 375.843994140625 43667.674561327076 1062677.080520816    
112000 120000 547.8028867188841 931.5246391601395 136.05223482441042 999.8449999999139 607.5700058593648 42493.83741623533 1133618.2730771666    
120000 128000 600.6021464846563 822.1553170572604 328.86218372689984 999.3989999999176 106.79689257807331 44040.27597721944 1139266.0202835205    
128000 136000 1172.5860683594365 853.4267414550704 217.65913337536588 999.9699999999139 447.889892578125 41701.13385665925 1005089.8546731867    
136000 144000 1229.1119960939395 846.3610004882576 239.88888891895544 999.2540000000154 401.743896484375 45918.12728606102 1109416.3025216837    
144000 152000 1749.718585937575 781.2851767578031 294.671473918417 999.6010000000824 291.2839999999851 45657.02069932255 1052909.0476023224    
152000 160000 110.81938671885291 876.5756236979053 237.24972080293364 999.140000000014 383.471923828125 43111.18906350278 1048635.8762023747    
160000 168000 523.216605468886 934.5979243163893 136.23012118875602 999.2289999999339 605.3960761718918 46921.1938017669 1128532.3122611968    
168000 176000 539.0432539063622 828.9951940104042 343.5886512649425 999.7839999999851 86.33268164063338 42213.373236762134 1009107.2842385044    
176000 184000 56.36013671889668 882.6266514756782 233.8573816232562 999.070000000007 360.075927734375 46605.32127838847 1157467.762833554    
184000 192000 1134.0528066405095 858.2433991699363 226.14481357458348 998.3670000000275 386.25500000000466 46413.6927947721 1146297.8248704202    
192000 200000 1796.9840097655542 775.3769987793057 343.7353347846312 999.7700000000186 80.40287890622858 43852.78731436512 1028463.6222071189    
200000 208000 1656.905177734443 792.8868527831946 289.0330064184471 999.8349999999627 342.66399999998976 47349.50237019967 1142438.891956468    
208000 216000 140.932027343777 873.2297747395803 233.63069003351362 999.2049999999581 390.12890625 42249.686200545984 990075.5663747884    
216000 224000 49.28198828129098 883.4131124131899 233.9305072180154 999.7449999999953 372.56591796875 42838.290667307185 996394.7333102725    
224000 232000 1132.3669394531753 858.4541325683531 214.0215466909999 999.9320000000298 455.052978515625 43439.18637461913 1052195.1379703796    
232000 240000 648.1859921873547 918.9767509765807 161.35401789890122 999.329000000027 544.1830214844085 44149.26767592401 1042474.0813443947    
240000 248000 567.5316992189037 825.8298111978996 321.25538459577166 999.6269999999786 156.93701367184985 47224.04647048691 1195760.9547120924    
248000 256000 1001.5753242187202 874.80308447266 227.24118056541687 999.1990000000224 418.636962890625 45116.54939382577 1045019.9127177582    
256000 264000 127.93099804688245 874.6743335503464 235.60502016015732 999.8050000000512 361.93896484375 47375.92013242222 1159132.3136373765    
264000 272000 1054.381068359362 868.2023664550798 221.45899233157186 998.9790000000503 428.743896484375 46669.946807835004 1138099.7741354909    
272000 280000 628.881896484294 921.3897629394633 160.60122985951136 999.7140000000363 546.6791035155766 44230.87898333187 1037877.786669081    
280000 288000 1148.0861191407312 978.8448401227527 34.741905694360604 999.8229999999749 912.952880859375 47241.57837849171 1158298.430525194    
288000 296000 2764.7889667968266 747.8872904575962 353.8854127621638 999.9440000000177 83.06611914059613 41176.78502899339 1002202.5933432671    
296000 304000 4251.051914062351 749.7896171875298 361.37313362912533 999.0010000000475 202.5679999999702 29280.636592514897 705795.9761315391    
