ts te idle avg_span std_span max_span min_span c_bytes_all s_bytes_all avg_video_rate avg_audio_rate video_requests_sequence audio_requests_sequence
0 8000 5538.954888671869 820.3483704427102 299.2237328913469 994.6379999999772 474.839111328125 16701.822815923573 419704.9724491291    
8000 16000 1025.8960585937602 774.9004379340266 350.53333577160845 999.8560000000289 39.404052734375 44694.38964806808 1347342.9909866266    
16000 24000 2232.6157617187127 823.9120340401839 250.23258342124927 996.2480000000214 382.7509999999893 44868.22946955537 1263568.5252126632    
24000 32000 3254.9413554687635 677.8655206473195 371.2455790886375 999.2870000000112 39.79800000000978 32295.03267150282 793037.6174947002    
32000 40000 108.02601171849528 876.885998697945 266.5008054437886 999.4000000000815 206.12306445313152 52382.91522295264 1255625.0028402922    
40000 48000 244.34567382809473 861.7393695746562 267.688370726821 998.5790000000852 267.223076171882 40858.114385688 997933.9700675148    
48000 56000 2600.6392656250973 771.3372477678432 325.65892580833116 999.9060000000172 267.99875000002794 34197.82479038237 850788.3824113435    
56000 64000 127.81698437512387 874.6870017360974 269.2642440863639 998.3709999999846 208.6780156249879 49089.444467097754 1292180.419377753    
64000 72000 1641.9069238281809 794.7616345214774 278.3725730799767 999.8709999999264 305.2710000000079 44106.04717115828 1109697.0545237134    
72000 80000 2183.7410234374693 727.0323720703163 299.9251675946127 997.3319999999949 211.30392382811988 40408.86346800964 1008891.3467462803    
80000 88000 2804.428052734409 742.2245638950844 386.5084389803192 999.4330000000191 0.0 37396.315889661484 934765.7178899841    
88000 96000 292.4260527341394 963.4467434082326 90.57627873468233 998.7730000000447 739.470947265625 48788.5266808311 1255034.0927158557    
96000 104000 1953.1888378906879 755.851395263664 390.97942823419345 999.8080000000191 25.10899999999674 41866.98089230204 1093148.8929070423    
104000 112000 880.3138320313883 791.0762408854013 380.0237402358165 999.7359999999171 48.25927734375 43190.77530292708 1109508.4825079679    
112000 120000 2831.4383007813594 738.3659570312344 371.4886106238769 999.3769999999786 76.06599999999162 34298.28361801652 810062.4942056402    
120000 128000 4259.882976562425 623.3528372395958 364.3948393630685 996.6739999999991 178.73200000007637 25829.433505923258 545079.0376634939    
128000 136000 3522.543000000005 746.2428333333324 410.6927430142391 999.5260000000126 35.2160000000149 34502.0 716000.0    
136000 144000 3073.6619062499376 703.7625848214375 429.07420193515884 999.1770000000834 81.87199999997392 38348.67317590138 986676.0252719247    
144000 152000 1167.7940039061941 854.0257495117257 278.95043169309145 999.5520000000251 202.22390624997206 47418.041417288245 1230323.0892401307    
152000 160000 133.18198828125605 874.0908901909715 250.45007478404852 996.5250000000233 260.78491015627515 44405.48947522402 1192360.6111683834    
160000 168000 1454.3211425781483 818.2098571777315 277.75862084539125 998.0829999999842 308.07689843751723 42534.46321842795 1089153.6589814082    
168000 176000 3501.378884765727 642.6601593191818 379.32148381866574 997.311999999918 73.375 34249.87665358652 765904.2115139763    
176000 184000 3672.51207421883 721.247987630195 437.37814280928745 998.6300000000047 27.636999999987893 26413.45605957188 558303.4038241766    
184000 192000 1443.9087167968974 936.5844690290147 103.00005487776743 999.6680000000051 775.7660000000033 47346.9283502699 1147956.3957510032    
192000 200000 1838.5982832032023 770.1752145995997 405.30706583187805 997.9229999999516 33.55099999997765 39266.0716497301 971905.6042489968    
200000 208000 1329.6049999999814 952.9135714285741 113.68963972566272 999.75 695.2430000000168 45477.0 1146072.0    
208000 216000 2073.488720703055 846.6444684709921 354.5959762052216 998.6770000000251 45.561279296875 47464.33641451329 1082313.0713237135    
216000 224000 1578.3773007814307 917.3746713169385 121.3264712449653 997.655999999959 705.7929999999469 48084.7772717186 1237825.7588364857    
224000 232000 3071.8519785155077 704.0211459263561 390.2255230355308 999.3780000000261 146.08200000005309 37246.88631376811 943716.1698398006    
232000 240000 3906.6639999999898 682.2226666666684 485.7183491381231 998.1369999999879 37.868000000016764 29852.0 638909.0    
240000 248000 3064.6339999998454 822.5610000000257 391.2348089242429 996.8240000000224 25.207000000053085 32178.0 710578.0    
248000 256000 321.34900781256147 959.8313740234298 96.90424037650081 997.6119999999646 720.1669921875 49626.19327372462 1211786.1360807773    
256000 264000 471.67470703134313 836.4805881076286 264.7430308062032 998.2210000000196 278.87400781246834 44519.41909015903 1123671.368264628    
264000 272000 1283.140390625107 839.6074511718616 238.18740905983844 999.9710000000196 448.95671484374907 40400.57387613898 989376.2835115728    
272000 280000 49.047986328136176 883.4391126302071 264.7793710887024 998.6269999999786 206.72410546871834 47966.23163843445 1219696.2854255382    
280000 288000 1905.2627890625736 761.8421513671783 379.95543545311796 999.3819999999832 90.26500000001397 42825.29416884605 1047670.7828960037    
288000 296000 130.7832343748305 874.3574184027966 266.50615320712245 999.2179999999935 202.42188085941598 47325.076123469174 1206542.5997092293    
296000 304000 3830.9698847656837 833.8060230468633 319.89822232980254 998.6500000000233 264.97011523437686 25893.2118292277 691743.5441122504    
